6.234418450859470835e-10
6.303664967561024398e-10
6.373680614553278016e-10
6.444473934668834552e-10
6.516053565626781543e-10
6.588428241086396251e-10
6.661606791712955479e-10
6.735598146255111431e-10
6.810411332634235851e-10
6.886055479046109821e-10
6.962539815074601488e-10
7.039873672817712196e-10
7.118066488026413942e-10
7.197127801255707385e-10
7.277067259028895102e-10
7.357894615014502437e-10
7.439619731216259527e-10
7.522195317562581811e-10
7.604891404769726299e-10
7.688496620569047643e-10
7.773020959566428776e-10
7.858474526244560492e-10
7.944867536170787476e-10
8.032210317218519056e-10
8.120513310801789035e-10
8.209787073123369902e-10
8.300042276436919134e-10
8.391289710322698494e-10
8.483540282977311975e-10
8.576805022517968001e-10
8.671095078300563815e-10
8.766421722252779061e-10
8.862796350221483725e-10
8.960230483334938132e-10
9.058586941499797833e-10
9.157063924231794703e-10
9.256611462028314730e-10
9.357241193021661380e-10
9.458964881863509709e-10
9.561794421100592514e-10
9.665741832564937613e-10
9.770819268779232199e-10
9.877039014377844686e-10
9.984413487542721327e-10
1.009295524145546663e-09
1.020267696576482794e-09
1.031359148807011770e-09
1.042571177542113804e-09
1.053905093583404709e-09
1.065362221982368007e-09
1.076943902195298476e-09
1.088622868138247923e-09
1.100315183447092618e-09
1.112133079653865895e-09
1.124077905555739210e-09
1.136151024436610972e-09
1.148353814222662609e-09
1.160687667639662262e-09
1.173153992371880867e-09
1.185754211222790807e-09
1.198489762277416028e-09
1.211362099066501129e-09
1.224372690732366039e-09
1.237523022196622054e-09
1.250814594329607587e-09
1.264248924121721878e-09
1.277827544856544801e-09
1.291552006285819268e-09
1.305372201318492902e-09
1.319199930481742805e-09
1.333174135947776074e-09
1.347296369331257408e-09
1.361568198683012793e-09
1.375991208664119166e-09
1.390567000721895991e-09
1.405297193267674223e-09
1.420183421856542039e-09
1.435227339368901472e-09
1.450430616194033637e-09
1.465794940415553872e-09
1.481322017998827288e-09
1.497013572980431385e-09
1.512871347659535454e-09
1.528897102791402940e-09
1.545092617782847807e-09
1.561377013217039775e-09
1.577670128975985507e-09
1.594133264927932222e-09
1.610768195249553499e-09
1.627576712631243024e-09
1.644560628470267255e-09
1.661721773065999691e-09
1.679061995817153204e-09
1.696583165421110085e-09
1.714287170075264843e-09
1.732175917680529036e-09
1.750251336046960310e-09
1.768515373101474273e-09
1.786969997097794307e-09
1.805617196828547916e-09
1.824458981839623347e-09
1.843497382646686591e-09
1.862604273118368707e-09
1.881717402739896389e-09
1.901026661903923281e-09
1.920534063195413675e-09
1.940241639851488590e-09
1.960151445973373851e-09
1.980265556740440097e-09
2.000586068626561392e-09
2.021115099618571546e-09
2.041854789437044008e-09
2.062807299759339040e-09
2.083974814444852865e-09
2.105359539762707809e-09
2.126963704621650614e-09
2.148789560802393406e-09
2.170839383192341499e-09
2.193115470022641438e-09
2.215419073389824594e-09
2.237724645193325669e-09
2.260254796869537253e-09
2.283011789562869654e-09
2.305997907183693303e-09
2.329215456637543470e-09
2.352666768056641502e-09
2.376354195033742498e-09
2.400280114858380168e-09
2.424446928755395938e-09
2.448857062125967387e-09
2.473512964791012763e-09
2.498417111237056765e-09
2.523572000864563406e-09
2.548980158238817405e-09
2.574644133343230468e-09
2.600566501835301987e-09
2.626453309965466268e-09
2.652345120024521792e-09
2.678492173847321120e-09
2.704896987649552298e-09
2.731562102452013426e-09
2.758490084325078027e-09
2.785683524635669672e-09
2.813145040296671409e-09
2.840877274018691420e-09
2.868882894564412785e-09
2.897164597005455398e-09
2.925725102981657384e-09
2.954567160963025411e-09
2.983693546514262095e-09
3.013107062561799330e-09
3.042810539663564642e-09
3.072806836281415601e-09
3.102653452820284806e-09
3.132502691433704466e-09
3.162639096196779748e-09
3.193065429806386102e-09
3.223784481538030999e-09
3.254799067501602872e-09
3.286112030899523021e-09
3.317726242287374092e-09
3.349644599837110191e-09
3.381870029602656716e-09
3.414405485788207634e-09
3.447253951019031176e-09
3.480418436614896872e-09
3.513901982866117714e-09
3.547707659312321602e-09
3.581838565023757689e-09
3.616297828885455667e-09
3.650457094383469420e-09
3.684636260895725030e-09
3.719135446351694098e-09
3.753957647083231092e-09
3.789105887476733571e-09
3.824583220235936223e-09
3.860392726646925062e-09
3.896537516845876349e-09
3.933020730089070680e-09
3.969845535025591273e-09
4.007015129972573278e-09
4.044532743192879213e-09
4.082401633175601698e-09
4.120625088918947642e-09
4.159206430216023357e-09
4.198149007943030076e-09
4.237456204350437312e-09
4.276216038236224373e-09
4.315015530907143745e-09
4.354167063937608641e-09
4.393673831503750752e-09
4.433539056763546175e-09
4.473765992119713261e-09
4.514357919485069677e-09
4.555318150550310618e-09
4.596650027054118850e-09
4.638356921055906834e-09
4.680442235210859246e-09
4.722909403047549679e-09
4.765761889248088516e-09
4.809003189930711818e-09
4.852636832935124722e-09
4.896666378110245311e-09
4.941095417604655031e-09
4.984638953567883452e-09
5.028268353668356529e-09
5.072279631888940537e-09
5.116676130721148551e-09
5.161461221912533534e-09
5.206638306722799999e-09
5.252210816182035732e-09
5.298182211351411000e-09
5.344555983585945704e-09
5.391335654799713411e-09
5.438524777733225833e-09
5.486126936223382395e-09
5.534145745475583699e-09
5.582584852338226453e-09
5.631447935579802356e-09
5.680738706168193979e-09
5.730460907552558890e-09
5.778807753957272509e-09
5.827316751704680165e-09
5.876232948127427488e-09
5.925559761369961356e-09
5.975300638269627278e-09
6.025459054597531161e-09
6.076038515301412768e-09
6.127042554750567281e-09
6.178474736982816620e-09
6.230338655953554495e-09
6.282637935786886714e-09
6.335376231028870048e-09
6.388557226902890180e-09
6.442184639567172129e-09
6.496262216374455408e-09
6.550793736133852107e-09
6.605783009374873845e-09
6.658731904284711207e-09
6.711970131034868185e-09
6.765634010721386497e-09
6.819726946545908666e-09
6.874252368919611055e-09
6.929213735680577834e-09
6.984614532313176723e-09
7.040458272169178432e-09
7.096748496690393150e-09
7.153488775633344379e-09
7.210682707295739408e-09
7.268333918744458482e-09
7.326446066045805496e-09
7.385022834497161575e-09
7.444067938860780230e-09
7.503585123599458560e-09
7.563521379581637586e-09
7.620617370616904853e-09
7.678144371499102264e-09
7.736105635862825242e-09
7.794504441903820542e-09
7.853344092564484804e-09
7.912627915720774290e-09
7.972359264370196568e-09
8.032541516821711322e-09
8.093178076886539420e-09
8.154272374070940659e-09
8.215827863769951050e-09
8.277848027462911766e-09
8.340336372910473788e-09
8.403296434352767221e-09
8.466731772709545910e-09
8.530645975781332952e-09
8.594685145763663901e-09
8.655315887004388926e-09
8.716374344528065729e-09
8.777863535635998340e-09
8.839786498914980423e-09
8.902146294387319368e-09
8.964946003662117697e-09
9.028188730087414745e-09
9.091877598903762659e-09
9.156015757398513789e-09
9.220606375061390192e-09
9.285652643741145030e-09
9.351157777803143778e-09
9.417125014288429408e-09
9.483557613073541952e-09
9.550458857031676445e-09
9.617832052194770623e-09
9.684866817648572613e-09
9.747817937604317727e-09
9.811178236496429412e-09
9.874950373966301568e-09
9.939137026942860265e-09
1.000374088975481877e-08
1.006876467424397483e-08
1.013421110987892483e-08
1.020008294386967133e-08
1.026638294128293204e-08
1.033311388515821808e-08
1.040027857662464016e-08
1.046787983501850882e-08
1.053592049800166430e-08
1.060440342168060047e-08
1.067333148072635140e-08
1.074270756849513900e-08
1.081107419236785809e-08
1.087467702269871551e-08
1.093865403601582116e-08
1.100300743368206004e-08
1.106773943001112664e-08
1.113285225234379100e-08
1.119834814112459329e-08
1.126422934997880959e-08
1.133049814579005966e-08
1.139715680877838123e-08
1.146420763257853915e-08
1.153165292431903275e-08
1.159949500470153162e-08
1.166773620808060922e-08
1.173637888254411178e-08
1.180542538999404490e-08
1.187487810622768862e-08
1.194238955409459657e-08
1.200444825374639126e-08
1.206682944180681162e-08
1.212953479408882411e-08
1.219256599511377234e-08
1.225592473815661893e-08
1.231961272529142055e-08
1.238363166743714710e-08
1.244798328440348937e-08
1.251266930493716951e-08
1.257769146676835088e-08
1.264305151665731914e-08
1.270875121044141645e-08
1.277479231308220074e-08
1.284117659871286133e-08
1.290790585068588438e-08
1.297498186162093342e-08
1.303886487537420296e-08
1.309662479052324576e-08
1.315464057210160562e-08
1.321291335355331837e-08
1.327144427334329532e-08
1.333023447497976299e-08
1.338928510703638032e-08
1.344859732317489674e-08
1.350817228216747782e-08
1.356801114791955527e-08
1.362811508949235277e-08
1.368848528112594276e-08
1.374912290226196578e-08
1.381002913756689912e-08
1.387120517695497296e-08
1.393265221561164579e-08
1.399437145401672575e-08
1.405131475634763824e-08
1.410159763740865947e-08
1.415206045665849971e-08
1.420270385800915536e-08
1.425352848767696436e-08
1.430453499419066627e-08
1.435572402839980803e-08
1.440709624348297943e-08
1.445865229495627512e-08
1.451039284068147214e-08
1.456231854087454821e-08
1.461443005811404952e-08
1.466672805734965698e-08
1.471921320591049775e-08
1.477188617351374790e-08
1.482474763227326986e-08
1.487779825670800496e-08
1.492408041278058995e-08
1.496328932215978575e-08
1.500260124214544845e-08
1.504201644336962072e-08
1.508153519717524411e-08
1.512115777561822367e-08
1.516088445146922129e-08
1.520071549821542920e-08
1.524065119006265440e-08
1.528069180193709554e-08
1.532083760948715599e-08
1.536108888908551850e-08
1.540144591783096495e-08
1.544190897355017631e-08
1.548247833479987999e-08
1.552315428086850422e-08
1.556393709177832539e-08
1.559537860994668467e-08
1.561942841975188852e-08
1.564351531704093673e-08
1.566763935900681740e-08
1.569180060293072585e-08
1.571599910618229293e-08
1.574023492621948245e-08
1.576450812058899156e-08
1.578881874692617460e-08
1.581316686295525491e-08
1.583755252648957956e-08
1.586197579543154658e-08
1.588643672777284981e-08
1.591093538159470719e-08
1.593547181506780782e-08
1.596004608645254688e-08
1.598465825409926388e-08
1.599753791268528319e-08
1.600342776205086112e-08
1.600931977989550490e-08
1.601521396701751992e-08
1.602111032421561193e-08
1.602700885228877453e-08
1.603290955203619655e-08
1.603881242425746055e-08
1.604471746975244355e-08
1.605062468932122112e-08
1.605653408376425924e-08
1.606244565388231839e-08
1.606835940047635423e-08
1.607427532434772280e-08
1.608019342629803160e-08
1.608611370712922561e-08
1.609203616764343842e-08
1.608317806783559276e-08
1.606784271932382237e-08
1.605252199310330691e-08
1.603721587523165575e-08
1.602192435177976942e-08
1.600664740883183959e-08
1.599138503248534906e-08
1.597613720885094933e-08
1.596090392405261947e-08
1.594568516422755025e-08
1.593048091552614417e-08
1.591529116411201218e-08
1.590011589616198352e-08
1.588495509786598011e-08
1.586980875542718518e-08
1.585467685506190107e-08
1.583955938299958228e-08
1.580683837782966564e-08
1.576871914370854972e-08
1.573069183663668437e-08
1.569275623492591334e-08
1.565491211742271366e-08
1.561715926350687220e-08
1.557949745309022831e-08
1.554192646661537681e-08
1.550444608505434782e-08
1.546705608990748181e-08
1.542975626320193732e-08
1.539254638749056936e-08
1.535542624585061909e-08
1.531839562188244665e-08
1.528145429970828041e-08
1.524460206397094975e-08
1.520783869983263105e-08
1.515101064024503793e-08
1.509030065162326140e-08
1.502983392748105877e-08
1.496960949305944575e-08
1.490962637750528897e-08
1.484988361385565072e-08
1.479038023902224128e-08
1.473111529377577200e-08
1.467208782273066067e-08
1.461329687432952361e-08
1.455474150082786117e-08
1.449642075827877647e-08
1.443833370651776019e-08
1.438047940914753828e-08
1.432285693352297265e-08
1.426546535073602461e-08
1.420830373560078958e-08
1.412939654880534126e-08
1.404845584292329948e-08
1.396797880849715289e-08
1.388796278936991327e-08
1.380840514460056324e-08
1.372930324837671754e-08
1.365065448992806522e-08
1.357245627344015423e-08
1.349470601796882128e-08
1.341740115735484164e-08
1.334053914013934832e-08
1.326411742947955556e-08
1.318813350306515241e-08
1.311258485303487492e-08
1.303746898589385756e-08
1.296278342243127254e-08
1.288852569763860762e-08
1.279220124008145442e-08
1.269581409167672534e-08
1.260015320470294649e-08
1.250521310689879739e-08
1.241098836723548251e-08
1.231747359560619771e-08
1.222466344251771100e-08
1.213255259878427430e-08
1.204113579522406630e-08
1.195040780235768355e-08
1.186036343010892930e-08
1.177099752750805424e-08
1.168230498239702376e-08
1.159428072113701032e-08
1.150691970831829793e-08
1.142021694647215859e-08
1.133345903400798939e-08
1.122734146754690197e-08
1.112221750223424638e-08
1.101807783477293565e-08
1.091491324897470146e-08
1.081271461494430548e-08
1.071147288827173130e-08
1.061117910923161096e-08
1.051182440199037725e-08
1.041339997382082926e-08
1.031589711432383650e-08
1.021930719465765803e-08
1.012362166677415694e-08
1.002883206266236690e-08
9.934929993599162413e-09
9.841907149406736867e-09
9.749755297717210842e-09
9.656731613588333014e-09
9.549432158505835000e-09
9.443324946671020665e-09
9.338396730635798361e-09
9.234634410149321390e-09
9.132025030522283015e-09
9.030555781009748583e-09
8.930213993211590052e-09
8.830987139490876952e-09
8.732862831409810204e-09
8.635828818183056491e-09
8.539872985148109336e-09
8.444983352252984558e-09
8.351148072560376637e-09
8.258355430768605180e-09
8.166593841748964389e-09
8.075851849099359704e-09
7.983988478963483656e-09
7.882861616424669370e-09
7.783015647809223864e-09
7.684434349047676728e-09
7.587101701568008238e-09
7.491001889692770050e-09
7.396119298069177311e-09
7.302438509131765219e-09
7.209944300597162517e-09
7.118621642990616329e-09
7.028455697203831557e-09
6.939431812083752636e-09
6.851535522051884787e-09
6.764752544753764355e-09
6.679068778738207649e-09
6.594470301165951987e-09
6.510943365547317550e-09
6.426561959000083633e-09
6.337210468896494434e-09
6.249101274258920465e-09
6.162217102873735206e-09
6.076540922670960564e-09
5.992055938385433394e-09
5.908745588264401668e-09
5.826593540820891857e-09
5.745583691632213074e-09
5.665700160182981737e-09
5.586927286752028159e-09
5.509249629342596121e-09
5.432651960655215859e-09
5.357119265102669800e-09
5.282636735866433954e-09
5.209189771994157393e-09
5.136763975537279014e-09
5.063862584146567325e-09
4.988668385522948176e-09
4.914590758965137246e-09
4.841613124295434806e-09
4.769719147538076906e-09
4.698892737263478393e-09
4.629118040986561971e-09
4.560379441618570268e-09
4.492661553971757912e-09
4.425949221315702153e-09
4.360227511985029383e-09
4.295481716037325048e-09
4.231697341960681837e-09
4.168860113430307132e-09
4.106955966113032485e-09
4.045971044519531563e-09
3.985891698903109186e-09
3.925348479755298620e-09
3.863480004954470637e-09
3.802586655851139781e-09
3.742653063226477618e-09
3.683664100100114641e-09
3.625604877912048685e-09
3.568460742764882515e-09
3.512217271725287138e-09
3.456860269183613429e-09
3.402375763271096614e-09
3.348750002333304083e-09
3.295969451459386869e-09
3.244020789065818752e-09
3.192890903534192861e-09
3.142566889901813079e-09
3.093036046604576081e-09
3.044285872271191097e-09
2.995006529964243495e-09
2.944905482838310672e-09
2.895642535695812712e-09
2.847203668638489934e-09
2.799575096295681372e-09
2.752743263901054693e-09
2.706694843435024182e-09
2.661416729831687160e-09
2.616896037249212185e-09
2.573120095402616113e-09
2.530076445957888589e-09
2.487752838986433315e-09
2.446137229478823542e-09
2.405217773916884957e-09
2.364982826903069937e-09
2.325420937846318301e-09
2.286520847703256041e-09
2.247300171266323373e-09
2.207829807097850880e-09
2.169052679047771203e-09
2.130956611492018599e-09
2.093529642652600261e-09
2.056760020841711203e-09
2.020636200771856904e-09
1.985146839930700360e-09
1.950280795019661189e-09
1.916027118455026837e-09
1.882375054930512551e-09
1.849314038040236767e-09
1.816833686960930074e-09
1.784923803192493282e-09
1.753574367355764766e-09
1.722775536046529662e-09
1.692517638744819694e-09
1.662660013278191801e-09
1.633234370341270093e-09
1.604329500415876248e-09
1.575936186896939077e-09
1.548045376294258298e-09
1.520648175345656396e-09
1.493735848181325937e-09
1.467299813538259353e-09
1.441331642024078172e-09
1.415823053429193984e-09
1.390765914086600539e-09
1.366152234278389979e-09
1.341974165688111196e-09
1.318223998898302189e-09
1.294894160932226331e-09
1.271977212839170031e-09
1.249465847322475241e-09
1.227651507545111473e-09
1.206380199743070036e-09
1.185477456254942239e-09
1.164936891029877202e-09
1.144752228667020993e-09
1.124917302498317729e-09
1.105426052704528389e-09
1.086272524463848195e-09
1.067450866132669059e-09
1.048955327457794334e-09
1.030780257819698473e-09
1.012920104506157670e-09
9.953694110158556556e-10
9.781228153913422054e-10
9.611750485808749388e-10
9.445209328286857265e-10
9.281553800930843133e-10
9.122913570352909231e-10
8.967852128860022674e-10
8.815426254442475297e-10
8.665591150574971600e-10
8.518302782134965174e-10
8.373517862461552429e-10
8.231193840633753247e-10
8.091288888965229626e-10
7.953761890711525653e-10
7.818572427986273971e-10
7.685680769882636092e-10
7.555047860796954257e-10
7.426635308950550273e-10
7.300405375106776191e-10
7.176320961479838549e-10
7.054345600831961291e-10
6.934443445756332422e-10
6.819504028360761329e-10
6.707282837369683379e-10
6.596908348962118093e-10
6.488350173953976234e-10
6.381578423243050300e-10
6.276563699579689292e-10
6.173277089473039079e-10
6.071690155230090748e-10
5.971774927126225852e-10
5.873503895704332416e-10
5.776850004200565386e-10
5.681786641094959662e-10
5.588287632784505146e-10
5.496327236376808184e-10
5.405880132602433777e-10
5.316921418843673465e-10
5.229426602278246854e-10
5.145724726011086796e-10
5.063779473626959489e-10
4.983139192796080915e-10
4.903783101951426963e-10
4.825690750470757112e-10
4.748842013406343795e-10
4.673217086298632678e-10
4.598796480072496917e-10
4.525561016014743823e-10
4.453491820831719492e-10
4.382570321785344110e-10
4.312778241906952910e-10
4.244097595287170530e-10
4.176510682440731553e-10
4.110000085745264958e-10
4.044548664952636781e-10
3.980139552771784450e-10
3.917986456880240633e-10
3.856916089399970741e-10
3.796797636844697004e-10
3.737616261543324170e-10
3.679357357102296799e-10
3.622006544800527464e-10
3.565549670040668888e-10
3.509972798855700666e-10
3.455262214469824026e-10
3.401404413913175025e-10
3.348386104689094730e-10
3.296194201493487483e-10
3.244815822985314435e-10
3.194238288607286608e-10
3.144449115456322168e-10
3.095436015202579371e-10
3.047186891056650545e-10
2.999811045875009960e-10
2.953173829487821809e-10
2.907261668752168105e-10
2.862063291432298193e-10
2.817567600538732994e-10
2.773763671603760577e-10
2.730640749999285961e-10
2.688188248296384780e-10
2.646395743665905272e-10
2.605252975319481132e-10
2.564749841990328665e-10
2.524876399453210414e-10
2.485622858082955232e-10
2.446979580450933015e-10
2.408937078958898876e-10
2.371486013509622553e-10
2.334580051403797291e-10
2.297566089907728429e-10
2.261138972004720835e-10
2.225289393491995634e-10
2.190008197681727862e-10
2.155286373062210602e-10
2.121115050996155916e-10
2.087485503455434882e-10
2.054389140791819904e-10
2.021817509542993595e-10
1.989762290273342690e-10
1.958215295449061068e-10
1.927168467346866816e-10
1.896613875995869854e-10
1.866543717152188403e-10
1.836950310305480939e-10
1.807826096717279609e-10
1.779021388942450376e-10
1.749636120001903293e-10
1.720736226918035262e-10
1.692313692417881262e-10
1.664360631655065149e-10
1.636869290022395755e-10
1.609832041000660396e-10
1.583241384042884793e-10
1.557089942493572909e-10
1.531370461542316394e-10
1.506075806211173167e-10
1.481198959375354749e-10
1.456733019816540703e-10
1.432671200308383320e-10
1.409006825733632326e-10
1.385733331232331068e-10
1.362844260380660012e-10
1.340086409615958089e-10
1.316649917938931390e-10
1.293623302176019776e-10
1.270999394092850408e-10
1.248771150818821771e-10
1.226931652654627344e-10
1.205474100918123216e-10
1.184391815827918510e-10
1.163678234423911953e-10
1.143326908524241967e-10
1.123331502717964119e-10
1.103685792392809685e-10
1.084383661797459879e-10
1.065419102137686011e-10
1.046786209705808492e-10
1.028479184042872764e-10
1.010492326132923844e-10
9.925060349131874835e-11
9.739357768156945284e-11
9.557129770445798206e-11
9.378311344899538652e-11
9.202838696807616352e-11
9.030649225088961875e-11
8.861681499958207021e-11
8.695875241010509018e-11
8.533171295715889863e-11
8.373511618316120521e-11
8.216839249116819103e-11
8.063098294166296040e-11
7.912233905315312055e-11
7.764192260649413795e-11
7.618920545287572172e-11
7.476366932540393541e-11
7.336480565420236771e-11
7.195895966334168816e-11
7.051163805336852939e-11
6.909342664527260105e-11
6.770373994109194176e-11
6.634200421907478557e-11
6.500765729682332125e-11
6.370014829920016358e-11
6.241893743090418168e-11
6.116349575362059743e-11
5.993330496765192111e-11
5.872785719794237948e-11
5.754665478440471044e-11
5.638921007646543673e-11
5.525504523174268863e-11
5.414369201877091099e-11
5.305469162369662520e-11
5.198759446085985268e-11
5.091176426696015341e-11
4.981194765565724196e-11
4.873588972952099047e-11
4.768307724378399745e-11
4.665300804100080306e-11
4.564519081153505440e-11
4.465914485922072431e-11
4.369439987208544287e-11
4.275049569802779421e-11
4.182698212533793032e-11
4.092341866796273768e-11
4.003937435540809448e-11
3.917442752717901477e-11
3.832816563166199163e-11
3.750018502935103377e-11
3.669009080032470603e-11
3.589749655588214363e-11
3.509716567117211823e-11
3.428589518155021546e-11
3.349337719785706908e-11
3.271917825618255483e-11
3.196287491212870446e-11
3.122405350920871138e-11
3.050230995260014722e-11
2.979724948812593398e-11
2.910848648634674310e-11
2.843564423164218217e-11
2.777835471616797871e-11
2.713625843857645443e-11
2.650900420738784190e-11
2.589624894890881331e-11
2.529765751958993835e-11
2.471290252271947162e-11
2.414166412935686722e-11
2.356522096708157184e-11
2.298632349203519758e-11
2.242164707127400069e-11
2.187084235384431652e-11
2.133356857086294818e-11
2.080949332469186666e-11
2.029829238329239930e-11
1.979964947963137865e-11
1.931325611601407914e-11
1.883881137322551600e-11
1.837602172435832643e-11
1.792460085321570287e-11
1.748426947717496871e-11
1.705475517440200129e-11
1.663579221531126924e-11
1.622712139816548226e-11
1.582848988871385006e-11
1.542719254597068538e-11
1.502774850363659092e-11
1.463864694860092728e-11
1.425962009105528713e-11
1.389040707486029686e-11
1.353075379801722025e-11
1.318041273778853855e-11
1.283914278034657372e-11
1.250670905483209590e-11
1.218288277171083047e-11
1.186744106531397714e-11
1.156016684045647094e-11
1.126084862302657288e-11
1.096928041444354943e-11
1.068526154988447152e-11
1.040859656018114287e-11
1.013909503729327255e-11
9.868783619037065347e-12
9.601793794703128951e-12
9.342027106375613186e-12
9.089288139514253527e-12
8.843386766318858723e-12
8.604138002702074920e-12
8.371361869131266097e-12
8.144883255235694802e-12
7.924531788076122595e-12
7.710141703978445794e-12
7.501551723835024215e-12
7.298604931778997188e-12
7.101148657141542091e-12
6.909034359602196270e-12
6.722117517446596826e-12
6.540257518847295730e-12
6.363317556085616427e-12
6.186643960066093190e-12
6.013241048880115927e-12
5.844698376912964821e-12
5.680879718509057759e-12
5.521652666225881110e-12
5.366888523814952622e-12
5.216462202202259962e-12
5.070252118384223339e-12
4.928140097157565177e-12
4.790011275603325296e-12
4.655754010248381376e-12
4.525259786828704486e-12
4.398423132582214507e-12
4.275141530999738457e-12
4.155315338965306676e-12
4.038847706219147122e-12
3.925644497077671865e-12
3.813138402030651595e-12
3.703242893208492891e-12
3.596514597738162886e-12
3.492862235816478438e-12
3.392197158344785827e-12
3.294433271111410209e-12
3.199486961159315917e-12
3.107277025275735450e-12
3.017724600542809428e-12
2.930753096889770584e-12
2.846288131588919397e-12
2.764257465639628160e-12
2.684590941985468570e-12
2.607220425512293102e-12
2.532079744775246248e-12
2.459104635405440298e-12
2.388232685147653585e-12
2.318109793360872295e-12
2.249848959399752871e-12
2.183598186164139933e-12
2.119298283868542096e-12
2.056891805675153666e-12
1.996322996369683859e-12
1.937537742548558482e-12
1.880483524272824732e-12
1.825109368145853538e-12
1.771365801772632253e-12
1.719204809560122087e-12
1.668579789819190298e-12
1.619445513129642941e-12
1.571758081931413922e-12
1.525474891305559070e-12
1.480554590910156896e-12
1.436957048037105336e-12
1.393995021275459625e-12
1.352271742395735347e-12
1.311797271419851405e-12
1.272534230624310619e-12
1.234446361027937160e-12
1.197498488907051824e-12
1.161656493312981777e-12
1.126887274561688484e-12
1.093158723666623859e-12
1.060439692686431220e-12
1.028699965960146209e-12
9.979102322033877229e-13
9.680420574397098417e-13
9.390678587421355763e-13
9.109608787606509300e-13
8.836951610120480819e-13
8.572455259094541340e-13
