9.063652653324434168e-09
9.203146873753400607e-09
9.344787981124940037e-09
9.488609017120055462e-09
9.634643531948169102e-09
9.782925592173319707e-09
9.933489788661435950e-09
1.008637124464929139e-08
1.024160562393826613e-08
1.039922913921368601e-08
1.055927856049252707e-08
1.072179122370101214e-08
1.088680503938422214e-08
1.105435850154987943e-08
1.122449069664789296e-08
1.139724131268865636e-08
1.157265064850112303e-08
1.175075962313372208e-08
1.193160978539983893e-08
1.211524332357020658e-08
1.230170307521448708e-08
1.249103253719430818e-08
1.268327587581010594e-08
1.287847793710411915e-08
1.307668425732194768e-08
1.327787057859318775e-08
1.348194534988431995e-08
1.368915665666368314e-08
1.389955270604083557e-08
1.411318244604654466e-08
1.433009557702032930e-08
1.455034256317301050e-08
1.477397464432725806e-08
1.500104384783816483e-08
1.523160300069749476e-08
1.546570574182347415e-08
1.570340653453999579e-08
1.594476067924709688e-08
1.618982432628664508e-08
1.643865448900548244e-08
1.669130905701929300e-08
1.694784680968069795e-08
1.720832742975382836e-08
1.747281151729962372e-08
1.774136060377398406e-08
1.801403716634312300e-08
1.829090464241860019e-08
1.857202744441573888e-08
1.885747097473924674e-08
1.914730164099859447e-08
1.944158687145782392e-08
1.974039513072241634e-08
2.004379593566727045e-08
2.035185987160987680e-08
2.066465860873147415e-08
2.098226491875122392e-08
2.130475269185601324e-08
2.163219695389112757e-08
2.196467388381446638e-08
2.230226083141967856e-08
2.264503633533104317e-08
2.299308014127554184e-08
2.334647322063535516e-08
2.370529778928546515e-08
2.406963732672128055e-08
2.443957659547951073e-08
2.481520166085830704e-08
2.519659991093972209e-08
2.558386007692064454e-08
2.597707225375568682e-08
2.637632792111738275e-08
2.678171996467900531e-08
2.719334269772375688e-08
2.761129188308683021e-08
2.803566475543421454e-08
2.846656004388386852e-08
2.890407799497517920e-08
2.934832039599055172e-08
2.979939059863640248e-08
3.025739354308716537e-08
3.072243578239978565e-08
3.119415896156795359e-08
3.167297317076161365e-08
3.215913693046587849e-08
3.265276305248067433e-08
3.315396608020845090e-08
3.366286231523394300e-08
3.417956984431084534e-08
3.470420856676346734e-08
3.523690022230895963e-08
3.577776841930595555e-08
3.632693866343747570e-08
3.688453838683409789e-08
3.745069697764340744e-08
3.802554581005445642e-08
3.860921827478191698e-08
3.920184981001897471e-08
3.980357793286526189e-08
4.041454227123655404e-08
4.103488459626491834e-08
4.166474885519624244e-08
4.230428120479194643e-08
4.295363004524415556e-08
4.361294605461147402e-08
4.428238222378251974e-08
4.496209389197693472e-08
4.565223878279133532e-08
4.635297704079769346e-08
4.706447126870435949e-08
4.778688656508745583e-08
4.852039056270048972e-08
4.926515346737344798e-08
5.002134809750747502e-08
5.078914992417682056e-08
5.156873711184628911e-08
5.236029055971278071e-08
5.316399394368232471e-08
5.398003375899143436e-08
5.480859936348176199e-08
5.564988302153988021e-08
5.650407994871163222e-08
5.737138835700007737e-08
5.825200950086049198e-08
5.914614772389961839e-08
6.005401050629287378e-08
6.097580851292947788e-08
6.191175564229524055e-08
6.286206907610762705e-08
6.382696932971077733e-08
6.480668030324546784e-08
6.580142933360371700e-08
6.681144724718169272e-08
6.783696841344079532e-08
6.887823079929306221e-08
6.993547602431913987e-08
7.100894941683543283e-08
7.209859978551563478e-08
7.320409014140339614e-08
7.432653101963967036e-08
7.546618232317719623e-08
7.662330794007023807e-08
7.779817580457739848e-08
7.899105795920265248e-08
8.020223061768765250e-08
8.143197422896860546e-08
8.268057354211501981e-08
8.394831767226440450e-08
8.523550016756626064e-08
8.654241907715417267e-08
8.786937702016002797e-08
8.921668125578497619e-08
9.058464375444618672e-08
9.197358127001478297e-08
9.338381541315949891e-08
9.481567272581671723e-08
9.626948475680234772e-08
9.774558813858132170e-08
9.924432466521595783e-08
1.007660413715094782e-07
1.023110906133613239e-07
1.038798301493562540e-07
1.054726232236045913e-07
1.070898386498504495e-07
1.087318508968728909e-07
1.103990401751932085e-07
1.120917925251139153e-07
1.138104999061077331e-07
1.155555602875749892e-07
1.173273777409947654e-07
1.191263625334889916e-07
1.209529312228190303e-07
1.228075067538410109e-07
1.246905185564400701e-07
1.266024026449640925e-07
1.285436017191841745e-07
1.305145652668033459e-07
1.325157496675345521e-07
1.345476182987767494e-07
1.366106416429117443e-07
1.387052973962432988e-07
1.408320705796092561e-07
1.429914536506899046e-07
1.451839466180352351e-07
1.474100571568449480e-07
1.496703007265195803e-07
1.519652006900168968e-07
1.542952884350370006e-07
1.566611034970671027e-07
1.590631936843100416e-07
1.615021152045309343e-07
1.639784327938490916e-07
1.664927198475011650e-07
1.690419429949083700e-07
1.716290204155303832e-07
1.742556913799895808e-07
1.769225618418226336e-07
1.796302470282935975e-07
1.823793715823201335e-07
1.851705697065753855e-07
1.880044853097935981e-07
1.908817721553146297e-07
1.938030940119038323e-07
1.967691248068763392e-07
1.997805487815685589e-07
2.028380606491873445e-07
2.059423657550746360e-07
2.090941802394270947e-07
2.122942312025019129e-07
2.155432568723550125e-07
2.188420067751445103e-07
2.221912419080402653e-07
2.255917349147826796e-07
2.290442702639207453e-07
2.325496444297896594e-07
2.361086660762464048e-07
2.397221562432248930e-07
2.433909485361432769e-07
2.471158893182100770e-07
2.508978379056759420e-07
2.547376667660683175e-07
2.586362617194656903e-07
2.625945221428486817e-07
2.666133611775796558e-07
2.706937059400592841e-07
2.748364977356027353e-07
2.790426922755934592e-07
2.833132598979587158e-07
2.876491857910183076e-07
2.920514702207628423e-07
2.965211287616041422e-07
3.010591925306629695e-07
3.056667084256395944e-07
3.103447393663248059e-07
3.150943645398098614e-07
3.199166796494435522e-07
3.248127971676051519e-07
3.297838465923429058e-07
3.348309747079402647e-07
3.399553458494732325e-07
3.451581421714098075e-07
3.504405639203268513e-07
3.558038297117975357e-07
3.612491768115168137e-07
3.667778614207287583e-07
3.723911589660260216e-07
3.780903643935765751e-07
3.838767924678612724e-07
3.896655254551485890e-07
3.952886763766252089e-07
4.009929733688217868e-07
4.067795874273037475e-07
4.126497064459363486e-07
4.186045354607386906e-07
4.246452968972575708e-07
4.307732308215115825e-07
4.369895951945519907e-07
4.432956661307060848e-07
4.496927381595386338e-07
4.561821244915974628e-07
4.627651572879933349e-07
4.694431879338703617e-07
4.762175873158221045e-07
4.830897461033117070e-07
4.900610750341523857e-07
4.971330052041086297e-07
5.043069883606753376e-07
5.115844972010970432e-07
5.189670256746881616e-07
5.264560892895152439e-07
5.340532254235047674e-07
5.417599936400423178e-07
5.495779760081191732e-07
5.575087774271157594e-07
5.655540259562454789e-07
5.737153731487795131e-07
5.819944943910772645e-07
5.903930892465161444e-07
5.989128818043828558e-07
6.075556210337996512e-07
6.163230811427585180e-07
6.252170619423356043e-07
6.342393892161621206e-07
6.433919150952268894e-07
6.526765184380873068e-07
6.620951052165672772e-07
6.716496089070206839e-07
6.813419908872419230e-07
6.911742408391043907e-07
7.011483771570017826e-07
7.112664473622054940e-07
7.215305285231664977e-07
7.319427276819179766e-07
7.425051822866080393e-07
7.532200606302830097e-07
7.640895622960015472e-07
7.751159186083718166e-07
7.863013930916040364e-07
7.976482819341745424e-07
8.091589144601937997e-07
8.208356536075771475e-07
8.326808964131182278e-07
8.446970745045507529e-07
8.568866545997400678e-07
8.678557164465912008e-07
8.785119369722033782e-07
8.892990030217184399e-07
9.002185212202134573e-07
9.112721179201822194e-07
9.224614394437637855e-07
9.337881523279475120e-07
9.452539435727793293e-07
9.568605208926349117e-07
9.686096129705594260e-07
9.805029697157384418e-07
9.925423625241299697e-07
1.004729584542298072e-06
1.017066450934475998e-06
1.029554799152928512e-06
1.042196489211613630e-06
1.054993403963215965e-06
1.067947449379577739e-06
1.081060554835574462e-06
1.094334673396478696e-06
1.107771782108839636e-06
1.121373882294958143e-06
1.135142999850954880e-06
1.149081185548509500e-06
1.163190515340301354e-06
1.177473090669205957e-06
1.191931038781270063e-06
1.206566513042571440e-06
1.221381693259906391e-06
1.236378786005477181e-06
1.251560024945525991e-06
1.266927671173020878e-06
1.282484013544421035e-06
1.298231369020580666e-06
1.314172083011838245e-06
1.330308529727332279e-06
1.346643112528630992e-06
1.363178264287679134e-06
1.379916447749151898e-06
1.396860155897255340e-06
1.414011912327035974e-06
1.431374271620231743e-06
1.448949819725769162e-06
1.466741174344903068e-06
1.484750985321099738e-06
1.502981935034703635e-06
1.521436738802452779e-06
1.540118145281896109e-06
1.559028936880782085e-06
1.578171930171458754e-06
1.597549976310390962e-06
1.617165961462800413e-06
1.637022807232533621e-06
1.657123471097205180e-06
1.677470946848684545e-06
1.697171776552591305e-06
1.714485865828452569e-06
1.731976588778999141e-06
1.749645747373387560e-06
1.767495161963992038e-06
1.785526671473928667e-06
1.803077668618352297e-06
1.820544539659266571e-06
1.838180616713475145e-06
1.855987538922569652e-06
1.873966961306937931e-06
1.891919451186538238e-06
1.909175604095360546e-06
1.926589149969843227e-06
1.944161524387531267e-06
1.961894176019844561e-06
1.979788566751486686e-06
1.997059602986332282e-06
2.014064711613239903e-06
2.031214619984221701e-06
2.048510561079691865e-06
2.065953778378983756e-06
2.083377062777389734e-06
2.099723109783758593e-06
2.116197406859453703e-06
2.132800960246552049e-06
2.149534784082042653e-06
2.166399900459770521e-06
2.182479386476553271e-06
2.198030505072804998e-06
2.213692432179369973e-06
2.229465957355263475e-06
2.245351875785453808e-06
2.261252925109431652e-06
2.275543548862321534e-06
2.289924486230719891e-06
2.304396307976917997e-06
2.318959588470298628e-06
2.333614905710138607e-06
2.347314075415603365e-06
2.360121746812237225e-06
2.372999300824202004e-06
2.385947118752659847e-06
2.398965583979264543e-06
2.412055081977520237e-06
2.422951745111263817e-06
2.433866640934252151e-06
2.444830706102469046e-06
2.455844162113631332e-06
2.466907231463257691e-06
2.476838066114772079e-06
2.485374973076945439e-06
2.493941304159119237e-06
2.502537160777275849e-06
2.511162644696960524e-06
2.519817858034460033e-06
2.525862718851352710e-06
2.531688674478908234e-06
2.537528067795979004e-06
2.543380929796879527e-06
2.549247291547412625e-06
2.553883189548321825e-06
2.556538778642733533e-06
2.559197129082477353e-06
2.561858243738877664e-06
2.564522125486227693e-06
2.567188777201814928e-06
2.566877930091425482e-06
2.566046851963218647e-06
2.565216042913197635e-06
2.564385502854236636e-06
2.563555231699255582e-06
2.561496245969443811e-06
2.556800637813341265e-06
2.552113637413731455e-06
2.547435228991305793e-06
2.542765396795678054e-06
2.538104125105338213e-06
2.530280840830948321e-06
2.521609659660298730e-06
2.512968194314744257e-06
2.504356342959213493e-06
2.495774004107636745e-06
2.486163953817883594e-06
2.473431327581913047e-06
2.460763910147077493e-06
2.448161367553395273e-06
2.435623367551210693e-06
2.423149579592455604e-06
2.407669381511633354e-06
2.391079086097808179e-06
2.374603107834016634e-06
2.358240659006093483e-06
2.341990957327683907e-06
2.325106301578353959e-06
2.305017414021658440e-06
2.285102094186562944e-06
2.265358842450273754e-06
2.245786172146697615e-06
2.226382609454522429e-06
2.204674950143598148e-06
2.181852591351891256e-06
2.159266485101980748e-06
2.136914185754316644e-06
2.114793272986111321e-06
2.092538098640137743e-06
2.067740588860290258e-06
2.043236940631485020e-06
2.019023671563274857e-06
1.995097340533091889e-06
1.971454547197205858e-06
1.946686469387523370e-06
1.921228185469240992e-06
1.896102838688117565e-06
1.871306074974661958e-06
1.846833597200827117e-06
1.822610823605315480e-06
1.797295616644793361e-06
1.772332026000356898e-06
1.747715167886780683e-06
1.723440226352318171e-06
1.699502452336527664e-06
1.675630732663176808e-06
1.651845067389315094e-06
1.628397040869321778e-06
1.605281860303553907e-06
1.582494800926398319e-06
1.560031205040545036e-06
1.538134219651323524e-06
1.516549759103183631e-06
1.495268190806712399e-06
1.474285264309782740e-06
1.453596788806382289e-06
1.433466509689235870e-06
1.413943953884435818e-06
1.394687278156065585e-06
1.375692861450823394e-06
1.356957132030984275e-06
1.338476566802756089e-06
1.320684104954672256e-06
1.303169912738323455e-06
1.285887984185813910e-06
1.268835239143125128e-06
1.252008638303563091e-06
1.235311713827651439e-06
1.218685597771193249e-06
1.202283253360410863e-06
1.186101668842630575e-06
1.170137873000502802e-06
1.154388934606417569e-06
1.137906692492762549e-06
1.121487623118988938e-06
1.105305467580839566e-06
1.089356807404085557e-06
1.073638273440305520e-06
1.057611877107528965e-06
1.040654265863377987e-06
1.023968550751759222e-06
1.007550372225459066e-06
9.913954406376740627e-07
9.754995351212404057e-07
9.584636425742883885e-07
9.413308093138968004e-07
9.245042307328586152e-07
9.079784324343105699e-07
8.917480378779276807e-07
8.754753708643262249e-07
8.584812330408033979e-07
8.418169739665590185e-07
8.254761902576524941e-07
8.094526028283178083e-07
7.937400544781649712e-07
7.777721105520719742e-07
7.618998137273370503e-07
7.463514290139707018e-07
7.311203462120078825e-07
7.162000900184016086e-07
7.014935448739258810e-07
6.866696766079937212e-07
6.721590643541411378e-07
6.579550884279924267e-07
6.440512690314672186e-07
6.304412632967106666e-07
6.167554253883189188e-07
6.031677068926360999e-07
5.898793389763194699e-07
5.768837266566009665e-07
5.641744202445565121e-07
5.517179818895648552e-07
5.393157738442119111e-07
5.271923581700508921e-07
5.153414678228615208e-07
5.037569766368990496e-07
4.924328961580430531e-07
4.815724976723275799e-07
4.711038134819162630e-07
4.608627032273272022e-07
4.508442197828907261e-07
4.410435235662415835e-07
4.314822656424537982e-07
4.227546211731878812e-07
4.142035118342102654e-07
4.058253668278847089e-07
3.976166875835373382e-07
3.895740462965095209e-07
3.816855638272459105e-07
3.739486584348233435e-07
3.663685829325615786e-07
3.589421583214689118e-07
3.516662700420208750e-07
3.445378666679468108e-07
3.369518013640620446e-07
3.295158012315384316e-07
3.222439020112136297e-07
3.151324822521861075e-07
3.081780004233203278e-07
3.012258479284921862e-07
2.942411946972619677e-07
2.874184976231689316e-07
2.807540013591711700e-07
2.742440376350764839e-07
2.678850232384500419e-07
2.618250342058317007e-07
2.559178087240816886e-07
2.501438604631207843e-07
2.445001824584052553e-07
2.389838355877097620e-07
2.337034138629096014e-07
2.287249756390240161e-07
2.238525899829600077e-07
2.190839977229394116e-07
2.144169878129106876e-07
2.098493963073605120e-07
2.054999578756508388e-07
2.012637748821300177e-07
1.971149167062889087e-07
1.930515832314191386e-07
1.890720114484799647e-07
1.851328343842832318e-07
1.811819164199864907e-07
1.773153149563932626e-07
1.735312305959065326e-07
1.698279023418553960e-07
1.662036067789816029e-07
1.626867253252701953e-07
1.592531005911814794e-07
1.558919450692609738e-07
1.526017292427096167e-07
1.493809558763221305e-07
1.462720471025599003e-07
1.433676400867674162e-07
1.405209035574453630e-07
1.377306923978819731e-07
1.349958842290334235e-07
1.323153789580365607e-07
1.297186892099796614e-07
1.271857280666344449e-07
1.247022269678885873e-07
1.222672201286897384e-07
1.198797606224539817e-07
1.175441205264617698e-07
1.152793151251651725e-07
1.130581473255010200e-07
1.108797763310480497e-07
1.087433775456014904e-07
1.066481422610340762e-07
1.046517103872972223e-07
1.027257984183437473e-07
1.008353291277605652e-07
9.897965026172220022e-08
9.715812156986990111e-08
9.538576304980543656e-08
9.378417615162675024e-08
9.220948090384119330e-08
9.066122577874140814e-08
8.913896683005285900e-08
8.764226756563902075e-08
8.617069882234023037e-08
8.472383864291614486e-08
8.330127215505325215e-08
8.190259145240490377e-08
8.052739547762866447e-08
7.917528990738667391e-08
7.784588703927791842e-08
7.653880568066792279e-08
7.525367103938612322e-08
7.399011461625831065e-08
7.274777409944292342e-08
7.152629326054149018e-08
7.032532185245471498e-08
6.914451550895164685e-08
6.798353564592729043e-08
6.684204936431596748e-08
6.571972935463692416e-08
6.461625380314121429e-08
6.353130629953458016e-08
6.246457574625095947e-08
6.141575626924736927e-08
6.038454713029859414e-08
5.937065264076317719e-08
5.837378207679753302e-08
5.739364959599407523e-08
5.642997415541908577e-08
5.548247943102619885e-08
5.455089373842361555e-08
5.363494995497054478e-08
5.273438544318383872e-08
5.184894197542850525e-08
5.097836565987380669e-08
5.012240686769257795e-08
4.928082016148189997e-08
4.845336422488769820e-08
4.763980179340890058e-08
4.681673791740634419e-08
4.600453549584133608e-08
4.520642360691351333e-08
4.442215780034218776e-08
4.365149786670399161e-08
4.289420776386025757e-08
4.215005554466074493e-08
4.141881328590121953e-08
4.070025701851432674e-08
3.999416665897073570e-08
3.930032594187077503e-08
3.861852235370548363e-08
3.794854706776648289e-08
3.729019488018577118e-08
3.664326414708442322e-08
3.600755672281199011e-08
3.538287789925743571e-08
3.476903634621248492e-08
3.416584405277037058e-08
3.357311626974047715e-08
3.299067145306238416e-08
3.241833120820156778e-08
3.185592023550944281e-08
3.130326627653196915e-08
3.076020006124908779e-08
3.022655525622979295e-08
2.970216841368659423e-08
2.918687892141381811e-08
2.868052895359410813e-08
2.818296342245921745e-08
2.769402993078824900e-08
2.721357872523084939e-08
2.674146265043990171e-08
2.627753710399970791e-08
2.582165999213668083e-08
2.537369168619782189e-08
2.493349497988450072e-08
2.450093504722819599e-08
2.407587940129500544e-08
2.365819785360710323e-08
2.324776247426765805e-08
2.276502517561194990e-08
2.224921416433058070e-08
2.174509042320620751e-08
2.125238914152184684e-08
2.077085150865428963e-08
2.030022457812343052e-08
1.984026113472261665e-08
1.939071956465872621e-08
1.895136372863549451e-08
1.852196283781186186e-08
1.810229133257129619e-08
1.769212876403758691e-08
1.729125967827546856e-08
1.689947350311514072e-08
1.651656443754100485e-08
1.614233134358641422e-08
1.577657764067840055e-08
1.541911120237566570e-08
1.506974425544699160e-08
1.472829328123579868e-08
1.439457891925994993e-08
1.406842587299549189e-08
1.374966281779526961e-08
1.343812231089421540e-08
1.313364070345319447e-08
1.283605805459616727e-08
1.254521804739509413e-08
1.226096790675808655e-08
1.198315831917858088e-08
1.171164335430241507e-08
1.144628038827232801e-08
1.118693002880908149e-08
1.093345604199018347e-08
1.068572528068790753e-08
1.044360761462831829e-08
1.020697586203534698e-08
9.975705722823676599e-09
9.749675713305045115e-09
9.528767102374394520e-09
9.312863849141614022e-09
9.101852541976496478e-09
8.872097046864145363e-09
8.615819161542448767e-09
8.366944075599268898e-09
8.125257953031734704e-09
7.890553134667224639e-09
7.662627959740799697e-09
7.441286592625836840e-09
7.226338854570504721e-09
7.017600060293883314e-09
6.814890859302761947e-09
6.618037081791663125e-09
6.426869588994473654e-09
6.241224127858768616e-09
6.060941189917737805e-09
5.885865874239095985e-09
5.715847754332451900e-09
5.550740748901437595e-09
5.390402996329127995e-09
5.234696732789186685e-09
5.083488173877632155e-09
4.936647399664090128e-09
4.794048243063122209e-09
4.655568181430268527e-09
4.521088231289304006e-09
4.390492846100505035e-09
4.263669816981754891e-09
4.140510176297680385e-09
4.020908104033425040e-09
3.904760836873072912e-09
3.791968579904411390e-09
3.682434420874012180e-09
3.576064246919383631e-09
3.472766663706058040e-09
3.372452916900860355e-09
3.275036815913108002e-09
3.180434659838905773e-09
3.088565165544382539e-09
2.999349397826439634e-09
2.912710701590858343e-09
2.828574635989375793e-09
2.746868910459450390e-09
2.665433983565396092e-09
2.577540411782810111e-09
2.492545159751654312e-09
2.410352654414523210e-09
2.330870474267354533e-09
2.254009245435919636e-09
2.179682541179177611e-09
2.107806784706636707e-09
2.038301155200247769e-09
1.971087496935308335e-09
1.906090231398129180e-09
1.843236272301615440e-09
1.782454943403310207e-09
1.723677899033341992e-09
1.666839047243026366e-09
1.611874475487666726e-09
1.558722378759956611e-09
1.507322990093274130e-09
1.457618513356585559e-09
1.409553058265493391e-09
1.363072577536315797e-09
1.318124806112502084e-09
1.274659202395134938e-09
1.232626891411319548e-09
1.191980609856641412e-09
1.152674652949862492e-09
1.114664823040101876e-09
1.077908379908710769e-09
1.042363992709960006e-09
1.007991693496499513e-09
9.747528322773353070e-10
9.426100335577642444e-10
9.115271543124592597e-10
8.814692433443661620e-10
8.524025019837733350e-10
8.242942460833437066e-10
7.971128692663548159e-10
7.708278073868746953e-10
7.454095041618421640e-10
7.208293779364562147e-10
6.970597895454884125e-10
6.740740112343643078e-10
6.505365553816120903e-10
6.277643982275767005e-10
6.057893848115164379e-10
5.845836109636804214e-10
5.641201493051255391e-10
5.443730150550009372e-10
5.253171330346923371e-10
5.069283058270406364e-10
4.891831830501171089e-10
4.720592317066101961e-10
4.555347075710964931e-10
4.395886275789562152e-10
4.242007431817701110e-10
4.093515146354553673e-10
3.950220861884225658e-10
3.811942621382861894e-10
3.678504837267294299e-10
3.549738068431373948e-10
3.425478805087498230e-10
3.305569261139562686e-10
3.189857173824097116e-10
3.078195610364920825e-10
2.970442781395959213e-10
2.866461860915101597e-10
2.766120812540795833e-10
2.669292221850326058e-10
2.575853134587408368e-10
2.485684900533079599e-10
2.398673022842136503e-10
2.314707012653417955e-10
2.233680248789593497e-10
2.155489842368129460e-10
2.080036506151626985e-10
2.007224428471480096e-10
1.936961151564999356e-10
1.869157454171191931e-10
1.803727238236509761e-10
1.740587419586278915e-10
1.679657822423357929e-10
1.620861077519772684e-10
1.564122523972251457e-10
1.508356371712759154e-10
1.454214360404750869e-10
1.402015760775480497e-10
1.351690814630486399e-10
1.303172267725323666e-10
1.256395279886998897e-10
1.211297338361596520e-10
1.167818174272239407e-10
1.125899682075768679e-10
1.085485841910527552e-10
1.046522644731423312e-10
1.008958020132271110e-10
9.727417667588873319e-11
9.378254852200512962e-11
9.041625134065230872e-11
8.717078641318652188e-11
8.404181650115504124e-11
8.102516005001127648e-11
7.811678560088917057e-11
7.531280640295860614e-11
7.260947521917698310e-11
7.000317931848022361e-11
6.749043564772955932e-11
6.506788617696242779e-11
6.273229341171891191e-11
6.048053606645872126e-11
5.830960489327295837e-11
5.621659866032798348e-11
5.419872027465946298e-11
5.225327304413654446e-11
5.037765707360612671e-11
4.856936579039101993e-11
4.682598259450883486e-11
4.514517762912695063e-11
4.352470466694329758e-11
4.196239810832843035e-11
4.045617008721930114e-11
3.900400768089520171e-11
3.760397021990795197e-11
3.625418669457304970e-11
3.495285325455095094e-11
3.369174975829326673e-11
3.246990006950956289e-11
3.129236142638810416e-11
3.015752686467989157e-11
2.906384769757076349e-11
2.800983140221962448e-11
2.699403958294013105e-11
2.601508600825047521e-11
2.507163471910993743e-11
2.416239820576136334e-11
2.328613565069146956e-11
2.244165123531114369e-11
2.162779250804480897e-11
2.084344881160246151e-11
2.008754976728622760e-11
1.935906381426610037e-11
1.865699680182835828e-11
1.798039063267729333e-11
1.732832195543870499e-11
1.669990090457936121e-11
1.609426988602543845e-11
1.551060240682000594e-11
1.494810194722437809e-11
1.440600087372268239e-11
1.388355939144724440e-11
1.338006453459510692e-11
1.289482919345707187e-11
1.242719117673262587e-11
1.197651230784998111e-11
1.154217755405884905e-11
1.112359418710732373e-11
1.072019097435706331e-11
1.033141739923290684e-11
9.956742909943769879e-12
9.595656195448641594e-12
9.247664487680490126e-12
8.912292889075190018e-12
8.589083724487787510e-12
8.277595916612264451e-12
7.977404384051673882e-12
7.688099461217943579e-12
7.409023705987408311e-12
7.139398856817913611e-12
6.879586037164660158e-12
6.629228173399116499e-12
6.387981186307059233e-12
6.155513518203377102e-12
5.931505677255950100e-12
5.715649798392218647e-12
5.507649220184894231e-12
5.307218077135516776e-12
5.114080906795376044e-12
4.927972271183758779e-12
4.748636391983425331e-12
4.575826799011714727e-12
4.409305991484486628e-12
4.248845111606948690e-12
4.094223630043067324e-12
3.945229042831215391e-12
3.801656579329315319e-12
3.663308920788602826e-12
3.529995929168560313e-12
3.401534385820824220e-12
3.277747739682733898e-12
3.158465864634404270e-12
3.043524825686067860e-12
2.932766653673991270e-12
2.826039128155718919e-12
2.723195568205936508e-12
2.624094630825579229e-12
2.528600116687213720e-12
2.436580782949507950e-12
2.347910162883707126e-12
2.262466392064142389e-12
2.180132040883931147e-12
2.100793953165579649e-12
2.024343090644951999e-12
1.950674383114508027e-12
1.879686584020132437e-12
1.811282131312984827e-12
1.745367013365116169e-12
1.681850639764673612e-12
