9.437767754068603108e-09
9.583187476087678288e-09
9.730847865190660642e-09
9.880783446192418714e-09
1.003302927587566686e-08
1.018762095118767163e-08
1.034459461756323557e-08
1.050398697737602637e-08
1.066583529851992387e-08
1.083017742312278384e-08
1.099705177639436382e-08
1.116649737561068578e-08
1.133855383923663393e-08
1.151326139618931379e-08
1.169066089524405860e-08
1.187079381458534454e-08
1.205370227150499870e-08
1.223942903224959234e-08
1.242801752201981869e-08
1.261951183512380411e-08
1.281395674528688542e-08
1.301139771612034978e-08
1.321188091175124000e-08
1.341545320761619458e-08
1.362216220142144858e-08
1.383198709560542621e-08
1.404484114433058765e-08
1.426097070551430860e-08
1.448042618450211593e-08
1.470325876230404026e-08
1.492952040753096464e-08
1.515926388851480237e-08
1.539254278561471780e-08
1.562941150371335374e-08
1.586992528490488705e-08
1.611414022137851892e-08
1.636211326850019060e-08
1.661390225809561849e-08
1.686956591193772215e-08
1.712916385544160519e-08
1.739275663157030179e-08
1.766040571495448838e-08
1.793217352622947247e-08
1.820812344659285345e-08
1.848831983258613094e-08
1.877282803110385733e-08
1.906171439463369937e-08
1.935504629673104853e-08
1.965289214773177007e-08
1.995532141070673028e-08
2.026240461766184429e-08
2.057421338598743270e-08
2.089082043516069225e-08
2.121229960370520782e-08
2.153872586641143339e-08
2.187017535182217179e-08
2.220672535998715627e-08
2.254845438049080668e-08
2.289544211075743541e-08
2.324776947463814455e-08
2.360551864128372922e-08
2.396877304430802036e-08
2.433761740124612749e-08
2.471213773331210753e-08
2.509242138546067213e-08
2.547855704675761541e-08
2.587063477106373977e-08
2.626874599803702458e-08
2.667298357445804383e-08
2.708344177588350318e-08
2.750021632863303148e-08
2.792340443211429582e-08
2.835310478149166124e-08
2.878941759070371217e-08
2.923244461583501898e-08
2.968228917884720857e-08
3.013905619167612530e-08
3.060285218069860928e-08
3.107378531157667415e-08
3.155196541448372320e-08
3.203750400971867683e-08
3.253005638214711857e-08
3.303003219591747885e-08
3.353769246653034859e-08
3.405315530145287869e-08
3.457654062342349342e-08
3.510797019835178593e-08
3.564756766364783289e-08
3.619545855698625556e-08
3.675177034551276940e-08
3.731663245549918476e-08
3.789017630245496495e-08
3.847253532170090692e-08
3.906384499941269365e-08
3.966424290414232531e-08
4.027386871882327902e-08
4.089286427326758300e-08
4.152137357716309674e-08
4.215954285357712504e-08
4.280752057297548458e-08
4.346545748776386563e-08
4.413350666736102459e-08
4.481182353381021295e-08
4.550056589793791536e-08
4.619989399606920074e-08
4.690997052730640996e-08
4.763096069138142374e-08
4.836303222708905468e-08
4.910635545131217789e-08
4.986110329864578666e-08
5.062745136162997885e-08
5.140557793160231617e-08
5.219566404017708723e-08
5.299789350136211497e-08
5.381245295432380905e-08
5.463953190680858938e-08
5.547932277923164583e-08
5.633202094944429047e-08
5.719782479818833297e-08
5.807693575524955589e-08
5.896955834632061326e-08
5.987590024058358278e-08
6.079617229902502297e-08
6.173058862349257449e-08
6.267936660650548041e-08
6.364272698183188297e-08
6.462089387584208864e-08
6.561409485965206193e-08
6.662256100206735209e-08
6.764652692334223609e-08
6.868623084976391146e-08
6.974191466907545015e-08
7.081382398675207201e-08
7.190220818314078304e-08
7.300732047147918087e-08
7.412941795680506102e-08
7.526846445161951646e-08
7.642414106288997807e-08
7.759756200360263338e-08
7.878899972127809616e-08
7.999873084661284588e-08
8.122703625770805524e-08
8.247420114528444347e-08
8.374051507889850794e-08
8.502627207417564515e-08
8.633177066107460068e-08
8.765731395320194867e-08
8.900320971818893601e-08
9.036977044914985522e-08
9.175731343723741760e-08
9.316616084531214686e-08
9.459663978274279984e-08
9.604908238135544342e-08
9.752382587254851192e-08
9.902121266559199012e-08
1.005415904271289728e-07
1.020853121618968325e-07
1.036527362946899393e-07
1.052442267535786890e-07
1.068601530544073129e-07
1.085008903865889717e-07
1.101668197002180516e-07
1.118583277945200046e-07
1.135758074076592347e-07
1.153196573079260194e-07
1.170902823863233517e-07
1.188880937505754744e-07
1.207135088205797842e-07
1.225669514253243820e-07
1.244488519012937922e-07
1.263596471923845729e-07
1.282997809513573103e-07
1.302697036428440309e-07
1.322698726479383210e-07
1.343007523703910235e-07
1.363628143444366060e-07
1.384565373442751070e-07
1.405824074952348874e-07
1.427409183866423645e-07
1.449325711864246961e-07
1.471578747574720967e-07
1.494173457757867045e-07
1.517115088504460310e-07
1.540408966454064051e-07
1.564060500031802386e-07
1.588075180704085552e-07
1.612458584253636154e-07
1.637216372074085327e-07
1.662354292484449017e-07
1.687878182063785359e-07
1.713793967006344687e-07
1.740107664497526115e-07
1.766787723210022566e-07
1.793864584203660234e-07
1.821356410952170699e-07
1.849269563002839511e-07
1.877610497366029875e-07
1.906385770008860674e-07
1.935602037371748545e-07
1.965266057908232254e-07
1.995384693648357817e-07
2.025964911786039949e-07
2.057013786290750032e-07
2.088538499543900920e-07
2.120546344000316359e-07
2.153044723875140778e-07
2.186041156856644988e-07
2.219543275845239623e-07
2.253558830719158192e-07
2.288095690127200199e-07
2.323161843308948829e-07
2.358765401942864757e-07
2.394914602022747878e-07
2.431617805762909490e-07
2.468883503532567907e-07
2.506720315819880956e-07
2.545136995226088383e-07
2.584142428490184237e-07
2.623745638544673768e-07
2.663955786602784909e-07
2.704782174277686996e-07
2.746234245734196923e-07
2.788321589873423758e-07
2.831053942550959557e-07
2.874441188829000222e-07
2.918493365263014696e-07
2.963220662223452215e-07
3.008633426253033943e-07
3.054742162460145676e-07
3.101557536948965312e-07
3.149090379286777710e-07
3.197351685009130219e-07
3.246352618163374679e-07
3.296104513891196762e-07
3.346618881050692755e-07
3.397907404878695751e-07
3.449981949693835666e-07
3.502854561641062041e-07
3.556537471478214090e-07
3.611043097405314561e-07
3.666384047937175572e-07
3.722573124820109969e-07
3.779623325993264401e-07
3.837547848595378219e-07
3.896360092017608809e-07
3.956073661003154959e-07
4.016702368794342656e-07
4.077357340641863637e-07
4.136281081424063533e-07
4.196056355917374071e-07
4.256695470021769513e-07
4.318210907475392346e-07
4.380615332424541239e-07
4.443921592030837931e-07
4.508142719116064839e-07
4.573291934845226093e-07
4.639382651448377801e-07
4.706428474981800344e-07
4.774443208129072799e-07
4.843440853042590023e-07
4.913435614226231761e-07
4.984441901459599373e-07
5.056474332764554443e-07
5.129547737414626255e-07
5.203677158987914413e-07
5.278877858464057288e-07
5.355165317366068861e-07
5.432555240947461124e-07
5.511063561425492718e-07
5.590706441261121907e-07
5.671500276486362697e-07
5.753461700079737600e-07
5.836607585390452792e-07
5.920955049612174462e-07
6.006521457306890220e-07
6.093324423979749181e-07
6.181381819705556238e-07
6.270711772807678614e-07
6.361332673590118559e-07
6.453263178123467920e-07
6.546522212085695405e-07
6.641128974658319196e-07
6.737102942478936914e-07
6.834463873650873123e-07
6.933231811810769188e-07
7.033427090254964628e-07
7.135070336125448180e-07
7.238182474656439478e-07
7.342784733482195337e-07
7.448898647007146013e-07
7.556546060839188356e-07
7.665749136286944778e-07
7.776530354922272337e-07
7.888912523208315238e-07
8.002918777194824455e-07
8.118572587281087518e-07
8.235897763047780316e-07
8.354918458158631355e-07
8.475659175332921263e-07
8.598144771389861511e-07
8.722400462365783026e-07
8.848451828705449722e-07
8.976324820528222207e-07
9.091410054523985960e-07
9.203220179686388563e-07
9.316405394522874229e-07
9.430982610485864047e-07
9.546968947012192975e-07
9.664381734080975692e-07
9.783238514803030793e-07
9.903557048041935305e-07
1.002535531106754280e-06
1.014865150224200532e-06
1.027346404373886990e-06
1.039981158429558404e-06
1.052771300199996735e-06
1.065718740711072538e-06
1.078825414491288870e-06
1.092093279860822819e-06
1.105524319224125407e-06
1.119120539366128590e-06
1.132883971752073747e-06
1.146816672831049746e-06
1.160920724343253089e-06
1.175198233631026666e-06
1.189651333953735574e-06
1.204282184806491425e-06
1.219092972242821291e-06
1.234085909201290807e-06
1.249263235836150043e-06
1.264627219852042392e-06
1.280180156842828755e-06
1.295924370634593110e-06
1.311862213632837297e-06
1.327996067173974698e-06
1.344328341881132361e-06
1.360861478024328678e-06
1.377597945885095442e-06
1.394540246125555308e-06
1.411690910162067078e-06
1.429052500543451751e-06
1.446627611333869835e-06
1.464418868500423415e-06
1.482428930305493977e-06
1.500660487703935637e-06
1.519116264745139027e-06
1.537799018980038670e-06
1.556711541873142420e-06
1.575856659219596290e-06
1.595237231567410692e-06
1.614856154644862456e-06
1.634716359793157354e-06
1.654820814404414113e-06
1.675172522365029617e-06
1.695774524504515955e-06
1.716629899049822628e-06
1.737741762085279258e-06
1.759113268018179527e-06
1.779807910942421552e-06
1.798001648620605611e-06
1.816381368217775402e-06
1.834948970897660714e-06
1.853706377258265514e-06
1.872655527530534231e-06
1.891102089679216286e-06
1.909461415507608632e-06
1.927998978590724064e-06
1.946716509303596083e-06
1.965615754820202806e-06
1.984487764149386006e-06
2.002631125019666660e-06
2.020940363225961268e-06
2.039416995316984120e-06
2.058062551706635155e-06
2.076878576800763107e-06
2.095042370091809497e-06
2.112928452486491260e-06
2.130967234391214397e-06
2.149160019453130888e-06
2.167508122449062168e-06
2.185836325008348622e-06
2.203036578706125880e-06
2.220372180473606445e-06
2.237844195359028365e-06
2.255453696791449802e-06
2.273201766646709179e-06
2.290127607913701410e-06
2.306500746462983358e-06
2.322990943845588231e-06
2.339599036967071395e-06
2.356325868716384068e-06
2.373069538510438596e-06
2.388126767737189989e-06
2.403279535736955422e-06
2.418528448707402186e-06
2.433874116692531832e-06
2.449317153607117920e-06
2.463758999373084611e-06
2.477267335906451641e-06
2.490849736159502593e-06
2.504506606209963316e-06
2.518238354362007787e-06
2.532045391158468087e-06
2.543555239142143598e-06
2.555084925242241846e-06
2.566666874277117664e-06
2.578301323149521836e-06
2.589988509836062505e-06
2.600489941119236999e-06
2.609531269385692210e-06
2.618604032350482352e-06
2.627708339305099705e-06
2.636844299921018916e-06
2.646012024251018371e-06
2.652444295648944197e-06
2.658647548918556356e-06
2.664865309694015535e-06
2.671097611903930743e-06
2.677344489556244521e-06
2.682301849887618069e-06
2.685183446861500290e-06
2.688068139535115057e-06
2.690955931234173336e-06
2.693846825287963113e-06
2.696740825029333301e-06
2.696513337179242262e-06
2.695740384159533825e-06
2.694967652706083280e-06
2.694195142755374167e-06
2.693422854243923483e-06
2.691362013051277605e-06
2.686536009665983145e-06
2.681718660006403587e-06
2.676909948555161305e-06
2.672109859822682108e-06
2.667318378347188036e-06
2.659208566675174872e-06
2.650208356328480943e-06
2.641238607596301647e-06
2.632299217379944462e-06
2.623390082929660555e-06
2.613401439627204254e-06
2.600134069231257061e-06
2.586934052864648293e-06
2.573801048593348930e-06
2.560734716219237156e-06
2.547734717271242630e-06
2.531575366876916098e-06
2.514248401680724091e-06
2.497040028143632985e-06
2.479949434583892560e-06
2.462975814875160058e-06
2.445332804170055523e-06
2.424317991576632460e-06
2.403483777038240430e-06
2.382828608523076610e-06
2.362350947337258948e-06
2.342049268010204394e-06
2.319318435540844122e-06
2.295411035688645814e-06
2.271750071926862669e-06
2.248333004006583571e-06
2.225157317863621621e-06
2.201836983425767718e-06
2.175829313320959754e-06
2.150128840755920973e-06
2.124731937173072846e-06
2.099635016874654426e-06
2.074834536516468117e-06
2.048837079289288976e-06
2.022103788091232924e-06
1.995719313724692037e-06
1.969679104816576579e-06
1.943978669380272858e-06
1.918538378948702330e-06
1.891923533794073027e-06
1.865677901989761358e-06
1.839796361638673620e-06
1.814273861897023438e-06
1.789105421988648833e-06
1.763992080216925597e-06
1.738956154834254370e-06
1.714275558461727720e-06
1.689945247998145139e-06
1.665960251917846100e-06
1.642315669254877207e-06
1.619244845976632203e-06
1.596503089186389353e-06
1.574080732827274295e-06
1.551973291026170691e-06
1.530176340912562506e-06
1.508962091273014914e-06
1.488381568651305300e-06
1.468081740895180431e-06
1.448058779646682367e-06
1.428308908762290761e-06
1.408828403600777362e-06
1.390077138216887774e-06
1.371619797455419812e-06
1.353407531890588795e-06
1.335437087432174335e-06
1.317705253197527657e-06
1.300119209994057287e-06
1.282622209134748118e-06
1.265360682866323364e-06
1.248331462172364182e-06
1.231531420685069481e-06
1.214957474111287123e-06
1.197640823545661103e-06
1.180395088094413182e-06
1.163397687023064418e-06
1.146645044377173695e-06
1.130133635695170660e-06
1.113307050075220073e-06
1.095520494727229822e-06
1.078018103169566694e-06
1.060795335509139634e-06
1.043847724383665872e-06
1.027170873802894692e-06
1.009304031149852122e-06
9.913360740159019128e-07
9.736879882721410315e-07
9.563540794645198933e-07
9.393287545135036270e-07
9.222537972221248074e-07
9.044084602310714968e-07
8.869084252092629801e-07
8.697470106661773005e-07
8.529176643961495141e-07
8.364139609767490303e-07
8.196175419441775183e-07
8.029120339264251310e-07
7.865470188628261888e-07
7.705155567996983835e-07
7.548108492340375623e-07
7.393250201421453412e-07
7.236893501998430922e-07
7.083843523812825162e-07
6.934030334425623197e-07
6.787385480369235711e-07
6.643841955869248998e-07
6.499432048271494154e-07
6.356024731924584568e-07
6.215781639502022928e-07
6.078632953693950716e-07
5.944510397680925897e-07
5.813069549050029000e-07
5.682275452186195097e-07
5.554424223222028103e-07
5.429449647613579708e-07
5.307287000644505096e-07
5.187873013904924642e-07
5.073420854522984232e-07
4.963149349814070810e-07
4.855274611527545920e-07
4.749744545613377151e-07
4.646508190292912212e-07
4.545796575632751212e-07
4.453935564072595574e-07
4.363930870828593901e-07
4.275744983602193634e-07
4.189341148139695995e-07
4.104683352913756190e-07
4.021662873155714269e-07
3.940251242234480684e-07
3.860487649415469571e-07
3.782338733008756715e-07
3.705771806674334426e-07
3.630754845750766305e-07
3.550869036547457487e-07
3.472560952920493071e-07
3.395979814415479309e-07
3.321087536337737716e-07
3.247846873882646919e-07
3.174577522680883464e-07
3.100901896273384254e-07
3.028936134529071517e-07
2.958640554891978924e-07
2.889976395759328185e-07
2.822905795107986176e-07
2.758961079118994074e-07
2.696627145605275391e-07
2.635701539050813819e-07
2.576152440754118257e-07
2.517948750901966829e-07
2.462260894717411324e-07
2.409800975823230404e-07
2.358458746405528896e-07
2.308210393431577782e-07
2.259032611219338885e-07
2.210902590628044917e-07
2.165091568837954544e-07
2.120477105261519331e-07
2.076781979411424255e-07
2.033987247165352514e-07
1.992074354768705840e-07
1.950572922472304923e-07
1.908917338707745633e-07
1.868151333404352751e-07
1.828255909112872193e-07
1.789212474085293511e-07
1.751002833610851894e-07
1.713910298228333237e-07
1.677692033970431671e-07
1.642239132209745681e-07
1.607535419345354350e-07
1.573565063556043155e-07
1.540780677527805901e-07
1.510170423360754908e-07
1.480168294460227574e-07
1.450762209373457960e-07
1.421940326666489626e-07
1.393691040155787777e-07
1.366322721196523600e-07
1.339625301723017570e-07
1.313449539538442560e-07
1.287785241660391157e-07
1.262622414273393153e-07
1.238004335246812639e-07
1.214124751656855255e-07
1.190705775914701588e-07
1.167738523460512241e-07
1.145214281106684422e-07
1.123124503732317651e-07
1.102081169900426422e-07
1.081784016891223317e-07
1.061860678834612405e-07
1.042304271138517115e-07
1.023108036005168546e-07
1.004430628914838547e-07
9.875564638469150154e-08
9.709657802246391297e-08
9.546538156357905639e-08
9.386158876753826792e-08
9.228473926015901135e-08
9.073438040142051979e-08
8.921006715553369288e-08
8.771136196319068770e-08
8.623783461596284998e-08
8.478906213280751903e-08
8.336462863865056645e-08
8.196412524500686948e-08
8.058714993260896725e-08
7.923330743600404951e-08
7.790220913009403888e-08
7.659347291857742096e-08
7.530672312426864209e-08
7.404159038125760668e-08
7.279771152888257955e-08
7.157472950748332646e-08
7.037229325590656731e-08
6.919005761073159444e-08
6.802768320719130676e-08
6.688483638175461965e-08
6.576118907634924673e-08
6.465641874418979442e-08
6.357020825719084039e-08
6.250224581493335137e-08
6.145222485516178206e-08
6.041984396578411497e-08
5.940480679835095211e-08
5.840682198298687771e-08
5.742560304475277734e-08
5.646086832141083679e-08
5.551234088257408268e-08
5.457974845021116242e-08
5.366282332048904581e-08
5.276130228692693370e-08
5.187492656484239477e-08
5.100344171706623193e-08
5.014659758090531948e-08
4.928064872606416519e-08
4.842624586582262122e-08
4.758665620846000045e-08
4.676162293018783007e-08
4.595089365989795289e-08
4.515422040196432167e-08
4.437135946038319160e-08
4.360207136422810642e-08
4.284612079439817815e-08
4.210327651163550003e-08
4.137331128579097361e-08
4.065600182631651376e-08
3.995112871396191988e-08
3.925847633365675276e-08
3.857783280855508841e-08
3.790898993522415026e-08
3.725174311995662314e-08
3.660589131618675706e-08
3.597123696299227464e-08
3.534758592466177318e-08
3.473474743131021743e-08
3.413253402052403414e-08
3.354076148001754395e-08
3.295924879128434606e-08
3.238781807422490172e-08
3.182629453273450756e-08
3.127450640123453922e-08
3.073228489213080584e-08
3.019946414418253754e-08
2.967588117176708065e-08
2.916137581502370052e-08
2.865579069086197010e-08
2.815897114481962338e-08
2.767076520375474620e-08
2.719102352935874856e-08
2.671959937247473634e-08
2.625634852820817302e-08
2.580112929181579602e-08
2.535380241535905963e-08
2.491423106510962086e-08
2.448228077969277284e-08
2.397437345263042201e-08
2.343172090023975633e-08
2.290135112108597745e-08
2.238298609838333821e-08
2.187635410817043567e-08
2.138118957687382231e-08
2.089723294209610636e-08
2.042423051655457451e-08
1.996193435510020219e-08
1.951010212474581787e-08
1.906849697763670431e-08
1.863688742689647963e-08
1.821504722528261311e-08
1.780275524658931884e-08
1.739979536973423688e-08
1.700595636546918937e-08
1.662103178565483922e-08
1.624481985504177224e-08
1.587712336550121507e-08
1.551774957264966014e-08
1.516651009481319748e-08
1.482322081427910675e-08
1.448770178078220183e-08
1.415977711717626562e-08
1.383927492723994331e-08
1.352602720556986058e-08
1.321986974951326800e-08
1.292064207309367625e-08
1.262818732288531067e-08
1.234235219579128060e-08
1.206298685868311192e-08
1.178994486985894865e-08
1.152308310227966845e-08
1.126226166854262661e-08
1.100734384755336864e-08
1.075819601285733055e-08
1.051468756259351117e-08
1.027669085103372582e-08
1.004408112167154626e-08
9.816736441825619891e-09
9.594537638723255070e-09
9.352549475610089716e-09
9.082564770457634432e-09
8.820373848295228527e-09
8.565751722106362829e-09
8.318479899686929893e-09
8.078346196156130523e-09
7.845144551879762011e-09
7.618674855649742857e-09
7.398742772967996174e-09
7.185159579287183127e-09
6.977741998065554752e-09
6.776312043496430546e-09
6.580696867778254238e-09
6.390728612793011865e-09
6.206244266066636309e-09
6.027085520887308802e-09
5.853098640461932109e-09
5.684134325994056886e-09
5.520047588569967258e-09
5.360697624743086774e-09
5.205947695710146517e-09
5.055665009975033702e-09
4.909720609399847282e-09
4.767989258545582189e-09
4.630349337206964895e-09
4.496682736049836653e-09
4.366874755261027619e-09
4.240814006123982854e-09
4.118392315435723133e-09
3.999504632683046178e-09
3.884048939898233082e-09
3.771926164117093883e-09
3.663040092363963889e-09
3.557297289091170285e-09
3.454607016001515922e-09
3.354881154185446895e-09
3.258034128505844801e-09
3.163982834165709337e-09
3.072646565395644245e-09
2.983946946199904637e-09
2.897807863101624885e-09
2.811946187442588928e-09
2.719246493001323493e-09
2.629602772172881286e-09
2.542914280561291159e-09
2.459083594948935390e-09
2.378016503809261169e-09
2.299621901428936467e-09
2.223811685520508317e-09
2.150500658210219394e-09
2.079606430290033963e-09
2.011049328626120947e-09
1.944752306619620633e-09
1.880640857619401842e-09
1.818642931189084188e-09
1.758688852134554562e-09
1.700711242200850252e-09
1.644644944350311278e-09
1.590426949537145212e-09
1.537996325895896295e-09
1.487294150264290429e-09
1.438263441963583853e-09
1.390849098761901011e-09
1.344997834948634959e-09
1.300658121450308005e-09
1.257780127920620072e-09
1.216315666739531481e-09
1.176218138858516691e-09
1.137442481431151953e-09
1.099945117170034475e-09
1.063683905373318310e-09
1.028618094565656976e-09
9.947082767004273674e-10
9.619163428717826499e-10
9.302054404866371688e-10
8.995399318485971670e-10
8.698853541072248642e-10
8.412083805275809171e-10
8.134767830366385460e-10
7.866593960043698799e-10
7.607260812188271922e-10
7.356476940158976495e-10
7.113960505256227451e-10
6.865578192288819288e-10
6.625269194050367133e-10
6.393371492430637802e-10
6.169590675188195377e-10
5.953642635100183546e-10
5.745253209266014329e-10
5.544157831036135599e-10
5.350101194124103010e-10
5.162836928475147655e-10
4.982127287480351983e-10
4.807742846138534231e-10
4.639462209783477146e-10
4.477071733006088478e-10
4.320365248414772646e-10
4.169143804889904361e-10
4.023215414999826433e-10
3.882394811257797908e-10
3.746503210910516647e-10
3.615368088959352369e-10
3.488822959126456128e-10
3.366707162487413386e-10
3.248865663502190661e-10
3.135148853185399974e-10
3.025412359166060150e-10
2.919516862395529672e-10
2.817327920271090112e-10
2.718715795950667800e-10
2.623555293641651370e-10
2.531725599655159722e-10
2.443110129023562311e-10
2.357596377486751099e-10
2.275075778659288432e-10
2.195443566196798803e-10
2.118598640786957709e-10
2.044443441796051778e-10
1.972883823408041068e-10
1.903828935099212552e-10
1.837191106296253802e-10
1.772885735071647118e-10
1.710831180734945537e-10
1.650948660183466331e-10
1.592088894073530385e-10
1.534942119645629683e-10
1.479846583587433232e-10
1.426728658316449092e-10
1.375517359054113539e-10
1.326144248964510332e-10
1.278543347697912458e-10
1.232651043217198492e-10
1.188406006789107729e-10
1.145749111026847370e-10
1.104623350874540802e-10
1.064973767427782093e-10
1.026747374488685063e-10
9.898930877571087581e-11
9.543616565635556183e-11
9.201055980524394457e-11
8.870791337278141570e-11
8.552381282767044163e-11
8.245400305883813323e-11
7.949438168906351651e-11
7.664099359271954219e-11
7.389002561029288445e-11
7.123780145262053410e-11
6.868077678803919924e-11
6.621553450587160834e-11
6.383878014993350689e-11
6.154733751594419179e-11
5.933814440697003099e-11
5.720824854121924584e-11
5.515480360672446025e-11
5.317506545764151118e-11
5.126638844707460663e-11
4.942622189153628564e-11
4.765210666230929841e-11
4.594167189916127516e-11
4.429263184201668797e-11
4.270278277635460510e-11
4.117000008824719341e-11
3.969223542510689481e-11
3.826751395834644165e-11
3.689393174429112040e-11
3.556279106150876255e-11
3.427306392787553065e-11
3.303011029062950120e-11
3.183223385300573217e-11
3.067779983646939870e-11
2.956523274968391078e-11
2.849301423838949583e-11
2.745968101325848520e-11
2.646382285290051513e-11
2.550408067928943564e-11
2.457914470298893768e-11
2.368775263564208431e-11
2.282868796728858590e-11
2.200077830615620297e-11
2.120289377866165967e-11
2.043394548743830316e-11
1.969288402528394781e-11
1.897869804300340748e-11
1.829041286918914572e-11
1.762708918005729391e-11
1.698782171752399291e-11
1.637173805377217377e-11
1.577799740062249555e-11
1.520578946208422912e-11
1.465433332851909342e-11
1.412287641091080797e-11
1.361069341378336869e-11
1.311708534536831196e-11
1.264137856366941203e-11
1.218292385712247719e-11
1.174109555859713729e-11
1.131529069152940228e-11
1.090492814702123437e-11
1.050944789078359624e-11
1.012831019884021544e-11
9.760994920950316388e-12
9.407000770743374861e-12
9.065844641598418131e-12
8.737060947333572062e-12
8.420200986806465776e-12
8.114832331558153051e-12
7.820259618437220739e-12
7.535659237465698850e-12
7.261416233461358333e-12
6.997153673486543043e-12
6.742508342211942234e-12
6.497130242695515712e-12
6.260682115329860348e-12
6.032838974296092507e-12
5.813287660887444137e-12
5.601726413088840869e-12
5.397864450820393054e-12
5.201421576275142904e-12
5.012127788801491050e-12
4.829722913801201762e-12
4.653956245132803793e-12
4.484586200528802476e-12
4.321379989553267362e-12
4.164113293643358928e-12
4.012569957794836041e-12
3.866541693468299129e-12
3.725827792307144402e-12
3.590234850274256128e-12
3.459576501828099937e-12
3.333673163772788705e-12
3.212351788430295018e-12
3.095445625795184718e-12
2.982793994345385197e-12
2.874242060193637546e-12
2.769640624276226514e-12
2.668845917286596478e-12
2.571719402071767880e-12
2.478127583220150026e-12
2.387941823578908014e-12
2.301038167448867122e-12
2.217297170213685224e-12
2.136603734169422837e-12
2.058846950328618615e-12
1.983919945981585123e-12
1.911719737805367079e-12
1.842147090318389045e-12
1.775106379486468733e-12
