2.930665710751879039e-07
2.976193890052371464e-07
3.022429354084388548e-07
3.069383090585621916e-07
3.117066257989327150e-07
3.165490188076134602e-07
3.214666388666991064e-07
3.264606546357971343e-07
3.315322529297572236e-07
3.366826390007123137e-07
3.419130368245073475e-07
3.472246893915714441e-07
3.526188590023120101e-07
3.580968275670978108e-07
3.636598969108987635e-07
3.693093890826654625e-07
3.750466466695081521e-07
3.808730331157600614e-07
3.867885670993737211e-07
3.927952498277074615e-07
3.988952141069138302e-07
4.050899085648174711e-07
4.113808043258946823e-07
4.177693953606373968e-07
4.242571988403468551e-07
4.308457554974282280e-07
4.375366299912893681e-07
4.443314112799163233e-07
4.512317129972250850e-07
4.582391738362640585e-07
4.653554579383757267e-07
4.725822552884021070e-07
4.799212821160191256e-07
4.873742813033126193e-07
4.949430227986798736e-07
5.026293040371578115e-07
5.104349503672850879e-07
5.183618154845813655e-07
5.264117818717702421e-07
5.345867612458315940e-07
5.428886950120025532e-07
5.513195547248193407e-07
5.598813425563282808e-07
5.685760917715626636e-07
5.774058672114098643e-07
5.863727657829651754e-07
5.954789169575134872e-07
6.047264832762371805e-07
6.141176608637784490e-07
6.236546799497832139e-07
6.333398053985310261e-07
6.431753372468035289e-07
6.531636112500976776e-07
6.633069994373292993e-07
6.736079106741379553e-07
6.840687912349528763e-07
6.946921253839347444e-07
7.054804359649480113e-07
7.164362850006803250e-07
7.275622743010815420e-07
7.388610460812415464e-07
7.503352835888732093e-07
7.619877117415252173e-07
7.738210977737044437e-07
7.858382518940414853e-07
7.980420279526614618e-07
8.104353241189261006e-07
8.230210835696855926e-07
8.358022951882331343e-07
8.487819942741137729e-07
8.619632632639417149e-07
8.753492324634280109e-07
8.889430807907685392e-07
9.027473811952927462e-07
9.167624377565630100e-07
9.309950765723012955e-07
9.454486755837419110e-07
9.601266651742956448e-07
9.750325289837108470e-07
9.901698047348646179e-07
1.005542085073409205e-06
1.021153018420434648e-06
1.037006309838379974e-06
1.053105721910376851e-06
1.069455075633263296e-06
1.086058251324442769e-06
1.102919189542831760e-06
1.120041892024104649e-06
1.137430422630447189e-06
1.155088908315078215e-06
1.173021540101721489e-06
1.191232574079295969e-06
1.209726332412048762e-06
1.228507204365356494e-06
1.247579647347479909e-06
1.266948187967463126e-06
1.286617423109471900e-06
1.306592021023809753e-06
1.326876722434858881e-06
1.347476341666248649e-06
1.368395767783465555e-06
1.389639965754214468e-06
1.411213977626796462e-06
1.433122923726764142e-06
1.455372003872185857e-06
1.477966498607746028e-06
1.500911770458021446e-06
1.524213265200211589e-06
1.547876513156616462e-06
1.571907130507206892e-06
1.596310820622544588e-06
1.621093375417408975e-06
1.646260676725440616e-06
1.671818697695108465e-06
1.697773504207382564e-06
1.724131256315386813e-06
1.750898209706400494e-06
1.778080717186589504e-06
1.805685230188752318e-06
1.833718300303492341e-06
1.862186580834159909e-06
1.891096828375917372e-06
1.920455904419355633e-06
1.950270776978968985e-06
1.980548522246932943e-06
2.011296326272553316e-06
2.042521486667770010e-06
2.074231414339181009e-06
2.106433635246912646e-06
2.139132220960481123e-06
2.172336488809520559e-06
2.206056163510262653e-06
2.240299245366291858e-06
2.275073858864345317e-06
2.310388254601959102e-06
2.346250811244966864e-06
2.382670037515428140e-06
2.419654574210410674e-06
2.457213196252091369e-06
2.495354814769671370e-06
2.534088479213657540e-06
2.573423379502889813e-06
2.613368848204972561e-06
2.653934362750473351e-06
2.695129547681570955e-06
2.736964176935529970e-06
2.779448176163672889e-06
2.822591625086350658e-06
2.866404759884408484e-06
2.910897975627854185e-06
2.956081828742167831e-06
3.001967039512898976e-06
3.048564494629163023e-06
3.095885249766624574e-06
3.143940532210542478e-06
3.192741743519536827e-06
3.242300462230723778e-06
3.292628446606853041e-06
3.343737637426014275e-06
3.395640160814753934e-06
3.448348331125053157e-06
3.501874653856077718e-06
3.556231828621167994e-06
3.611432752160993504e-06
3.667490521403367953e-06
3.724418436570674722e-06
3.782230004335405958e-06
3.840938941024806688e-06
3.900559175875139413e-06
3.961104854336582199e-06
4.022590341429310857e-06
4.085030225151788848e-06
4.148439319941843006e-06
4.212832670191594468e-06
4.278225553816804687e-06
4.344633485881778348e-06
4.412072222280377965e-06
4.480557763474331806e-06
4.550106358289417866e-06
4.620734507770716545e-06
4.692458969097566434e-06
4.765296759559431093e-06
4.839265160593334953e-06
4.914381721884117730e-06
4.990665671464709393e-06
5.068141489079271127e-06
5.146820052521781510e-06
5.226720033392883111e-06
5.307860393153883268e-06
5.390260387626535304e-06
5.473939571562769416e-06
5.558917803285313454e-06
5.645215249400406357e-06
5.732852389583575813e-06
5.821850021439814208e-06
5.912229265439134573e-06
6.004011569928827916e-06
6.097218716223401936e-06
6.191872823773663112e-06
6.287996355415963683e-06
6.385612122703027219e-06
6.484743291317387856e-06
6.585413386568997499e-06
6.687646298978169057e-06
6.791466289945077974e-06
6.896897997507394147e-06
7.003966442187297844e-06
7.112697032929144246e-06
7.223115573129437631e-06
7.335248266760337482e-06
7.449121724588310964e-06
7.564762970489178584e-06
7.682199447861343689e-06
7.801459026138489033e-06
7.922570007403476847e-06
8.045561133104759375e-06
8.170461590877215019e-06
8.297301021468789063e-06
8.426109525774741466e-06
8.556917671980946756e-06
8.689756502818226391e-06
8.824657542929314482e-06
8.961652806350015410e-06
9.100774804106665847e-06
9.242056551931546120e-06
9.385531578097897694e-06
9.531233931376754175e-06
9.679198189117193472e-06
9.829459465452130410e-06
9.982053419631309974e-06
1.013701626448386611e-05
1.029438477501211977e-05
1.045419629711892535e-05
1.061648875647028476e-05
1.078130066749573662e-05
1.094867114252847870e-05
1.111863990108717361e-05
1.129124727930204822e-05
1.146653423948733494e-05
1.164454237986210649e-05
1.182539658925223001e-05
1.200910376286707102e-05
1.219566482179415792e-05
1.238512410105435610e-05
1.257752662441172523e-05
1.277291811507311238e-05
1.297134500655401609e-05
1.317285445371309117e-05
1.337749434395835568e-05
1.358531330862721918e-05
1.379636073454342736e-05
1.401068677575351834e-05
1.422834236544560630e-05
1.444937922805332467e-05
1.467384989154782263e-05
1.490180769992058618e-05
1.513330682586046191e-05
1.536840228362733126e-05
1.560714994212590652e-05
1.584960653818263856e-05
1.609582969002882626e-05
1.634587791099323102e-05
1.659981062340737623e-05
1.685768817272689768e-05
1.711957184187225863e-05
1.738552386579211249e-05
1.765560744625323670e-05
1.792988676685989061e-05
1.820842700830664599e-05
1.849129436386818027e-05
1.877855605512965408e-05
1.907028034796149859e-05
1.936653656874235289e-05
1.966739512083405474e-05
1.997292750131240136e-05
2.028320631795818313e-05
2.059830530651180036e-05
2.091829934819612526e-05
2.124326448751153251e-05
2.157327795030737432e-05
2.190841816213425365e-05
2.224876476688116816e-05
2.259439864570261732e-05
2.294540193623932151e-05
2.330185805213772028e-05
2.366385170287270488e-05
2.403146891387825755e-05
2.440479704699089321e-05
2.478392482121037941e-05
2.516894233378378230e-05
2.555994108161577274e-05
2.595701398301285314e-05
2.636025539976450012e-05
2.676976115956771805e-05
2.718562857879982815e-05
2.760446894493550442e-05
2.801056436971374107e-05
2.842263395376143457e-05
2.884076558425188955e-05
2.926504844128598800e-05
2.969557301691272403e-05
3.013243113442955093e-05
3.057571596796670110e-05
3.102552206235955137e-05
3.148194535331338414e-05
3.194508318786479294e-05
3.241503434514406596e-05
3.289189905744302998e-05
3.337577903159286093e-05
3.386677747065632656e-05
3.436499909593925900e-05
3.487055016932542444e-05
3.538353851594098348e-05
3.590407354715108328e-05
3.643226628389533746e-05
3.696822938036739781e-05
3.751207714804096258e-05
3.806392558005155207e-05
3.862389237593502741e-05
3.919209696673080792e-05
3.976866054045522143e-05
4.035370606794754915e-05
4.094735832909884138e-05
4.154974393946403926e-05
4.216099137726764842e-05
4.278123101080592568e-05
4.341059512625122341e-05
4.404921795586765314e-05
4.469723570663909157e-05
4.535478658932065555e-05
4.602201084791658712e-05
4.669905078959093840e-05
4.738605081502056361e-05
4.808315744919182074e-05
4.879051937265269247e-05
4.950828745322379551e-05
5.023661477817477030e-05
5.097565668687663537e-05
5.172557080393138724e-05
5.248651707279159865e-05
5.325865778987353213e-05
5.404215763917102617e-05
5.483718372738132814e-05
5.564390561954432401e-05
5.646249537520903596e-05
5.729312758513030159e-05
5.813597940850601602e-05
5.899123061076207229e-05
5.985906360189315181e-05
6.073966347536755077e-05
6.163321804760437035e-05
6.245531318931963650e-05
6.324339910958860322e-05
6.404142941066379808e-05
6.484952957468754391e-05
6.566782666718562586e-05
6.649644935704706391e-05
6.733552793675593525e-05
6.818519434287862119e-05
6.904558217680937875e-05
6.991682672577792328e-05
7.079906498412186808e-05
7.169243567482774804e-05
7.259707927134377147e-05
7.351313801966785080e-05
7.444075596071432748e-05
7.538007895296296894e-05
7.633125469539367989e-05
7.729443275071070914e-05
7.826976456885983502e-05
7.925740351084233754e-05
8.025750487282947072e-05
8.127022591058117565e-05
8.229572586417295088e-05
8.333416598303478333e-05
8.438570955130590722e-05
8.545052191350959250e-05
8.652877050055196053e-05
8.762062485604867610e-05
8.872625666298404232e-05
8.984583977070636075e-05
9.097955022226397498e-05
9.212756628208626671e-05
9.329006846401391396e-05
9.446723955968284320e-05
9.565926466726638823e-05
9.686633122058001992e-05
9.808862901855351201e-05
9.932635025507478496e-05
1.005796895492106456e-04
1.018488439758080276e-04
1.031340130964831186e-04
1.044353989909993502e-04
1.057532062890428702e-04
1.070876422023985051e-04
1.084389165575311330e-04
1.098072418285799212e-04
1.111928331707665252e-04
1.125959084542266822e-04
1.140166882982680726e-04
1.154553961060598294e-04
1.169122580997616369e-04
1.183875033560936532e-04
1.198813638423571078e-04
1.213940744529087737e-04
1.229258730460951275e-04
1.244384772967492602e-04
1.257584074862477179e-04
1.270923382947106129e-04
1.284404182279702783e-04
1.298027973670737236e-04
1.311796273849915456e-04
1.325301120893531597e-04
1.338693495312775399e-04
1.352221201763177368e-04
1.365885607796004503e-04
1.379688094781851971e-04
1.393563918560290825e-04
1.406887510190204431e-04
1.420338486069635761e-04
1.433918064094438696e-04
1.447627473804533906e-04
1.461467956495232016e-04
1.474965163653169044e-04
1.488201063075426857e-04
1.501555737529006737e-04
1.515030252865778339e-04
1.528625684502238780e-04
1.542323053068316789e-04
1.555171554775457230e-04
1.568127092421527622e-04
1.581190557681875076e-04
1.594362849660052432e-04
1.607644874949699096e-04
1.620486650729908789e-04
1.632845294251215309e-04
1.645298190983196442e-04
1.657846059748085911e-04
1.670489624850209813e-04
1.683229616117813514e-04
1.694833972080951406e-04
1.706456814757044296e-04
1.718159364634018536e-04
1.729942168328397058e-04
1.741805776205298736e-04
1.753141262363601600e-04
1.763700058405967444e-04
1.774322447825692325e-04
1.785008813632133439e-04
1.795759541141423625e-04
1.806575017990380604e-04
1.815970080049195384e-04
1.825220291118613439e-04
1.834517621028684180e-04
1.843862309793944715e-04
1.853254598651523245e-04
1.862029651770391527e-04
1.869612996171889704e-04
1.877227224674646539e-04
1.884872463057958678e-04
1.892548837613368721e-04
1.900256475146764234e-04
1.906265385663177912e-04
1.911906027695816886e-04
1.917563360396387000e-04
1.923237433152598429e-04
1.928928295498300418e-04
1.933958695478608404e-04
1.937288470368883555e-04
1.940623978267234679e-04
1.943965229044413725e-04
1.947312232588167239e-04
1.950664998803266180e-04
1.952012925723474695e-04
1.952691042111155705e-04
1.953369394071987871e-04
1.954047981687808940e-04
1.954726805040480513e-04
1.954769318549559750e-04
1.952503521633099635e-04
1.950240351029429269e-04
1.947979803694362111e-04
1.945721876587232842e-04
1.943466566670901965e-04
1.939042727623536977e-04
1.933620725066935301e-04
1.928213883657277632e-04
1.922822161000561436e-04
1.917445514821334370e-04
1.911571287081517885e-04
1.902784874656071558e-04
1.894038848400806166e-04
1.885333022683329820e-04
1.876667212724499034e-04
1.868041234594494194e-04
1.857254180890759751e-04
1.845158535213214685e-04
1.833141664237516652e-04
1.821203054931637227e-04
1.809342197604747098e-04
1.797267572909247999e-04
1.781986252188572269e-04
1.766834861349505614e-04
1.751812295659385264e-04
1.736917459778570020e-04
1.722149267680576836e-04
1.705611413878660779e-04
1.687679074714910508e-04
1.669935271336783604e-04
1.652378021529795553e-04
1.635005363919924716e-04
1.617774677827632556e-04
1.597699779992354781e-04
1.577873990718743407e-04
1.558294218829154177e-04
1.538957411504225312e-04
1.519860553806913570e-04
1.499796926398187997e-04
1.478708766066044223e-04
1.457917119547451996e-04
1.437417817657411366e-04
1.417206749832493524e-04
1.397279863306572574e-04
1.376085683452159161e-04
1.355125147838398905e-04
1.334483883080007038e-04
1.314157026043666289e-04
1.294139787671300774e-04
1.274182556910508708e-04
1.254188564945178577e-04
1.234508311158525912e-04
1.215136872489418375e-04
1.196069403127540724e-04
1.177301133301202849e-04
1.159178882240872663e-04
1.141383760406503435e-04
1.123861820188839649e-04
1.106608867843302403e-04
1.089620774005536089e-04
1.073315514940197422e-04
1.058047416648051918e-04
1.042996509687079461e-04
1.028159704473140718e-04
1.013533955371960580e-04
9.991162600739416917e-05
9.862070445458998589e-05
9.737662600679136433e-05
9.614824133438052767e-05
9.493535246383993226e-05
9.373776391904512807e-05
9.258972584441939042e-05
9.154488259179034530e-05
9.051183003637555723e-05
8.949043512420654849e-05
8.848056630278375312e-05
8.748209350413217169e-05
8.650103105040790868e-05
8.553307656399279884e-05
8.457595357723011358e-05
8.362954088464372301e-05
8.269371863705741663e-05
8.173439505738438928e-05
8.065904227663325897e-05
7.959783756172692773e-05
7.855059477117730805e-05
7.751713021249872549e-05
7.649726260998761208e-05
7.527273584336194464e-05
7.396467640365518527e-05
7.267934789671757817e-05
7.141635531350836071e-05
7.017531050929556066e-05
6.890215956161366273e-05
6.733221422124324111e-05
6.579804030498247831e-05
6.429882275593105240e-05
6.283376508837431413e-05
6.140208896463522528e-05
5.984407393536460382e-05
5.822562364595024946e-05
5.665094346052539049e-05
5.511884964053750800e-05
5.362819046099596911e-05
5.217744144803645627e-05
5.076098225834904838e-05
4.938297563705832088e-05
4.804237771362664355e-05
4.673817295543289255e-05
4.546937339848530313e-05
4.435666141635012937e-05
4.337266776140387468e-05
4.241050269954965289e-05
4.146968199242458234e-05
4.054973214385137158e-05
3.965163129981423340e-05
3.901460727612946443e-05
3.838781737380251598e-05
3.777109717636513458e-05
3.716428490878538501e-05
3.656722139503097442e-05
3.598578936041272252e-05
3.542025173616925303e-05
3.486360186484483597e-05
3.431570007022956921e-05
3.377640887120641301e-05
3.324559294725410623e-05
3.250281710750850799e-05
3.176249738066075156e-05
3.103903998596559398e-05
3.033206084849519488e-05
2.964118464143251761e-05
2.888829303673879376e-05
2.804327730031983785e-05
2.722297924430816388e-05
2.642667584817493795e-05
2.565366524057167421e-05
2.490326608069272880e-05
2.424186651554556939e-05
2.360775375335333196e-05
2.299022795631566028e-05
2.238885524669118198e-05
2.180321309600549975e-05
2.128687487405739789e-05
2.088697414195635291e-05
2.049458604834644880e-05
2.010956945885961783e-05
1.973178589051462331e-05
1.936109946190721936e-05
1.896508626714173081e-05
1.856941722052833323e-05
1.818200302666084104e-05
1.780267146434968110e-05
1.743125390546024155e-05
1.704044527971755715e-05
1.658654658031058360e-05
1.614473817701630166e-05
1.571469802603878724e-05
1.529611266171845594e-05
1.488867696803970271e-05
1.452968983193415372e-05
1.419259128391104842e-05
1.386331364826760848e-05
1.354167547459178217e-05
1.322749952224265350e-05
1.292717639384226320e-05
1.265913137212555690e-05
1.239664426433206029e-05
1.213959982710837289e-05
1.188788520667205208e-05
1.164138988926414648e-05
1.137810825676408962e-05
1.111014179216700581e-05
1.084848622078068228e-05
1.059299291440575459e-05
1.034351674519390216e-05
1.010251889171448189e-05
9.883607899731953014e-06
9.669440479419501641e-06
9.459913842552550796e-06
9.254927428219699248e-06
9.054382854559033203e-06
8.860571038795593164e-06
8.672465578423613718e-06
8.488353502232708758e-06
8.308150032688069780e-06
8.131772192039230901e-06
7.959268907241630699e-06
7.792222736974164978e-06
7.628682469488223173e-06
7.468574524202541956e-06
7.311826864817606243e-06
7.158368966904960912e-06
7.011438344259610176e-06
6.870369820574177913e-06
6.732139563075750937e-06
6.596690466502731651e-06
6.463966574538226279e-06
6.333913056693552660e-06
6.219086358048422493e-06
6.106359480178808728e-06
5.995675884595806591e-06
5.886998534857136889e-06
5.780291065841445539e-06
5.675517771579886699e-06
5.572643593308389311e-06
5.471634107736478633e-06
5.372455515528682718e-06
5.275074629994731653e-06
5.179458865984815870e-06
5.085576228986063046e-06
4.993395304416715042e-06
4.902885247114301645e-06
4.814015771014349290e-06
4.726757139016230693e-06
4.641080153032647850e-06
4.556956144219530504e-06
4.474356963382980593e-06
4.393254971560084616e-06
4.313623030770565760e-06
4.235434494935887668e-06
4.158663200963180657e-06
4.083283459990603940e-06
4.009270048791435898e-06
3.936598201334056524e-06
3.865243600494789681e-06
3.795182369921041595e-06
3.726391066041928985e-06
3.658846670223642652e-06
3.592526581067118131e-06
3.527408606845205028e-06
3.463470958076995571e-06
3.400692240236741175e-06
3.339051446594897268e-06
3.278527951188936517e-06
3.219101501921600287e-06
3.160752213784221706e-06
3.103460562202915529e-06
3.047207376505337624e-06
2.991973833505871109e-06
2.938879376237808817e-06
2.887061127778830256e-06
2.836156537394785372e-06
2.786149495489100083e-06
2.737024176509212320e-06
2.688765033938296184e-06
2.641356795375336290e-06
2.594784457701925159e-06
2.549033282334251797e-06
2.504088790558860563e-06
2.459936758950598060e-06
2.416563214871406790e-06
2.373954432048432850e-06
2.332096926230119950e-06
2.290977450918922227e-06
2.250582993179181486e-06
2.210900769519017759e-06
2.171918221844759763e-06
2.133623013486733230e-06
2.096003025295121303e-06
2.059046351804641704e-06
2.022741297466905219e-06
1.987076372949126938e-06
1.952040291498156856e-06
1.917621965368601233e-06
1.883810502313907922e-06
1.850595202139357116e-06
1.817965553315790699e-06
1.785911229653083254e-06
1.754422087032231360e-06
1.723488160195079025e-06
1.693099659590667064e-06
1.663246968277152496e-06
1.633920638878373425e-06
1.605111390594070492e-06
1.576810106262824698e-06
1.549007829476782178e-06
1.521695761747250510e-06
1.494865259720272083e-06
1.468507832441295519e-06
1.442615138668061267e-06
1.413733443020204055e-06
1.382576181238055010e-06
1.352105594137441161e-06
1.322306548099706218e-06
1.293164243035902715e-06
1.264664205036159205e-06
1.236792279180995067e-06
1.209534622511107346e-06
1.182877697152081614e-06
1.156808263590619020e-06
1.131313374098969335e-06
1.106380366304271429e-06
1.081996856899606804e-06
1.058150735493676638e-06
1.034830158596016163e-06
1.012023543734758273e-06
9.897195637040679213e-07
9.679071409383136028e-07
9.465754420102608837e-07
9.257138722505059830e-07
9.053120704854852879e-07
8.853599038914801016e-07
8.658474629619979160e-07
8.467650565860945651e-07
8.281032072351559837e-07
8.098526462557521012e-07
7.920043092662462369e-07
7.745493316548508784e-07
7.574790441768925114e-07
7.407849686491255673e-07
7.244588137389230606e-07
7.084924708462846730e-07
6.928780100765936181e-07
6.776076763021223365e-07
6.626738853103538793e-07
6.480692200371752521e-07
6.337864268831021165e-07
6.198184121106826000e-07
6.061582383212927627e-07
5.927991210095922796e-07
5.797344251939046631e-07
5.658008947621317756e-07
5.497303475073282410e-07
5.341162549726574472e-07
5.189456523904467475e-07
5.042059432337105121e-07
4.898848887569468505e-07
4.759705978340031865e-07
4.624515170845742403e-07
4.493164212811536775e-07
4.365544040284350176e-07
4.241548687074799013e-07
4.121075196770684300e-07
4.004023537249819824e-07
3.890296517620835776e-07
3.779799707523173500e-07
3.672441358719252499e-07
3.568132328913634238e-07
3.466786007735924728e-07
3.368318244826107115e-07
3.272647279962306821e-07
3.179693675173389924e-07
3.089380248779540879e-07
3.001632011306467592e-07
2.916376103219746887e-07
2.833541734427747764e-07
2.753060125502892818e-07
2.674864450572391415e-07
2.598889781831032495e-07
2.525073035630071694e-07
2.453352920097233757e-07
2.383669884244656161e-07
2.315966068522147831e-07
2.250185256775020381e-07
2.186272829566394408e-07
2.124175718825330466e-07
2.063842363783111850e-07
2.005222668161061987e-07
1.948267958574338491e-07
1.892930944117256657e-07
1.839165677096416714e-07
1.786927514879274471e-07
1.735473677718330909e-07
1.678136074265122441e-07
1.622692824389246110e-07
1.569081341319384585e-07
1.517241106062871167e-07
1.467113599089259106e-07
1.418642234270874261e-07
1.371772295005910140e-07
1.326450872451956091e-07
1.282626805800130293e-07
1.240250624522568975e-07
1.199274492527894657e-07
1.159652154161736564e-07
1.121338881991340387e-07
1.084291426315254481e-07
1.048467966341191989e-07
1.013828062976881805e-07
9.803326131806459955e-08
9.479438058201698155e-08
9.166250789896360086e-08
8.863410787370507754e-08
8.570576191551502490e-08
8.287416437908468952e-08
8.013611883296554478e-08
7.748853445129707997e-08
7.492842252474780630e-08
7.245289308672888400e-08
7.005915165107293108e-08
6.774449605749547177e-08
6.550631342127759507e-08
6.334207718372838175e-08
6.124934426009321759e-08
5.922575228169359559e-08
5.726901692918169646e-08
5.537692935389918049e-08
5.354735368443428554e-08
5.177822461555463275e-08
5.006754507680114498e-08
4.841338397810723055e-08
4.681387402989853362e-08
4.526720963521652465e-08
4.377164485147987897e-08
4.223642786781561094e-08
4.074057931151985378e-08
3.929770784197880239e-08
3.790593721864073538e-08
3.656345765003219292e-08
3.526852344039311526e-08
3.401945071965776014e-08
3.281461525383087886e-08
3.165245033291310703e-08
3.053144473362577702e-08
2.945014075428934180e-08
2.840713231929858196e-08
2.740106315072881669e-08
2.643062500469832944e-08
2.549455597019070870e-08
2.459163882812635448e-08
2.372069946854968283e-08
2.288060536387286837e-08
2.207026409619179106e-08
2.128862193675821218e-08
2.053466247576185926e-08
1.980740530063992523e-08
1.910590472119557366e-08
1.842924853986861056e-08
1.777655686555711614e-08
1.714698096944967410e-08
1.653970218137945857e-08
1.595393082526452408e-08
1.538890519225157346e-08
1.484389055022628630e-08
1.431817818840291305e-08
1.381108449575115455e-08
1.332195007206115830e-08
1.285013887049112296e-08
1.239503737048303574e-08
1.195605377996970427e-08
1.153261726583700415e-08
1.112417721164010986e-08
1.073020250160806971e-08
1.035018083000678712e-08
9.983618034961211368e-09
9.623464152104158320e-09
9.272537087706982112e-09
8.934406850167503033e-09
8.608606793295664663e-09
8.294687287515520585e-09
7.992215099341549781e-09
7.700772793482305777e-09
7.419958156747176926e-09
7.149383642960642428e-09
6.888675838118343517e-09
6.637474945046323188e-09
6.395434286853024439e-09
6.162219828487749348e-09
5.937509715746392131e-09
5.720993831087412058e-09
5.512373365645212932e-09
5.311360406850734930e-09
5.117677541089305726e-09
4.931057470848451799e-09
4.751242645826171782e-09
4.577984907491453712e-09
4.411045146606150829e-09
4.250192973235320074e-09
4.095206398791332846e-09
3.945871529672039570e-09
3.801982272071014288e-09
3.663340047551852997e-09
3.529753518994459087e-09
3.401038326534826965e-09
3.277016833133987230e-09
3.157517879425044682e-09
3.042376547499776836e-09
2.931433933309066154e-09
2.824536927362853932e-09
2.721538003427106343e-09
2.622295014925984867e-09
2.526670998768547923e-09
2.434533986328848838e-09
2.345756821318999740e-09
2.260216984303528801e-09
2.177796423612915477e-09
2.098003869514081089e-09
2.020586097832450904e-09
1.946025094653129169e-09
1.874215443272708786e-09
1.805055616935935757e-09
1.738447835293978440e-09
1.674297926159451887e-09
1.612515192362845150e-09
1.553012283521966530e-09
1.495705072543219689e-09
1.440512536680070250e-09
1.387356642980477929e-09
1.336162237961515037e-09
1.286856941354946304e-09
1.239371043773731454e-09
1.193637408154693712e-09
1.149591374837998312e-09
1.107170670149311374e-09
1.066315318355289421e-09
1.026967556867997976e-09
9.890717545783416209e-10
9.525743332030271774e-10
9.174236915339184750e-10
8.835701324826028417e-10
8.509657928170668403e-10
8.195645754911676689e-10
7.893220844711601727e-10
7.601955619671717667e-10
7.321438279809070471e-10
7.051272220840510996e-10
6.791075473451057038e-10
6.540480163253624187e-10
6.299131990676479591e-10
6.066689730043475892e-10
