6.675505480824408280e-09
6.776082859031200644e-09
6.878175599488238416e-09
6.981806533599466463e-09
7.086998836761139398e-09
7.193776033544744215e-09
7.302162002957719273e-09
7.412180983783729016e-09
7.523857580003247184e-09
7.637216766295844792e-09
7.752283893625372351e-09
7.869084694909273807e-09
7.987645290773458257e-09
8.107992195393571496e-09
8.230152322424597229e-09
8.354152991019625036e-09
8.480021931939350134e-09
8.607787293753601932e-09
8.737477649136330774e-09
8.869122001255386261e-09
9.002749790258756419e-09
9.138390899858167677e-09
9.276075664012240994e-09
9.415834873710165324e-09
9.557699783857597362e-09
9.701603944860665743e-09
9.847386837700206943e-09
9.995360363342885895e-09
1.014555743972565649e-08
1.029801147943279695e-08
1.045275639712878277e-08
1.060982661710282078e-08
1.076925708092695835e-08
1.093108325522896233e-08
1.109534113958233498e-08
1.126206727451454231e-08
1.143129874963593137e-08
1.160307321189044659e-08
1.177742887393068789e-08
1.195440452261843389e-08
1.213403952765328548e-08
1.231637385033069370e-08
1.250144805243161516e-08
1.268930330524599043e-08
1.287998139873143173e-08
1.307352475080995377e-08
1.326997641680398700e-08
1.346938009901459638e-08
1.367178015644320609e-08
1.387722161465985096e-08
1.408575017581926174e-08
1.429741222882791067e-08
1.451225485966338417e-08
1.473032586184928355e-08
1.495167374708704199e-08
1.517634775604797791e-08
1.540439786932719290e-08
1.563587481856210994e-08
1.587083009771820648e-08
1.610931597454436732e-08
1.635138550220005635e-08
1.659709253105769488e-08
1.684649172068185492e-08
1.709963855198896639e-08
1.735658933958941100e-08
1.761740124431508995e-08
1.788213228593541999e-08
1.815084135606434869e-08
1.842358823126124761e-08
1.870043358632856524e-08
1.898143900780970731e-08
1.926666700768918259e-08
1.955618103729920635e-08
1.985004550143465744e-08
2.014832577268079933e-08
2.045108820595560838e-08
2.075840015327131139e-08
2.107032997871706839e-08
2.138694707366742274e-08
2.170832187221885783e-08
2.203452586685836474e-08
2.236496975043748412e-08
2.270015365823931939e-08
2.304036096885828026e-08
2.338566696805623175e-08
2.373614806990315665e-08
2.409188183368691752e-08
2.445294698107694346e-08
2.481942341354464717e-08
2.519139223004517152e-08
2.556893574496413508e-08
2.595213750633309217e-08
2.634108231431849527e-08
2.673585623998724668e-08
2.713654664435372997e-08
2.754324219771227483e-08
2.795603289925937678e-08
2.837501009700976116e-08
2.880026650801144314e-08
2.923189623886322486e-08
2.966999480653994997e-08
3.011465915952987674e-08
3.056598769928853361e-08
3.102408030201471868e-08
3.148903834075223300e-08
3.196096470782316102e-08
3.243996383759737354e-08
3.292614172960294819e-08
3.341960597198357558e-08
3.392046576530692172e-08
3.442883194673006106e-08
3.494481701452714193e-08
3.546853515298428043e-08
3.600010225766822080e-08
3.653963596107306374e-08
3.708725565865173293e-08
3.764308253523712959e-08
3.820723959186006256e-08
3.877985167296829465e-08
3.936104549405391192e-08
3.995094966969477287e-08
4.054969474201577507e-08
4.115741320957750269e-08
4.177423955669702643e-08
4.240031028320850535e-08
4.303576393466985746e-08
4.368074113302165327e-08
4.433538460770643790e-08
4.499983922725349780e-08
4.567425203133743657e-08
4.635877226331728305e-08
4.705355140326268980e-08
4.775874320147612223e-08
4.847450371251647144e-08
4.920099132973303079e-08
4.993836682031708251e-08
5.068636060327682687e-08
5.144428893957297734e-08
5.221355080536538724e-08
5.299431567431636721e-08
5.378675555427868881e-08
5.459104502518974082e-08
5.540736127753348220e-08
5.623588415137579664e-08
5.707679617598531236e-08
5.793028261004549048e-08
5.879653148246804081e-08
5.967573363381769009e-08
6.056808275835530425e-08
6.147377544670968114e-08
6.239301122918871418e-08
6.332599261973626640e-08
6.427292516054822802e-08
6.523401746735456701e-08
6.620948127537834409e-08
6.719953148598341866e-08
6.820438621401754212e-08
6.922426683586556935e-08
7.025939803821976290e-08
7.131000786757939257e-08
7.237632778049193884e-08
7.345859269454337777e-08
7.455704104011317786e-08
7.567191481290173806e-08
7.680345962724319729e-08
7.795192477021685051e-08
7.911756325656644892e-08
8.030063188444046036e-08
8.150139129196755714e-08
8.272010601467638397e-08
8.395704454377415113e-08
8.521247938529817446e-08
8.648668712014953407e-08
8.777994846502686425e-08
8.909254833426976428e-08
9.042477590262673231e-08
9.177692466896367653e-08
9.314929252092222808e-08
9.454218180054770823e-08
9.595589937089670244e-08
9.739075668364037446e-08
9.884706984768064668e-08
1.003251596987905888e-07
1.018253518702960616e-07
1.033479768648164692e-07
1.048933701270750364e-07
1.064618721178011100e-07
1.080538283887353097e-07
1.096695896587562968e-07
1.113095118911481256e-07
1.129739563720195461e-07
1.146632897898994387e-07
1.163745572914548944e-07
1.181102809415707975e-07
1.198718928670938191e-07
1.216597791910132993e-07
1.234743317953326443e-07
1.253159484069656933e-07
1.271850326849141968e-07
1.290819943087431077e-07
1.310072490683780380e-07
1.329612189552418218e-07
1.349443322547482100e-07
1.369570236401772883e-07
1.389997342679511985e-07
1.410729118743284286e-07
1.431770108735426917e-07
1.453124924574056886e-07
1.474798246963926817e-07
1.496794826422385137e-07
1.519119484320638970e-07
1.541777113940518268e-07
1.564772681547030751e-07
1.588111227476914121e-07
1.611797867243394135e-07
1.635837792657450033e-07
1.660236272965803562e-07
1.684998656005851577e-07
1.710130369377853500e-07
1.735636921634603116e-07
1.761523903488812374e-07
1.787796989038535914e-07
1.814461937010871134e-07
1.841524592024177308e-07
1.868990885869152303e-07
1.896866838809016768e-07
1.925158560899057796e-07
1.953872253325885953e-07
1.983014209766669044e-07
2.012590817768602299e-07
2.042608560148990305e-07
2.073074016416209362e-07
2.103993864211828722e-07
2.135374880774276903e-07
2.167223944424338956e-07
2.199548036072771878e-07
2.232354240750443957e-07
2.265649749161298212e-07
2.299441859258435333e-07
2.333737977843746253e-07
2.368545622191403788e-07
2.403872421695524891e-07
2.439726119542452181e-07
2.476114574407975038e-07
2.513045762179819800e-07
2.550527777705900363e-07
2.588568836568572676e-07
2.626595809944705817e-07
2.663477330081127043e-07
2.700876724540815823e-07
2.738801265090606026e-07
2.777258325604314161e-07
2.816255383496517877e-07
2.855800021176389012e-07
2.895899927522025913e-07
2.936562899375396704e-07
2.977796843058365208e-07
3.019609775909939810e-07
3.062009827845110012e-07
3.105005242935634904e-07
3.148604381012929667e-07
3.192815719293559921e-07
3.237647854027493189e-07
3.283109502169492367e-07
3.329209503074049832e-07
3.375956820214015171e-07
3.423360542923468173e-07
3.471429888164949840e-07
3.520174202321624231e-07
3.569602963014487589e-07
3.619725780945206573e-07
3.670552401764754473e-07
3.722092707968290609e-07
3.774356720816719164e-07
3.827354602285116420e-07
3.881096657038632049e-07
3.935593334436058195e-07
3.990855230561531702e-07
4.046893090284842762e-07
4.103717809350554858e-07
4.161340436496587159e-07
4.219772175602416074e-07
4.279024387867562991e-07
4.339108594020591090e-07
4.400036476559114676e-07
4.461819882021351492e-07
4.524470823289440352e-07
4.588001481925241962e-07
4.652424210538792329e-07
4.717751535190152033e-07
4.783996157824890652e-07
4.851170958743763249e-07
4.919288999107164988e-07
4.988363523474606844e-07
5.058407962380004400e-07
5.129435934942969255e-07
5.201461251516919884e-07
5.274497916374274556e-07
5.348560130429342498e-07
5.423662293999561308e-07
5.499819009605341071e-07
5.577045084809390792e-07
5.655355535095796093e-07
5.725614935677717987e-07
5.793778132309488253e-07
5.862752808830713508e-07
5.932548625874160286e-07
6.003175359082011899e-07
6.074642900475030493e-07
6.146961259838094362e-07
6.220140566122096775e-07
6.294191068862663688e-07
6.369123139615695660e-07
6.444947273410015587e-07
6.521674090217307565e-07
6.599314336439556508e-07
6.677878886414181226e-07
6.757378743937170126e-07
6.837825043804140142e-07
6.919229053370008137e-07
7.001602174127087407e-07
7.084955943301920542e-07
7.169302035471242530e-07
7.254652264197116454e-07
7.341018583681549882e-07
7.428413090440803724e-07
7.516848024999620115e-07
7.606335773605707102e-07
7.696888869964463176e-07
7.788519996994518703e-07
7.881241988604101656e-07
7.975067831488556934e-07
8.070010666949271272e-07
8.166083792734255714e-07
8.263300664900628127e-07
8.361674899699285864e-07
8.461220275481979267e-07
8.561950734631191532e-07
8.663880385512806943e-07
8.767023504452213324e-07
8.871394537733828131e-07
8.977008103624455818e-07
9.083878994420733759e-07
9.192022178520944133e-07
9.301452802521499874e-07
9.412186193338386338e-07
9.524237860353836073e-07
9.637623497588662339e-07
9.752358985900249257e-07
9.868460395206923852e-07
9.985943986738687768e-07
1.010482621531477875e-06
1.022512373164833929e-06
1.034685338467852917e-06
1.047003222393037614e-06
1.059467750190282234e-06
1.072080667648499581e-06
1.084843741340145704e-06
1.097177008415544922e-06
1.107952176195846905e-06
1.118833164859928822e-06
1.129821013654668228e-06
1.140916772033182322e-06
1.152121499755075987e-06
1.163003916797842927e-06
1.173822195675964089e-06
1.184741106337172365e-06
1.195761584859737208e-06
1.206884576029340792e-06
1.217980096711480606e-06
1.228612487214852088e-06
1.239337693461374586e-06
1.250156525688608841e-06
1.261069801207109636e-06
1.272078344462163696e-06
1.282671946238627077e-06
1.293083211235678801e-06
1.303578982983777407e-06
1.314159947412157050e-06
1.324826796017631001e-06
1.335470907414554641e-06
1.345406466437268285e-06
1.355415943455905634e-06
1.365499888401289173e-06
1.375658855295582470e-06
1.385893402282734023e-06
1.395608065755954204e-06
1.404970441164265019e-06
1.414395623656768665e-06
1.423884034572030715e-06
1.433436098075147900e-06
1.442988554657869713e-06
1.451486128497563319e-06
1.460033743455689859e-06
1.468631694217954064e-06
1.477280277205426404e-06
1.485979790584766349e-06
1.494052091316694584e-06
1.501539791560389342e-06
1.509065017707812418e-06
1.516627957826509441e-06
1.524228800926567460e-06
1.531867736965327833e-06
1.538079721530881883e-06
1.544296849520261277e-06
1.550539107988831877e-06
1.556806598517414387e-06
1.563099423097442921e-06
1.568652834566698411e-06
1.573298627169876940e-06
1.577958178960838267e-06
1.582631530689407020e-06
1.587318723226097315e-06
1.592019797562467453e-06
1.595032195337169489e-06
1.597899852166554074e-06
1.600772664663463685e-06
1.603650642097106705e-06
1.606533793753358801e-06
1.608622131460305300e-06
1.609434929246939081e-06
1.610248137720600867e-06
1.611061757088797212e-06
1.611875787559149658e-06
1.612690229339375245e-06
1.611592089285167354e-06
1.610160936130147056e-06
1.608731053891859878e-06
1.607302441441681638e-06
1.605875097651999938e-06
1.603662835710334709e-06
1.599766903386876396e-06
1.595880435826416281e-06
1.592003410035295489e-06
1.588135803075719294e-06
1.584277592065607833e-06
1.578418108717494969e-06
1.572027650185689396e-06
1.565663064367850689e-06
1.559324246514482849e-06
1.553011092300174923e-06
1.546056800961385043e-06
1.537142273764173007e-06
1.528279147521376202e-06
1.519467125856302333e-06
1.510705914101150405e-06
1.501995219287176248e-06
1.491418866758147069e-06
1.480163069775560945e-06
1.468992220736528586e-06
1.457905678535577558e-06
1.446902806905671007e-06
1.435524236556576766e-06
1.422193782461547631e-06
1.408987116597921444e-06
1.395903089453001831e-06
1.382940562188607868e-06
1.370098406541950058e-06
1.355889511209923749e-06
1.341031062719311787e-06
1.326335439805355990e-06
1.311800858151989074e-06
1.297425552996483655e-06
1.282996477354291296e-06
1.267113692260434065e-06
1.251427527240591032e-06
1.235935548247255361e-06
1.220635351365070804e-06
1.205524562437828249e-06
1.189829182526790335e-06
1.173788573530037050e-06
1.157964215017609674e-06
1.142353191621892639e-06
1.126952627278625946e-06
1.111725723041714374e-06
1.096023937435155002e-06
1.080543920621135340e-06
1.065282540382812275e-06
1.050236708742129487e-06
1.035403381334998092e-06
1.020718246675814489e-06
1.006184036005756122e-06
9.918567808598977977e-07
9.777335343572590840e-07
9.638113915780846499e-07
9.500874889663494487e-07
9.368680422642264110e-07
9.238389847095869356e-07
9.109911227268998794e-07
8.983219364228284660e-07
8.858289409482883293e-07
8.737040225870717330e-07
8.619837551203792728e-07
8.504207087101786695e-07
8.390127743209283935e-07
8.277578712086659328e-07
8.166539465414784816e-07
8.059093146760543651e-07
7.953261747272317902e-07
7.848820117689177295e-07
7.745750007658230406e-07
7.644033406488792060e-07
7.542345386390866187e-07
7.439886518357317381e-07
7.338819501147472727e-07
7.239125427186478836e-07
7.140785645749164442e-07
7.043781759470777115e-07
6.940050213022762503e-07
6.836381955246921930e-07
6.734262260859010361e-07
6.633667997912780878e-07
6.534576379999624503e-07
6.432964083338522555e-07
6.324180693297597509e-07
6.217236863651459129e-07
6.112101486871239655e-07
6.008743981465897707e-07
5.907134283086746029e-07
5.798006408192021273e-07
5.688285505298256463e-07
5.580640949977135279e-07
5.475033449631441240e-07
5.371424455233225042e-07
5.268000987063488385e-07
5.161135122019711037e-07
5.056437121625086034e-07
4.953863008907789327e-07
4.853369699006114806e-07
4.754914981071322102e-07
4.656735421660963824e-07
4.559890063418947804e-07
4.465058782113620063e-07
4.372199691319233039e-07
4.281271775715126506e-07
4.192092888296481430e-07
4.104115739592578467e-07
4.017984918940154727e-07
3.933661678467474446e-07
3.851108083483082114e-07
3.770286995410037293e-07
3.689498121386015741e-07
3.609529029704896452e-07
3.531293251177464466e-07
3.454753216607608876e-07
3.379872171103580043e-07
3.306396936372595728e-07
3.232750688091416395e-07
3.160744826608986251e-07
3.090342814166615683e-07
3.021508926842795854e-07
2.954208236425924947e-07
2.889144028302508336e-07
2.826049418985478296e-07
2.764332702111983988e-07
2.703963786560023241e-07
2.644913238352968189e-07
2.587284289204789126e-07
2.534044201162702791e-07
2.481899666085773801e-07
2.430828140128862503e-07
2.380807543344958856e-07
2.331816250139252674e-07
2.283595068963146967e-07
2.236143358665516608e-07
2.189677665915731347e-07
2.144177501871581776e-07
2.099622803436493608e-07
2.055993924412769077e-07
2.010033918901215453e-07
1.965010112691516613e-07
1.920994818381316662e-07
1.877965445782507957e-07
1.835899910716487289e-07
1.794295270047266729e-07
1.753030392334345518e-07
1.712714516806903079e-07
1.673325818484517496e-07
1.634842974313714886e-07
1.597245151624751039e-07
1.561624411269916038e-07
1.526913160366898231e-07
1.492973459223571231e-07
1.459788158096959239e-07
1.427340488442668568e-07
1.396078007259932933e-07
1.366271567919745681e-07
1.337101499771938884e-07
1.308554216212296680e-07
1.280616420712292212e-07
1.253275100625938736e-07
1.227061549481598567e-07
1.201500270667074106e-07
1.176471466344077803e-07
1.151964044380394799e-07
1.127967143707274967e-07
1.104326199802876424e-07
1.080856477691803715e-07
1.057885546477901569e-07
1.035402805594285441e-07
1.013397879762893556e-07
9.918606142065492682e-08
9.711050278298899316e-08
9.508790382283763943e-08
9.310743116660158982e-08
9.116820741568819114e-08
8.926937344579428051e-08
8.743176005847411343e-08
8.570101605310128895e-08
8.400453276500249132e-08
8.234163199061625028e-08
8.071164895167196509e-08
7.911393202942938656e-08
7.756780974656303962e-08
7.606023841239717822e-08
7.458196752302938354e-08
7.313242760884637900e-08
7.171106026817638032e-08
7.032198730521001056e-08
6.898256735177672102e-08
6.766865927422185016e-08
6.637977714891184763e-08
6.511544430757985177e-08
6.387519316104001477e-08
6.268978613262188628e-08
6.154409085468584424e-08
6.041933387867842591e-08
5.931513254396029161e-08
5.823111118325568344e-08
5.717595979928038497e-08
5.622007777463380323e-08
5.528017642522642722e-08
5.435598858212485211e-08
5.344725154299250175e-08
5.255370699741665989e-08
5.167510095348267795e-08
5.081118366557641376e-08
4.996170956339359287e-08
4.912643718213551237e-08
4.830512909387279648e-08
4.749755184005559146e-08
4.670347586515259062e-08
4.592267545139947407e-08
4.515492865463780410e-08
4.440001724122746860e-08
4.365772662601295929e-08
4.292784581132717917e-08
4.221016732701497187e-08
4.150448717145900191e-08
4.081060475359232913e-08
4.012832283587966455e-08
3.945744747825225960e-08
3.879778798298011666e-08
3.814915684046536789e-08
3.751136967594307109e-08
3.688424519707147624e-08
3.626760514239973212e-08
3.566127423069666151e-08
3.506508011112641705e-08
3.447885331425784930e-08
3.390242720389214150e-08
3.333563792969621106e-08
3.277832438062797428e-08
3.223032813913992850e-08
3.169149343614903434e-08
3.116166710675873013e-08
3.064069854672161050e-08
3.012843966962985840e-08
2.962474486482116858e-08
2.912947095598894253e-08
2.864247716048391378e-08
2.814233656492553982e-08
2.764784336598779917e-08
2.716203898090275000e-08
2.668477073722460169e-08
2.621588864513778905e-08
2.575524535032019761e-08
2.530269608763462499e-08
2.485809863563340056e-08
2.442131327186345780e-08
2.399220272895572614e-08
2.357063215148662303e-08
2.315646905359725346e-08
2.274958327735754844e-08
2.234984695186195210e-08
2.195713445304369049e-08
2.157132236419509205e-08
2.119228943718206802e-08
2.081991655433943203e-08
2.045408669103644446e-08
2.009468487889946903e-08
1.974159816968146150e-08
1.939471559976588601e-08
1.905392815529437531e-08
1.871912873790749385e-08
1.839021213108693735e-08
1.806707496708965616e-08
1.774961569446262968e-08
1.743773454612864680e-08
1.713133350803250123e-08
1.683031628833880054e-08
1.653458828717030126e-08
1.624405656687836933e-08
1.595862982283560984e-08
1.567821835474186162e-08
1.540273403843441803e-08
1.513209029819334831e-08
1.486620207953366780e-08
1.460498582247538186e-08
1.434835943528339160e-08
1.409624226866879104e-08
1.384855509044337816e-08
1.355633205886941920e-08
1.324375830459559220e-08
1.293839168802215398e-08
1.264006603130108734e-08
1.234861898821333594e-08
1.206389195582127446e-08
1.178572998815851455e-08
1.151398171190952695e-08
1.124849924403375836e-08
1.098913811128884585e-08
1.073575717160965724e-08
1.048821853729989275e-08
1.024638749999481755e-08
1.001013245735423618e-08
9.779324841445577269e-09
9.553839048778338475e-09
9.333552371951864491e-09
9.118344932878872677e-09
8.908099617548947463e-09
8.702702012296188245e-09
8.502040341536207989e-09
8.306005406938779882e-09
8.114490528003117604e-09
7.927391484003388561e-09
7.744606457272464726e-09
7.566035977793866235e-09
7.391582869070982693e-09
7.221152195244251943e-09
7.054651209428268939e-09
6.891989303239516884e-09
6.733077957488026692e-09
6.577830694006203824e-09
6.426163028587966423e-09
6.277992425013265183e-09
6.133238250132641791e-09
5.991821729987319061e-09
5.853665906941049585e-09
5.718695597800497339e-09
5.586837352901265788e-09
5.458019416137068234e-09
5.332171685910844723e-09
5.195668032864787252e-09
5.044037538212143495e-09
4.896832231381984445e-09
4.753922967591692448e-09
4.615184371023015630e-09
4.480494724828410026e-09
4.349735864347537304e-09
4.222793073440318490e-09
4.099554983845057497e-09
3.979913477473952489e-09
3.863763591560014629e-09
3.751003426571935808e-09
3.641534056816766048e-09
3.535259443651181054e-09
3.432086351225818760e-09
3.331924264688531844e-09
3.234685310774605135e-09
3.140284180714731452e-09
3.048638055392702807e-09
2.959666532687253412e-09
2.873291556934462893e-09
2.789437350448738678e-09
2.708030347042116190e-09
2.628999127484021363e-09
2.552274356844293040e-09
2.477788723664959017e-09
2.405476880907214068e-09
2.335275388621669114e-09
2.267122658291897041e-09
2.200958898802162111e-09
2.136726063981978552e-09
2.074367801681672935e-09
2.013829404333942590e-09
1.955057760958407872e-09
1.898001310566768961e-09
1.842609996927763637e-09
1.788835224652335498e-09
1.736629816560372758e-09
1.685947972291660469e-09
1.636745228124763362e-09
1.588978417968488277e-09
1.541444510731294492e-09
1.490402519406784528e-09
1.441050686151686000e-09
1.393333044609184048e-09
1.347195481641469395e-09
1.302585675963980790e-09
1.259453038811541561e-09
1.217748656569362589e-09
1.177425235303574776e-09
1.138437047128632073e-09
1.100739878350579679e-09
1.064290979327508443e-09
1.029049015990260030e-09
9.949740229684538960e-10
9.620273582686128145e-10
9.301716594530998768e-10
8.993708012700237620e-10
8.695898546862487063e-10
8.407950472768498784e-10
8.129537249262706192e-10
7.860343147976350341e-10
7.600062895282475860e-10
7.348401326107534235e-10
7.105073049205566943e-10
6.869802123516839366e-10
6.642321745242768090e-10
6.422373945283081387e-10
6.209709296691602051e-10
6.004086631819228222e-10
5.805272768822909670e-10
5.613042247231146468e-10
5.427177072265236843e-10
5.247466467627435142e-10
5.073706636474474516e-10
4.905700530306451195e-10
4.743257625508177876e-10
4.586193707290166078e-10
4.434330660783874474e-10
4.287496269054548236e-10
4.145524017802277883e-10
4.008252906530292719e-10
3.875527265965701077e-10
3.740023334792221994e-10
3.608947220163582261e-10
3.482464913190167659e-10
3.360415415288616354e-10
3.242643370372033167e-10
3.128998867098274380e-10
3.019337248048659315e-10
2.913518925594321364e-10
2.811409204216038115e-10
2.712878109051011460e-10
2.617800220448679561e-10
2.526054514324770740e-10
2.437524208110449420e-10
2.352096612100512327e-10
2.269662986011265117e-10
2.190118400565698779e-10
2.113361603929609619e-10
2.039294892828773351e-10
1.967823988182967632e-10
1.898857915098724072e-10
1.832308887067911878e-10
1.768092194224802001e-10
1.706126095519407807e-10
1.646331714669732144e-10
1.588632939760677096e-10
1.532956326361560087e-10
1.479231004039192701e-10
1.427388586147313338e-10
1.377363082777593871e-10
1.329090816761525957e-10
1.282510342616066081e-10
1.237562368330093596e-10
1.194189679891951197e-10
1.152337068462036270e-10
1.111951260097839491e-10
1.072980847941799313e-10
1.035376226785881451e-10
9.990895299293513159e-11
9.640745682495513296e-11
9.302867714080536541e-11
8.976831311172968219e-11
8.656691431313770618e-11
8.345982415257919325e-11
8.046425476577599641e-11
7.757620340986154802e-11
7.479181100982326044e-11
7.210735700192834189e-11
6.951925436222769436e-11
6.702404481349732615e-11
6.461839420421804202e-11
6.229908805340877510e-11
6.006302725537317625e-11
5.790722393860616097e-11
5.582879747333944858e-11
5.382497062238167344e-11
5.189306583011657369e-11
5.003050164469640010e-11
4.823478926865239438e-11
4.650352923330982919e-11
4.483440819256923660e-11
4.322519583176236029e-11
4.167374188746137169e-11
4.017797327424941536e-11
3.873589131462182934e-11
3.734556906831000337e-11
3.600514875746389583e-11
3.471283928424988311e-11
3.346691383754867220e-11
3.226570758555296029e-11
3.110761545118536404e-11
2.999108996735917554e-11
2.891463920922149632e-11
2.787682480061150044e-11
2.687625999207184665e-11
2.591160780784473378e-11
2.498157925937658604e-11
2.408493162294533362e-11
2.322046677910569529e-11
2.238702961173763549e-11
2.158350646455514231e-11
2.080882365301607971e-11
2.006194602964123073e-11
1.933834049922931289e-11
1.863742687780247327e-11
1.796191770639663024e-11
1.731089220667178439e-11
1.668346297368297072e-11
1.607877476626978929e-11
1.549600334128729017e-11
1.493435433009029758e-11
1.439306215573897595e-11
1.387138898945034703e-11
1.336862374487294896e-11
1.288408110881350158e-11
1.241710060709488242e-11
1.196704570427190069e-11
1.153330293597717525e-11
1.111528107271591369e-11
1.071241031396776674e-11
1.032414151149877434e-11
9.949945420824119447e-12
9.589311979801236166e-12
9.241749613370601187e-12
8.906784563495416092e-12
8.583960243388060466e-12
8.272836615142076047e-12
7.972989589921742598e-12
7.684010449891953923e-12
7.405505291099785540e-12
7.137094486548731795e-12
6.878412168733963087e-12
6.629105730932544774e-12
6.388835346569702810e-12
6.157273506005232774e-12
5.934104570109122714e-12
5.719024340017735109e-12
5.511739642483847496e-12
5.311967930256048639e-12
5.119436896941820856e-12
4.933884105830056118e-12
4.755056632166785932e-12
4.582710718396460037e-12
4.416611441899034669e-12
4.256392955773445509e-12
4.101625854501190333e-12
3.952486254233950330e-12
3.808769532882722524e-12
3.670278508641480260e-12
3.536823169450158589e-12
3.408220412294978789e-12
3.284293791987935560e-12
3.164873279080882118e-12
3.049795026582387370e-12
2.938901145156694123e-12
2.832039486496959319e-12
2.729063434575078904e-12
2.629831704482035018e-12
2.534208148582554637e-12
2.442061569718259430e-12
2.353265541202845312e-12
2.267698233362587891e-12
2.185242246383827858e-12
2.105784449238544384e-12
2.029215824466535273e-12
1.955431318601660862e-12
1.884329698036672011e-12
1.815813410128906227e-12
1.749788449356495158e-12
1.686164228341081622e-12
1.624853453560450778e-12
1.565772005580270318e-12
1.508838823640812188e-12
1.453975794440188543e-12
1.401107644961584658e-12
1.350161839197347581e-12
1.301068478628387728e-12
1.253760206322170114e-12
1.208172114517872468e-12
1.164241655571813116e-12
1.121908556141025606e-12
1.081114734487189028e-12
1.041804220787477595e-12
1.003923080343018258e-12
9.674193395795511974e-13
