7.405647516684730702e-10
7.505053851333588273e-10
7.605794521615662541e-10
7.707887438377230162e-10
7.811350752882653450e-10
7.916202860041611055e-10
8.022462401679345145e-10
8.130148269851238224e-10
8.239279610201570708e-10
8.349875825367386717e-10
8.461956578428188787e-10
8.575541796401966061e-10
8.690651673787815499e-10
8.807306676156631589e-10
8.925527543789429252e-10
9.044939463770636511e-10
9.165525899007801637e-10
9.287719983297948600e-10
9.411543149694243978e-10
9.537017116993702854e-10
9.664163893546550950e-10
9.793005781116761341e-10
9.923565378793663353e-10
1.005586558695594095e-09
1.018992961128823775e-09
1.032578096685171902e-09
1.046344348220849345e-09
1.060294130360125962e-09
1.074429889918843559e-09
1.088754106333616746e-09
1.103156952110060818e-09
1.117747214917166023e-09
1.132530447336045766e-09
1.147509201566865011e-09
1.162686063564971909e-09
1.178063653487347439e-09
1.193644626144956987e-09
1.209431671461062376e-09
1.225427514935642629e-09
1.241634918115910431e-09
1.258056679073073392e-09
1.274695632885403389e-09
1.291554652127667959e-09
1.308636647367086911e-09
1.325879405259748477e-09
1.343271872197980923e-09
1.360892488019888401e-09
1.378744245510410687e-09
1.396830176712894674e-09
1.415153353444067656e-09
1.433716887815795150e-09
1.452523932763624899e-09
1.471577682582322633e-09
1.490881373468402665e-09
1.510438284069782791e-09
1.530251736042647658e-09
1.550325094615617368e-09
1.570661769161317708e-09
1.591265213775447106e-09
1.611959090333634991e-09
1.632911834173304844e-09
1.654136928271143934e-09
1.675637912720215716e-09
1.697418373628810426e-09
1.719481943718565111e-09
1.741832302930365779e-09
1.764473179038088942e-09
1.787408348270393075e-09
1.810641635940519669e-09
1.834176917084317069e-09
1.858018117106551439e-09
1.882169212435615448e-09
1.906634231186759422e-09
1.931309245667715359e-09
1.956160582724714837e-09
1.981331697132194125e-09
2.006826703660848242e-09
2.032649770028677127e-09
2.058805117582231329e-09
2.085297021986708113e-09
2.112129813924929827e-09
2.139307879805228118e-09
2.166835662478567335e-09
2.194717661964757818e-09
2.222958436188150756e-09
2.251562601722662386e-09
2.280534834546524609e-09
2.309879870806612694e-09
2.339307654175763589e-09
2.369084416276070617e-09
2.399240203153033970e-09
2.429779839366864347e-09
2.460708210889000745e-09
2.492030265883818049e-09
2.523751015500281905e-09
2.555875534673632303e-09
2.588408962937373029e-09
2.621356505245492498e-09
2.654723432805203846e-09
2.688515083920287000e-09
2.722736864845105924e-09
2.757394250649611238e-09
2.792320790800919007e-09
2.827435743712197533e-09
2.862992286258159909e-09
2.898995971668700872e-09
2.935452423008555829e-09
2.972367334055606201e-09
3.009746470190037782e-09
3.047595669294878621e-09
3.085920842667661248e-09
3.124727975943751453e-09
3.164023130031083880e-09
3.203812442056859489e-09
3.244102126325940175e-09
3.284898475291504268e-09
3.326207860537699053e-09
3.367530511903017765e-09
3.409305421851694212e-09
3.451598558166858728e-09
3.494416349553377984e-09
3.537765304465528774e-09
3.581652012096303139e-09
3.626083143378990907e-09
3.671065452001183185e-09
3.716605775431358505e-09
3.762711035958199699e-09
3.809388241742808579e-09
3.856644487883983874e-09
3.904486957496639753e-09
3.952922922803760754e-09
4.001680878534924552e-09
4.050579966238414318e-09
4.100076583042985960e-09
4.150178030537381965e-09
4.200891699533040084e-09
4.252225071154483643e-09
4.304185717942862369e-09
4.356781304972976263e-09
4.410019590984127454e-09
4.463908429524526224e-09
4.518455770109961775e-09
4.573669659396346462e-09
4.629558242366865554e-09
4.686129763533438879e-09
4.743392568152874846e-09
4.800540679633464462e-09
4.858250692122864146e-09
4.916654469286659119e-09
4.975760351262074850e-09
5.035576778447839239e-09
5.096112292709484028e-09
5.157375538599111952e-09
5.219375264589936505e-09
5.282120324325447089e-09
5.345619677883806690e-09
5.409882393057342296e-09
5.474917646647413430e-09
5.540734725774963193e-09
5.607343029206596324e-09
5.674303534122090333e-09
5.741233685150504076e-09
5.808953297844056409e-09
5.877471684145338308e-09
5.946798265834062966e-09
6.016942575822823543e-09
6.087914259467745128e-09
6.159723075894984661e-09
6.232378899342512182e-09
6.305891720517963374e-09
6.380271647972512119e-09
6.455528909490691913e-09
6.531673853496996651e-09
6.608716950478656089e-09
6.686668794425617505e-09
6.764143176204896871e-09
6.842246463133879601e-09
6.921251582456118304e-09
7.001168947327087658e-09
7.082009091139356001e-09
7.163782668911147782e-09
7.246500458690482649e-09
7.330173362975997120e-09
7.414812410153724219e-09
7.500428755950758352e-09
7.587033684905720214e-09
7.674638611855878647e-09
7.763255083441913763e-09
7.852894779629557868e-09
7.942855208220771285e-09
8.032358607329047423e-09
8.122870567998868065e-09
8.214402455121778318e-09
8.306965761653644101e-09
8.400572110057748131e-09
8.495233253764128431e-09
8.590961078645361186e-09
8.687767604508986475e-09
8.785664986606740657e-09
8.884665517160792283e-09
8.984781626907189980e-09
9.086025886656691057e-09
9.188411008873180932e-09
9.291949849269878595e-09
9.394314314317406721e-09
9.497264146166651087e-09
9.601342178278648362e-09
9.706560774304839760e-09
9.812932433386566159e-09
9.920469791640112071e-09
1.002918562365760501e-08
1.013909284402461234e-08
1.025020450885419733e-08
1.036253381733801683e-08
1.047609411331418749e-08
1.059089888685248152e-08
1.070696177585674917e-08
1.082429656768512406e-08
1.094179165372037408e-08
1.105791084873359908e-08
1.117526235266635307e-08
1.129385924333297295e-08
1.141371473733541787e-08
1.153484219153615038e-08
1.165725510454661314e-08
1.178096711823163891e-08
1.190599201922956528e-08
1.203234374048873589e-08
1.216003636282018962e-08
1.228908411646683375e-08
1.241950138268929313e-08
1.255130269536856933e-08
1.268450274262569997e-08
1.281522944416372011e-08
1.294624031601813361e-08
1.307859052000227543e-08
1.321229374819010197e-08
1.334736383263055844e-08
1.348381474677846885e-08
1.362166060694005741e-08
1.376091567373348634e-08
1.390159435356409286e-08
1.404371120011468410e-08
1.418728091585134161e-08
1.433231835354432529e-08
1.447883851780469868e-08
1.462685656663649204e-08
1.477463580280998845e-08
1.491921076358421443e-08
1.506520044073872186e-08
1.521261867776639216e-08
1.536147945362342084e-08
1.551179688405506135e-08
1.566358522293401655e-08
1.581685886361213127e-08
1.597163234028512778e-08
1.612792032937098652e-08
1.628573765090152526e-08
1.644509926992773922e-08
1.660602029793889235e-08
1.676851599429534299e-08
1.693260176767570298e-08
1.709193297744099164e-08
1.725073979085268592e-08
1.741102213099498526e-08
1.757279370747576060e-08
1.773606835728328087e-08
1.790086004596996465e-08
1.806718286884677273e-08
1.823505105218890326e-08
1.840447895445249175e-08
1.857548106750294445e-08
1.874807201785436925e-08
1.892226656792064999e-08
1.909807961727820050e-08
1.927552620394020986e-08
1.945197542321921772e-08
1.962190029828904135e-08
1.979330957083212934e-08
1.996621620796612419e-08
2.014063329008451195e-08
2.031657401184583426e-08
2.049405168317215163e-08
2.067307973025581487e-08
2.085367169657502780e-08
2.103584124391871745e-08
2.121960215341969915e-08
2.140496832659756271e-08
2.159195378640998589e-08
2.178057267831390785e-08
2.197083927133529538e-08
2.215267770404992400e-08
2.233232879576973216e-08
2.251343680006626521e-08
2.269601353203205592e-08
2.288007090257605368e-08
2.306562091920104194e-08
2.325267568678659442e-08
2.344124740837915833e-08
2.363134838598776907e-08
2.382299102138700099e-08
2.401618781692562255e-08
2.421095137634263640e-08
2.440729440558916277e-08
2.460522971365750603e-08
2.480095808325009527e-08
2.498465178537241919e-08
2.516970605494081216e-08
2.535613096929469264e-08
2.554393668041332756e-08
2.573313341546899119e-08
2.592373147738369075e-08
2.611574124539031912e-08
2.630917317559765890e-08
2.650403780156010476e-08
2.670034573485106826e-08
2.689810766564087940e-08
2.709733436327901914e-08
2.729803667688031919e-08
2.750022553591612148e-08
2.768853962646042862e-08
2.787173209907362588e-08
2.805613660679146758e-08
2.824176116866115971e-08
2.842861385678538852e-08
2.861670279667353814e-08
2.880603616759461216e-08
2.899662220293335800e-08
2.918846919054809207e-08
2.938158547313096666e-08
2.957597944857114195e-08
2.977165957031952632e-08
2.996863434775685852e-08
3.016691234656332504e-08
3.036130899453685480e-08
3.053521197262454022e-08
3.071011102916837431e-08
3.088601186948909064e-08
3.106292023158646343e-08
3.124084188632623052e-08
3.141978263762843246e-08
3.159974832265652585e-08
3.178074481200816429e-08
3.196277800990650207e-08
3.214585385439260304e-08
3.232997831751955668e-08
3.251515740554704427e-08
3.270139715913711597e-08
3.288870365355162227e-08
3.305437726361437184e-08
3.321017107803492446e-08
3.336669918892755918e-08
3.352396505722108084e-08
3.368197216015673270e-08
3.384072399136470072e-08
3.400022406094160385e-08
3.416047589552800418e-08
3.432148303838663173e-08
3.448324904948031149e-08
3.464577750555090292e-08
3.480907200019857695e-08
3.497313614396086795e-08
3.513797356439276470e-08
3.529693271438286932e-08
3.542330016563648746e-08
3.555012002823311946e-08
3.567739392186233787e-08
3.580512347201216530e-08
3.593331030999009803e-08
3.606195607294412305e-08
3.619106240388313287e-08
3.632063095169849836e-08
3.645066337118459611e-08
3.658116132306018936e-08
3.671212647398982220e-08
3.684356049660463809e-08
3.697546506952429016e-08
3.710784187737787886e-08
3.720901182205578469e-08
3.729364371177280857e-08
3.737846809670554236e-08
3.746348541468431727e-08
3.754869610453530392e-08
3.763410060608286157e-08
3.771969936015150348e-08
3.780549280856862331e-08
3.789148139416648034e-08
3.797766556078454865e-08
3.806404575327189945e-08
3.815062241748916641e-08
3.823739600031135149e-08
3.832436694962977044e-08
3.840361251779431086e-08
3.843446191859898923e-08
3.846533610054978089e-08
3.849623508355307846e-08
3.852715888753150050e-08
3.855810753242367983e-08
3.858908103818401199e-08
3.862007942478325749e-08
3.865110271220788663e-08
3.868215092046067510e-08
3.871322406956044591e-08
3.874432217954189068e-08
3.877544527045609907e-08
3.880659336236994997e-08
3.883776647536668058e-08
3.882847785017336014e-08
3.879514397421450776e-08
3.876183871506864315e-08
3.872856204816836315e-08
3.869531394896764557e-08
3.866209439294124037e-08
3.862890335558525863e-08
3.859574081241655050e-08
3.856260673897327429e-08
3.852950111081437374e-08
3.849642390351976323e-08
3.846337509269055284e-08
3.843035465394850570e-08
3.839736256293660044e-08
3.835621668232478886e-08
3.825152675276666225e-08
3.814712256518977823e-08
3.804300333968661170e-08
3.793916829847811225e-08
3.783561666590815210e-08
3.773234766843764323e-08
3.762936053463901840e-08
3.752665449519003061e-08
3.742422878286830033e-08
3.732208263254551862e-08
3.722021528118165685e-08
3.711862596781955366e-08
3.701731393357880041e-08
3.691627842165034136e-08
3.676936343662555568e-08
3.659247914402669461e-08
3.641644577866852059e-08
3.624125924704343893e-08
3.606691547533647762e-08
3.589341040933034683e-08
3.572074001431092196e-08
3.554890027497386485e-08
3.537788719533103990e-08
3.520769679861737354e-08
3.503832512719885846e-08
3.486976824247998886e-08
3.470202222481264479e-08
3.453508317340472512e-08
3.436211663318329097e-08
3.411892445131036913e-08
3.387745342177376457e-08
3.363769136340325735e-08
3.339962618123882697e-08
3.316324586592054377e-08
3.292853849308271541e-08
3.269549222275231480e-08
3.246409529875194757e-08
3.223433604810643277e-08
3.200620288045418768e-08
3.177968428746249059e-08
3.155476884224695218e-08
3.133144519879505005e-08
3.110970209139377929e-08
3.084665268282679578e-08
3.055429476588629548e-08
3.026470775418716709e-08
2.997786538568754427e-08
2.969374164725145975e-08
2.941231077229001071e-08
2.913354723842422618e-08
2.885742576517097632e-08
2.858392131164991525e-08
2.831300907431275119e-08
2.804466448469405302e-08
2.777886320718282900e-08
2.751558113681574789e-08
2.725479439709130095e-08
2.699258456853097123e-08
2.667310338890485097e-08
2.635740355240562102e-08
2.604544030348349151e-08
2.573716941631028959e-08
2.543254718850975794e-08
2.513153043496196204e-08
2.483407648168132644e-08
2.454014315976658619e-08
2.424968879942287492e-08
2.396267222405431524e-08
2.367905274442655886e-08
2.339879015289843265e-08
2.312184471772182050e-08
2.284817717740926147e-08
2.255126752357767706e-08
2.223661265000059455e-08
2.192634811454363583e-08
2.162041265939568754e-08
2.131874588146784614e-08
2.102128822046755457e-08
2.072798094713921084e-08
2.043876615166878988e-08
2.015358673225030164e-08
1.987238638381175277e-08
1.959510958689842157e-08
1.932170159671125238e-08
1.905210843229816925e-08
1.878627686589623755e-08
1.852309434112975778e-08
1.823383516711248347e-08
1.794909310390896012e-08
1.766879761169910253e-08
1.739287925222226806e-08
1.712126967157518219e-08
1.685390158327846945e-08
1.659070875160762066e-08
1.633162597518425422e-08
1.607658907082363118e-08
1.582553485763440095e-08
1.557840114136668311e-08
1.533512669900440908e-08
1.509565126359860491e-08
1.485991550933717000e-08
1.461908110779711807e-08
1.437419983395402313e-08
1.413342051685067487e-08
1.389667444543855544e-08
1.366389405963395350e-08
1.343501293103855621e-08
1.320996574398269813e-08
1.298868827688630186e-08
1.277111738393200010e-08
1.255719097704525250e-08
1.234684800817631557e-08
1.214002845187900841e-08
1.193667328818118190e-08
1.173672448574245457e-08
1.154003343480029751e-08
1.133434314680606224e-08
1.113231909555318208e-08
1.093389593380541124e-08
1.073900947907978253e-08
1.054759669288598042e-08
1.035959566033573832e-08
1.017494557011568598e-08
9.993586694817138369e-09
9.815460371616615868e-09
9.640508983300382238e-09
9.468675939627734530e-09
9.299905659025853480e-09
9.134143550611550706e-09
8.971335996532855223e-09
8.804584808835261798e-09
8.634055505043154009e-09
8.466829053581227093e-09
8.302841484015751169e-09
8.142030064907763196e-09
7.984333279815769925e-09
7.829690803763425623e-09
7.678043480162984651e-09
7.529333298185540770e-09
7.383503370569888885e-09
7.240497911860868069e-09
7.100262217069351625e-09
6.962742640745523061e-09
6.827886576457463937e-09
6.695642436667208623e-09
6.555397788070370650e-09
6.417886564624928138e-09
6.283259885670088548e-09
6.151457242712805286e-09
6.022419396534021197e-09
5.896088350563623857e-09
5.772407324813508719e-09
5.651320730357705598e-09
5.532774144347578529e-09
5.416714285551351409e-09
5.303088990406626257e-09
5.191847189575264789e-09
5.082938884990070237e-09
4.976315127382960244e-09
4.871078592565641933e-09
4.767119967959583291e-09
4.665380029713150102e-09
4.565811426592318557e-09
4.468367817933736905e-09
4.373003852077130012e-09
4.279675145257911642e-09
4.188338260950444728e-09
4.098950689651990401e-09
4.011470829098183894e-09
3.925857964900762169e-09
3.842072251598432693e-09
3.760074694112320380e-09
3.679827129597029798e-09
3.601292209679124440e-09
3.526043437040254272e-09
3.452443020806088678e-09
3.380378893436926017e-09
3.309818987403838124e-09
3.240731904535356047e-09
3.173086902045736039e-09
3.106853878854797181e-09
3.042003362193440741e-09
2.978506494488627934e-09
2.916335020522175160e-09
2.855461274857590905e-09
2.795858169529294337e-09
2.737499181988920395e-09
2.680358343303111358e-09
2.624369633210569935e-09
2.569499998960740482e-09
2.515777564680233462e-09
2.463178345011971513e-09
2.411678856078484345e-09
2.361256104997041683e-09
2.311887579614104879e-09
2.263551238454347107e-09
2.216225500879874210e-09
2.169889237455099608e-09
2.124521760513153077e-09
2.080102814919529089e-09
2.036612569028720940e-09
1.994031605830140683e-09
1.952340914278947015e-09
1.913017623259721329e-09
1.874601215280823945e-09
1.836956269302096926e-09
1.800067293151079914e-09
1.763919105762545225e-09
1.728496830930973499e-09
1.693785891188490926e-09
1.659772001805752818e-09
1.626441164913266741e-09
1.593779663740834350e-09
1.561774056972607846e-09
1.530411173215539450e-09
1.499678105578906768e-09
1.469562206362688490e-09
1.440455712952833911e-09
1.412487194102323711e-09
1.385061724260307907e-09
1.358168759349449055e-09
1.331797960020832030e-09
1.305939187678883691e-09
1.280582500583420731e-09
1.255718150027456308e-09
1.231336576589166524e-09
1.207428406456637415e-09
1.183984447823992058e-09
1.160995687357495281e-09
1.138453286730227528e-09
1.116348579224113538e-09
1.094673066397857077e-09
1.074100416560623599e-09
1.053988177379859869e-09
1.034252534426625120e-09
1.014886436038634383e-09
9.958829625940504267e-10
9.772353240391045940e-10
9.589368574619282994e-10
9.409810247118757329e-10
9.233614100633999600e-10
9.060717179236760207e-10
8.891057705831481865e-10
8.724575060081978761e-10
8.561209756751429934e-10
8.400903424447949657e-10
8.244772834880715561e-10
8.093366227848373875e-10
7.944740044377984273e-10
7.798843224906589306e-10
7.655625647526593918e-10
7.515038110766577216e-10
7.377032316688640402e-10
7.241560854295835772e-10
7.108577183244452092e-10
6.978035617855415724e-10
6.849891311419153714e-10
6.724100240788971286e-10
6.600619191257065562e-10
6.479405741708427518e-10
6.360418250047364056e-10
6.243364807719809598e-10
6.128430055603678932e-10
6.015611149293563383e-10
5.904869137964002037e-10
5.796165787839256707e-10
5.689463568993142004e-10
5.584725642391859353e-10
5.481915847175123147e-10
5.380998688171776044e-10
5.281939323644890028e-10
5.184703553262697075e-10
5.089257806290960210e-10
4.995569130002493948e-10
4.903605178300378574e-10
4.812466313737643444e-10
4.721512589841610963e-10
4.632277855617660842e-10
4.544729622835868007e-10
4.458836017281154141e-10
4.374565767148517553e-10
4.291888191657866563e-10
4.210773189883753384e-10
4.131191229796404050e-10
4.053113337509864031e-10
3.976511086733180502e-10
3.901356588421203965e-10
3.827622480620740989e-10
3.755281918508772083e-10
3.684308564618937936e-10
3.611841242546782246e-10
3.540299202515712896e-10
3.470174241239770742e-10
3.401438289737495602e-10
3.334063835007552661e-10
3.268023909016201421e-10
3.203292077902683836e-10
3.139842431398570980e-10
3.077649572456625776e-10
3.016688607085088792e-10
2.956935134383387690e-10
2.898365236775095124e-10
2.840955470434463964e-10
2.784682855902525955e-10
2.728347250360685742e-10
2.670853599502753966e-10
2.614571495264690496e-10
2.559475407084574283e-10
2.505540342398470859e-10
2.452741835303277351e-10
2.401055935458626843e-10
2.350459197222558102e-10
2.300928669016126672e-10
2.252441882912220433e-10
2.204976844443677536e-10
2.158512022626179462e-10
2.113026340191479050e-10
2.068499164026303361e-10
2.024910295812870968e-10
1.979705165188050207e-10
1.934968672389465374e-10
1.891243114867065092e-10
1.848505647957151816e-10
1.806733943229532210e-10
1.765906176821917180e-10
1.726001018037906111e-10
1.686997618202630633e-10
1.648875599770263241e-10
1.611615045677665665e-10
1.575196488938592472e-10
1.539600902473037300e-10
1.504809689166471460e-10
1.470804672153626657e-10
1.436799591111122481e-10
1.401891565882331947e-10
1.367831654915901324e-10
1.334599252697851110e-10
1.302174254339191200e-10
1.270537043412926358e-10
1.239668480086517945e-10
1.209549889542703126e-10
1.180163050681630715e-10
1.151490185097487985e-10
1.123513946322946972e-10
1.096217409334925158e-10
1.069584060315310091e-10
1.043597786660458194e-10
1.018242867233399735e-10
9.920658778687910643e-11
9.661990838502227650e-11
9.410067319707594660e-11
9.164712370515471036e-11
8.925754724238246295e-11
8.693027579738402984e-11
8.466368484995774367e-11
8.245619223709707090e-11
8.030625704858477260e-11
7.821237855138276040e-11
7.617309514206216022e-11
7.418698332655546195e-11
7.225265672650231887e-11
7.036876511150824040e-11
6.849920477677452850e-11
6.659268875504741323e-11
6.473923617183680654e-11
6.293737012976780858e-11
6.118565483746917164e-11
5.948269446548195886e-11
5.782713203401280824e-11
5.621764833164474783e-11
5.465296086414232136e-11
5.313182283251305825e-11
5.165302213951458625e-11
5.021538042381084415e-11
4.881775212101369999e-11
4.745902355085410628e-11
4.613811202976289299e-11
4.479495850353694427e-11
4.347357190729933576e-11
4.219116430769525658e-11
4.094658588060613174e-11
3.973872072006462096e-11
3.856648583771782316e-11
3.742883019180555170e-11
3.632473374478223294e-11
3.525320654873704931e-11
3.421328785779272667e-11
3.320404526668871757e-11
3.222457387477280089e-11
3.127399547465580809e-11
3.035145776479850705e-11
2.944455359633006038e-11
2.853182027161614835e-11
2.764738019710603046e-11
2.679035632800982596e-11
2.595989880650114181e-11
2.515518411896548944e-11
2.437541427937261957e-11
2.361981603796248035e-11
2.288764011446163021e-11
2.217816045506760322e-11
2.149067351246650944e-11
2.082449754816798454e-11
2.017897195646712856e-11
1.955345660936290403e-11
1.894733122178223804e-11
1.834188852949342146e-11
1.774966727564053454e-11
1.717656760858335111e-11
1.662197213224030879e-11
1.608528338495915908e-11
1.556592319587595838e-11
1.506333206205589264e-11
1.457696854574459782e-11
1.410630869108161365e-11
1.365084545964630680e-11
1.321008818422920515e-11
1.278356204023963034e-11
1.237080753418076620e-11
1.197138000864076122e-11
1.158193568242813577e-11
1.119560016906517113e-11
1.082215154550870571e-11
1.046115994724169940e-11
1.011220984862205170e-11
9.774899584584875415e-12
9.448840888298770979e-12
9.133658444244603710e-12
8.828989456202095231e-12
8.534483229646799420e-12
8.249800768077305551e-12
7.974614382807279372e-12
7.708607315773732338e-12
7.451473374927334812e-12
7.202916581784289219e-12
6.962650830735769418e-12
6.730399559720643080e-12
6.505895431884092872e-12
6.288880027854887638e-12
6.079103548287178195e-12
5.876324526324782594e-12
5.680309549656468215e-12
5.490832991842687763e-12
5.307676752604372100e-12
5.130630006774732325e-12
4.959488961625430290e-12
4.794056622287328573e-12
4.634142564996155780e-12
4.479562717901942874e-12
4.330139149189858863e-12
4.185699862268812862e-12
4.046078597791725499e-12
3.911114642279838263e-12
3.780652643130691493e-12
3.654542429796755024e-12
3.532638840929106629e-12
3.414801557286881237e-12
3.300894940220389539e-12
3.190787875541909893e-12
3.084353622604375845e-12
2.981469668414434705e-12
2.882017586611687280e-12
2.785882901151986225e-12
2.692954954537807606e-12
2.603126780443977112e-12
2.516294980592290663e-12
2.432359605733088375e-12
2.351224040596938829e-12
2.272794892684003953e-12
2.196981884762886489e-12
2.123697750955552179e-12
2.052858136288379457e-12
1.984381499593913015e-12
1.918189019651495568e-12
1.854204504458703519e-12
1.792354303529268259e-12
1.732567223116374209e-12
1.674774444263868671e-12
1.618909443591016429e-12
1.564907916719580429e-12
1.512707704255192371e-12
1.462248720237676074e-12
1.413472882978068229e-12
1.366324048202686873e-12
1.320747944427269905e-12
1.276692110486874926e-12
1.234105835149522365e-12
1.192940098744157896e-12
1.153147516735714810e-12
1.114682285182302891e-12
1.077500128011816586e-12
1.041558246057172985e-12
1.006815267791594777e-12
9.732312017071947312e-13
9.407673902820621941e-13
9.093864654828356073e-13
8.790523057516025712e-13
8.497299944275385220e-13
8.213857795554795045e-13
7.939870350351645842e-13
7.675022230663673563e-13
7.419008578467813854e-13
7.171534704808263702e-13
6.932315750589214382e-13
6.701076358683331380e-13
6.477550356976715129e-13
6.261480451987188886e-13
6.052617932702027445e-13
5.850722384294863846e-13
5.655561411392050936e-13
5.466910370569844591e-13
5.284552111774832146e-13
5.108276728369503915e-13
4.937881315515599316e-13
4.773169736616989135e-13
4.613952397553171391e-13
4.460046028443782699e-13
4.311273472692545403e-13
4.167463483068115507e-13
4.028450524586999752e-13
3.894074583971575581e-13
3.764180985464133813e-13
3.638620212784595287e-13
3.517247737027219215e-13
3.399923850298114618e-13
3.286513504901986612e-13
3.176886157893232263e-13
3.070915620812157329e-13
2.968479914433576828e-13
2.869461128360523542e-13
2.773745285301393186e-13
2.681222209874474638e-13
2.591785401788620026e-13
2.505331913254247438e-13
2.421762230483511289e-13
2.340980159143183823e-13
2.262892713628602637e-13
2.187410010030835754e-13
2.114445162674389178e-13
2.043914184105848953e-13
1.975735888418678349e-13
1.909831797802813292e-13
1.846126052211383985e-13
1.784545322040699645e-13
1.725018723722943222e-13
1.667477738134382892e-13
1.611856131725288719e-13
1.558089880280626980e-13
1.506117095223884276e-13
1.455877952379153882e-13
1.407314623109455670e-13
1.360371207752117763e-13
1.314993671274473472e-13
1.271129781075908149e-13
1.228729046864621328e-13
1.187742662539880282e-13
1.148123450012943056e-13
1.109825804901878420e-13
1.072805644037857600e-13
1.037020354722461241e-13
1.002428745677577313e-13
9.689909996314906995e-14
9.366686274865056032e-14
9.054244240154052588e-14
8.752224250357336239e-14
8.460278660125850187e-14
8.178071420423012188e-14
7.905277691709665111e-14
7.641583470031555681e-14
7.386685225580131664e-14
7.140289553308836353e-14
6.902112835204338261e-14
6.671880913823263770e-14
6.449328776718113298e-14
6.234200251390507296e-14
6.026247710419113509e-14
5.825231786423836691e-14
5.630921096537972725e-14
