7.485691102716136428e-10
7.586353997488991509e-10
7.688370543948112095e-10
7.791758945155230099e-10
7.896537648955474357e-10
8.002725351269062458e-10
8.110340999427262257e-10
8.219403795553206213e-10
8.329933199988212041e-10
8.441948934763999480e-10
8.555470987121947784e-10
8.670519613079327770e-10
8.787115341043669570e-10
8.905278975475696233e-10
9.025031600601513852e-10
9.146002084520626230e-10
9.268174532695270392e-10
9.391978962467452870e-10
9.517437173874535262e-10
9.644571258159141134e-10
9.773403601659078315e-10
9.903956889749232952e-10
1.003625411083614463e-09
1.017031856040574645e-09
1.030617384512558531e-09
1.044384388700142515e-09
1.058335292758958151e-09
1.072472553226548369e-09
1.086798659454925238e-09
1.101316134048906621e-09
1.115916080817010758e-09
1.130706486446053648e-09
1.145692924825611408e-09
1.160877994183236372e-09
1.176264327183495183e-09
1.191854591384437250e-09
1.207651489700040612e-09
1.223657760868835402e-09
1.239876179928739637e-09
1.256309558698143118e-09
1.272960746263411707e-09
1.289832629472855593e-09
1.306928133437190731e-09
1.324250222036712849e-09
1.341737300454501758e-09
1.359378485618041526e-09
1.377251617388325028e-09
1.395359745403326266e-09
1.413705959397728623e-09
1.432293389730094718e-09
1.451125207916995949e-09
1.470204627174157775e-09
1.489534902964721851e-09
1.509119333554721176e-09
1.528961260575829262e-09
1.549064069595568609e-09
1.569431190694955951e-09
1.590066099053772451e-09
1.610972315543522952e-09
1.631975117983547450e-09
1.653241579387471906e-09
1.674785166573308933e-09
1.696609490800018896e-09
1.718718210385285348e-09
1.741115031318770399e-09
1.763803707883327151e-09
1.786788043284307124e-09
1.810071890287103305e-09
1.833659151862930259e-09
1.857553781843090698e-09
1.881759785581724792e-09
1.906281220627239699e-09
1.931122197402416018e-09
1.956179810132688810e-09
1.981420786763920936e-09
2.006987452730040468e-09
2.032884010465240695e-09
2.059114716628526255e-09
2.085683882803450024e-09
2.112595876206751309e-09
2.139855120406268379e-09
2.167466096047978939e-09
2.195433341592560624e-09
2.223761454061316423e-09
2.252455089791852967e-09
2.281518965203428566e-09
2.310957857572166204e-09
2.340776605816369703e-09
2.370687936885571661e-09
2.400955790739281931e-09
2.431610090637895456e-09
2.462655770546877878e-09
2.494097827426296957e-09
2.525941322035110965e-09
2.558191379745731482e-09
2.590853191368938363e-09
2.623932013989428521e-09
2.657433171811929879e-09
2.691362057018168755e-09
2.725724130634768441e-09
2.760524923412231172e-09
2.795770036715137912e-09
2.831294702640808330e-09
2.867019066262036246e-09
2.903194188384283860e-09
2.939825756532996440e-09
2.976919529996945500e-09
3.014481340733762029e-09
3.052517094286839727e-09
3.091032770713800165e-09
3.130034425526743609e-09
3.169528190644229680e-09
3.209520275355402681e-09
3.250016967296202443e-09
3.291024633437970064e-09
3.332549721088399730e-09
3.374598758905247312e-09
3.416676619363661609e-09
3.459218579600612235e-09
3.502290241235288515e-09
3.545898199722340876e-09
3.590049132638259970e-09
3.634749800703779766e-09
3.680007048819246704e-09
3.725827807112645122e-09
3.772219092000892317e-09
3.819188007264201400e-09
3.866741745133820086e-09
3.914887587393464274e-09
3.963632906494235092e-09
4.012985166683673284e-09
4.062675571837950850e-09
4.112525110491023507e-09
4.162986309233590916e-09
4.214066673211675098e-09
4.265773799660332153e-09
4.318115379033659557e-09
4.371099196148574364e-09
4.424733131342727926e-09
4.479025161646446283e-09
4.533983361969238038e-09
4.589615906300743969e-09
4.645931068926538677e-09
4.702937225658662663e-09
4.760642855081439874e-09
4.819056539812464917e-09
4.877380009403349462e-09
4.936283886428193580e-09
4.995899142661089640e-09
5.056234369393573058e-09
5.117298261673719943e-09
5.179099619559271134e-09
5.241647349385895294e-09
5.304950465050567899e-09
5.369018089310656738e-09
5.433859455098680002e-09
5.499483906852763432e-09
5.565900901863344125e-09
5.633120011636161521e-09
5.701150923271482643e-09
5.769558765221348009e-09
5.837964553518608129e-09
5.907181383363953104e-09
5.977218870732956774e-09
6.048086745611462067e-09
6.119794853347130425e-09
6.192353156017380989e-09
6.265771733813302643e-09
6.340060786439972353e-09
6.415230634533604985e-09
6.491291721095278160e-09
6.568254612941647405e-09
6.646130002173106538e-09
6.724928707659112886e-09
6.804661676541119029e-09
6.883954657577854767e-09
6.963905089130785420e-09
7.044784067111409077e-09
7.126602375682480368e-09
7.209370924254302239e-09
7.293100748939447959e-09
7.377803014024105330e-09
7.463489013456804919e-09
7.550170172354266791e-09
7.637858048524909212e-09
7.726564334009751296e-09
7.816300856641483852e-09
7.907079581621657964e-09
7.998912613115894535e-09
8.091103396462829451e-09
8.182880490363307327e-09
8.275698608528561995e-09
8.369569559259336465e-09
8.464505284797369443e-09
8.560517862844950928e-09
8.657619508101171977e-09
8.755822573816124277e-09
8.855139553362367956e-09
8.955583081824228424e-09
9.057165937605483116e-09
9.159901044054736646e-09
9.263801471109814511e-09
9.368880436960232338e-09
9.475151309729098912e-09
9.580302679507446661e-09
9.686082347549674758e-09
9.793029968061158658e-09
9.901158436837507200e-09
1.001048079206148914e-08
1.012101021587522720e-08
1.023276003596988042e-08
1.034574372719249540e-08
1.045997491317091827e-08
1.057546736795650422e-08
1.069223501768499529e-08
1.081029194225581279e-08
1.092965237702969332e-08
1.105033071454528870e-08
1.117122256531069810e-08
1.129080104159060257e-08
1.141165950418405212e-08
1.153381165426051742e-08
1.165727133964881177e-08
1.178205255640703027e-08
1.190816945040928739e-08
1.203563631894919996e-08
1.216446761236090807e-08
1.229467793565703327e-08
1.242628205018459492e-08
1.255929487529825100e-08
1.269373149005171532e-08
1.282960713490728016e-08
1.296693721346337304e-08
1.310186742475693791e-08
1.323714313448201873e-08
1.337381555484752765e-08
1.351189910677663226e-08
1.365140836008727691e-08
1.379235803502966162e-08
1.393476300383936966e-08
1.407863829230651262e-08
1.422399908136134462e-08
1.437086070867598183e-08
1.451923867028266216e-08
1.466914862220898211e-08
1.482060638212973838e-08
1.497362793103583754e-08
1.512648200538365940e-08
1.527621093905016771e-08
1.542742195913762710e-08
1.558012973602473595e-08
1.573434908530440279e-08
1.589009496922118432e-08
1.604738249812276574e-08
1.620622693192617149e-08
1.636664368159811409e-08
1.652864831065021247e-08
1.669225653664893407e-08
1.685748423274051224e-08
1.702434742919097784e-08
1.719286231494126210e-08
1.736304523917804574e-08
1.752855401940254806e-08
1.769361703101716514e-08
1.786023440916844780e-08
1.802842079102613542e-08
1.819819095159547495e-08
1.836955980501509383e-08
1.854254240586706873e-08
1.871715395049968663e-08
1.889340977836231252e-08
1.907132537335283682e-08
1.925091636517817572e-08
1.943219853072703368e-08
1.961518779545614230e-08
1.979990023478918822e-08
1.998369968117117297e-08
2.016104522782853181e-08
2.033996462934869648e-08
2.052047185292261454e-08
2.070258098969333844e-08
2.088630625585587797e-08
2.107166199376700199e-08
2.125866267306487703e-08
2.144732289179861550e-08
2.163765737756786920e-08
2.182968098867252432e-08
2.202340871527259728e-08
2.221885568055843720e-08
2.241603714193133763e-08
2.261496849219442850e-08
2.280551385199916707e-08
2.299394942241044803e-08
2.318394198313673113e-08
2.337550439915269030e-08
2.356864964173268296e-08
2.376339078932906365e-08
2.395974102845778343e-08
2.415771365459127513e-08
2.435732207305873681e-08
2.455857979995383684e-08
2.476150046304994947e-08
2.496609780272291456e-08
2.517238567288145028e-08
2.538037804190523884e-08
2.558624347245505912e-08
2.578006579710711219e-08
2.597535637533745828e-08
2.617212632954169010e-08
2.637038686637039628e-08
2.657014927736739741e-08
2.677142493961283259e-08
2.697422531637113969e-08
2.717856195774390264e-08
2.738444650132767844e-08
2.759189067287678055e-08
2.780090628697110812e-08
2.801150524768902437e-08
2.822369954928531379e-08
2.843750127687430759e-08
2.863738405477237994e-08
2.883219008584496681e-08
2.902832128648168018e-08
2.922578667115870644e-08
2.942459531567368838e-08
2.962475635756221735e-08
2.982627899651809716e-08
3.002917249481613271e-08
3.023344617773781364e-08
3.043910943399993949e-08
3.064617171618612339e-08
3.085464254118126045e-08
3.106453149060892763e-08
3.127584821127176144e-08
3.148333829426320968e-08
3.167015715058770653e-08
3.185808457058331697e-08
3.204712713235161098e-08
3.223729145302794477e-08
3.242858418901304486e-08
3.262101203620604805e-08
3.281458173023884496e-08
3.300930004671194565e-08
3.320517380143135766e-08
3.340220985064758827e-08
3.360041509129532836e-08
3.379979646123499576e-08
3.400036093949552931e-08
3.420211554651869831e-08
3.438195822874988609e-08
3.455183934422088432e-08
3.472255984159107921e-08
3.489412386824280196e-08
3.506653559205107536e-08
3.523979920148380858e-08
3.541391890570468514e-08
3.558889893467435690e-08
3.576474353925396741e-08
3.594145699130807955e-08
3.611904358380852320e-08
3.629750763093869272e-08
3.647685346819832761e-08
3.665708545250886880e-08
3.683140576594708618e-08
3.697250020546381160e-08
3.711413515220388369e-08
3.725631267675250411e-08
3.739903485762684176e-08
3.754230378130669803e-08
3.768612154226458970e-08
3.783049024299664577e-08
3.797541199405328597e-08
3.812088891407005140e-08
3.826692312979852126e-08
3.841351677613771262e-08
3.856067199616481844e-08
3.870839094116684559e-08
3.885667577067198814e-08
3.897298890671166979e-08
3.907237564183787691e-08
3.917201582745375731e-08
3.927191010989439237e-08
3.937205913714345428e-08
3.947246355883672652e-08
3.957312402626691476e-08
3.967404119238760406e-08
3.977521571181726907e-08
3.987664824084407168e-08
3.997833943742949395e-08
4.008028996121322185e-08
4.018250047351680467e-08
4.028497163734849237e-08
4.037952130758612919e-08
4.042412709985348747e-08
4.046878216652131723e-08
4.051348656202125930e-08
4.055824034084508721e-08
4.060304355754476681e-08
4.064789626673253561e-08
4.069279852308092928e-08
4.073775038132292061e-08
4.078275189625190630e-08
4.082780312272183266e-08
4.087290411564723532e-08
4.091805493000331203e-08
4.096325562082599545e-08
4.100850624321199947e-08
4.101171080591668134e-08
4.098990404893539055e-08
4.096810888704838642e-08
4.094632531409023523e-08
4.092455332389886494e-08
4.090279291031548574e-08
4.088104406718458349e-08
4.085930678835391966e-08
4.083758106767450489e-08
4.081586689900065193e-08
4.079416427618992268e-08
4.077247319310313485e-08
4.075079364360440161e-08
4.072912562156107209e-08
4.069889692897821597e-08
4.060204823715811847e-08
4.050543001028461696e-08
4.040904169993428526e-08
4.031288275898874333e-08
4.021695264163155373e-08
4.012125080334513125e-08
4.002577670090764593e-08
3.993052979239001217e-08
3.983550953715250716e-08
3.974071539584217689e-08
3.964614683038944137e-08
3.955180330400514986e-08
3.945768428117750381e-08
3.936378922766901938e-08
3.922129658367245679e-08
3.904698910350923799e-08
3.887345628151102268e-08
3.870069467493817830e-08
3.852870085635128651e-08
3.835747141354319524e-08
3.818700294947136197e-08
3.801729208219017046e-08
3.784833544478429972e-08
3.768012968530160326e-08
3.751267146668670305e-08
3.734595746671478193e-08
3.717998437792574673e-08
3.701474890755830522e-08
3.684294061758773787e-08
3.659584936105211540e-08
3.635041524935986356e-08
3.610662716868564252e-08
3.586447407974050383e-08
3.562394501727142621e-08
3.538502908956534476e-08
3.514771547795540352e-08
3.491199343633160860e-08
3.467785229065365860e-08
3.444528143846810265e-08
3.421427034842799999e-08
3.398480855981585514e-08
3.375688568207041098e-08
3.353049139431558600e-08
3.325908226349626645e-08
3.295563518356504978e-08
3.265495667462405891e-08
3.235702147696308783e-08
3.206180456133475260e-08
3.176928112685193049e-08
3.147942659890423104e-08
3.119221662709351866e-08
3.090762708318832810e-08
3.062563405909660352e-08
3.034621386485760184e-08
3.006934302665145785e-08
2.979499828482722875e-08
2.952315659194889495e-08
2.924949560891502033e-08
2.891234174839346636e-08
2.857907420191938444e-08
2.824964817262503851e-08
2.792401938000841639e-08
2.760214405398134770e-08
2.728397892898564238e-08
2.696948123817791504e-08
2.665860870768054076e-08
2.635131955089976800e-08
2.604757246290849715e-08
2.574732661489436011e-08
2.545054164867178057e-08
2.515717767125676770e-08
2.486719524950505198e-08
2.455075927803144643e-08
2.421403633701859984e-08
2.388193167838636098e-08
2.355438196064662728e-08
2.323132471106388213e-08
2.291269831373959195e-08
2.259844199786074901e-08
2.228849582610886417e-08
2.198280068322842674e-08
2.168129826475212499e-08
2.138393106588032603e-08
2.109064237051344164e-08
2.080137624043475846e-08
2.051607750464121423e-08
2.023348485576327153e-08
1.992089185496908200e-08
1.961312819449073178e-08
1.931011926444323987e-08
1.901179160761114178e-08
1.871807290164117365e-08
1.842889194150901111e-08
1.814417862225753197e-08
1.786386392200151038e-08
1.758787988519493759e-08
1.731615960615681673e-08
1.704863721285151424e-08
1.678524785091965429e-08
1.652592766795575132e-08
1.627061379802872923e-08
1.600949324984056311e-08
1.574373252451603953e-08
1.548238347931295148e-08
1.522537287947678255e-08
1.497262870596418090e-08
1.472408013526214281e-08
1.447965751954177269e-08
1.423929236714178199e-08
1.400291732337594362e-08
1.377046615165901404e-08
1.354187371494599648e-08
1.331707595747960165e-08
1.309600988684074606e-08
1.287861355629674444e-08
1.266472786295570611e-08
1.244120569007579117e-08
1.222162850222120912e-08
1.200592667360646981e-08
1.179403180728476605e-08
1.158587671345998787e-08
1.138139538818127793e-08
1.118052299241406174e-08
1.098319583148010292e-08
1.078935133486056839e-08
1.059892803635551737e-08
1.041186555459358062e-08
1.022810457388560954e-08
1.004758682541625162e-08
9.870255068767453690e-09
9.688599539933678975e-09
9.502797414906485232e-09
9.320558491095598668e-09
9.141814435574720849e-09
8.966498225865291570e-09
8.794544124805461370e-09
8.625887655901070460e-09
8.460465579149316707e-09
8.298215867326073239e-09
8.139077682727920464e-09
7.982991354360354357e-09
7.829898355563161345e-09
7.679741282065187619e-09
7.532463830459809191e-09
7.388010777093213883e-09
7.233702317314369902e-09
7.082372826197171354e-09
6.934209157210470454e-09
6.789145081163383906e-09
6.647115754383632475e-09
6.508057689732522681e-09
6.371908728226149331e-09
6.238608011250297821e-09
6.108095953356727858e-09
5.980314215628312600e-09
5.855205679601636306e-09
5.732714421734998503e-09
5.612785688410562571e-09
5.495365871459564559e-09
5.379090441505898619e-09
5.263811696087005948e-09
5.151003477849236822e-09
5.040612841173387405e-09
4.932587975112565218e-09
4.826878179075003152e-09
4.723433839028228049e-09
4.622206404213080251e-09
4.523148364356887851e-09
4.426213227374768490e-09
4.331355497549104413e-09
4.238530654176363820e-09
4.147695130671727812e-09
4.058806294121520650e-09
3.971822425273677657e-09
3.888648636772299838e-09
3.807308486194265098e-09
3.727669754467352819e-09
3.649696852450344048e-09
3.573354935431850765e-09
3.498609887558858392e-09
3.425428306590899542e-09
3.353777488973268847e-09
3.283625415222323514e-09
3.214940735616559058e-09
3.147692756186983793e-09
3.081851425000475320e-09
3.017387318730194745e-09
2.954271629506718697e-09
2.892317004731238258e-09
2.831463896607574796e-09
2.771891111754926754e-09
2.713571712721296142e-09
2.656479328807144785e-09
2.600588144141098996e-09
2.545872886006646905e-09
2.492308813414382286e-09
2.439871705914684966e-09
2.388537852645828016e-09
2.338284041612405094e-09
2.289087549189439149e-09
2.240926129847266851e-09
2.193778006092610828e-09
2.147621858621329891e-09
2.104063464519127959e-09
2.061513409915548933e-09
2.019823836555675665e-09
1.978977343099415423e-09
1.938956880110495872e-09
1.899745742940008995e-09
1.861327564753787656e-09
1.823686309700910762e-09
1.786806266220239432e-09
1.750672040482393642e-09
1.715268549964347859e-09
1.680581017153894019e-09
1.646594963381526097e-09
1.613296202776954536e-09
1.581113570135852125e-09
1.550187196424753687e-09
1.519865738520453773e-09
1.490137364349242674e-09
1.460990473271218456e-09
1.432413691553471367e-09
1.404395867931807383e-09
1.376926069259312689e-09
1.349993576239978387e-09
1.323587879245801784e-09
1.297698674215755404e-09
1.272315858634870097e-09
1.247429527592048159e-09
1.223029969914951083e-09
1.199107664380495952e-09
1.176449589417640281e-09
1.154305796154665658e-09
1.132578805774261302e-09
1.111260772979072224e-09
1.090344000140311766e-09
1.069820934518278819e-09
1.049684165535166710e-09
1.029926422099228425e-09
1.010540569979266266e-09
9.915196092285798645e-10
9.728566716573987794e-10
9.545450183528562584e-10
9.365780372456796821e-10
9.189492407226793099e-10
9.018018256331952723e-10
8.852065101840966457e-10
8.689165883226174520e-10
8.529264400746434683e-10
8.372305488870459418e-10
8.218234997245020586e-10
8.066999772013200413e-10
7.918547637476440439e-10
7.772827378094212515e-10
7.629788720814613734e-10
7.489382317730445566e-10
7.351559729054273479e-10
7.216273406406963198e-10
7.083476676413454593e-10
6.953123724600704639e-10
6.825317925622694246e-10
6.699882308862743476e-10
6.576751946469462308e-10
6.455884472503794341e-10
6.337238299627467427e-10
6.220772604793766852e-10
6.106447315201582543e-10
5.994223094507192303e-10
5.884061329289837503e-10
5.775924115765773489e-10
5.669774246746499575e-10
5.565575198836880709e-10
5.463291119868310454e-10
5.362886816562956169e-10
5.263500723850335886e-10
5.164518621356993023e-10
5.067397914373580892e-10
4.972103598660414431e-10
4.878601328245561312e-10
4.786857403046037546e-10
4.696838756721483232e-10
4.608512944756452416e-10
4.521848132766820297e-10
4.436813085025905638e-10
4.353377153206638784e-10
4.271510265335165322e-10
4.191182914952362622e-10
4.112366150479175234e-10
4.035031564781767643e-10
3.956246804793847563e-10
3.878487955636423875e-10
3.802257433431443676e-10
3.727525199369176421e-10
3.654261805043768846e-10
3.582438380848927716e-10
3.512026624601907521e-10
3.442998790390864334e-10
3.375327677641567113e-10
3.308986620398985713e-10
3.243949476819416006e-10
3.180190618869349493e-10
3.117684922226530149e-10
3.056407756379840683e-10
2.995087103236924983e-10
2.932561433436476685e-10
2.871341054350213210e-10
2.811398716628300687e-10
2.752707739780473155e-10
2.695242000300429007e-10
2.638975920038203794e-10
2.583884454815277611e-10
2.529943083277305636e-10
2.477127795979662266e-10
2.425415084700742195e-10
2.374781931978362451e-10
2.325205800864687962e-10
2.276664624894947132e-10
2.229136798265564983e-10
2.179859843681399595e-10
2.131087473078198411e-10
2.083406339666760392e-10
2.036792028012806371e-10
1.991220668955097605e-10
1.946668927383025121e-10
1.903113990287741494e-10
1.860533555080634291e-10
1.818905818173092693e-10
1.778209463811863100e-10
1.738423653164200354e-10
1.699528013647156935e-10
1.661502628495733728e-10
1.624328026564287207e-10
1.587143559539681433e-10
1.548960024596272326e-10
1.511695109983085339e-10
1.475326715511855753e-10
1.439833272681120014e-10
1.405193731884918851e-10
1.371387549929173592e-10
1.338394677848424934e-10
1.306195549015668177e-10
1.274771067538245350e-10
1.244102596932907684e-10
1.214171949073333297e-10
1.184961373403546210e-10
1.156453546410845064e-10
1.128631561351966721e-10
1.099884613721459692e-10
1.071467600972865117e-10
1.043784780341770667e-10
1.016817182977714378e-10
9.905463301162515966e-11
9.649542204169014516e-11
9.400233176282737610e-11
9.157365385718447829e-11
8.920772414362091342e-11
8.690292143737634161e-11
8.465766643919939638e-11
8.247042065318111315e-11
8.033968533254238375e-11
7.826400045266362213e-11
7.620292386269583824e-11
7.409894087542765703e-11
7.205304941780588531e-11
7.006364556725272020e-11
6.812916968591909549e-11
6.624810519797190397e-11
6.441897740063918437e-11
6.264035230808562856e-11
6.091083552720504665e-11
5.922907116445640336e-11
5.759374076287978470e-11
5.600356226846175383e-11
5.445728902504175963e-11
5.295370879696701694e-11
5.149164281873342398e-11
5.000311735339294622e-11
4.853798647599444845e-11
4.711578509182605435e-11
4.573525533279049250e-11
4.439517618732058509e-11
4.309436242045315331e-11
4.183166352554669117e-11
4.060596270671435582e-11
3.941617589107170714e-11
3.826125076992701885e-11
3.714016586806562871e-11
3.605192964030347387e-11
3.499557959451533006e-11
3.397018144035600442e-11
3.296159462685707273e-11
3.194531671131264924e-11
3.096037286237863115e-11
3.000579698238090303e-11
2.908065276054593733e-11
2.818403275460477532e-11
2.731505750071509351e-11
2.647287465082395300e-11
2.565665813662986940e-11
2.486560735932054471e-11
2.409894640429231003e-11
2.335592328008300909e-11
2.263580918076812810e-11
2.193789777110141980e-11
2.126150449369378383e-11
2.058512789449148316e-11
1.992321849033998845e-11
1.928259260998043252e-11
1.866256588727138166e-11
1.806247596168539601e-11
1.748168177072480717e-11
1.691956286508891122e-11
1.637551874586179207e-11
1.584896822301335799e-11
1.533934879452693138e-11
1.484611604549088772e-11
1.436874306651296877e-11
1.390671989083438673e-11
1.345955294954429459e-11
1.302339309911552711e-11
1.259030276715704317e-11
1.217161476754065730e-11
1.176685015358591618e-11
1.137554590588810383e-11
1.099725440266037353e-11
1.063154290768875225e-11
1.027799307531561269e-11
9.936200471884390176e-12
9.605774113098734294e-12
9.286336016767090667e-12
8.977520770419898063e-12
8.678975113306171767e-12
8.390357532290666512e-12
8.111337871188913188e-12
7.841596953094408239e-12
7.580826215264884676e-12
7.328727356150232550e-12
7.085011994158777935e-12
6.849401337770864331e-12
6.621625866623215820e-12
6.401425023198202387e-12
6.188546914766316707e-12
5.982748025240475903e-12
5.783792936612203381e-12
5.591454059651894257e-12
5.405511373564195445e-12
5.225752174301349508e-12
5.051970831246107046e-12
4.883968551986194957e-12
4.721553154911360665e-12
4.564538849372272100e-12
4.412746023150468863e-12
4.266001036995955384e-12
4.124136025997148419e-12
3.986988707556566935e-12
3.854402195752076843e-12
3.726224821871444402e-12
3.602309960915150425e-12
3.482515863868641432e-12
3.366705495552569457e-12
3.254746377865003027e-12
3.146510438236786835e-12
3.041873863126480717e-12
2.940716956387118186e-12
2.842924002343203609e-12
2.748383133420854373e-12
2.656986202180010875e-12
2.568628657602072315e-12
2.483209425491614228e-12
2.400630792855420621e-12
2.320798296126275422e-12
2.243620613103991729e-12
2.169009458489916396e-12
2.096879482895285413e-12
2.027148175208209657e-12
1.959735768207334853e-12
1.894565147314269054e-12
1.831561762380511711e-12
1.770653542407806518e-12
1.711770813104569619e-12
1.654846217183814491e-12
1.599814637311658161e-12
1.546613121618154256e-12
1.495180811685157991e-12
1.445458872929064014e-12
1.397390427298585490e-12
1.350920488210633512e-12
1.305995897649950340e-12
1.262565265360419268e-12
1.220578910058640655e-12
1.179988802602334055e-12
1.140748511048736769e-12
1.102813147540067270e-12
1.066139316955264599e-12
1.030685067269323585e-12
9.964098415634636691e-13
9.632744316311066322e-13
9.312409331267446844e-13
9.002727022062956748e-13
8.703343136093818348e-13
8.413915201355716322e-13
8.134112134682284958e-13
7.863613863011722342e-13
7.602110957247787779e-13
7.349304278296871554e-13
7.104904634876137658e-13
6.868632452701059524e-13
6.640217454673894482e-13
6.419398351707847002e-13
6.205922543832270069e-13
5.999545831238107698e-13
5.800032134932048987e-13
5.607153226680543468e-13
5.420688467934237270e-13
5.240424557434532133e-13
5.066155287213635564e-13
4.897681306708387443e-13
4.734809894718737586e-13
4.577354738949592409e-13
4.425135722883951147e-13
4.277978719743555170e-13
4.135715393301299389e-13
3.998183005317685714e-13
3.865224229380775765e-13
3.736686970936938687e-13
3.612424193306589456e-13
3.492293749485442162e-13
3.376158219539403042e-13
3.263884753406847294e-13
3.155344918928288093e-13
3.050414554930062615e-13
2.948973629193471761e-13
2.850906101147270113e-13
2.756099789126169652e-13
2.664446242043684394e-13
2.575840615332577224e-13
2.490181551010676660e-13
2.407371061735239492e-13
2.327314418713001976e-13
2.249920043337767943e-13
2.175099402431568293e-13
2.102766906969546378e-13
2.032839814172769520e-13
1.965238132856845946e-13
1.899884531928194922e-13
1.836704251923328027e-13
1.775625019489726842e-13
1.716576964710752779e-13
1.659492541179893427e-13
1.604306448732830718e-13
1.550955558749173141e-13
1.499378841938157458e-13
1.449517298525893692e-13
1.401313890764155809e-13
1.354713477683606882e-13
1.309662752016846893e-13
1.266110179218966955e-13
1.224005938516043030e-13
1.183301865914020948e-13
1.143951399102833302e-13
1.105909524192717497e-13
1.069132724221805218e-13
1.033578929376101979e-13
9.992074688648517797e-14
9.659790243963003571e-14
9.338555852006281058e-14
9.028004045485680707e-14
8.727779577159684925e-14
8.437539013462864232e-14
8.156950341644225393e-14
7.885692589970285108e-14
7.623455460558538861e-14
7.369938974420357186e-14
7.124853128308390210e-14
6.887917562975259190e-14
6.658861242464268375e-14
6.437422144065234850e-14
