6.674903054541362719e-10
6.762585766550873451e-10
6.851420294238110278e-10
6.941421768058326925e-10
7.032605517223209148e-10
7.124987072311658376e-10
7.218582167915051204e-10
7.313406745317062624e-10
7.409476955208988753e-10
7.506809160440474951e-10
7.605419938806375199e-10
7.705326085870494414e-10
7.806544617826144446e-10
7.909092774394279923e-10
8.012988021759990457e-10
8.117795670566917304e-10
8.223490818610221629e-10
8.330562136339672690e-10
8.439027541730058349e-10
8.548905186051533250e-10
8.660213456906887477e-10
8.772970981308885906e-10
8.887196628797324636e-10
9.002909514596664764e-10
9.120129002815147203e-10
9.238874709685009062e-10
9.359166506845444595e-10
9.481024524667934337e-10
9.604469155624873001e-10
9.729521057702401922e-10
9.854996698689881742e-10
9.982057140963645808e-10
1.011075577313075983e-09
1.024111371636846705e-09
1.037315236416940188e-09
1.050689338585227063e-09
1.064235873011840757e-09
1.077957062865351575e-09
1.091855159977652826e-09
1.105932445213481419e-09
1.120191228844774792e-09
1.134633850929781228e-09
1.149262681697130563e-09
1.164080121934785475e-09
1.179013907095346067e-09
1.194050486793763303e-09
1.209278835840842396e-09
1.224701399971173326e-09
1.240320656111075860e-09
1.256139112776404359e-09
1.272159310475429612e-09
1.288383822116834916e-09
1.304815253422966829e-09
1.321456243348302945e-09
1.338309464503285382e-09
1.355377623583551630e-09
1.372663461804641745e-09
1.390169755342253229e-09
1.407899315778084979e-09
1.425656763694476327e-09
1.443626888155832163e-09
1.461823522518721527e-09
1.480249521896106272e-09
1.498907777389106535e-09
1.517801216540605905e-09
1.536932803794574892e-09
1.556305540961244628e-09
1.575922467688051399e-09
1.595786661936611936e-09
1.615901240465646556e-09
1.636269359319989314e-09
1.656894214325828686e-09
1.677779041592089243e-09
1.698807300408570578e-09
1.719940531274344775e-09
1.741336660378624882e-09
1.762998958186021590e-09
1.784930735845863753e-09
1.807135345698302431e-09
1.829616181786757560e-09
1.852376680376662135e-09
1.875420320480736590e-09
1.898750624390751779e-09
1.922371158215950967e-09
1.946285532428097749e-09
1.970497402413375297e-09
1.995010469031110884e-09
2.019828479179492558e-09
2.044616079915184032e-09
2.069678066400962918e-09
2.095047251471740084e-09
2.120727400629929030e-09
2.146722325533783499e-09
2.173035884563153868e-09
2.199671983392179437e-09
2.226634575569008448e-09
2.253927663102583055e-09
2.281555297056701418e-09
2.309521578151275019e-09
2.337830657371000009e-09
2.366486736581480613e-09
2.395494069152904705e-09
2.424661706838189528e-09
2.453896307321352062e-09
2.483483394859935282e-09
2.513427219456388169e-09
2.543732082356276113e-09
2.574402336666046270e-09
2.605442387978408786e-09
2.636856695005087773e-09
2.668649770217361446e-09
2.700826180494220575e-09
2.733390547778338022e-09
2.766347549740061089e-09
2.799701920449237687e-09
2.833458451055330857e-09
2.867621990475542042e-09
2.901652506135838195e-09
2.936021123712220311e-09
2.970796820313943185e-09
3.005984417587771180e-09
3.041588794290404918e-09
3.077614886965019069e-09
3.114067690625626919e-09
3.150952259449676220e-09
3.188273707478847354e-09
3.226037209328026530e-09
3.264248000902868007e-09
3.302911380125648391e-09
3.342032707669927509e-09
3.381617407703712699e-09
3.421355776075968995e-09
3.461041200479757562e-09
3.501186949098020178e-09
3.541798361381858200e-09
3.582880838716395970e-09
3.624439845139191728e-09
3.666480908066961688e-09
3.709009619030735565e-09
3.752031634419539925e-09
3.795552676232708197e-09
3.839578532840913720e-09
3.884115059756035011e-09
3.929168180409946728e-09
3.974743886942347986e-09
4.020848240997724414e-09
4.066551811292430190e-09
4.112629531780961082e-09
4.159229354636280867e-09
4.206357195751801665e-09
4.254019038053301589e-09
4.302220932258605769e-09
4.350968997645607828e-09
4.400269422829170328e-09
4.450128466546828059e-09
4.500552458453235464e-09
4.551547799923775912e-09
4.603120964867275748e-09
4.655278500547747022e-09
4.708027028415718064e-09
4.760872926883974179e-09
4.813386903549787599e-09
4.866480126456282043e-09
4.920158984877868461e-09
4.974429938564733584e-09
5.029299518520207721e-09
5.084774327786712901e-09
5.140861042240375727e-09
5.197566411394410004e-09
5.254897259211372534e-09
5.312860484924285453e-09
5.371463063867018039e-09
5.430712048313618601e-09
5.490614568327012544e-09
5.551177832617037646e-09
5.610846022573897348e-09
5.670855119159753836e-09
5.731506024780925936e-09
5.792805603710685306e-09
5.854760793637052105e-09
5.917378606447952346e-09
5.980666129024898519e-09
6.044630524044917209e-09
6.109279030791289495e-09
6.174618965972851839e-09
6.240657724552070050e-09
6.307402780581983943e-09
6.374861688052093808e-09
6.443042081743293765e-09
6.511163518419338962e-09
6.578365312596126923e-09
6.646260697269882093e-09
6.714856830996168085e-09
6.784160946214080118e-09
6.854180350008804625e-09
6.924922424882036244e-09
6.996394629530327487e-09
7.068604499631640715e-09
7.141559648639554026e-09
7.215267768586391591e-09
7.289736630893916900e-09
7.364974087192856996e-09
7.440988070150707604e-09
7.517786594308121920e-09
7.592805977540416753e-09
7.667978849653327230e-09
7.743895973722390661e-09
7.820564718243195004e-09
7.897992524663408957e-09
7.976186908104948682e-09
8.055155458093582538e-09
8.134905839295480824e-09
8.215445792261033125e-09
8.296783134176360104e-09
8.378925759621932415e-09
8.461881641338721934e-09
8.545658831002272411e-09
8.630265460003918622e-09
8.714485683679002356e-09
8.796647779914356875e-09
8.879584518544321284e-09
8.963303203068525373e-09
9.047811205845606368e-09
9.133115968742469607e-09
9.219225003789466874e-09
9.306145893842150814e-09
9.393886293248869243e-09
9.482453928524856137e-09
9.571856599032683641e-09
9.662102177668911307e-09
9.753198611557632377e-09
9.845153922750137881e-09
9.937976208931391749e-09
1.002751903327975681e-08
1.011673387545039123e-08
1.020674246211923306e-08
1.029755185523154602e-08
1.038916917956263909e-08
1.048160162327701750e-08
1.057485643849229157e-08
1.066894094184809501e-08
1.076386251508030210e-08
1.085962860560000285e-08
1.095624672707797394e-08
1.105372446003412924e-08
1.115206945243219986e-08
1.125128942027994959e-08
1.134955561907287712e-08
1.144376318172684281e-08
1.153875271903770792e-08
1.163453072182581782e-08
1.173110373478886995e-08
1.182847835694923653e-08
1.192666124210473500e-08
1.202565909928339207e-08
1.212547869320183908e-08
1.222612684472765632e-08
1.232761043134530571e-08
1.242993638762618276e-08
1.253311170570244715e-08
1.263714343574477745e-08
1.274203868644423523e-08
1.284132288014009594e-08
1.293932183474389283e-08
1.303806867141506605e-08
1.313756909763888064e-08
1.323782886445736847e-08
1.333885376680190277e-08
1.344064964382802929e-08
1.354322237925298575e-08
1.364657790169578394e-08
1.375072218501990565e-08
1.385566124867847029e-08
1.396140115806232568e-08
1.406794802485050964e-08
1.417530800736353215e-08
1.428086249417495588e-08
1.437914326539592504e-08
1.447810040402784805e-08
1.457773856482538287e-08
1.467806243457716292e-08
1.477907673232618110e-08
1.488078620959195235e-08
1.498319565059379613e-08
1.508630987247609923e-08
1.519013372553468200e-08
1.529467209344514158e-08
1.539992989349249873e-08
1.550591207680237827e-08
1.561262362857414829e-08
1.572006956831514458e-08
1.581851406663216261e-08
1.591401811119543653e-08
1.601009876001430176e-08
1.610675949432842058e-08
1.620400381639537678e-08
1.630183524961760160e-08
1.640025733866999772e-08
1.649927364962836405e-08
1.659888777009873698e-08
1.669910330934716178e-08
1.679992389843060556e-08
1.690135319032849876e-08
1.700339486007507087e-08
1.710605260489251988e-08
1.720576086485983587e-08
1.729335291019483866e-08
1.738139087399088634e-08
1.746987702635450447e-08
1.755881364894904677e-08
1.764820303505337207e-08
1.773804748962119280e-08
1.782834932934038392e-08
1.791911088269274168e-08
1.801033449001405352e-08
1.810202250355432011e-08
1.819417728753861268e-08
1.828680121822789729e-08
1.837989668398033550e-08
1.847346608531291595e-08
1.855336096098118578e-08
1.862771529423877638e-08
1.870236760945689028e-08
1.877731910082624835e-08
1.885257096732324141e-08
1.892812441272938560e-08
1.900398064565047647e-08
1.908014087953577965e-08
1.915660633269769786e-08
1.923337822833113023e-08
1.931045779453293425e-08
1.938784626432178801e-08
1.946554487565781753e-08
1.954355487146226381e-08
1.961734047525256652e-08
1.967245929924870649e-08
1.972773299055535826e-08
1.978316198430310096e-08
1.983874671684498408e-08
1.989448762576020017e-08
1.995038514985736378e-08
2.000643972917801209e-08
2.006265180500006914e-08
2.011902181984135308e-08
2.017555021746290144e-08
2.023223744287271327e-08
2.028908394232908105e-08
2.034609016334415420e-08
2.040325655468745288e-08
2.044140332462623097e-08
2.047060085384819090e-08
2.049984008743354683e-08
2.052912108495083705e-08
2.055844390605367374e-08
2.058780861048088194e-08
2.061721525805665170e-08
2.064666390869049840e-08
2.067615462237763999e-08
2.070568745919894065e-08
2.073526247932108623e-08
2.076487974299669672e-08
2.079453931056445529e-08
2.082424124244923401e-08
2.084859361918817792e-08
2.084608210112163860e-08
2.084357088560414742e-08
2.084105997259934152e-08
2.083854936207069261e-08
2.083603905398180474e-08
2.083352904829629190e-08
2.083101934497763239e-08
2.082850994398949314e-08
2.082600084529536902e-08
2.082349204885892363e-08
2.082098355464366508e-08
2.081847536261327352e-08
2.081596747273125705e-08
2.081345988496130243e-08
2.078727998954254716e-08
2.074862197477960523e-08
2.071003585215965659e-08
2.067152148798518779e-08
2.063307874880733591e-08
2.059470750142539881e-08
2.055640761288639510e-08
2.051817895048459099e-08
2.048002138176104696e-08
2.044193477450315791e-08
2.040391899674419321e-08
2.036597391676283676e-08
2.032809940308274369e-08
2.029029532447202083e-08
2.024702446931375535e-08
2.017006031967186274e-08
2.009338873056587856e-08
2.001700858989804943e-08
1.994091878979774982e-08
1.986511822660581524e-08
1.978960580085833945e-08
1.971438041727075616e-08
1.963944098472195720e-08
1.956478641623847019e-08
1.949041562897868254e-08
1.941632754421714491e-08
1.934252108732892752e-08
1.926899518777401295e-08
1.919574877908179143e-08
1.909706170266303885e-08
1.898368448670292951e-08
1.887098037916646472e-08
1.875894538388080607e-08
1.864757552839798191e-08
1.853686686385401189e-08
1.842681546482890165e-08
1.831741742920744821e-08
1.820866887804094196e-08
1.810056595540945105e-08
1.799310482828534976e-08
1.788628168639725069e-08
1.778009274209493268e-08
1.767453423021505641e-08
1.756499715273399111e-08
1.742053999991688479e-08
1.727727088424086776e-08
1.713518003511150955e-08
1.699425776228922891e-08
1.685449445522838650e-08
1.671588058242200890e-08
1.657840669075155188e-08
1.644206340484231824e-08
1.630684142642419941e-08
1.617273153369734042e-08
1.603972458070337343e-08
1.590781149670166069e-08
1.577698328555064948e-08
1.564723102509449449e-08
1.549645878746219442e-08
1.533260316264447883e-08
1.517048010564455348e-08
1.501007129672968980e-08
1.485135860987544986e-08
1.469432411071736048e-08
1.453895005452436212e-08
1.438521888419368665e-08
1.423311322826691268e-08
1.408261589896704441e-08
1.393370989025619726e-08
1.378637837591409869e-08
1.364060470763663820e-08
1.349637241315464846e-08
1.335103680461109357e-08
1.318006828673799174e-08
1.301128912947649446e-08
1.284467129667145299e-08
1.268018711118854767e-08
1.251780925031676673e-08
1.235751074122978870e-08
1.219926495650546599e-08
1.204304560970280081e-08
1.188882675099531829e-08
1.173658276286059684e-08
1.158628835582488718e-08
1.143791856426223581e-08
1.129144874224740516e-08
1.114685455946188538e-08
1.099160075745926103e-08
1.082935677179404784e-08
1.066950762483025713e-08
1.051201796701466848e-08
1.035685297057906082e-08
1.020397832183827255e-08
1.005336021360203864e-08
9.904965337698641151e-09
9.758760877609130503e-09
9.614714501210061393e-09
9.472794353623639685e-09
9.332969050173128063e-09
9.195207669442231591e-09
9.059479746437295207e-09
8.925019751714829143e-09
8.781317295421237254e-09
8.639928603860867507e-09
8.500816422922834621e-09
8.363944098327712150e-09
8.229275565969446096e-09
8.096775342413142434e-09
7.966408515545494284e-09
7.838140735375919727e-09
7.711938204985781502e-09
7.587767671623331107e-09
7.465596417942029771e-09
7.345392253379954177e-09
7.227123505677989862e-09
7.110759012534625217e-09
6.992128608730360621e-09
6.872111141166958567e-09
6.754153731895699604e-09
6.638221020729020175e-09
6.524278254424740052e-09
6.412291276267970669e-09
6.302226515832092356e-09
6.194050978915240257e-09
6.087732237649527906e-09
5.983238420780272960e-09
5.880538204111849361e-09
5.779600801117533027e-09
5.680395953710773484e-09
5.582893923174508291e-09
5.486853084699024049e-09
5.386518634768036580e-09
5.288018934499093767e-09
5.191320433039794319e-09
5.096390193059944815e-09
5.003195879532501610e-09
4.911705748719675040e-09
4.821888637360332997e-09
4.733713952055327309e-09
4.647151658846749315e-09
4.562172272987733932e-09
4.478746848899522528e-09
4.396846970311972943e-09
4.316444740584479263e-09
4.237512773203781680e-09
4.156738761716653423e-09
4.074538718511839170e-09
3.993964191725129402e-09
3.914983036560424563e-09
3.837563743889147894e-09
3.761675427679789289e-09
3.687287812676033876e-09
3.614371222318697537e-09
3.542896566906367732e-09
3.472835331990170760e-09
3.404159566998169318e-09
3.336841874084575352e-09
3.270855397199482631e-09
3.206173811374863635e-09
3.142745650470422565e-09
3.077136504168860530e-09
3.012897039208763544e-09
2.949998661604644542e-09
2.888413374309867702e-09
2.828113764754726668e-09
2.769072992644683066e-09
2.711264778013335297e-09
2.654663389524794268e-09
2.599243633020267252e-09
2.544980840303744085e-09
2.491850858161801955e-09
2.439830037612630620e-09
2.388895223379505637e-09
2.339023743584012880e-09
2.290360333161205087e-09
2.242876844631911163e-09
2.196377778357170763e-09
2.150842725407361252e-09
2.106251699968479833e-09
2.062585130570109036e-09
2.019823851495318534e-09
1.977949094368653550e-09
1.936942479918449936e-09
1.896786009910009193e-09
1.857462059245969647e-09
1.818953368230494747e-09
1.781243034993766283e-09
1.744314508073598487e-09
1.708151579150849002e-09
1.673472099616504861e-09
1.639510897010727604e-09
1.606238898176382410e-09
1.573642116511042225e-09
1.541706849254389397e-09
1.510419671727951369e-09
1.479767431691771995e-09
1.449737243815540881e-09
1.420316484262015171e-09
1.391492785380276246e-09
1.363254030506737445e-09
1.335588348871661360e-09
1.308484110608985795e-09
1.281929921867502294e-09
1.256100077140751344e-09
1.230997857815280933e-09
1.206397287543521544e-09
1.182288341244828764e-09
1.158661194182287149e-09
1.135506217958995175e-09
1.112813976594338138e-09
1.090575222678717271e-09
1.068780893605097271e-09
1.047422107875844419e-09
1.026490161483411663e-09
1.005976524363312261e-09
9.858728369180222975e-10
9.661709066103094974e-10
9.468627046246621748e-10
9.287403462674890869e-10
9.110026951130255126e-10
8.936038084687272931e-10
8.765372164027967369e-10
8.597965725501361943e-10
8.433756517524246202e-10
8.272683477432075493e-10
8.114686708772557082e-10
7.959707459032345990e-10
7.807688097789657149e-10
7.658572095283652515e-10
7.512304001393442852e-10
7.368829425018522333e-10
7.228095013852885275e-10
7.092153240945235538e-10
6.961390305454061464e-10
6.833038336663288714e-10
6.707052881912042175e-10
6.583390308143872762e-10
6.462007786795180927e-10
6.342863278962247002e-10
6.225915520841623022e-10
6.111124009439253810e-10
5.998448988542703544e-10
5.887851434952400485e-10
5.779293044966499417e-10
5.672736221114934322e-10
5.568144059138271008e-10
5.465480335206414209e-10
5.367334426108232263e-10
5.271152933393474098e-10
5.176694992596025016e-10
5.083929718031623678e-10
4.992826777480973585e-10
4.903356382271683134e-10
4.815489277538062945e-10
4.729196732655342491e-10
4.644450531845500338e-10
4.561222964951266413e-10
4.479486818375443029e-10
4.399215366182771046e-10
4.320382361361072234e-10
4.242962027238997098e-10
4.167146123754098734e-10
4.092986681100368429e-10
4.020146996086835370e-10
3.948603582018291036e-10
3.878333370173835630e-10
3.809313702368567052e-10
3.741522323647636354e-10
3.674937375110171585e-10
3.609537386861150444e-10
3.545301271088388142e-10
3.482208315263114835e-10
3.420238175461174085e-10
3.359370869803384441e-10
3.299586772012409415e-10
3.240866605084431329e-10
3.182235000484199914e-10
3.124560630751778785e-10
3.067931543006239879e-10
3.012328792707114679e-10
2.957733778662026329e-10
2.904128236803971186e-10
2.851494234081270645e-10
2.799814162458261248e-10
2.749070733024834524e-10
2.699246970212557506e-10
2.650326206115792446e-10
2.602292074915617502e-10
2.555128507404870782e-10
2.508819725612368676e-10
2.462589241123984492e-10
2.416029973564492021e-10
2.370350984924216434e-10
2.325535632093948358e-10
2.281567586629583192e-10
2.238430828802903203e-10
2.196109641764781749e-10
2.154588605818795422e-10
2.113852592803004804e-10
2.073886760578089442e-10
2.034676547619564123e-10
1.996207667712322299e-10
1.958466104745488343e-10
1.921438107605598582e-10
1.885110185166457757e-10
1.847521114881467241e-10
1.810406734555335558e-10
1.774037935546731344e-10
1.738399740062783933e-10
1.703477471195681919e-10
1.669256746878271582e-10
1.635723473961076386e-10
1.602863842408303813e-10
1.570664319610447711e-10
1.539111644811147800e-10
1.508192823645976021e-10
1.477895122790995440e-10
1.448206064718758543e-10
1.419113422559683427e-10
1.389831656626198339e-10
1.359812801369905905e-10
1.330442320804607116e-10
1.301706210740718698e-10
1.273590769463968259e-10
1.246082591202218678e-10
1.219168559733481099e-10
1.192835842131909670e-10
1.167071882648928124e-10
1.141864396726516562e-10
1.117201365139754759e-10
1.093071028265953978e-10
1.069461880477498147e-10
1.046362664655839098e-10
1.023762366823984384e-10
1.000150902289369591e-10
9.768205805892676149e-11
9.540344806754745394e-11
9.317799075943490619e-11
9.100444625248955706e-11
8.888160358709714820e-11
8.680828005145701663e-11
8.478332052265206092e-11
8.280559682308939037e-11
8.087400709194966237e-11
7.898747517130361160e-11
7.714495000654354711e-11
7.534540506080443820e-11
7.358783774304274735e-11
7.182586679611539601e-11
7.001785876158844574e-11
6.825536208945400303e-11
6.653723116306254852e-11
6.486234920334327837e-11
6.322962754290269749e-11
6.163800491839303471e-11
6.008644678069586640e-11
5.857394462246828708e-11
5.709951532261767375e-11
5.566220050727498113e-11
5.426106592685580153e-11
5.289520084880230701e-11
5.156371746560784446e-11
5.026575031774825594e-11
4.892389824422502298e-11
4.760161706503935562e-11
4.631507358418897344e-11
4.506330190795688976e-11
4.384536224813253533e-11
4.266034021644815091e-11
4.150734613808839424e-11
4.038551438375124952e-11
3.929400271976242518e-11
3.823199167575602400e-11
3.719868392944203766e-11
3.619330370800412655e-11
3.521509620567602480e-11
3.426332701705702106e-11
3.331879459061263406e-11
3.235985199178240372e-11
3.142850855790246525e-11
3.052396996206862412e-11
2.964546473876475783e-11
2.879224362589380761e-11
2.796357892574445939e-11
2.715876388435029243e-11
2.637711208871151836e-11
2.561795688136461707e-11
2.488065079180224579e-11
2.416456498425624135e-11
2.346908872137447120e-11
2.279362884333345319e-11
2.213760926194210848e-11
2.147271466209644326e-11
2.082081880613067480e-11
2.018871402985422563e-11
1.957579949061473159e-11
1.898149258690148597e-11
1.840522840455809093e-11
1.784645917980721243e-11
1.730465377857795352e-11
1.677929719163966031e-11
1.626989004506425073e-11
1.577594812554907887e-11
1.529700192015241652e-11
1.483259617000049356e-11
1.438228943754503629e-11
1.394020213636988219e-11
1.349818445671109795e-11
1.307018232913820939e-11
1.265575134676600294e-11
1.225446119401837078e-11
1.186589519981977703e-11
1.148964990495316757e-11
1.112533464313715031e-11
1.077257113538592533e-11
1.043099309723113199e-11
1.010024585839837196e-11
9.779985994542833353e-12
9.469880970661919729e-12
9.169608795814756357e-12
8.878857688789541730e-12
8.589762532287456943e-12
8.307865706626609078e-12
8.035220105317885011e-12
7.771522123835719058e-12
7.516478121277136758e-12
7.269804093377935657e-12
7.031225356259607154e-12
6.800476240555261838e-12
6.577299795573345517e-12
6.361447503170319029e-12
6.152679001013126432e-12
5.950761814923712923e-12
5.755471100007515853e-12
5.566589390277315515e-12
5.382649822166839951e-12
5.201225854677831238e-12
5.025916841173735936e-12
4.856516675136442482e-12
4.692826196935281427e-12
4.534652959679877106e-12
4.381811002965012404e-12
4.234120634241568860e-12
4.091408217556427867e-12
3.953505969412890425e-12
3.820251761511676497e-12
3.691488930140767403e-12
3.567066091989596919e-12
3.446836966171446547e-12
3.330660202244615562e-12
3.216690968531677686e-12
3.106044876577703178e-12
2.999204732345923120e-12
2.896039620791727552e-12
2.796423130019292072e-12
2.700233196384612380e-12
2.607351954926491543e-12
2.517665594942442443e-12
2.431064220532344559e-12
2.347441715939114994e-12
2.266695615521219750e-12
2.188726978197904053e-12
2.113440266213141553e-12
2.040743228069803255e-12
1.970300890928450687e-12
1.901484634233540040e-12
1.835071907480319953e-12
1.770978763118362426e-12
1.709124185614429561e-12
1.649429989046666150e-12
1.591820718275315042e-12
1.536223553565364647e-12
1.482568218540320210e-12
1.430786891350886861e-12
1.380814118946303333e-12
1.332586734339782940e-12
1.286043776763721529e-12
1.241126414613542121e-12
1.197777871082892830e-12
1.155943352396215346e-12
1.115569978547819094e-12
1.076606716460114979e-12
1.039004315476338198e-12
1.002715245106356963e-12
9.676936349467923013e-13
9.338952166995383662e-13
9.012772682154059648e-13
8.697985594921039814e-13
8.394193005583751575e-13
8.101010911783515937e-13
7.818068723125757061e-13
7.545008792743474360e-13
7.281485965221367667e-13
7.027167140309838633e-13
6.781730851876867669e-13
6.544866861565908077e-13
6.316275766645731688e-13
6.095668621557088932e-13
5.882766572677379860e-13
5.677300505841828516e-13
5.479010706175721059e-13
5.287646529807348553e-13
5.102966087047325994e-13
4.924735936632992896e-13
4.752730790652306287e-13
4.586733229773565035e-13
4.426533428421158105e-13
4.271928889550318224e-13
4.122724188684975123e-13
3.978730726895896415e-13
3.839766492406323755e-13
3.705655830523881634e-13
3.576229221608262076e-13
3.451323066793454444e-13
3.330779481194401764e-13
3.214446094335908090e-13
3.102175857552144495e-13
2.993826858113058005e-13
2.889262139842557997e-13
2.788349530002241324e-13
2.690961472221204892e-13
2.596974865261266078e-13
2.506270907413581701e-13
2.418734946329837552e-13
2.334256334098611206e-13
2.252728287383180989e-13
2.174047752444481455e-13
2.098115274878226987e-13
2.024834873901748911e-13
1.954113921031667992e-13
1.885863022998799110e-13
1.819995908752623714e-13
1.756429320412213261e-13
1.695082908025925064e-13
1.635879128006874422e-13
1.578743145115585065e-13
1.523602737866208574e-13
1.470388207236486221e-13
1.419032288566286317e-13
1.369470066533118910e-13
1.321638893097400014e-13
1.275478308313565228e-13
1.230929963906968049e-13
1.187937549520070439e-13
1.146446721534511884e-13
1.106405034379317646e-13
1.067761874238172874e-13
1.030468395072157845e-13
9.944774568770001176e-14
9.597435660967404585e-14
9.262228181186589432e-14
8.938728417765675939e-14
8.626527457924837018e-14
8.325230670889206842e-14
8.034457209064120224e-14
7.753839526633549217e-14
7.483022914971471602e-14
7.221665054280500721e-14
6.969435580889868777e-14
6.726015669666456569e-14
6.491097631011129307e-14
6.264384521930136956e-14
6.045589770691086854e-14
5.834436814588068019e-14
5.630658750358611216e-14
5.433997996810693648e-14
5.244205969232620101e-14
5.061042765175175272e-14
4.884276861208062549e-14
4.713684820267778625e-14
4.549051009227072516e-14
4.390167326328400222e-14
4.236832938137639941e-14
4.088854025684862448e-14
3.946043539471786977e-14
3.808220963035934988e-14
3.675212084772814643e-14
3.546848777727470982e-14
3.422968787077359236e-14
3.303415525037680455e-14
3.188037872930012122e-14
3.076689990164113112e-14
2.969231129891241448e-14
2.865525461096243743e-14
2.765441896903325925e-14
2.668853928878552075e-14
2.575639467119677414e-14
2.485680685931019624e-14
2.398863874888516704e-14
2.315079295106549737e-14
2.234221040524900686e-14
2.156186904040558773e-14
2.080878248315008254e-14
2.008199881093945400e-14
1.938059934881502633e-14
1.870369750817232628e-14
1.805043766608809353e-14
1.741999408378843601e-14
1.681156986289252060e-14
1.622439593810986073e-14
1.565773010512085083e-14
1.511085608240953017e-14
1.458308260586355245e-14
1.407374255499691647e-14
1.358219210969088361e-14
1.310780993638752538e-14
1.264999640270659351e-14
1.220817281949330046e-14
1.178178070933894816e-14
1.137028110064971495e-14
1.097315384637187382e-14
1.058989696651078787e-14
1.022002601361452563e-14
9.863073460418376047e-15
9.518588108877438572e-15
9.186134519839591459e-15
8.865292462638143040e-15
8.555656383908624083e-15
8.256834894957734816e-15
7.968450277037192553e-15
7.690138003896605584e-15
7.421546281012025659e-15
