7.482435468254888320e-10
7.582453305385698759e-10
7.683808082579273112e-10
7.786517670735208336e-10
7.890600179633798460e-10
7.996073961129071692e-10
8.102957612384489366e-10
8.211269979152198014e-10
8.321030159095822157e-10
8.432257505157666360e-10
8.544971628971234371e-10
8.659192404319053979e-10
8.774939970636725757e-10
8.892234736564155226e-10
9.011097383543727510e-10
9.131131210905616459e-10
9.252317606425408733e-10
9.375112361536169182e-10
9.499536822037918212e-10
9.625612617027633489e-10
9.753361662658938853e-10
9.882806165951904864e-10
1.001396862865335803e-09
1.014687185114844216e-09
1.028153893642406458e-09
1.041799329408497800e-09
1.055625864442313268e-09
1.069635902254106022e-09
1.083831878252996685e-09
1.098216260170327702e-09
1.112673105577515089e-09
1.127316976471237353e-09
1.142153575088562436e-09
1.157185437915622488e-09
1.172415134821198614e-09
1.187845269496069173e-09
1.203478479898140272e-09
1.219317438703434771e-09
1.235364853763017340e-09
1.251623468565926914e-09
1.268096062708228224e-09
1.284785452368184452e-09
1.301694490787736116e-09
1.318826068760290098e-09
1.336114304289641793e-09
1.353547351643184492e-09
1.371207857934220690e-09
1.389098790949585639e-09
1.407223157198504950e-09
1.425584002417871250e-09
1.444184412084031375e-09
1.463027511931305570e-09
1.482116468477275923e-09
1.501454489554871328e-09
1.521044824851451431e-09
1.540890766454923881e-09
1.560995649406930883e-09
1.581362852263309760e-09
1.601995797661867039e-09
1.622708055539265712e-09
1.643677280663002979e-09
1.664917477759048626e-09
1.686432148426016535e-09
1.708224839511475788e-09
1.730299143696631493e-09
1.752658700088632427e-09
1.775307194820489977e-09
1.798248361658790988e-09
1.821485982619194581e-09
1.845023888589944566e-09
1.868865959963441692e-09
1.893016127275909855e-09
1.917478371855401949e-09
1.942142644853816270e-09
1.966973128462068961e-09
1.992121072231055369e-09
2.017590534919979234e-09
2.043385627179676505e-09
2.069510512216031149e-09
2.095969406461946904e-09
2.122766580257834438e-09
2.149906358540798382e-09
2.177393121542712839e-09
2.205231305497136134e-09
2.233425403355315871e-09
2.261979965511292567e-09
2.290899600536367376e-09
2.320188975922876426e-09
2.349541088702826356e-09
2.379237115700104388e-09
2.409308473021956959e-09
2.439759904496659099e-09
2.470596213910089787e-09
2.501822265763540240e-09
2.533442986041100532e-09
2.565463362986743664e-09
2.597888447891236135e-09
2.630723355888987904e-09
2.663973266764979489e-09
2.697643425771884476e-09
2.731739144457519377e-09
2.766265801502754846e-09
2.801046993234077664e-09
2.835996989196907053e-09
2.871383072887213431e-09
2.907210685579021864e-09
2.943485336439758044e-09
2.980212603377339141e-09
3.017398133897893097e-09
3.055047645974168401e-09
3.093166928924779514e-09
3.131761844304424854e-09
3.170838326805208018e-09
3.210402385169210313e-09
3.250460103112447373e-09
3.291017640260352107e-09
3.332081233094936209e-09
3.373122119592235903e-09
3.414603919016502378e-09
3.456595851078283030e-09
3.499104189259207128e-09
3.542135284190631810e-09
3.585695564602352077e-09
3.629791538283049708e-09
3.674429793052539023e-09
3.719616997745985665e-09
3.765359903210151350e-09
3.811665343312041775e-09
3.858540235959810036e-09
3.905991584136287370e-09
3.954026476945225181e-09
4.002357214028585892e-09
4.050792057994263104e-09
4.099813040074205161e-09
4.149427253465377392e-09
4.199641877203628967e-09
4.250464177202536619e-09
4.301901507304635395e-09
4.353961310345642765e-09
4.406651119231289790e-09
4.459978558027366491e-09
4.513951343062953320e-09
4.568577284046827950e-09
4.623864285197655383e-09
4.679820346387554390e-09
4.736453564299807923e-09
4.792910538515305174e-09
4.849906529505362440e-09
4.907580301347541134e-09
4.965939914027737751e-09
5.024993523379033216e-09
5.084749382221398056e-09
5.145215841515162672e-09
5.206401351528007058e-09
5.268314463015841363e-09
5.330963828417902374e-09
5.394358203065869064e-09
5.458506446407467031e-09
5.523417523244503926e-09
5.589100504985841294e-09
5.655090530282428664e-09
5.720982652618871029e-09
5.787642538400081968e-09
5.855079133470968200e-09
5.923301487911878318e-09
5.992318757253033792e-09
6.062140203703363680e-09
6.132775197393401391e-09
6.204233217632799402e-09
6.276523854182461896e-09
6.349656808541502972e-09
6.423641895249204106e-09
6.498489043202134673e-09
6.574208296986622452e-09
6.650809818226754449e-09
6.726828296263840549e-09
6.803431831545148188e-09
6.880907709832545460e-09
6.959265865162621003e-09
7.038516344698433898e-09
7.118669310017682034e-09
7.199735038415830868e-09
7.281723924223645879e-09
7.364646480140171787e-09
7.448513338580592755e-09
7.533335253039440934e-09
7.619123099469628134e-09
7.705887877676738157e-09
7.793640712729665873e-09
7.881639119610008637e-09
7.969061685985723987e-09
8.057453937092713988e-09
8.146826628603309425e-09
8.237190635490972435e-09
8.328556953353577035e-09
8.420936699751367148e-09
8.514341115559754247e-09
8.608781566337120053e-09
8.704269543707794691e-09
8.800816666760359194e-09
8.898434683461487420e-09
8.997135472085436576e-09
9.096931042659416294e-09
9.197833538424985167e-09
9.297388618862280835e-09
9.397449967032320519e-09
9.498588206123891684e-09
9.600814925967454291e-09
9.704141841126659988e-09
9.808580792241043272e-09
9.914143747382581140e-09
1.002084280342744310e-08
1.012869018744201832e-08
1.023769825808415129e-08
1.034787950701932966e-08
1.045924656035224600e-08
1.057181218007353502e-08
1.068558926552231497e-08
1.079940736342623779e-08
1.091165063051301014e-08
1.102506049411589758e-08
1.113964907921546564e-08
1.125542863681285906e-08
1.137241154523951819e-08
1.149061031148070771e-08
1.161003757251258953e-08
1.173070609665329994e-08
1.185262878492805070e-08
1.197581867244841137e-08
1.210028892980593163e-08
1.222605286448025081e-08
1.235312392226183866e-08
1.248151568868952108e-08
1.260716681226859749e-08
1.273296857782273739e-08
1.286002566778496195e-08
1.298835060852455893e-08
1.311795605140631503e-08
1.324885477403784303e-08
1.338105968152919590e-08
1.351458380776533031e-08
1.364944031669098612e-08
1.378564250360855592e-08
1.392320379648873951e-08
1.406213775729454900e-08
1.420245808331826099e-08
1.434417860853185512e-08
1.448548301686781952e-08
1.462327350724544619e-08
1.476237470429515065e-08
1.490279907587285048e-08
1.504455920843263832e-08
1.518766780815494211e-08
1.533213770208538565e-08
1.547798183928451014e-08
1.562521329198840119e-08
1.577384525678039349e-08
1.592389105577384975e-08
1.607536413780638778e-08
1.622827807964511910e-08
1.638264658720367974e-08
1.653848349677069271e-08
1.668919123516238523e-08
1.683916932718705651e-08
1.699049520340149999e-08
1.714318097572287918e-08
1.729723886491259424e-08
1.745268120155430393e-08
1.760952042704107306e-08
1.776776909457103318e-08
1.792743987015203985e-08
1.808854553361564709e-08
1.825109897963984347e-08
1.841511321878120477e-08
1.858060137851608603e-08
1.874757670429154794e-08
1.891331683338202216e-08
1.907210964296677412e-08
1.923223564844719631e-08
1.939370604309647097e-08
1.955653211416448109e-08
1.972072524366679848e-08
1.988629690918046787e-08
2.005325868464609421e-08
2.022162224117703703e-08
2.039139934787523886e-08
2.056260187265390266e-08
2.073524178306709442e-08
2.090933114714627751e-08
2.108488213424406009e-08
2.126190701588462281e-08
2.143006718415399108e-08
2.159577107281437675e-08
2.176275623504624571e-08
2.193103257805196031e-08
2.210061008563942687e-08
2.227149881881457531e-08
2.244370891637794834e-08
2.261725059552660438e-08
2.279213415245993799e-08
2.296836996299092337e-08
2.314596848316132166e-08
2.332494024986243695e-08
2.350529588145986267e-08
2.368704607842386930e-08
2.386631339726853124e-08
2.403308009703636234e-08
2.420101208495269627e-08
2.437011750350933550e-08
2.454040455209382488e-08
2.471188148738742478e-08
2.488455662376503971e-08
2.505843833369875669e-08
2.523353504816346153e-08
2.540985525704576389e-08
2.558740750955581737e-08
2.576620041464145908e-08
2.594624264140607150e-08
2.612754291952848255e-08
2.631011003968667393e-08
2.647834252053732851e-08
2.664114340122106038e-08
2.680494525569041769e-08
2.696975423838715633e-08
2.713557654159311406e-08
2.730241839566331002e-08
2.747028606925959346e-08
2.763918586958656890e-08
2.780912414262839148e-08
2.798010727338705119e-08
2.815214168612264901e-08
2.832523384459433147e-08
2.849939025230355122e-08
2.867461745273823086e-08
2.884568001113065110e-08
2.899582328863860013e-08
2.914674806978142493e-08
2.929845842232659660e-08
2.945095843521446515e-08
2.960425221866853924e-08
2.975834390430625226e-08
2.991323764525032072e-08
3.006893761624068159e-08
3.022544801374701869e-08
3.038277305608185813e-08
3.054091698351426259e-08
3.069988405838411463e-08
3.085967856521700876e-08
3.102030481083977218e-08
3.115905274434645285e-08
3.128770918360984159e-08
3.141689684824455107e-08
3.154661793169224741e-08
3.167687463645143696e-08
3.180766917411453063e-08
3.193900376540611254e-08
3.207088064021973304e-08
3.220330203765649499e-08
3.233627020606270709e-08
3.246978740306818558e-08
3.260385589562452960e-08
3.273847796004364128e-08
3.287365588203636506e-08
3.300279631511726241e-08
3.309945200228284241e-08
3.319639076612381106e-08
3.329361343569036129e-08
3.339112084246055378e-08
3.348891382034759615e-08
3.358699320570719491e-08
3.368535983734429869e-08
3.378401455652053620e-08
3.388295820696129029e-08
3.398219163486316905e-08
3.408171568890077549e-08
3.418153122023452266e-08
3.428163908251739676e-08
3.438204013190251423e-08
3.445169071074049232e-08
3.450501832863019121e-08
3.455842849210099103e-08
3.461192132892482740e-08
3.466549696707142476e-08
3.471915553470857428e-08
3.477289716020245814e-08
3.482672197211796716e-08
3.488063009921899195e-08
3.493462167046872734e-08
3.498869681503000984e-08
3.504285566226558236e-08
3.509709834173845154e-08
3.515142498321215247e-08
3.519816953700091511e-08
3.519802796051584793e-08
3.519788638460023835e-08
3.519774480925408638e-08
3.519760323447731922e-08
3.519746166027007583e-08
3.519732008663228343e-08
3.519717851356386261e-08
3.519703694106495895e-08
3.519689536913549966e-08
3.519675379777547812e-08
3.519661222698482153e-08
3.519647065676367550e-08
3.519632908711196059e-08
3.519618751802961064e-08
3.515749878436985515e-08
3.509597783170930863e-08
3.503456453254366513e-08
3.497325869849361110e-08
3.491206014150953400e-08
3.485096867387069503e-08
3.478998410818501741e-08
3.472910625738829231e-08
3.466833493474363617e-08
3.460766995384093487e-08
3.454711112859634078e-08
3.448665827325141253e-08
3.442631120237296277e-08
3.436606973085223761e-08
3.429828724762539298e-08
3.417126955588241001e-08
3.404472225188493593e-08
3.391864359363452066e-08
3.379303184558383621e-08
3.366788527861283394e-08
3.354320217000496813e-08
3.341898080342347905e-08
3.329521946888773556e-08
3.317191646274974326e-08
3.304907008767065908e-08
3.292667865259744500e-08
3.280474047273956140e-08
3.268325386954588539e-08
3.256221717068129168e-08
3.239954225103461049e-08
3.220984894277820956e-08
3.202126625364464943e-08
3.183378768116515621e-08
3.164740676094146725e-08
3.146211706642341878e-08
3.127791220868684469e-08
3.109478583621379787e-08
3.091273163467305620e-08
3.073174332670287188e-08
3.055181467169402506e-08
3.037293946557518041e-08
3.019511154059842237e-08
3.001832476512710647e-08
2.983653075047694198e-08
2.959301766909557250e-08
2.935149203797435372e-08
2.911193763638918675e-08
2.887433837600238831e-08
2.863867829978269394e-08
2.840494158093315252e-08
2.817311252182841427e-08
2.794317555296064785e-08
2.771511523189349768e-08
2.748891624222542814e-08
2.726456339256064470e-08
2.704204161548929271e-08
2.682133596657513724e-08
2.660243162335209370e-08
2.634892282193550811e-08
2.607109495719788943e-08
2.579619656031542246e-08
2.552419674244287111e-08
2.525506494043265055e-08
2.498877091340053211e-08
2.472528473932787322e-08
2.446457681169910835e-08
2.420661783617524547e-08
2.395137882730216369e-08
2.369883110525362929e-08
2.344894629260889124e-08
2.320169631116376425e-08
2.295705337877584466e-08
2.271185361385506165e-08
2.242117076347189034e-08
2.213420828399919038e-08
2.185091855941930541e-08
2.157125458313924024e-08
2.129516995019048664e-08
2.102261884952914644e-08
2.075355605643456521e-08
2.048793692500487843e-08
2.022571738074905324e-08
1.996685391327346038e-08
1.971130356906231461e-08
1.945902394435010092e-08
1.920997317808558942e-08
1.896410994498589723e-08
1.870083593610775935e-08
1.842445989345243144e-08
1.815216835895571169e-08
1.788390096846031932e-08
1.761959824991930367e-08
1.735920161021149656e-08
1.710265332215219924e-08
1.684989651169561961e-08
1.660087514532650230e-08
1.635553401763809929e-08
1.611381873909369859e-08
1.587567572396905730e-08
1.564105217847299281e-08
1.540989608904357455e-08
1.518144864172034591e-08
1.493653474771333507e-08
1.469557191377267852e-08
1.445849639963690633e-08
1.422524549333076416e-08
1.399575749457661564e-08
1.376997169847315972e-08
1.354782837943761661e-08
1.332926877540692059e-08
1.311423507229378854e-08
1.290267038869355502e-08
1.269451876083774369e-08
1.248972512779025241e-08
1.228823531688261020e-08
1.208999602938394661e-08
1.188805890275510789e-08
1.168325358388827288e-08
1.148197661384431743e-08
1.128416720687082755e-08
1.108976562442118585e-08
1.089871315711368137e-08
1.071095210700113631e-08
1.052642577014614626e-08
1.034507841949637192e-08
1.016685528805507472e-08
9.991702552341380763e-09
9.819567316135508431e-09
9.650397594504196862e-09
9.484142298101153754e-09
9.320669208123616704e-09
9.149005690040861129e-09
8.980503786514195020e-09
8.815105268475932123e-09
8.652752979292928458e-09
8.493390815014902261e-09
8.336963704986529764e-09
8.183417592816970682e-09
8.032699417699362235e-09
7.884757096074888490e-09
7.739539503634187188e-09
7.596996457650285602e-09
7.457078699637177551e-09
7.319737878327510969e-09
7.184926532963795965e-09
7.047017489430008986e-09
6.906152367454111980e-09
6.768103044164600154e-09
6.632813233646672969e-09
6.500227775103053174e-09
6.370292610363635811e-09
6.242954761844484080e-09
6.118162310947901054e-09
5.995864376893880224e-09
5.876011095974832637e-09
5.758553601225115329e-09
5.643444002496593772e-09
5.530635366932959142e-09
5.420081699833988456e-09
5.311737925902465900e-09
5.199301469930979800e-09
5.089124086055223760e-09
4.981281449642759341e-09
4.875724085515216984e-09
4.772403566913107292e-09
4.671272493278960769e-09
4.572284468511281395e-09
4.475394079679314244e-09
4.380556876188868080e-09
4.287729349389626568e-09
4.196868912614601809e-09
4.107933881642562544e-09
4.020883455574468726e-09
3.935677698115226261e-09
3.852445824906985796e-09
3.771161945274856311e-09
3.691593097959441199e-09
3.613703096992955899e-09
3.537456519905964155e-09
3.462818691618056265e-09
3.389755668668429912e-09
3.318234223779331358e-09
3.248221830744990563e-09
3.179686649639593245e-09
3.112597512337218318e-09
3.046923908337311036e-09
2.982635970889279944e-09
2.919704463409852077e-09
2.858100766186951116e-09
2.798716566739088436e-09
2.740609659872038721e-09
2.683709167640094093e-09
2.627990042482662990e-09
2.573427756876158438e-09
2.519998292537040711e-09
2.467678129848974652e-09
2.416444237509508739e-09
2.366274062391710261e-09
2.317145519616283223e-09
2.269036982829867224e-09
2.221927274685034395e-09
2.175795657518121061e-09
2.130621824220508824e-09
2.086610329685786879e-09
2.043786981191656884e-09
2.001842493091420360e-09
1.960758828598625057e-09
1.920518321094444596e-09
1.881103666530748737e-09
1.842497915989129252e-09
1.804684468392523036e-09
1.767647063366559462e-09
1.731369774247335042e-09
1.695837001232662154e-09
1.661033464673940116e-09
1.626944198505658584e-09
1.593554543809756607e-09
1.560850142512056784e-09
1.530064703604028862e-09
1.499982312699678233e-09
1.470491367529871247e-09
1.441580239761672860e-09
1.413237529685196907e-09
1.385452061718673776e-09
1.358212880001920935e-09
1.331509244076393841e-09
1.305330624650225719e-09
1.279666699446499093e-09
1.254507349133172648e-09
1.229842653332980330e-09
1.205662886711829061e-09
1.181958515144076481e-09
1.159046911778876859e-09
1.137033003935315979e-09
1.115437208709648502e-09
1.094251584842085585e-09
1.073468341902066936e-09
1.053079837423552378e-09
1.033078574094724516e-09
1.013457197001048903e-09
9.942084909206941222e-10
9.753253776713621649e-10
9.568009135074478000e-10
9.386282865666962159e-10
9.208008143653154581e-10
9.033119413406690192e-10
8.861552364406561561e-10
8.697621975725335248e-10
8.537197880199674487e-10
8.379732741788653147e-10
8.225171983733194495e-10
8.073462035920351571e-10
7.924550316316097869e-10
7.778385212740611106e-10
7.634916064979675639e-10
7.494093147226225064e-10
7.355867650845236962e-10
7.220191667457301037e-10
7.087018172333432577e-10
6.956301008096658247e-10
6.827994868724022511e-10
6.702543068221673067e-10
6.580153421745433607e-10
6.459998632309563464e-10
6.342037891021088561e-10
6.226231134164704440e-10
6.112539029595785464e-10
6.000922963381840819e-10
5.891345026687659996e-10
5.783768002900304461e-10
5.678155354988835597e-10
5.574471213095117633e-10
5.472680362351079860e-10
5.372748230918565930e-10
5.274640878247339616e-10
5.178324983547822539e-10
5.082633219672109252e-10
4.988549377376360768e-10
4.896207106624053760e-10
4.805574169452038284e-10
4.716618924649145204e-10
4.629310316709802250e-10
4.543617864992126557e-10
4.459511653076712917e-10
4.376962318322396494e-10
4.295941041615350390e-10
4.216419537307933792e-10
4.138370043343782937e-10
4.061765311565689862e-10
3.986578598202882154e-10
3.911793097890059383e-10
3.836688970715096167e-10
3.763026798617381870e-10
3.690778896907382526e-10
3.619918112425305967e-10
3.550417813336061383e-10
3.482251879120130924e-10
3.415394690756611907e-10
3.349821121094737810e-10
3.285506525410273094e-10
3.222426732143156744e-10
3.160558033813106484e-10
3.099877178109506836e-10
3.040361359152434135e-10
2.981988208921446174e-10
2.922004834838799633e-10
2.862746621816748155e-10
2.804690164441596084e-10
2.747811091127354574e-10
2.692085524543411891e-10
2.637490071591064289e-10
2.584001813583256735e-10
2.531598296623586776e-10
2.480257522180313667e-10
2.429957937851592516e-10
2.380678428317924739e-10
2.332398306478196082e-10
2.285097304765383700e-10
2.238755566638383170e-10
2.192304598127506167e-10
2.144771781412964638e-10
2.098269555368518440e-10
2.052775575071153977e-10
2.008267980073039460e-10
1.964725383897294794e-10
1.922126863761469296e-10
1.880451950523915888e-10
1.839680618848062252e-10
1.799793277580017540e-10
1.760770760334765872e-10
1.722594316286433806e-10
1.685245601158310566e-10
1.648706668408151388e-10
1.612959960604666090e-10
1.575849296331040679e-10
1.539136665161526354e-10
1.503279329793797591e-10
1.468257364363493723e-10
1.434051307220021602e-10
1.400642150111721234e-10
1.368011327623017250e-10
1.336140706857652996e-10
1.305012577362245662e-10
1.274609641284649805e-10
1.244915003761544782e-10
1.215912163529993210e-10
1.187585003757719178e-10
1.159917783086990584e-10
1.132270659608272520e-10
1.103910985548599401e-10
1.076261628501860453e-10
1.049304797351784102e-10
1.023023146591313130e-10
9.973997651615865547e-11
9.724181655704009074e-11
9.480622732832801184e-11
9.243164163802244440e-11
9.011653154715271913e-11
8.785940738661844846e-11
8.565881679865517890e-11
8.351334380230646614e-11
8.142160788230492895e-11
7.938226310077017546e-11
7.728166810768416572e-11
7.520834508787310159e-11
7.319064545779614248e-11
7.122707694564869729e-11
6.931618731449485932e-11
6.745656328820668787e-11
6.564682950621972229e-11
6.388564750632803173e-11
6.217171473477033160e-11
6.050376358287367690e-11
5.888056044954088885e-11
5.730090482889219486e-11
5.576362842238133990e-11
5.426759427473287745e-11
5.278542222122997808e-11
5.127835713760165434e-11
4.981431994066491267e-11
4.839208215060586007e-11
4.701045036167021717e-11
4.566826524077122439e-11
4.436440055468839325e-11
4.309776222504039775e-11
4.186728741023931128e-11
4.067194361365568979e-11
3.951072781724629042e-11
3.838266563991739210e-11
3.728681051991747378e-11
3.622224292057312346e-11
3.518806955870246559e-11
3.414038099434840292e-11
3.311125005133171426e-11
3.211314133088629739e-11
3.114511969613787504e-11
3.020627819906846718e-11
2.929573723078877365e-11
2.841264369742482166e-11
2.755617022084679868e-11
2.672551436349116531e-11
2.591989787654983217e-11
2.513856597082206268e-11
2.438078660954529835e-11
2.364584982254448988e-11
2.293306704105372508e-11
2.223358396271475447e-11
2.153217145513276915e-11
2.085288671186523393e-11
2.019503165874286122e-11
1.955793024404467823e-11
1.894092774374630017e-11
1.834339008868592406e-11
1.776470321295611646e-11
1.720427242285295209e-11
1.666152178573239470e-11
1.613589353814709136e-11
1.562684751265492751e-11
1.513386058270988899e-11
1.465642612506617623e-11
1.419405349914079894e-11
1.373380107577796026e-11
1.328425741151126866e-11
1.284942850137315622e-11
1.242883269250934076e-11
1.202200409783840198e-11
1.162849207999620225e-11
1.124786075217261828e-11
1.087968849528652616e-11
1.052356749096541130e-11
1.017910326981172043e-11
9.845914274455490229e-12
9.523631436909420007e-12
9.211897769758409181e-12
8.910367970730518345e-12
8.616743867930982452e-12
8.326352816565576117e-12
8.045748172224165515e-12
7.774600125286281720e-12
7.512589980975282928e-12
7.259409784779377865e-12
7.014761960496237979e-12
6.778358960475803834e-12
6.549922927650204385e-12
6.329185368953402386e-12
6.115886839747120040e-12
5.909776638881596363e-12
5.710612514033167022e-12
5.518160376972195076e-12
5.332194028426565014e-12
5.152494892217827031e-12
4.978851758356718694e-12
4.811060534796899175e-12
4.648924007554667831e-12
4.492251608912761728e-12
4.340859193436061413e-12
4.194568821535548376e-12
4.053208550326426779e-12
3.916612231534484785e-12
3.784619316213095923e-12
3.657074666041549712e-12
3.533828370982694735e-12
3.414735573085596211e-12
3.299656296226324076e-12
3.188455281586472102e-12
3.081001828676330059e-12
2.977169641715562129e-12
2.876836681191049639e-12
2.779885020417345633e-12
2.686200706931099030e-12
2.595673628556710691e-12
2.508197383985555411e-12
2.423669157716899025e-12
2.341989599213295067e-12
2.263062706128599531e-12
2.186795711471332933e-12
2.113098974570645367e-12
2.041885875716858163e-12
1.973072714352703771e-12
1.906578610695557745e-12
1.842325410675162893e-12
1.780237594074943565e-12
1.720242185769063781e-12
1.662268669950901847e-12
1.606248907251987667e-12
1.552117054654233668e-12
1.499809488101086620e-12
1.449264727716783166e-12
1.400423365545775473e-12
1.353227995727365494e-12
1.307623147023567510e-12
1.263555217620776473e-12
1.220972412128695441e-12
1.179824680702473877e-12
1.140063660216400892e-12
1.101642617420193505e-12
1.064516394010885748e-12
1.028641353555869839e-12
9.939753302046718088e-13
9.604775791291579627e-13
9.281087286339896596e-13
8.968307338809495632e-13
8.666068321728136455e-13
8.374014997442074251e-13
8.091804100085926069e-13
7.819103932124326395e-13
7.555593974489926822e-13
7.300964509860256036e-13
7.054916258630418859e-13
6.817160027153821824e-13
6.587416367837327908e-13
6.365415250691752039e-13
6.150895745951080294e-13
5.943605717387791766e-13
5.743301525963809247e-13
5.549747743468282565e-13
5.362716875806491613e-13
5.181989095613764842e-13
5.007351983880666182e-13
4.838600280285611977e-13
4.675535641941374838e-13
4.517966410272219577e-13
4.365707385747266271e-13
4.218579610205612888e-13
4.076410156517269088e-13
3.939031925332587624e-13
3.806283448681639788e-13
3.678008700192126281e-13
3.554056911703330901e-13
3.434282396060252395e-13
3.318544375879653686e-13
3.206706818086974204e-13
3.098638274029334677e-13
2.994211724976933967e-13
2.893304432831164661e-13
2.795797795863924982e-13
2.701577209318737269e-13
2.610531930709653543e-13
2.522554949659644884e-13
2.437542862125647123e-13
2.355395748862214997e-13
2.276017057981161236e-13
2.199313491468924953e-13
2.125194895528444984e-13
2.053574154616598170e-13
1.984367089052616081e-13
1.917492356077262573e-13
1.852871354246303484e-13
1.790428131046073279e-13
1.730089293622389920e-13
1.671783922518017627e-13
1.615443488317278199e-13
1.561001771099739991e-13
1.508394782608417904e-13
1.457560691040963903e-13
1.408439748375424710e-13
1.360974220145237677e-13
1.315108317580805575e-13
1.270788132037977646e-13
1.227961571636368086e-13
1.186578300032935215e-13
1.146589677259043055e-13
1.107948702551281884e-13
1.070609959108968204e-13
1.034529560713356707e-13
9.996651001458083738e-14
9.659755993443472571e-14
9.334214612399356247e-14
9.019644232159480534e-14
8.715675121360363087e-14
8.421950008876676420e-14
8.138123663901211349e-14
7.863862490176731167e-14
7.598844133902468355e-14
7.342757104854524851e-14
7.095300410274660095e-14
6.856183201097617128e-14
6.625124430100557848e-14
6.401852521573267768e-14
6.186105052120852975e-14
5.977628442223248455e-14
5.776177658189931540e-14
5.581515924158616232e-14
5.393414443799961480e-14
5.211652131401030973e-14
5.036015352011471639e-14
4.866297670346867343e-14
4.702299608154452161e-14
4.543828409755585302e-14
4.390697815489713069e-14
4.242727842793535666e-14
4.099744574657711004e-14
3.961579955213087721e-14
