7.743827214920808859e-10
7.848308398398594741e-10
7.954199261792776983e-10
8.061518824771784106e-10
8.170286363621011915e-10
8.280521414705150289e-10
8.392243777977222921e-10
8.505473520535002801e-10
8.620230980225243909e-10
8.736536769296884059e-10
8.854411778103194102e-10
8.973877178854045986e-10
9.094954429418779470e-10
9.217665277180369533e-10
9.342031762941601736e-10
9.467665683183743348e-10
9.594550346187849462e-10
9.723135504144357057e-10
9.853443946908398669e-10
9.985498769762314616e-10
1.011932337750899968e-09
1.025494148862006088e-09
1.039237713943962166e-09
1.053165468844423801e-09
1.067279882056034694e-09
1.081583455153913793e-09
1.096078723239027199e-09
1.110768255387499027e-09
1.125654655105946421e-09
1.140740560792895780e-09
1.155923295604920047e-09
1.171305184710073523e-09
1.186891760850559017e-09
1.202685747799900162e-09
1.218689905576930919e-09
1.234907030928093786e-09
1.251339957816184216e-09
1.267991557915568759e-09
1.284864741114044645e-09
1.301962456021331273e-09
1.319287690484326397e-09
1.336843472109268848e-09
1.354632868790800569e-09
1.372658989248068155e-09
1.390857053263419612e-09
1.409215597165525489e-09
1.427816463694111570e-09
1.446662851373827392e-09
1.465758000948096320e-09
1.485105195936345139e-09
1.504707763198646855e-09
1.524569073507787427e-09
1.544692542128889835e-09
1.565081629406687707e-09
1.585739841360551486e-09
1.606670730287367860e-09
1.627877895372378719e-09
1.649364983308073149e-09
1.671135688921285046e-09
1.693022136392116133e-09
1.715185442930385654e-09
1.737638888709093071e-09
1.760386271933123250e-09
1.783431440529528682e-09
1.806778292798499325e-09
1.830430778072736398e-09
1.854392897385570085e-09
1.878668704147748792e-09
1.903262304833087910e-09
1.928177859673169188e-09
1.953419583361021619e-09
1.978991745764137275e-09
2.004898672646694696e-09
2.031036720850504953e-09
2.057372483139553866e-09
2.084049732299925537e-09
2.111072896275730470e-09
2.138446460426697543e-09
2.166174968272716382e-09
2.194263022247944007e-09
2.222715284464735912e-09
2.251536477487472697e-09
2.280731385116420821e-09
2.310304853181758156e-09
2.340261790347892576e-09
2.370607168928215415e-09
2.401346025710422993e-09
2.432483462792495953e-09
2.463730283149664859e-09
2.495352599088782048e-09
2.527380791788108489e-09
2.559820070731503173e-09
2.592675712267264735e-09
2.625953060466345816e-09
2.659657527991582161e-09
2.693794596978079141e-09
2.728369819924897980e-09
2.763388820598186025e-09
2.798857294945900358e-09
2.834781012024271182e-09
2.871165814936144337e-09
2.908017621781426714e-09
2.945173899505312573e-09
2.982556038410834076e-09
3.020412656704274393e-09
3.058749776798895259e-09
3.097573497548537722e-09
3.136889995217782582e-09
3.176705524464537973e-09
3.217026419335097935e-09
3.257859094271717472e-09
3.299210045133090381e-09
3.341085850227781975e-09
3.383493171360658469e-09
3.426438754892717926e-09
3.469929432814376956e-09
3.513972123832238389e-09
3.558076395997086353e-09
3.602674171073637106e-09
3.647830945261060039e-09
3.693553725187034923e-09
3.739849605302022525e-09
3.786725768979950014e-09
3.834189489632923688e-09
3.882248131839679102e-09
3.930909152488328609e-09
3.980180101933443105e-09
4.030068625167483702e-09
4.080582463007060625e-09
4.131729453294071417e-09
4.183517532111735858e-09
4.235681922014532073e-09
4.288046400892452591e-09
4.341058246286253692e-09
4.394725461396079685e-09
4.449056148363264704e-09
4.504058509493564911e-09
4.559740848495356890e-09
4.616111571733296859e-09
4.673179189497491187e-09
4.730952317288181502e-09
4.789439677116480415e-09
4.848650098821197557e-09
4.908592521401737744e-09
4.969275994367785106e-09
5.030709679105367888e-09
5.092070474401620772e-09
5.154050275772198834e-09
5.216784484568428311e-09
5.280282283307095502e-09
5.344552966272908943e-09
5.409605940879089096e-09
5.475450729044175735e-09
5.542096968585946392e-09
5.609554414631935493e-09
5.677832941047497990e-09
5.746942541880876521e-09
5.816893332826234933e-09
5.887695552704123810e-09
5.959359564960340010e-09
6.031469166132513615e-09
6.103661624538429593e-09
6.176718176071075214e-09
6.250649163319578059e-09
6.325465052666504127e-09
6.401176435769788295e-09
6.477794031061980984e-09
6.555328685267837546e-09
6.633791374939807024e-09
6.713193208011923186e-09
6.793545425372403087e-09
6.874859402455072257e-09
6.957146650849729015e-09
7.040418819931745697e-09
7.124687698511466798e-09
7.208552357663699143e-09
7.293132327567081348e-09
7.378704698018331281e-09
7.465281113131811134e-09
7.552873353645634798e-09
7.641493338524635527e-09
7.731153126582106469e-09
7.821864918120885646e-09
7.913641056593386669e-09
8.006494030281126109e-09
8.100436473994230588e-09
8.195481170790605947e-09
8.291641053715264809e-09
8.388929207560404800e-09
8.486662550931101919e-09
8.584084088612106547e-09
8.682623964149383428e-09
8.782295015356735683e-09
8.883110227418007765e-09
8.985082734578664842e-09
9.088225821857145119e-09
9.192552926775483799e-09
9.298077641110004462e-09
9.404813712662056322e-09
9.512775047049121650e-09
9.621975709516293332e-09
9.732429926768926610e-09
9.844152088825957092e-09
9.957156750894660943e-09
1.006913744975705276e-08
1.018183966737117746e-08
1.029580334257474311e-08
1.041104259465736126e-08
1.052757170094355086e-08
1.064540509856160285e-08
1.076455738623223414e-08
1.088504332607727588e-08
1.100687784544859965e-08
1.113007603877743846e-08
1.125465316944460577e-08
1.138062467167142540e-08
1.150800615243195801e-08
1.163681339338658048e-08
1.176594663096187040e-08
1.189388406209264016e-08
1.202321262534373314e-08
1.215394744723878654e-08
1.228610381878019775e-08
1.241969719723768408e-08
1.255474320795605123e-08
1.269125764618283563e-08
1.282925647891582228e-08
1.296875584677043472e-08
1.310977206586765736e-08
1.325232162974236759e-08
1.339642121127254102e-08
1.354208766462920239e-08
1.368933802724781202e-08
1.383434127177675262e-08
1.397982761305267490e-08
1.412684393505424634e-08
1.427540632754632134e-08
1.442553104949888059e-08
1.457723453086632139e-08
1.473053337438577315e-08
1.488544435739400452e-08
1.504198443366363203e-08
1.520017073525846469e-08
1.536002057440863973e-08
1.552155144540518879e-08
1.568478102651472280e-08
1.584972718191403873e-08
1.601465910193986129e-08
1.617661692543727473e-08
1.634021264434195742e-08
1.650546282285131095e-08
1.667238419267820292e-08
1.684099365474481770e-08
1.701130828089417257e-08
1.718334531561840574e-08
1.735712217780489832e-08
1.753265646250006828e-08
1.770996594269061454e-08
1.788906857110335944e-08
1.806998248202269686e-08
1.825272599312682732e-08
1.843731760734254506e-08
1.861741749131595315e-08
1.879725274591025345e-08
1.897882512214401170e-08
1.916215139977265942e-08
1.934724852063592217e-08
1.953413359022361619e-08
1.972282387925621186e-08
1.991333682528102762e-08
2.010569003428362409e-08
2.029990128231499077e-08
2.049598851713405874e-08
2.069396985986646910e-08
2.089386360667919349e-08
2.109568823047127142e-08
2.129680541734734351e-08
2.149166366204665904e-08
2.168830479083511999e-08
2.188674511647210333e-08
2.208700110097314477e-08
2.228908935697523009e-08
2.249302664911527842e-08
2.269882989542054020e-08
2.290651616871240871e-08
2.311610269802238782e-08
2.332760687002166528e-08
2.354104623046332521e-08
2.375643848563775593e-08
2.397380150384183843e-08
2.419315331686091001e-08
2.440428454734471903e-08
2.461351398484786618e-08
2.482453724496571378e-08
2.503736970698533664e-08
2.525202688204768961e-08
2.546852441427789364e-08
2.568687808192574579e-08
2.590710379851519920e-08
2.612921761400456660e-08
2.635323571595580629e-08
2.657917443071464086e-08
2.680705022460024476e-08
2.703687970510515910e-08
2.726867962210599950e-08
2.749858385877859731e-08
2.771657514901719234e-08
2.793629453561396255e-08
2.815775571781806890e-08
2.838097250347782529e-08
2.860595880990122781e-08
2.883272866472382933e-08
2.906129620678354583e-08
2.929167568700176925e-08
2.952388146927237816e-08
2.975792803135682327e-08
2.999382996578728959e-08
3.023160198077604580e-08
3.047125890113293319e-08
3.071281566918925027e-08
3.094051721357847139e-08
3.116332595249699989e-08
3.138773918088787859e-08
3.161376845299487444e-08
3.184142540626593316e-08
3.207072176195273959e-08
3.230166932571394411e-08
3.253427998822306759e-08
3.276856572578070772e-08
3.300453860093115248e-08
3.324221076308344063e-08
3.348159444913688227e-08
3.372270198411111237e-08
3.396554578178071704e-08
3.420475494213600189e-08
3.442309171415609873e-08
3.464282217971666531e-08
3.486395523508224450e-08
3.508649983330428777e-08
3.531046498458359921e-08
3.553585975663517519e-08
3.576269327505529382e-08
3.599097472369100664e-08
3.622071334501196624e-08
3.645191844048461625e-08
3.668459937094879679e-08
3.691876555699670568e-08
3.715442647935436104e-08
3.739159167926541973e-08
3.760684777863634178e-08
3.781228182019380995e-08
3.801883808145122999e-08
3.822652269273166372e-08
3.843534181784634842e-08
3.864530165427720602e-08
3.885640843336100654e-08
3.906866842047451099e-08
3.928208791521998483e-08
3.949667325161245838e-08
3.971243079826755643e-08
3.992936695859082991e-08
4.014748817096731928e-08
4.036680090895289124e-08
4.058020255872788799e-08
4.075912109031362084e-08
4.093882847555039408e-08
4.111932819250199937e-08
4.130062373456714445e-08
4.148271861054695110e-08
4.166561634471282362e-08
4.184932047687494603e-08
4.203383456245030941e-08
4.221916217253179138e-08
4.240530689395749370e-08
4.259227232937967620e-08
4.278006209733480904e-08
4.296867983231353898e-08
4.315812918483092028e-08
4.331507302266137507e-08
4.345487552168968750e-08
4.359512924329172400e-08
4.373583564382074913e-08
4.387699618433048459e-08
4.401861233059005139e-08
4.416068555309980544e-08
4.430321732710588266e-08
4.444620913261625291e-08
4.458966245441533131e-08
4.473357878208008509e-08
4.487795960999518096e-08
4.502280643736823825e-08
4.516812076824605498e-08
4.530537115407841341e-08
4.539068742116057267e-08
4.547616435054937861e-08
4.556180224479394222e-08
4.564760140701348725e-08
4.573356214089768766e-08
4.581968475070847418e-08
4.590596954128037183e-08
4.599241681802233294e-08
4.607902688691804152e-08
4.616580005452778605e-08
4.625273662798877047e-08
4.633983691501694719e-08
4.642710122390738773e-08
4.651452986353606937e-08
4.655770800126775550e-08
4.657451279083044023e-08
4.659132364600435190e-08
4.660814056897866703e-08
4.662496356194371354e-08
4.664179262709023629e-08
4.665862776661015139e-08
4.667546898269588452e-08
4.669231627754064882e-08
4.670916965333872947e-08
4.672602911228482853e-08
4.674289465657482598e-08
4.675976628840500547e-08
4.677664400997282191e-08
4.678437632725506162e-08
4.672089451812275933e-08
4.665749884757788599e-08
4.659418919873882845e-08
4.653096545488258044e-08
4.646782749944449779e-08
4.640477521601811311e-08
4.634180848835491741e-08
4.627892720036412852e-08
4.621613123611249252e-08
4.615342047982407203e-08
4.609079481588000795e-08
4.602825412881834742e-08
4.596579830333379233e-08
4.590342722427750748e-08
4.578798372235520710e-08
4.563758697404481820e-08
4.548768422394233784e-08
4.533827384944466486e-08
4.518935423327836172e-08
4.504092376348213819e-08
4.489298083338940107e-08
4.474552384161089011e-08
4.459855119201729390e-08
4.445206129372201807e-08
4.430605256106394025e-08
4.416052341359017161e-08
4.401547227603930147e-08
4.387089757832378831e-08
4.371864368491638453e-08
4.348191426806054087e-08
4.324646670288346275e-08
4.301229404836486928e-08
4.277938940106862851e-08
4.254774589493995914e-08
4.231735670110230144e-08
4.208821502765672269e-08
4.186031411948097179e-08
4.163364725803105521e-08
4.140820776114245554e-08
4.118398898283385148e-08
4.096098431311050692e-08
4.073918717777006217e-08
4.051859103820815976e-08
4.024567873611051374e-08
3.993518008401646787e-08
3.962707695402508596e-08
3.932135086449053213e-08
3.901798347635427995e-08
3.871695659204519390e-08
3.841825215438762449e-08
3.812185224551874131e-08
3.782773908581343645e-08
3.753589503281763214e-08
3.724630258019043581e-08
3.695894435665377292e-08
3.667380312495014605e-08
3.639086178080913553e-08
3.610483058800383663e-08
3.573995535978915902e-08
3.537876755871370243e-08
3.502122991965810464e-08
3.466730555410417502e-08
3.431695794632889089e-08
3.397015094963692736e-08
3.362684878263128375e-08
3.328701602552149712e-08
3.295061761646952888e-08
3.261761884797187531e-08
3.228798536327897403e-08
3.196168315285035786e-08
3.163867855084582747e-08
3.131893823165197437e-08
3.096285101186421136e-08
3.057847417829429090e-08
3.019886904840652265e-08
2.982397638565485051e-08
2.945373768886329122e-08
2.908809518309700693e-08
2.872699181064674137e-08
2.837037122212483258e-08
2.801817776767237240e-08
2.767035648827493826e-08
2.732685310718640779e-08
2.698761402145926463e-08
2.665258629357973112e-08
2.632171764320734092e-08
2.599313070961705676e-08
2.561731515415968689e-08
2.524693323935536053e-08
2.488190640419106013e-08
2.452215722350965419e-08
2.416760939158740739e-08
2.381818770594890814e-08
2.347381805141601545e-08
2.313442738438747662e-08
2.279994371734553997e-08
2.247029610358730907e-08
2.214541462217592533e-08
2.182523036310978869e-08
2.150967541270663023e-08
2.119868283919784086e-08
2.087586225976342227e-08
2.054316409670385243e-08
2.021576813703721147e-08
1.989358987966320146e-08
1.957654617017383726e-08
1.926455517939113049e-08
1.895753638224680605e-08
1.865541053699896571e-08
1.835809966477963389e-08
1.806552702946823905e-08
1.777761711788620991e-08
1.749429562030685980e-08
1.721548941127589728e-08
1.694112653073791071e-08
1.667099813479970203e-08
1.638662414692990416e-08
1.610710101227978968e-08
1.583234598496548303e-08
1.556227773058302933e-08
1.529681630213114211e-08
1.503588311634496043e-08
1.477940093043353804e-08
1.452729381921380189e-08
1.427948715263503244e-08
1.403590757368628233e-08
1.379648297668095138e-08
1.356114248591175815e-08
1.332981643466956009e-08
1.310243634462047366e-08
1.287120405146121251e-08
1.263627672482772052e-08
1.240563733027725613e-08
1.217920760377036805e-08
1.195691070975575867e-08
1.173867121509718224e-08
1.152441506347636726e-08
1.131406955026312559e-08
1.110756329784403053e-08
1.090482623140162883e-08
1.070578955513552102e-08
1.051038572891747322e-08
1.031854844537280834e-08
1.013021260737990226e-08
9.945314305980469490e-09
9.748055678595679478e-09
9.554405141684172975e-09
9.364601580178114022e-09
9.178568571775693024e-09
8.996231212346545007e-09
8.817516085772547608e-09
8.642351234387365494e-09
8.470666130003790967e-09
8.302391645516097522e-09
8.137460027066921018e-09
7.975804866766848030e-09
7.817361075956145009e-09
7.662064858997309081e-09
7.509853687588707894e-09
7.355816632898880534e-09
7.199528197697733119e-09
7.046560410114167965e-09
6.896842716619504387e-09
6.750306062730090435e-09
6.606882861157277541e-09
6.466506960633937924e-09
6.329113615403617351e-09
6.194639455357560582e-09
6.063022456806610324e-09
5.934201913873869688e-09
5.808118410495173629e-09
5.684713793014716855e-09
5.563931143362575990e-09
5.445714752802479302e-09
5.329003827270906169e-09
5.214746734321770258e-09
5.102939383146601966e-09
4.993529249787312416e-09
4.886464936431534753e-09
4.781696147267356065e-09
4.679173664855752702e-09
4.578849327009599269e-09
4.480676004168498783e-09
4.384607577258525127e-09
4.290598916026848236e-09
4.198605857840792254e-09
4.108585186941447627e-09
4.020494614142191394e-09
3.934853315382793023e-09
3.851732712994738928e-09
3.770367966286052865e-09
3.690721984221817743e-09
3.612758459285294452e-09
3.536441850926765312e-09
3.461737369361913030e-09
3.388610959712597008e-09
3.317029286482492626e-09
3.246959718360760172e-09
3.178370313346640401e-09
3.111229804188415959e-09
3.045507584129839556e-09
2.981173692957665398e-09
2.918198803344022945e-09
2.856754778198089480e-09
2.796619865703308170e-09
2.737750797840478984e-09
2.680120928480649800e-09
2.623704172397975620e-09
2.568474993462686013e-09
2.514408393082548802e-09
2.461479898887640633e-09
2.409665553653347650e-09
2.358941904456546712e-09
2.309285992059948268e-09
2.260675340520051364e-09
2.213087947013701410e-09
2.166502271878901361e-09
2.121607901506361894e-09
2.078629139218609813e-09
2.036521025087141648e-09
1.995265921837823991e-09
1.954846549486017122e-09
1.915245978098758304e-09
1.876447620703484659e-09
1.838435226340531217e-09
1.801192873256248207e-09
1.764704962234089191e-09
1.728956210060791432e-09
1.693931643124848086e-09
1.659616591144762766e-09
1.625996681024253360e-09
1.593057830832001554e-09
1.561719646759824303e-09
1.531098823391892289e-09
1.501078386159644035e-09
1.471646563220507939e-09
1.442791813543833171e-09
1.414502822385352081e-09
1.386768496850312842e-09
1.359577961543697885e-09
1.332920554305639029e-09
1.306785822030508564e-09
1.281163516567984330e-09
1.256043590704427427e-09
1.231416194223136764e-09
1.207271670041768592e-09
1.183887272030869202e-09
1.161400556786445252e-09
1.139340953459207293e-09
1.117700349499677826e-09
1.096470786447891072e-09
1.075644457006585600e-09
1.055213702170060629e-09
1.035171008407496174e-09
1.015509004899838100e-09
9.962204608291229160e-10
9.772982827192933110e-10
9.587355118275387198e-10
9.405253215851852427e-10
9.226610150871757060e-10
9.051360226292356516e-10
8.881723791003179357e-10
8.715589595505868346e-10
8.552562969165515672e-10
8.392585784358024308e-10
8.235601000746666247e-10
8.081552644944177272e-10
7.930385790555281396e-10
7.782046538592528115e-10
7.636481998258441424e-10
7.493640268087186346e-10
7.353470417438824297e-10
7.215922468340028917e-10
7.080947377664135162e-10
6.948497019644821368e-10
6.818246811235150599e-10
6.689955968485511669e-10
6.564079021974755697e-10
6.440570552287689570e-10
6.319385994612252757e-10
6.200481622659456037e-10
6.083814532885900830e-10
5.969342629013144698e-10
5.857024606838363669e-10
5.746819939330801325e-10
5.638688862008650730e-10
5.532592358591096957e-10
5.428492146920219016e-10
5.326350665148011440e-10
5.226131058183071306e-10
5.125424856524771476e-10
5.026240564862964648e-10
4.928975630910584660e-10
4.833592912354498880e-10
4.740055985638443091e-10
4.648329132053933991e-10
4.558377324100532906e-10
4.470166212109945995e-10
4.383662111129079025e-10
4.298831988056737783e-10
4.215643449029417388e-10
4.134064727051209652e-10
4.054064669862831822e-10
3.975612728045829485e-10
3.897443870406832456e-10
3.818400315742358333e-10
3.740959833178918623e-10
3.665089911018727744e-10
3.590758696929535257e-10
3.517934984572118026e-10
3.446588200498980090e-10
3.376688391318755866e-10
3.308206211120933299e-10
3.241112909155600409e-10
3.175380317763121879e-10
3.110980840548481195e-10
3.047887440795592527e-10
2.986073630116506577e-10
2.925513457330844572e-10
2.863195140917880097e-10
2.801566710894180071e-10
2.741264793106037909e-10
2.682260835232513023e-10
2.624526899523036262e-10
2.568035649569069831e-10
2.512760337360660619e-10
2.458674790621541947e-10
2.405753400416783574e-10
2.353971109027334108e-10
2.303303398085356154e-10
2.253726276965086332e-10
2.205216271423518061e-10
2.157750412485596868e-10
2.110319253033425758e-10
2.061758592363039941e-10
2.014315363456294871e-10
1.967963853035620326e-10
1.922678939512948669e-10
1.878436079374340840e-10
1.835211293877839278e-10
1.792981156057533789e-10
1.751722778026561973e-10
1.711413798572365991e-10
1.672032371037348362e-10
1.633557151478450218e-10
1.595967287099114707e-10
1.559242404947544130e-10
1.523362600874922636e-10
1.486333022885355268e-10
1.449704494027988421e-10
1.413978622317840381e-10
1.379133163074307413e-10
1.345146419804789903e-10
1.311997230695369107e-10
1.279664955434458472e-10
1.248129462361108873e-10
1.217371115930054748e-10
1.187370764485665662e-10
1.158109728337166230e-10
1.129569788127772692e-10
1.101733173490413201e-10
1.074582551983011881e-10
1.047588472992850951e-10
1.019994285662038006e-10
9.931269478471164294e-11
9.669673138413318273e-11
9.414967422487664775e-11
9.166970827004508371e-11
8.925506629203827912e-11
8.690402761322358418e-11
8.461491687977836523e-11
8.238610286783028214e-11
8.021599732104459434e-11
7.810305381883025518e-11
7.604576667435815137e-11
7.404266986160633788e-11
7.209233597066761756e-11
7.010004932960811089e-11
6.813536207666604088e-11
6.622573892194937272e-11
6.436963658934134807e-11
6.256555505597558001e-11
6.081203633997969134e-11
5.910766332219739990e-11
5.745105860093275253e-11
5.584088337879363909e-11
5.427583638073107262e-11
5.275465280240621952e-11
5.127610328802669541e-11
4.983899293683664310e-11
4.844216033744622664e-11
4.706476675287490231e-11
4.567041218140766931e-11
4.431736716706990812e-11
4.300440786081693434e-11
4.173034667171486017e-11
4.049403119274626050e-11
3.929434315844189086e-11
3.813019743339298986e-11
3.700054103073039665e-11
3.590435215968234315e-11
3.484063930135034980e-11
3.380844031186504503e-11
3.280682155211289377e-11
3.183487704324713423e-11
3.089172764721526732e-11
2.994313261280977809e-11
2.901235840699297487e-11
2.811051706646494929e-11
2.723670922090744367e-11
2.639006345668599256e-11
2.556973544782405561e-11
2.477490711399058820e-11
2.400478580466079555e-11
2.325860350863809918e-11
2.253561608814683123e-11
2.183510253673349072e-11
2.115636426023592484e-11
2.049872438010292710e-11
1.986152705837086504e-11
1.923837430044698914e-11
1.861584303275593269e-11
1.801345614801536517e-11
1.743056179757852188e-11
1.686652922585744175e-11
1.632074808777669758e-11
1.579262778831282921e-11
1.528159684340585876e-11
1.478710226155094148e-11
1.430860894540069339e-11
1.384559911273157158e-11
1.339757173614649788e-11
1.296404200090835105e-11
1.254454078031732319e-11
1.213861412806419210e-11
1.174582278701097240e-11
1.136574171386631716e-11
1.099795961924214107e-11
1.064207852259345229e-11
1.029771332155960240e-11
9.964491375241579622e-12
9.642052100963522128e-12
9.330046584082785888e-12
9.028137200426079541e-12
8.735997250942990707e-12
8.453310608181873254e-12
8.179771374205359713e-12
7.915083549575148107e-12
7.658960713048230025e-12
7.411125711637578682e-12
7.171310360702425328e-12
6.939255153742949142e-12
6.714708981585828249e-12
6.497428860656612114e-12
6.287179670044750800e-12
6.083733897077153466e-12
5.886871391124428300e-12
5.696379125373795071e-12
5.512050966310739369e-12
5.333687450659865772e-12
5.161095569543901898e-12
4.994088559626842019e-12
4.832485701015568253e-12
4.676112121701131792e-12
4.524798608327993283e-12
4.378381423086738295e-12
4.236702126531735664e-12
4.099607406132314225e-12
3.966948910371807620e-12
3.838583088214888979e-12
3.714371033769724265e-12
3.594178335976445381e-12
3.477874933159755079e-12
3.365334972287888639e-12
3.256436672785796540e-12
3.151062194755296629e-12
3.049097511459327808e-12
2.950432285932536853e-12
2.854959751584595368e-12
2.762576596666998693e-12
2.673182852478499843e-12
2.586681785187966233e-12
2.502979791157783563e-12
2.421986295654467789e-12
2.343613654836833249e-12
2.267777060915810365e-12
2.194394450383078375e-12
2.123386415209365323e-12
2.054676116916261616e-12
1.988189203428529723e-12
1.923853728617059937e-12
1.861600074445235355e-12
1.801360875634594155e-12
1.743070946768212724e-12
1.686667211752945772e-12
1.632088635564150774e-12
1.579276158199148841e-12
1.528172630767772327e-12
1.478722753651048760e-12
1.430873016660927965e-12
1.384571641136377821e-12
1.339768523913230090e-12
1.296415183107042577e-12
1.254464705650389152e-12
1.213871696527784502e-12
1.174592229653279513e-12
1.136583800337652018e-12
1.099805279293653266e-12
1.064216868129613827e-12
1.029780056283227086e-12
9.964575793488808565e-13
9.642133787535110745e-13
9.330125627372557811e-13
9.028213685967503186e-13
8.736071261501844502e-13
8.453382223845695048e-13
8.179840672470148871e-13
7.915150605429223979e-13
7.659025599053347138e-13
7.411188498007571301e-13
7.171371115378996470e-13
6.939313942469319331e-13
6.714765867977843772e-13
6.497483906271586395e-13
6.287232934448072639e-13
6.083785437906746741e-13
5.886921264153145136e-13
5.696427384569694605e-13
5.512097663895539898e-13
5.333732637165518979e-13
5.161139293867137292e-13
4.994130869082170514e-13
4.832526641386459121e-13
4.676151737289535056e-13
4.524836942002357789e-13
4.378418516328281628e-13
4.236738019479412495e-13
4.099642137626228054e-13
3.966982517995227040e-13
3.838615608334978248e-13
3.714402501576787531e-13
3.594208785522115226e-13
3.477904397393778223e-13
3.365363483093781951e-13
3.256464261015405657e-13
3.151088890262096439e-13
3.049123343130783265e-13
2.950457281721348028e-13
2.854983938538934375e-13
2.762600000959825630e-13
2.673205499435812541e-13
2.586703699316255948e-13
2.503000996170539596e-13
2.422006814497838154e-13
2.343633509714465742e-13
2.267796273312848930e-13
2.194413041089443057e-13
2.123404404342238566e-13
2.054693523941848556e-13
1.988206047183157602e-13
1.923870027327509059e-13
1.861615845748497109e-13
1.801376136596947615e-13
1.743085713903692225e-13
1.686681501041211017e-13
1.632102462467777913e-13
1.579289537680356791e-13
1.528185577304633375e-13
1.478735281253134966e-13
1.430885138884472694e-13
1.384583371098966928e-13
1.339779874307963757e-13
1.296426166216291833e-13
1.254475333359082262e-13
1.213881980336262344e-13
1.174602180689760386e-13
1.136593429370243411e-13
1.099814596742023688e-13
