6.674741798520368070e-10
6.762421925089733891e-10
6.851253827237462007e-10
6.941252634811442572e-10
7.032433676406986675e-10
7.124812481977372165e-10
7.218404785479097973e-10
7.313226527551611184e-10
7.409293858232225480e-10
7.506623139707000223e-10
7.605230949097311345e-10
7.705134081283477865e-10
7.806349551765175194e-10
7.908894599559414852e-10
8.012786690136923967e-10
8.117591115332680451e-10
8.223282970596048106e-10
8.330350944477614200e-10
8.438812954180651103e-10
8.548687150192226742e-10
8.659991919320476366e-10
8.772745887771773352e-10
8.886967924267434096e-10
9.002677143201537891e-10
9.119892907839504087e-10
9.238634833558309500e-10
9.358922791129271521e-10
9.480776910042995709e-10
9.604217581878247712e-10
9.729265463714045384e-10
9.854737014066241993e-10
9.981793302476825603e-10
1.011048771683650490e-09
1.024084137736423439e-09
1.037287567658015498e-09
1.050661228281623131e-09
1.064207314377252238e-09
1.077928049011892452e-09
1.091825683914333772e-09
1.105902499844728529e-09
1.120160806968871171e-09
1.134602945237332365e-09
1.149231284769453810e-09
1.164048226242338199e-09
1.178981504175492401e-09
1.194017567913823725e-09
1.209245393110619182e-09
1.224667425383135871e-09
1.240286141538650687e-09
1.256104049972240732e-09
1.272123691069635982e-09
1.288347637615205449e-09
1.304778495205170707e-09
1.321418902666040165e-09
1.338271532478428499e-09
1.355339091206258126e-09
1.372624319931437246e-09
1.390129994694084533e-09
1.407858926938358597e-09
1.425615726170798643e-09
1.443585191388075090e-09
1.461781156407694693e-09
1.480206476192776155e-09
1.498864041692405472e-09
1.517756780295228274e-09
1.536887656288765025e-09
1.556259671324486910e-09
1.575875864888814338e-09
1.595739314779989459e-09
1.615853137590992893e-09
1.636220489198539403e-09
1.656844565258237522e-09
1.677728601705997690e-09
1.698756053418673383e-09
1.719888459281414458e-09
1.741283750787233336e-09
1.762945198215060372e-09
1.784876112525837343e-09
1.807079845868656029e-09
1.829559792093085552e-09
1.852319387267944489e-09
1.875362110206528920e-09
1.898691482998297450e-09
1.922311071547284104e-09
1.946224486117095784e-09
1.970435381882763749e-09
1.994947459489464828e-09
2.019764465618108230e-09
2.044551039857948291e-09
2.069611983660731622e-09
2.094980110259180099e-09
2.120659184925274969e-09
2.146653019083594348e-09
2.172965470876955872e-09
2.199600445739123877e-09
2.226561896974449182e-09
2.253853826344611871e-09
2.281480284662646166e-09
2.309445372394112957e-09
2.337753240265783963e-09
2.366408089881641901e-09
2.395414174346579625e-09
2.424580540604071641e-09
2.453813843878292521e-09
2.483399614726176714e-09
2.513342102869006653e-09
2.543645609267151154e-09
2.574314486737940379e-09
2.605353140580825373e-09
2.636766029210229955e-09
2.668557664795930382e-09
2.700732613911154662e-09
2.733295498188603368e-09
2.766250994984216177e-09
2.799603838049120451e-09
2.833358818209500916e-09
2.867520784054846600e-09
2.901549679042246856e-09
2.935916648891552024e-09
2.970690673159094258e-09
3.005876573139883087e-09
3.041479227233985589e-09
3.077503571622983113e-09
3.113954600954318483e-09
3.150837369033750389e-09
3.188156989526118476e-09
3.225918636664299574e-09
3.264127545966555687e-09
3.302789014962498715e-09
3.341908403927536265e-09
3.381491136626011950e-09
3.421227497386601243e-09
3.460910866187915961e-09
3.501054528775780282e-09
3.541663824171950361e-09
3.582744153326398531e-09
3.624300979835526931e-09
3.666339830668931702e-09
3.708866296904376123e-09
3.751886034471433009e-09
3.795404764903759162e-09
3.839428276099942711e-09
3.883962423093399398e-09
3.929013128830957579e-09
3.974586384960726238e-09
4.020688252628854391e-09
4.066389238037518114e-09
4.112464325943694189e-09
4.159061477430430722e-09
4.206186607850135589e-09
4.253845699580372126e-09
4.302044802783307710e-09
4.350790036173739384e-09
4.400087587795916531e-09
4.449943715808987753e-09
4.500364749281520249e-09
4.551357088994940349e-09
4.602927208256087919e-09
4.655081653718982244e-09
4.707827046215900322e-09
4.760669761919839908e-09
4.813180506772582907e-09
4.866270451289024218e-09
4.919945984109227351e-09
4.974213564340784604e-09
5.029079722335938365e-09
5.084551060477483754e-09
5.140634253973330196e-09
5.197336051659650783e-09
5.254663276813071065e-09
5.312622827971821996e-09
5.371221679765752816e-09
5.430466883755696859e-09
5.490365569282095167e-09
5.550924944322759627e-09
5.610589090102435192e-09
5.670594065755076283e-09
5.731240791684806595e-09
5.792536131379374815e-09
5.854487021731292409e-09
5.917100473822697321e-09
5.980383573719007303e-09
6.044343483270663899e-09
6.108987440923847198e-09
6.174322762539466531e-09
6.240356842221278280e-09
6.307097153152618773e-09
6.374551248442077344e-09
6.442726761978471871e-09
6.510843217901320880e-09
6.578039895694359198e-09
6.645930092491792064e-09
6.714520965918475863e-09
6.783819747471180006e-09
6.853833743281051410e-09
6.924570334883787481e-09
6.996036979998030437e-09
7.068241213311523903e-09
7.141190647275542955e-09
7.214892972907356102e-09
7.289355960601259325e-09
7.364587460947689204e-09
7.440595405560963527e-09
7.517387807915385531e-09
7.592400792526103677e-09
7.667567133736915863e-09
7.743477637302384995e-09
7.820139670584001323e-09
7.897560673881664199e-09
7.975748161155873610e-09
8.054709720756803865e-09
8.134453016160868226e-09
8.214985786714579272e-09
8.296315848385491581e-09
8.378451094520848775e-09
8.461399496613777764e-09
8.545169105076730738e-09
8.629768050022917730e-09
8.713980431513743193e-09
8.796134453925364580e-09
8.879063011401811106e-09
8.962773406136561286e-09
9.047273009167011642e-09
9.132569261023530586e-09
9.218669672384618553e-09
9.305581824738267024e-09
9.393313371049561110e-09
9.481872036434414853e-09
9.571265618840019920e-09
9.661501989731339343e-09
9.752589094784251782e-09
9.844534954585207354e-09
9.937347665337472791e-09
1.002688052172208814e-08
1.011608519493013070e-08
1.020608348223431510e-08
1.029688244406442579e-08
1.038848920366375718e-08
1.048091094764789067e-08
1.057415492656858203e-08
1.066822845548243647e-08
1.076313891452486946e-08
1.085889374948903883e-08
1.095550047241006752e-08
1.105296666215421959e-08
1.115129996501355366e-08
1.125050809530583406e-08
1.134876216006824624e-08
1.144295704597172538e-08
1.153793375075600011e-08
1.163369876352879624e-08
1.173025862725753632e-08
1.182761993921635461e-08
1.192578935143685928e-08
1.202477357116261518e-08
1.212457936130740028e-08
1.222521354091724886e-08
1.232668298563644872e-08
1.242899462817715475e-08
1.253215545879315829e-08
1.263617252575745651e-08
1.274105293584380726e-08
1.284032158869635800e-08
1.293830465608153455e-08
1.303703542136725734e-08
1.313651959015313065e-08
1.323676291157755424e-08
1.333777117864996703e-08
1.343955022858561708e-08
1.354210594314289403e-08
1.364544424896322928e-08
1.374957111791360331e-08
1.385449256743164377e-08
1.396021466087337885e-08
1.406674350786363265e-08
1.417408526464909728e-08
1.427962107816099036e-08
1.437788223617320899e-08
1.447681955044480057e-08
1.457643767375314212e-08
1.467674129089225500e-08
1.477773511889336600e-08
1.487942390724648421e-08
1.498181243812401444e-08
1.508490552660539792e-08
1.518870802090377137e-08
1.529322480259386855e-08
1.539846078684150657e-08
1.550442092263494503e-08
1.561111019301737341e-08
1.571853361532150275e-08
1.581695439060623320e-08
1.591243412549342016e-08
1.600849022796370839e-08
1.610512617728517848e-08
1.620234547372856281e-08
1.630015163869424088e-08
1.639854821483963181e-08
1.649753876620757271e-08
1.659712687835538866e-08
1.669731615848481961e-08
1.679811023557253960e-08
1.689951276050178429e-08
1.700152740619448813e-08
1.710415786774432813e-08
1.720383809868208232e-08
1.729140014341989415e-08
1.737940785101707626e-08
1.746786348975530771e-08
1.755676933946111821e-08
1.764612769156463446e-08
1.773594084915862758e-08
1.782621112705788159e-08
1.791694085185880659e-08
1.800813236199955497e-08
1.809978800782007803e-08
1.819191015162284103e-08
1.828450116773367725e-08
1.837756344256297280e-08
1.847109937466718910e-08
1.855095860684808786e-08
1.862527625371032119e-08
1.869989162710803271e-08
1.877480591977387864e-08
1.885002032921891592e-08
1.892553605775147846e-08
1.900135431249650007e-08
1.907747630541495324e-08
1.915390325332296030e-08
1.923063637791137442e-08
1.930767690576543347e-08
1.938502606838411268e-08
1.946268510219994393e-08
1.954065524859889785e-08
1.961439994146876067e-08
1.966947432878535554e-08
1.972470335698555368e-08
1.978008746027850131e-08
1.983562707409250964e-08
1.989132263507862163e-08
1.994717458111381816e-08
2.000318335130460798e-08
2.005934938599041257e-08
2.011567312674718251e-08
2.017215501639063018e-08
2.022879549897986596e-08
2.028559501982081621e-08
2.034255402546988270e-08
2.039967296373721161e-08
2.043776829103301610e-08
2.046691245588751090e-08
2.049609818018886078e-08
2.052532552320064571e-08
2.055459454427095706e-08
2.058390530283251670e-08
2.061325785840280274e-08
2.064265227058415209e-08
2.067208859906390604e-08
2.070156690361451948e-08
2.073108724409367334e-08
2.076064968044441362e-08
2.079025427269526053e-08
2.081990108096033755e-08
2.084419695011894889e-08
2.084162271263940524e-08
2.083904879307565904e-08
2.083647519138840598e-08
2.083390190753838476e-08
2.083132894148634730e-08
2.082875629319304554e-08
2.082618396261918841e-08
2.082361194972563372e-08
2.082104025447309370e-08
2.081846887682235005e-08
2.081589781673417127e-08
2.081332707416934567e-08
2.081075664908861196e-08
2.080818654145284780e-08
2.078193699159126257e-08
2.074320577951626373e-08
2.070454675064485286e-08
2.066595977044948380e-08
2.062744470465328583e-08
2.058900141922977248e-08
2.055062978040210702e-08
2.051232965464282118e-08
2.047410090867329243e-08
2.043594340946326085e-08
2.039785702423050489e-08
2.035984162044015320e-08
2.032189706580438016e-08
2.028402322828189969e-08
2.024068097122967225e-08
2.016363417542181731e-08
2.008688066069239366e-08
2.001041931065773068e-08
1.993424901318358640e-08
1.985836866036913325e-08
1.978277714853080163e-08
1.970747337818623254e-08
1.963245625403827992e-08
1.955772468495903620e-08
1.948327758397413562e-08
1.940911386824669046e-08
1.933523245906170032e-08
1.926163228181034228e-08
1.918831226597430745e-08
1.908954067712514242e-08
1.897607328874797382e-08
1.886328034552602567e-08
1.875115783858702693e-08
1.863970178288726206e-08
1.852890821706994119e-08
1.841877320332436429e-08
1.830929282724611779e-08
1.820046319769772435e-08
1.809228044667049716e-08
1.798474072914701613e-08
1.787784022296447771e-08
1.777157512867884530e-08
1.766594166942981044e-08
1.755632817200390068e-08
1.741177559478489948e-08
1.726841321219976148e-08
1.712623122460811190e-08
1.698521991305645223e-08
1.684536963861358342e-08
1.670667084171188562e-08
1.656911404149382561e-08
1.643268983516385748e-08
1.629738889734581582e-08
1.616320197944527191e-08
1.603011990901744537e-08
1.589813358914031041e-08
1.576723399779256264e-08
1.563741218723706839e-08
1.548655493437233267e-08
1.532260567376802093e-08
1.516039207097573349e-08
1.499989575135907529e-08
1.484109853480584143e-08
1.468398243366854257e-08
1.452852965072691016e-08
1.437472257717194154e-08
1.422254379061117368e-08
1.407197605309533800e-08
1.392300230916562845e-08
1.377560568392178648e-08
1.362976948111063879e-08
1.348547718123472247e-08
1.334008118616675761e-08
1.316902563609263824e-08
1.300016347605884018e-08
1.283346658093374299e-08
1.266890718622512274e-08
1.250645788345589310e-08
1.234609161559901294e-08
1.218778167257092704e-08
1.203150168678292745e-08
1.187722562874930096e-08
1.172492780275204239e-08
1.157458284256103203e-08
1.142616570720910147e-08
1.127965167682138072e-08
1.113501634849789745e-08
1.097970502286055400e-08
1.081739345662550730e-08
1.065748132138417258e-08
1.049993314665698339e-08
1.034471398631988600e-08
1.019178941085294571e-08
1.004112549970332408e-08
9.892688833761353248e-09
9.746446487947859470e-09
9.602366023910657909e-09
9.460415482829811776e-09
9.320563378328343753e-09
9.182778689488373242e-09
9.047030853970259107e-09
8.912552171718936060e-09
8.768802908872543407e-09
8.627372157062167411e-09
8.488222521359111445e-09
8.351317209972171829e-09
8.216620024519583542e-09
8.084095350458035959e-09
7.953708147666025590e-09
7.825423941179094084e-09
7.699208812074493085e-09
7.575029388502860603e-09
7.452852836864562996e-09
7.332646853128335177e-09
7.214379654289955062e-09
7.098019969968670877e-09
6.979384527453855833e-09
6.859355282862378112e-09
6.741390263203704367e-09
6.625453968591223127e-09
6.511511509654127136e-09
6.399528597037985025e-09
6.289471531085745885e-09
6.181307191696462777e-09
6.075003028358171662e-09
5.970527050352326776e-09
5.867847817126554842e-09
5.766934428833219296e-09
5.667756517030448573e-09
5.570284235543242871e-09
5.474275324802418398e-09
5.373960819268095139e-09
5.275484547915199490e-09
5.178812825636201047e-09
5.083912584593403414e-09
4.990751362907569442e-09
4.899297293554035633e-09
4.809519093462088801e-09
4.721386052814201983e-09
4.634868024541336966e-09
4.549935414010738364e-09
4.466559168902722744e-09
4.384710769272869536e-09
4.304362217796514281e-09
4.225486030191816929e-09
4.144768378857034264e-09
4.062625767919317370e-09
3.982111090780285789e-09
3.903192084422941976e-09
3.825837125231130402e-09
3.750015216317707119e-09
3.675695975103689978e-09
3.602849621143727935e-09
3.531446964192754301e-09
3.461459392509228534e-09
3.392858861390044031e-09
3.325617881932802633e-09
3.259709510020713218e-09
3.195107335525875070e-09
3.131759831787887425e-09
3.066235565670644482e-09
3.002082231451378801e-09
2.939271145798247032e-09
2.877774225506607368e-09
2.817563974942868252e-09
2.758613473750981802e-09
2.700896364816264873e-09
2.644386842480932403e-09
2.589059641006246397e-09
2.534890023276068883e-09
2.481853769736708937e-09
2.429927167568281433e-09
2.379087000082524270e-09
2.329310536342491489e-09
2.280744700845716462e-09
2.233361182310625760e-09
2.186962078132797992e-09
2.141526936651894409e-09
2.097035731100209598e-09
2.053468850775336228e-09
2.010807092396212853e-09
1.969031651638762958e-09
1.928124114847376063e-09
1.888066450918587152e-09
1.848841003353415128e-09
1.810430482474701665e-09
1.772817957806329936e-09
1.735986850610541543e-09
1.699920926580518754e-09
1.665346212956851930e-09
1.631489075361288537e-09
1.598320266569210591e-09
1.565825792587766947e-09
1.533991943927434267e-09
1.502805289817936525e-09
1.472252672541810280e-09
1.442321201883111002e-09
1.412998249689007636e-09
1.384271444541944541e-09
1.356128666540089013e-09
1.328558042183954272e-09
1.301547939366919844e-09
1.275086962467626479e-09
1.249354953410346095e-09
1.224355599456052380e-09
1.199856477798769060e-09
1.175847578885801986e-09
1.152319093453674569e-09
1.129261408520417862e-09
1.106665103457981561e-09
1.084520946143282788e-09
1.062819889186272014e-09
1.041553066233428131e-09
1.020711788345287839e-09
1.000287540446393878e-09
9.802719778463222591e-10
9.606569228303225430e-10
9.414343613181380614e-10
9.234036813230611112e-10
9.057565310593227853e-10
8.884466351500232355e-10
8.714675483335825504e-10
8.548129485236929975e-10
8.384766344553218183e-10
8.224525233756846286e-10
8.067346487793805433e-10
7.913171581867768540e-10
7.761943109648652944e-10
7.613604761897788444e-10
7.468101305501108714e-10
7.325378562903670080e-10
7.185383391936724354e-10
7.050197343491162567e-10
6.920212780953291336e-10
6.792624745161405481e-10
6.667389051326670499e-10
6.544462329295747111e-10
6.423802008531186911e-10
6.305366303369017270e-10
6.189114198547990973e-10
6.075005435005635712e-10
5.963000495936317186e-10
5.853060593106082837e-10
5.745147653420083122e-10
5.639224305737521409e-10
5.535253867929689517e-10
5.433200334176744109e-10
5.335688279840742086e-10
5.240130981866319020e-10
5.146285027718106276e-10
5.054119768793039185e-10
4.963605105376591548e-10
4.874711476812518848e-10
4.787409851848960498e-10
4.701671719157226380e-10
4.617469078020395821e-10
4.534774429188840048e-10
4.453560765899326344e-10
4.373801565055055358e-10
4.295470778563655787e-10
4.218542824830218557e-10
4.143218861108000032e-10
4.069554376699363493e-10
3.997199612207800507e-10
3.926131281428654119e-10
3.856326512174992346e-10
3.787762838916670083e-10
3.720418195550093806e-10
3.654270908296623730e-10
3.589299688727232667e-10
3.525483626911114807e-10
3.462802184686267443e-10
3.401235189049498969e-10
3.340762825664176734e-10
3.281365632483263185e-10
3.223024493485731084e-10
3.164775252994492190e-10
3.107476447338274869e-10
3.051215046510890768e-10
2.995972268117723762e-10
2.941729669822674100e-10
2.888469143191340402e-10
2.836172907645672002e-10
2.784823504528072270e-10
2.734403791272971836e-10
2.684896935683928852e-10
2.636286410314342938e-10
2.588555986949903040e-10
2.541689731190928712e-10
2.495671997132852764e-10
2.449729319829011374e-10
2.403456186753504152e-10
2.358057110590036690e-10
2.313515581207682037e-10
2.269815400336697000e-10
2.226940675677751027e-10
2.184875815122426636e-10
2.143605521082889853e-10
2.103114784928666585e-10
2.063388881528504785e-10
2.024413363895334092e-10
1.986174057932378792e-10
1.948657057278510234e-10
1.911848718250968735e-10
1.875735654883608562e-10
1.838361389441534011e-10
1.801457626481270962e-10
1.765294679624114007e-10
1.729857677527568022e-10
1.695132047380460913e-10
1.661103508910195596e-10
1.627758068510195715e-10
1.595082013485343240e-10
1.563061906412856886e-10
1.531684579616416198e-10
1.500937129751177997e-10
1.470806912497528032e-10
1.441281537361350761e-10
1.412348862578649250e-10
1.383225089271416096e-10
1.353363445948290205e-10
1.324146468304578423e-10
1.295560239027234002e-10
1.267591141255995721e-10
1.240225852097107981e-10
1.213451336277017440e-10
1.187254839933128302e-10
1.161623884538578315e-10
1.136546260958177568e-10
1.112010023632661480e-10
1.088003484888527001e-10
1.064515209370641284e-10
1.041534008595127456e-10
1.019048935619798961e-10
9.955534409213369383e-11
9.723368551792267226e-11
9.496616867346330712e-11
9.275153095841799378e-11
9.058853921664305889e-11
8.847598904954234696e-11
8.641270414543340797e-11
8.439753562455179308e-11
8.242936139933170881e-11
8.050708554960510635e-11
7.862963771236960563e-11
7.679597248578883735e-11
7.500506884708982002e-11
7.325592958403820936e-11
7.150230328497358589e-11
6.970267235830262067e-11
6.794833607702654585e-11
6.623815442689547040e-11
6.457101608650976162e-11
6.294583770515417309e-11
6.136156319880788364e-11
5.981716306387326209e-11
5.831163370817618893e-11
5.684399679880668321e-11
5.541329862637127743e-11
5.401860948524756325e-11
5.265902306943706303e-11
5.133365588362265676e-11
5.004164666905123110e-11
4.870585083777898139e-11
4.738951584445903437e-11
4.610875640900007631e-11
4.486261105858246477e-11
4.365014430536215480e-11
4.247044594419448167e-11
4.132263036933786127e-11
4.020583590962613941e-11
3.911922418160619898e-11
3.806197946016024597e-11
3.703330806613602096e-11
3.603243777052805463e-11
3.505861721476080812e-11
3.411111534664021682e-11
3.317080487282653808e-11
3.221612244968105933e-11
3.128891655393843223e-11
3.038839638905763762e-11
2.951379391825727141e-11
2.866436320947214807e-11
2.783937979916138906e-11
2.703814007442672605e-11
2.625996067291504189e-11
2.550417789999050729e-11
2.477014716268263829e-11
2.405724241992458695e-11
2.336485564861454414e-11
2.269239632504432608e-11
2.203929092125238959e-11
2.137734419203221170e-11
2.072833735608635031e-11
2.009903408431192694e-11
1.948883618510378803e-11
1.889716362769255761e-11
1.832345399078954232e-11
1.776716192797126456e-11
1.722775864929325668e-11
1.670473141864289209e-11
1.619758306635232217e-11
1.570583151660734796e-11
1.522900932920519354e-11
1.476666325522368663e-11
1.431835380617983247e-11
1.387822745301363634e-11
1.343817051539256596e-11
1.301206709661997831e-11
1.259947475238547998e-11
1.219996506759759357e-11
1.181312321153876634e-11
1.143854750712626734e-11
1.107584901383085095e-11
1.072465112382071367e-11
1.038458917091061717e-11
1.005531005191109814e-11
9.736471859983860643e-12
9.427743529622923813e-12
9.128804492893033622e-12
8.839344346567815859e-12
8.551533337804280410e-12
8.270888891321075895e-12
7.999454641679842650e-12
7.736928328397827406e-12
7.483017610584855134e-12
7.237439741401733155e-12
6.999921253202427156e-12
6.770197653009408909e-12
6.548013127982628578e-12
6.333120260554565033e-12
6.125279752913972096e-12
5.924260160531408425e-12
5.729837634430172398e-12
5.541795671915157942e-12
5.358674019750862210e-12
5.178057086386243498e-12
5.003527941996601679e-12
4.834881394444596536e-12
4.671919167701993540e-12
4.514449668738694954e-12
4.362287762268703968e-12
4.215254553088404064e-12
4.073177175751396452e-12
3.935888591332285870e-12
3.803227391040733534e-12
3.675037606454800803e-12
3.551168526150406344e-12
3.431474518511543077e-12
3.315814860512552938e-12
3.202353069965236095e-12
3.092199689866699353e-12
2.985835325807941651e-12
2.883129644588684048e-12
2.783956796162828242e-12
2.688195259428542563e-12
2.595727693322817324e-12
2.506440793037952008e-12
2.420225151184012218e-12
2.336975123726763471e-12
2.256588700537176499e-12
2.178967380393672031e-12
2.104016050283959126e-12
2.031642868858685247e-12
1.961514376199703391e-12
1.893004798912660236e-12
1.826888047412162413e-12
1.763080547759046461e-12
1.701501644991074558e-12
1.642073501172213166e-12
1.584720997002695206e-12
1.529371636865503509e-12
1.475955457189352550e-12
1.424404938012197962e-12
1.374654917633628499e-12
1.326642510248118444e-12
1.280307026455127346e-12
1.235589896545531528e-12
1.192434596467395774e-12
1.150786576377580280e-12
1.110593191688762891e-12
1.071803636524820112e-12
1.034368879500359447e-12
9.982416017432947633e-13
9.633761370821215947e-13
9.297284143222243735e-13
8.972559015383142189e-13
8.659175523125579961e-13
8.356737538504230167e-13
8.064862769087059350e-13
7.783182274724006889e-13
7.511340001193273042e-13
7.248992330136204865e-13
6.995807644711249210e-13
6.751465910418583935e-13
6.515658270564933155e-13
6.288086655857693647e-13
6.068463407634710565e-13
5.856510914253333481e-13
5.651961260179526144e-13
5.454555887332917173e-13
5.264045268260255830e-13
5.080188590723669439e-13
4.902753453305383292e-13
4.731515571644124708e-13
4.566258494931576727e-13
4.406773332310835525e-13
4.252858488830912755e-13
4.104319410623435856e-13
3.960968338979702204e-13
3.822624073016869471e-13
3.689111740633638761e-13
3.560262577465579524e-13
3.435913713560943015e-13
3.315907967507288451e-13
3.200093647748494784e-13
3.088324360841224088e-13
2.980458826408381352e-13
2.876360698555615498e-13
2.775898393525307471e-13
2.678944923369930045e-13
2.585377735434796423e-13
2.495078557447065330e-13
2.407933248015359024e-13
2.323831652351012947e-13
2.242667463028441613e-13
2.164338085608756998e-13
2.088744508956739255e-13
2.015791180087183444e-13
1.945385883382561081e-13
1.877439624029136702e-13
1.811866515524381174e-13
1.748583671113318224e-13
1.687511099016705228e-13
1.628571601318597347e-13
1.571690676385391288e-13
1.516796424693102326e-13
1.463819457943793725e-13
1.412692811356291809e-13
1.363351859020283713e-13
1.315734232206890356e-13
1.269779740532331709e-13
1.225430295875156874e-13
1.182629838950753512e-13
1.141324268450406954e-13
1.101461372655336707e-13
1.062990763439194755e-13
1.025863812575676891e-13
9.900335902707088106e-14
9.554548058414917813e-14
9.220837504674793650e-14
8.898782419408638480e-14
8.587975713467378663e-14
8.288024516055877483e-14
7.998549678130025887e-14
7.719185293138991265e-14
7.449578234506110136e-14
7.189387709264296602e-14
6.938284827281566235e-14
6.695952185532030703e-14
6.462083466887296040e-14
6.236383052920503196e-14
6.018565650234201099e-14
5.808355929839148423e-14
5.605488179128634647e-14
5.409705966008356912e-14
5.220761814756979767e-14
5.038416893207997478e-14
4.862440710857348915e-14
4.692610827515096857e-14
4.528712572133171270e-14
4.370538771453479809e-14
4.217889488133404588e-14
4.070571768017939203e-14
3.928399396238652320e-14
3.791192661831529893e-14
3.658778130575820859e-14
3.530988425766995910e-14
3.407662016646616140e-14
3.288643014221622719e-14
3.173780974215155712e-14
3.062930706899538057e-14
2.955952093571328900e-14
2.852709909436206889e-14
2.753073652679995298e-14
2.656917379509760289e-14
2.564119544956301153e-14
2.474562849236974606e-14
2.388134089484582886e-14
2.304724016654859799e-14
2.224227197431830473e-14
2.146541880956279933e-14
2.071569870209070897e-14
1.999216397886555205e-14
1.929390006611313302e-14
1.862002433326798646e-14
1.796968497729644237e-14
1.734205994598717978e-14
1.673635589884791559e-14
1.615180720429435580e-14
1.558767497186489264e-14
1.504324611823636335e-14
1.451783246586121742e-14
1.401076987308678304e-14
1.352141739465585943e-14
1.304915647152957828e-14
1.259339014900635404e-14
1.215354232214984658e-14
1.172905700757175545e-14
1.131939764064873763e-14
1.092404639728577214e-14
1.054250353936796679e-14
1.017428678307348304e-14
9.818930689249704394e-15
9.475986075081499089e-15
9.145019446307912989e-15
8.825612449270152006e-15
8.517361342097432619e-15
8.219876484362855593e-15
7.932781844563995747e-15
7.655714524805499919e-15
7.388324302083368372e-15
