6.919814406866654018e-10
7.011339921534260971e-10
7.104076006217541233e-10
7.198038672623977957e-10
7.293244144241180377e-10
7.389708859138098897e-10
7.487449472803292705e-10
7.586482861020437061e-10
7.686826122782321356e-10
7.788496583242926440e-10
7.891511796708857136e-10
7.995889549670344997e-10
8.101647863872055006e-10
8.208804999424791181e-10
8.317379457958366822e-10
8.426949710332356715e-10
8.537492940587262997e-10
8.649486257311796564e-10
8.762948682482830928e-10
8.877899487604156475e-10
8.994358196979688953e-10
9.112344591029809220e-10
9.231878709650831155e-10
9.352980855618904683e-10
9.475671598038397330e-10
9.599971775835531866e-10
9.725902501297870430e-10
9.853485163660207629e-10
9.982741432737489886e-10
1.011369326260556650e-09
1.024519080067235650e-09
1.037836557327140370e-09
1.051327145272847518e-09
1.064993094128551467e-09
1.078836683368570069e-09
1.092860222097559878e-09
1.107066049435673983e-09
1.121456534908725939e-09
1.136034078843425762e-09
1.150801112767758509e-09
1.165760099816542244e-09
1.180913535142307055e-09
1.196263946331466371e-09
1.211813893825921817e-09
1.227493303199725569e-09
1.243289197763837887e-09
1.259288360471597004e-09
1.275493407062052159e-09
1.291906986934675414e-09
1.308531783582498448e-09
1.325370515030873341e-09
1.342425934281828219e-09
1.359700829764166614e-09
1.377198025789354213e-09
1.394920383013271955e-09
1.412870798903910362e-09
1.431052208215090088e-09
1.449467583466247349e-09
1.468119935428452791e-09
1.486819682095760373e-09
1.505746635391669088e-09
1.524914525477276860e-09
1.544326419435580089e-09
1.563985423393009633e-09
1.583894683016420355e-09
1.604057384016472920e-09
1.624476752657358205e-09
1.645156056273050440e-09
1.666098603790090730e-09
1.687307746257094111e-09
1.708786877380928847e-09
1.730539434069761956e-09
1.752568896982976939e-09
1.774762338294925843e-09
1.797082673018968387e-09
1.819683719887641879e-09
1.842569009282962945e-09
1.865742115986846967e-09
1.889206659739549305e-09
1.912966305805062881e-09
1.937024765543624366e-09
1.961385796991499746e-09
1.986053205447943004e-09
2.011030844069655255e-09
2.036322614472641776e-09
2.061932467341636906e-09
2.087864403047265984e-09
2.114122472270897996e-09
2.140381019184640212e-09
2.166936721393270592e-09
2.193821900135972326e-09
2.221040643227328676e-09
2.248597089199400354e-09
2.276495427931043297e-09
2.304739901284892333e-09
2.333334803752400341e-09
2.362284483106726946e-09
2.391593341063870900e-09
2.421265833951912957e-09
2.451306473388554972e-09
2.481719826967168604e-09
2.512510518951205585e-09
2.543493441715177915e-09
2.574578265785803426e-09
2.606042987155023653e-09
2.637892248665827745e-09
2.670130749902830672e-09
2.702763247885733472e-09
2.735794557771253001e-09
2.769229553563644441e-09
2.803073168833851295e-09
2.837330397447554604e-09
2.872006294302008072e-09
2.907105976071938251e-09
2.942634621964542897e-09
2.978597474483720653e-09
3.014999840203641673e-09
3.051317760918922919e-09
3.088009286065568264e-09
3.125142019936794848e-09
3.162721267984974467e-09
3.200752399459512407e-09
3.239240848174072764e-09
3.278192113282897788e-09
3.317611760066532272e-09
3.357505420726990623e-09
3.397878795192422440e-09
3.438737651931587223e-09
3.480087828777988892e-09
3.521935233763986518e-09
3.564285845964923454e-09
3.606838936902916424e-09
3.649393916421024034e-09
3.692450977211255923e-09
3.736016043036377191e-09
3.780095107550206324e-09
3.824694235122125668e-09
3.869819561671457690e-09
3.915477295511690466e-09
3.961673718204517685e-09
4.008415185424100106e-09
4.055708127831521200e-09
4.103559051959420420e-09
4.151974541107201148e-09
4.200961256246812485e-09
4.250525936939056929e-09
4.299763964521289311e-09
4.349430734577583686e-09
4.399671207764584699e-09
4.450492010953410507e-09
4.501899847562397054e-09
4.553901498441426935e-09
4.606503822766289482e-09
4.659713758943370683e-09
4.713538325524963272e-09
4.767984622134977785e-09
4.823059830405347408e-09
4.878771214923441779e-09
4.935126124190132383e-09
4.992131991589219284e-09
5.049308045333509387e-09
5.106235875307084874e-09
5.163805531407430771e-09
5.222024249827719615e-09
5.280899348344818659e-09
5.340438227238944311e-09
5.400648370223905317e-09
5.461537345387823840e-09
5.523112806144255849e-09
5.585382492194357682e-09
5.648354230499547054e-09
5.712035936265486498e-09
5.776435613936805287e-09
5.841561358203394416e-09
5.907421355017679946e-09
5.972494150999455037e-09
6.037989634120761891e-09
6.104203352907268441e-09
6.171143183665011425e-09
6.238817089073092252e-09
6.307233119130833546e-09
6.376399412115349066e-09
6.446324195549591517e-09
6.517015787181137179e-09
6.588482595971455863e-09
6.660733123096279159e-09
6.733775962956816325e-09
6.807619804202079216e-09
6.882273430762424606e-09
6.956971851389539338e-09
7.030870404854118618e-09
7.105553925732798213e-09
7.181030752129837666e-09
7.257309310718666989e-09
7.334398117682865815e-09
7.412305779666842086e-09
7.491040994736759490e-09
7.570612553351638405e-09
7.651029339344775919e-09
7.732300330915585011e-09
7.814434601631976982e-09
7.897441321443386394e-09
7.981329757704590705e-09
8.066109276210241906e-09
8.149251800654915197e-09
8.232663926404508832e-09
8.316929821664723903e-09
8.402058225241537245e-09
8.488057965387366698e-09
8.574937960716731916e-09
8.662707221131103504e-09
8.751374848753410319e-09
8.840950038871768173e-09
8.931442080893181027e-09
9.022860359307009543e-09
9.115214354657975357e-09
9.208513644529483623e-09
9.302767904536800566e-09
9.396772250857866430e-09
9.488867580815624180e-09
9.581865513238699311e-09
9.675774894300053378e-09
9.770604656871539050e-09
9.866363821373929104e-09
9.963061496634681218e-09
1.006070688075453704e-08
1.015930926198247250e-08
1.025887801959916969e-08
1.035942262480923209e-08
1.046095264164201899e-08
1.056347772786152762e-08
1.066700763588497724e-08
1.077155221371052358e-08
1.087296586241111124e-08
1.097419880455168544e-08
1.107637427780146800e-08
1.117950105761307799e-08
1.128358800114318645e-08
1.138864404801322645e-08
1.149467822107706462e-08
1.160169962719605952e-08
1.170971745802106657e-08
1.181874099078211264e-08
1.192877958908494620e-08
1.203984270371535626e-08
1.215193987345084010e-08
1.226508072587985612e-08
1.237742205666771461e-08
1.248582941097586979e-08
1.259518624849741014e-08
1.270550088525831747e-08
1.281678171012026672e-08
1.292903718541859891e-08
1.304227584760574028e-08
1.315650630790050765e-08
1.327173725294284834e-08
1.338797744545445966e-08
1.350523572490504987e-08
1.362352100818469038e-08
1.374284229028181934e-08
1.386320864496718596e-08
1.398462922548402193e-08
1.410049420757697696e-08
1.421521560903000597e-08
1.433087038202006087e-08
1.444746612044344122e-08
1.456501047998027216e-08
1.468351117859713909e-08
1.480297599705397729e-08
1.492341277941476996e-08
1.504482943356271631e-08
1.516723393171943127e-08
1.529063431096836063e-08
1.541503867378263968e-08
1.554045518855690090e-08
1.566689209014374359e-08
1.579165964780256651e-08
1.590913182602487162e-08
1.602747786506766674e-08
1.614670426547208724e-08
1.626681757613610148e-08
1.638782439467397711e-08
1.650973136777894677e-08
1.663254519158801792e-08
1.675627261205006822e-08
1.688092042529610149e-08
1.700649547801279585e-08
1.713300466781847057e-08
1.726045494364185866e-08
1.738885330610404595e-08
1.751820680790272625e-08
1.763846415460990443e-08
1.775587182981096638e-08
1.787406101082092336e-08
1.799303689961080282e-08
1.811280473277777664e-08
1.823336978177556400e-08
1.835473735314661100e-08
1.847691278875537883e-08
1.859990146602376263e-08
1.872370879816750966e-08
1.884834023443463589e-08
1.897380126034517606e-08
1.910009739793279318e-08
1.922723420598757922e-08
1.935149168544314847e-08
1.946328991342808453e-08
1.957573402670106324e-08
1.968882775669686979e-08
1.980257485640784032e-08
1.991697910050809128e-08
2.003204428547906557e-08
2.014777422973539301e-08
2.026417277375147880e-08
2.038124378018919700e-08
2.049899113402595465e-08
2.061741874268347720e-08
2.073653053615774199e-08
2.085633046714924600e-08
2.097682251119407095e-08
2.108300527558155648e-08
2.118347920884231827e-08
2.128443196431712503e-08
2.138586582389846613e-08
2.148778308035343699e-08
2.159018603737577531e-08
2.169307700963764261e-08
2.179645832284208731e-08
2.190033231377575271e-08
2.200470133036141284e-08
2.210956773171123962e-08
2.221493388818003027e-08
2.232080218141896081e-08
2.242717500442915756e-08
2.252918558457659118e-08
2.261131137720440426e-08
2.269373654353968549e-08
2.277646217489148509e-08
2.285948936654686744e-08
2.294281921778569108e-08
2.302645283189498850e-08
2.311039131618360387e-08
2.319463578199686390e-08
2.327918734473134145e-08
2.336404712384941710e-08
2.344921624289441665e-08
2.353469582950526208e-08
2.362048701543147666e-08
2.370659093654814694e-08
2.377208492043679900e-08
2.382791008060693862e-08
2.388386633775567576e-08
2.393995399974451355e-08
2.399617337515792089e-08
2.405252477330503978e-08
2.410900850422136613e-08
2.416562487867047029e-08
2.422237420814571099e-08
2.427925680487193601e-08
2.433627298180720932e-08
2.439342305264452171e-08
2.445070733181353779e-08
2.450812613448230330e-08
2.455969079452314478e-08
2.458146483517809835e-08
2.460325818018221326e-08
2.462507084665026997e-08
2.464690285171222275e-08
2.466875421251315996e-08
2.469062494621352244e-08
2.471251506998881563e-08
2.473442460102981804e-08
2.475635355654255478e-08
2.477830195374830085e-08
2.480026980988360431e-08
2.482225714220028630e-08
2.484426396796542447e-08
2.486629030446154489e-08
2.486145124641852879e-08
2.484238861302855439e-08
2.482334059600140168e-08
2.480430718412985863e-08
2.478528836621545483e-08
2.476628413106815715e-08
2.474729446750650531e-08
2.472831936435777742e-08
2.470935881045765240e-08
2.469041279465037876e-08
2.467148130578890698e-08
2.465256433273458173e-08
2.463366186435729084e-08
2.461477388953560420e-08
2.458945187176316357e-08
2.452476387263948792e-08
2.446024604962435264e-08
2.439589795503181107e-08
2.433171914235360668e-08
2.426770916625627461e-08
2.420386758257774362e-08
2.414019394832441122e-08
2.407668782166821870e-08
2.401334876194328286e-08
2.395017632964303734e-08
2.388717008641709253e-08
2.382432959506837364e-08
2.376165441954981520e-08
2.369914412496150899e-08
2.360590210194162780e-08
2.349474758286519372e-08
2.338411646370200635e-08
2.327400627988767335e-08
2.316441457846271623e-08
2.305533891801836360e-08
2.294677686864154356e-08
2.283872601186122958e-08
2.273118394059435931e-08
2.262414825909223999e-08
2.251761658288718532e-08
2.241158653873939395e-08
2.230605576458408269e-08
2.220102190947886127e-08
2.209074823530552923e-08
2.193663963328306523e-08
2.178360611758019551e-08
2.163164018822239981e-08
2.148073439755605546e-08
2.133088134988370366e-08
2.118207370110140027e-08
2.103430415833890218e-08
2.088756547960206388e-08
2.074185047341818213e-08
2.059715199848341850e-08
2.045346296331269350e-08
2.031077632589238324e-08
2.016908509333505092e-08
2.002838232153678894e-08
1.985994451843464077e-08
1.967400092914968594e-08
1.948979828221047314e-08
1.930732027761836533e-08
1.912655076798745406e-08
1.894747375711568440e-08
1.877007339856935364e-08
1.859433399428087477e-08
1.842023999315964902e-08
1.824777598971598149e-08
1.807692672269783780e-08
1.790767707374038904e-08
1.774001206602818946e-08
1.757391686296990732e-08
1.740580928186454905e-08
1.720235111545449848e-08
1.700127119097555374e-08
1.680254170893073436e-08
1.660613519477403173e-08
1.641202449511206190e-08
1.622018277394995271e-08
1.603058350898143543e-08
1.584320048792197626e-08
1.565800780488494438e-08
1.547497985680008204e-08
1.529409133987386968e-08
1.511531724609124345e-08
1.493863285975821848e-08
1.476401375408491165e-08
1.457439193839565562e-08
1.437472377562884972e-08
1.417779105289897857e-08
1.398355629486655404e-08
1.379198253960153791e-08
1.360303333154986811e-08
1.341667271459604878e-08
1.323286522522080320e-08
1.305157588575272763e-08
1.287277019771199367e-08
1.269641413524563947e-08
1.252247413865254213e-08
1.235091710799708713e-08
1.218171039681059322e-08
1.201376340660603966e-08
1.183194376350086884e-08
1.165287582953964568e-08
1.147651795958935611e-08
1.130282913878613213e-08
1.113176897299638533e-08
1.096329767942267547e-08
1.079737607735150179e-08
1.063396557904113430e-08
1.047302818074756441e-08
1.031452645388595106e-08
1.015842353632614949e-08
1.000468312381976339e-08
9.853269461556946963e-09
9.704147335851189999e-09
9.552516781370864654e-09
9.399375926754875049e-09
9.248690144649053284e-09
9.100420076640188225e-09
8.954526995288193496e-09
8.810972794010648112e-09
8.669719977129540622e-09
8.530731650077571423e-09
8.393971509761432449e-09
8.259403835079751438e-09
8.126993477592698106e-09
7.996705852341523431e-09
7.868506928815087272e-09
7.742363222061258403e-09
7.617957309470287015e-09
7.487577520306913396e-09
7.359429154703913336e-09
7.233474022301129158e-09
7.109674586358642057e-09
6.987993952570199052e-09
6.868395858068092532e-09
6.750844660616215955e-09
6.635305327988078781e-09
6.521743427526619993e-09
6.410125115882698416e-09
6.300417128929205060e-09
6.192586771847796480e-09
6.086601909385295287e-09
5.982430956276839513e-09
5.873854095163301252e-09
5.761657496559157537e-09
5.651603967315311609e-09
5.543652572623265642e-09
5.437763159570986147e-09
5.333896342208040552e-09
5.232013486895785182e-09
5.132076697937373554e-09
5.034048803482472185e-09
4.937893341700882054e-09
4.843574547220597307e-09
4.751057337824580409e-09
4.660307301401968957e-09
4.571290683148204299e-09
4.483913441235784362e-09
4.390045823103700922e-09
4.298143258456539554e-09
4.208164610262448418e-09
4.120069602664755413e-09
4.033818802953966258e-09
3.949373603916995805e-09
3.866696206556005155e-09
3.785749603168910272e-09
3.706497560784254342e-09
3.628904604942706462e-09
3.552936003818095621e-09
3.478557752671001908e-09
3.405736558627583956e-09
3.334439825777267564e-09
3.265685435325734784e-09
3.199402415261664979e-09
3.134464729534249471e-09
3.070845072138461399e-09
3.008516691294302954e-09
2.947453378197749586e-09
2.887629456000079183e-09
2.829019769010872547e-09
2.771599672120158004e-09
2.715345020435255284e-09
2.660232159127964413e-09
2.606237913487775913e-09
2.553339579177074389e-09
2.501514912684021313e-09
2.450742121969269805e-09
2.403610014364493162e-09
2.357434935702268851e-09
2.312146913541191025e-09
2.267728906887307246e-09
2.224164202116426378e-09
2.181436406685101199e-09
2.139529442962470375e-09
2.098427542180509681e-09
2.058115238500579025e-09
2.018577363193967372e-09
1.979799038934101672e-09
1.941765674198621087e-09
1.904462957778780390e-09
1.867876853394456200e-09
1.830380099931218145e-09
1.791835479444092664e-09
1.754102541606135267e-09
1.717164193792885268e-09
1.681003703320823303e-09
1.645604689867613041e-09
1.610951118052029910e-09
1.577027290170079301e-09
1.543817839084083840e-09
1.511307721261569137e-09
1.479482209960682931e-09
1.448326888559116620e-09
1.417827644023564580e-09
1.387970660516643320e-09
1.358742413138468194e-09
1.332071757000068947e-09
1.306016503465919363e-09
1.280470889321055177e-09
1.255424946045821403e-09
1.230868900104282630e-09
1.206793169130343026e-09
1.183188358188483413e-09
1.160045256107644469e-09
1.137354831886769215e-09
1.115108231170725123e-09
1.093296772795086947e-09
1.071911945398549219e-09
1.050945404101599218e-09
1.030388967250111629e-09
1.010575288441606560e-09
9.915668562621074945e-10
9.729159634941248321e-10
9.546158849943341531e-10
9.366600221161058879e-10
9.190419003301496494e-10
9.017551668899493625e-10
8.847935885410768094e-10
8.681510492735924950e-10
8.518215481167555616e-10
8.357991969751772084e-10
8.200782185056971443e-10
8.046529440341745030e-10
7.895178115114959085e-10
7.746673635079971873e-10
7.603613053439809597e-10
7.463398245538815145e-10
7.325769075835972446e-10
7.190677863740364742e-10
7.058077807917406810e-10
6.927922970074928288e-10
6.800168259048138044e-10
6.674769415178075317e-10
6.551682994978241289e-10
6.430866356084011652e-10
6.312277642479317006e-10
6.195875769996132607e-10
6.081620412081090573e-10
5.969471985824607167e-10
5.859702844365398922e-10
5.752384533126420383e-10
5.647031717448067883e-10
5.543608399999090676e-10
5.442079242726176796e-10
5.342409554779513915e-10
5.244565280659497950e-10
5.148512988580528001e-10
5.054219859047907818e-10
4.961653673643967105e-10
4.870782804019551083e-10
4.781576201087138429e-10
4.694003384411869422e-10
4.608034431796886042e-10
4.523639969059404938e-10
4.441249795338443490e-10
4.360409844942992235e-10
4.281041349178802644e-10
4.203117524522135377e-10
4.126612074964838642e-10
4.051499183140656499e-10
3.977753501612887030e-10
3.905350144320705619e-10
3.834264678181184842e-10
3.764473114844095634e-10
3.695951902596944108e-10
3.628677918417195341e-10
3.562628460169247560e-10
3.497781238943427557e-10
3.433396954316981287e-10
3.369084568373994631e-10
3.305976844472905831e-10
3.244051217588128315e-10
3.183285545368952313e-10
3.123658100222218204e-10
3.065147561543350377e-10
3.007733008092919052e-10
2.951393910515879901e-10
2.896110124001122624e-10
2.841861881078334098e-10
2.788629784549906512e-10
2.736394800555240414e-10
2.685138251764849450e-10
2.634841810702114596e-10
2.583323054613405033e-10
2.532506106213578694e-10
2.482688785885843435e-10
2.433851429791381624e-10
2.385974760901808837e-10
2.339039881390124999e-10
2.293028265171446227e-10
2.247921750590366060e-10
2.203702533252218467e-10
2.160353158995345930e-10
2.117856517001619660e-10
2.076195833042441907e-10
2.035354662857693002e-10
1.995316885664835014e-10
1.955152744513107369e-10
1.914211345775004019e-10
1.874127270402216375e-10
1.834882565824110249e-10
1.796459655401473746e-10
1.758841330554410493e-10
1.722010743055118666e-10
1.685951397481954978e-10
1.650647143831648105e-10
1.616082170286140091e-10
1.582240996130869009e-10
1.549108464821403616e-10
1.516669737195231161e-10
1.484910284825698747e-10
1.453815883515125520e-10
1.421493735177015215e-10
1.389559772872341525e-10
1.358343209401899991e-10
1.327827928347602642e-10
1.297998175347906946e-10
1.268838549964166936e-10
1.240333997729739302e-10
1.212469802377675705e-10
1.185231578243074022e-10
1.158605262836061054e-10
1.132577109581628414e-10
1.107133680722615198e-10
1.082261840382054093e-10
1.057948747781443117e-10
1.033593087571207995e-10
1.008652860252590610e-10
9.843144315974824988e-11
9.605632804218070751e-11
9.373852359324352895e-11
9.147664692723302518e-11
8.926934852697884568e-11
8.711531143867064831e-11
8.501325048611720620e-11
8.296191150396490802e-11
8.096007058941511851e-11
7.900653337200229113e-11
7.710013430098724069e-11
7.523973594994847038e-11
7.342422833815354245e-11
7.155018962164362729e-11
6.970223253115386610e-11
6.790200341212538776e-11
6.614826957399814148e-11
6.443983016343477647e-11
6.277551534204605056e-11
6.115418548535491527e-11
5.957473040244922804e-11
5.803606857578763457e-11
5.653714642064166535e-11
5.507693756366222227e-11
5.365444214007994983e-11
5.226868610905714149e-11
5.091872058672122610e-11
4.957832936876716913e-11
4.821781168443846709e-11
4.689462902920268328e-11
4.560775686334774233e-11
4.435619876235519013e-11
4.313898564537185990e-11
4.195517502484875410e-11
4.080385027677501106e-11
3.968411993093512904e-11
3.859511698064469091e-11
3.753599821142716793e-11
3.650594354811394851e-11
3.550415541985946410e-11
3.452985814258378276e-11
3.358229731835906695e-11
3.262196655909531513e-11
3.167934456980062823e-11
3.076395993951348128e-11
2.987502563617433572e-11
2.901177736926245020e-11
2.817347293267218942e-11
2.735939156657724786e-11
2.656883333773285851e-11
2.580111853768605807e-11
2.505558709837320131e-11
2.433159802460505591e-11
2.362852884295040072e-11
2.294577506654329031e-11
2.228274967535628983e-11
2.163095108473831763e-11
2.097851786224340128e-11
2.034576334495870722e-11
1.973209398334484405e-11
1.913693413051667236e-11
1.855972550226291569e-11
1.799992665335303206e-11
1.745701246963937401e-11
1.693047367547897267e-11
1.641981635601172788e-11
1.592456149384869218e-11
1.544424451973373587e-11
1.497841487675886041e-11
1.452663559772362346e-11
1.408848289524165142e-11
1.365159414948001234e-11
1.322474829711648877e-11
1.281124867960912631e-11
1.241067799880719853e-11
1.202263200426578171e-11
1.164671908528198602e-11
1.128255987568630209e-11
1.092978687099195635e-11
1.058804405751416937e-11
1.025698655308606458e-11
9.936280259008355419e-12
9.625601522881349499e-12
9.324636811979626570e-12
9.033082396838897673e-12
8.748361768620670741e-12
8.466135130634768999e-12
8.193013268753831478e-12
7.928702458230570821e-12
7.672918450028763003e-12
7.425386165131803492e-12
7.185839398713319407e-12
6.954020533851064582e-12
6.729680264477020438e-12
6.512577327264684176e-12
6.302478242166246815e-12
6.099157061320002981e-12
5.902395126058159475e-12
5.711980831753705270e-12
5.527709400253435677e-12
5.345759626353955136e-12
5.168574283922032390e-12
4.997261754292584979e-12
4.831627382931894853e-12
4.671482967135885575e-12
4.516646542183964508e-12
4.366942174580991028e-12
4.222199762152063708e-12
4.082254840763348144e-12
3.946948397449051877e-12
3.816126689732237279e-12
3.689641070934413179e-12
3.567347821275066860e-12
3.449107984569655409e-12
3.334187721287355172e-12
3.221130592756995289e-12
3.111907055907741836e-12
3.006387119598225482e-12
2.904445200484817367e-12
2.805959973560098149e-12
2.710814227759287371e-12
2.618894726462779514e-12
2.530092072728935807e-12
2.444300579096512952e-12
2.361418141801996309e-12
2.281346119261970020e-12
2.203989214675919333e-12
2.129255362609883256e-12
2.057055619425778103e-12
1.987304057426234617e-12
1.919917662588644061e-12
1.854816235767006348e-12
1.791922297243865114e-12
1.731160994518632780e-12
1.672460013222820683e-12
1.615749491055876549e-12
1.560961934639402599e-12
1.508032139190649341e-12
1.456897110919793145e-12
1.407495992058623574e-12
1.359769988431365549e-12
1.313662299481435903e-12
1.269118050670939436e-12
1.226084228172335773e-12
1.184509615774690458e-12
1.144344733929236443e-12
1.105541780861881819e-12
1.068054575682471558e-12
1.031838503423128351e-12
9.968504619402608571e-13
9.630488106170414169e-13
9.303933208052973787e-13
8.988451279478675989e-13
8.683666853243547135e-13
8.389217193653654328e-13
8.104751864819140836e-13
7.829932313587145002e-13
7.564431466616465273e-13
7.307933341114986123e-13
7.060132668776498308e-13
6.820734532469113114e-13
6.589454015242868764e-13
6.366015861239232964e-13
6.150154148098336182e-13
5.941611970474778094e-13
5.740141134284412175e-13
5.545501861319136479e-13
5.357462503877570380e-13
5.175799269072202601e-13
5.000295952484847424e-13
4.830743680853429881e-13
4.666940663483851249e-13
4.508691952091197570e-13
4.355809208784081380e-13
4.208110481916648912e-13
4.065419989540799420e-13
3.927567910201400486e-13
3.794390180825142038e-13
3.665728301462752894e-13
3.541429146652167013e-13
3.421344783178002178e-13
3.305332294010464578e-13
3.193253608214357773e-13
3.084975336625458534e-13
2.980368613099061788e-13
2.879308941141284265e-13
2.781676045741052164e-13
2.687353730226153347e-13
2.596229737973149416e-13
2.508195618806336080e-13
2.423146599927113277e-13
2.340981461219779900e-13
2.261602414785617673e-13
2.184914988561696038e-13
2.110827913886031599e-13
2.039253016875271423e-13
1.970105113485552761e-13
1.903301908131647241e-13
1.838763895743855110e-13
1.776414267145909224e-13
1.716178817641490877e-13
1.657985858700283879e-13
1.601766132638728901e-13
1.547452730193778404e-13
1.494981010891601912e-13
1.444288526116467751e-13
1.395314944788237094e-13
1.348001981560015918e-13
1.302293327450543212e-13
1.258134582828647624e-13
1.215473192670203856e-13
1.174258384010341297e-13
1.134441105516605148e-13
1.095973969111051103e-13
1.058811193571868080e-13
1.022908550047400091e-13
9.882233094176832524e-14
9.547141914408522912e-14
9.223413156239541981e-14
8.910661537596138439e-14
8.608514840721659273e-14
8.316613469185480830e-14
8.034610019913622385e-14
7.762168869730916740e-14
7.498965775922932967e-14
7.244687490342226880e-14
6.999031386599644457e-14
6.761705099896958430e-14
6.532426179072399510e-14
6.310921750444357227e-14
6.096928193054175123e-14
5.890190824920520271e-14
5.690463599932664173e-14
5.497508815021402627e-14
5.311096827259475087e-14
5.131005780554756667e-14
4.957021341610764028e-14
4.788936444840232712e-14
4.626551045928484887e-14
4.469671883752863022e-14
4.318112250375408354e-14
4.171691768834356474e-14
4.030236178470659351e-14
3.893577127533634917e-14
3.761551972819063585e-14
3.634003586101238888e-14
3.510780167128609684e-14
3.391735062960436525e-14
3.276726593429543007e-14
3.165617882523148354e-14
3.058276695481587229e-14
2.954575281420543998e-14
2.854390221289864753e-14
2.757602280987722707e-14
2.664096269455525760e-14
2.573760901584639561e-14
2.486488665771688965e-14
2.402175695964800457e-14
2.320721648048663478e-14
2.242029580421073228e-14
2.166005838619086508e-14
2.092559943857141941e-14
2.021604485344807803e-14
1.953055016255855220e-14
1.886829953224792643e-14
1.822850479251360214e-14
1.761040449897410842e-14
1.701326302664477827e-14
1.643636969444172486e-14
1.587903791937325686e-14
1.534060439941059393e-14
1.482042832406720788e-14
