7.071852827291111840e-10
7.165592689573660416e-10
7.260575106246882932e-10
7.356816547800239484e-10
7.454333703045243695e-10
7.553143482009391310e-10
7.653263018868460668e-10
7.754709674917641032e-10
7.857501041582206352e-10
7.961654943467779964e-10
8.067189441451347241e-10
8.174122835813083398e-10
8.282473669409723347e-10
8.392260730890002990e-10
8.503503057952712716e-10
8.615779023754886899e-10
8.729066262642052529e-10
8.843843093875923555e-10
8.960129103822810317e-10
9.077944136386429462e-10
9.197308296394209728e-10
9.318241953028094885e-10
9.440765743300675128e-10
9.564900575576465997e-10
9.690667633140198034e-10
9.818088377811669471e-10
9.947184553607937434e-10
1.007797819045404603e-09
1.021049160794232857e-09
1.034474741914119375e-09
1.047959459648030350e-09
1.061616701148924592e-09
1.075451926868288781e-09
1.089467456336174723e-09
1.103665639311254051e-09
1.118048856174795663e-09
1.132619518329709650e-09
1.147380068604865726e-09
1.162332981664605749e-09
1.177480764423663508e-09
1.192825956467445061e-09
1.208371130477785419e-09
1.224118892664303181e-09
1.240071883201302231e-09
1.256159995254437252e-09
1.272370301761043654e-09
1.288789796617890283e-09
1.305421179327652616e-09
1.322267184229152038e-09
1.339330580946892946e-09
1.356614174846434353e-09
1.374120807495582375e-09
1.391853357131584117e-09
1.409814739134351494e-09
1.428007906505740018e-09
1.446435850355063909e-09
1.465101600390876682e-09
1.484008225419046782e-09
1.503158833847317084e-09
1.522363693433377122e-09
1.541802930175950843e-09
1.561490388763786259e-09
1.581429238770104555e-09
1.601622690240789884e-09
1.622073994211171488e-09
1.642786443229401344e-09
1.663763371886584293e-09
1.685008157353573798e-09
1.706524219924726769e-09
1.728315023568531225e-09
1.750384076485264998e-09
1.772734931671846974e-09
1.795371187493792155e-09
1.818179854087443902e-09
1.841123888335722230e-09
1.864357458685944827e-09
1.887884218861490194e-09
1.911707868692921489e-09
1.935832154699824126e-09
1.960260870679984194e-09
1.984997858306004882e-09
2.010047007729449003e-09
2.035412258192606062e-09
2.061097598647978982e-09
2.087107068385591412e-09
2.113444757668204945e-09
2.140114808374558755e-09
2.167121414650723456e-09
2.194138430790251413e-09
2.221463214679976074e-09
2.249128288773883930e-09
2.277137890888577025e-09
2.305496311616490676e-09
2.334207894983082686e-09
2.363277039112292699e-09
2.392708196900287838e-09
2.422505876697512416e-09
2.452674642999319637e-09
2.483219117145203914e-09
2.514143978026651164e-09
2.545453962803894944e-09
2.577153867631599111e-09
2.609058367042512150e-09
2.641077079775219421e-09
2.673488730426836329e-09
2.706298141183993695e-09
2.739510193411807355e-09
2.773129828380190714e-09
2.807162047998970983e-09
2.841611915562091998e-09
2.876484556500882517e-09
2.911785159146683665e-09
2.947518975502720109e-09
2.983691322025514011e-09
3.020307580415815691e-09
3.057373198419361192e-09
3.094893690637338473e-09
3.132344172443973906e-09
3.170183819673437742e-09
3.208480581071595699e-09
3.247239978713269231e-09
3.286467601381582066e-09
3.326169105373818166e-09
3.366350215317009410e-09
3.407016724993383256e-09
3.448174498175773806e-09
3.489829469473133151e-09
3.531987645186250132e-09
3.574655104173808851e-09
3.617837998728911849e-09
3.661542555466187062e-09
3.705467319321132126e-09
3.749411230779899052e-09
3.793876282269837891e-09
3.838868654099507099e-09
3.884394599871036217e-09
3.930460447349312786e-09
3.977072599341577261e-09
4.024237534587183968e-09
4.071961808658328005e-09
4.120252054871036616e-09
4.169114985207237349e-09
4.218557391247653180e-09
4.268586145115782675e-09
4.319208200433073577e-09
4.370430593285423786e-09
4.421345409837953936e-09
4.472711177365132625e-09
4.524673695842324913e-09
4.577239898129944579e-09
4.630416797632165341e-09
4.684211489232574624e-09
4.738631150240892528e-09
4.793683041350491290e-09
4.849374507607142890e-09
4.905712979388995645e-09
4.962705973397938590e-09
5.020361093662504204e-09
5.078686032552319403e-09
5.137688571804545696e-09
5.196885759089269972e-09
5.255857200180810951e-09
5.315497817203040448e-09
5.375815203601454506e-09
5.436817038987912153e-09
5.498511090118324015e-09
5.560905211881531020e-09
5.624007348299419524e-09
5.687825533538255490e-09
5.752367892931738163e-09
5.817642644015422507e-09
5.883658097572998463e-09
5.950422658694426173e-09
6.017944827846089320e-09
6.086233201952980632e-09
6.153756465680313791e-09
6.221732743131558959e-09
6.290459907349593812e-09
6.359946252859474650e-09
6.430200165810121042e-09
6.501230124986418454e-09
6.573044702832506846e-09
6.645652566486366892e-09
6.719062478825839498e-09
6.793283299526195240e-09
6.868323986129390208e-09
6.944193595125129858e-09
7.020901283043878178e-09
7.098456307561935409e-09
7.176087420894066711e-09
7.252942751071837091e-09
7.330621195772894105e-09
7.409131570488910683e-09
7.488482785124656194e-09
7.568683845009403422e-09
7.649743851918662885e-09
7.731672005107371122e-09
7.814477602353664415e-09
7.898170041014149493e-09
7.982758819090473520e-09
8.068253536307008088e-09
8.154663895200542210e-09
8.241999702221138951e-09
8.330270868845300500e-09
8.416921212506613412e-09
8.503878787812384375e-09
8.591734746233802757e-09
8.680498369218973932e-09
8.770179034105210138e-09
8.860786215109838994e-09
8.952329484330875323e-09
9.044818512758401649e-09
9.138263071296174303e-09
9.232673031794012660e-09
9.328058368090476843e-09
9.424429157066684242e-09
9.521795579710806591e-09
9.620167922193773686e-09
9.718324317039952594e-09
9.814581568915670441e-09
9.911792221628446606e-09
1.000996571834373986e-08
1.010911159575889005e-08
1.020923948502952733e-08
1.031035911270512661e-08
1.041248030167395228e-08
1.051561297211712829e-08
1.061976714247238960e-08
1.072495293040725854e-08
1.083118055380189248e-08
1.093846033174165929e-08
1.104680268551952631e-08
1.115621813964848479e-08
1.126248458923133843e-08
1.136860652508769916e-08
1.147572840595447860e-08
1.158385965391784051e-08
1.169300977984454400e-08
1.180318838421848120e-08
1.191440515798510131e-08
1.202666988340380032e-08
1.213999243490833615e-08
1.225438277997534671e-08
1.236985098000105720e-08
1.248640719118624916e-08
1.260406166542959240e-08
1.272282475122926357e-08
1.284081099278716698e-08
1.295481271554807132e-08
1.306982655450631855e-08
1.318586149530851804e-08
1.330292660337658088e-08
1.342103102461594360e-08
1.354018398613010009e-08
1.366039479694149441e-08
1.378167284871879785e-08
1.390402761651064794e-08
1.402746865948590392e-08
1.415200562168044693e-08
1.427764823275074486e-08
1.440440630873382946e-08
1.453228975281430791e-08
1.465449474844852824e-08
1.477556168514453964e-08
1.489762880665842302e-08
1.502070437593707879e-08
1.514479672419109289e-08
1.526991425145867383e-08
1.539606542717430788e-08
1.552325879074193903e-08
1.565150295211321784e-08
1.578080659237018071e-08
1.591117846431293524e-08
1.604262739305214323e-08
1.617516227660645021e-08
1.630879208650467294e-08
1.644073528626231817e-08
1.656517151779024607e-08
1.669054957919669452e-08
1.681687659898033910e-08
1.694415975959395824e-08
1.707240629785270969e-08
1.720162350534546764e-08
1.733181872884961733e-08
1.746299937074863905e-08
1.759517288945289819e-08
1.772834679982389295e-08
1.786252867360141371e-08
1.799772613983395158e-08
1.813394688531265390e-08
1.827119865500826420e-08
1.839904579406928662e-08
1.852397109732330974e-08
1.864974461474929493e-08
1.877637210552702896e-08
1.890385936793985249e-08
1.903221223963999655e-08
1.916143659791613900e-08
1.929153835996235407e-08
1.942252348314910662e-08
1.955439796529608945e-08
1.968716784494668839e-08
1.982083920164474042e-08
1.995541815621274427e-08
2.009091087103218864e-08
2.022344405775814212e-08
2.034303954501852061e-08
2.046334228473961050e-08
2.058435645940391482e-08
2.070608627622807622e-08
2.082853596730880816e-08
2.095170978977036465e-08
2.107561202591220527e-08
2.120024698335821852e-08
2.132561899520614374e-08
2.145173242017855142e-08
2.157859164277403858e-08
2.170620107342001234e-08
2.183456514862566869e-08
2.196368833113658926e-08
2.207786400714800241e-08
2.218609223718596123e-08
2.229485101446225140e-08
2.240414293978052934e-08
2.251397062669375979e-08
2.262433670156697895e-08
2.273524380363993191e-08
2.284669458509020309e-08
2.295869171109671723e-08
2.307123785990326352e-08
2.318433572288284040e-08
2.329798800460180829e-08
2.341219742288463476e-08
2.352696670887891416e-08
2.363715087132159717e-08
2.372633535542958412e-08
2.381585633830799330e-08
2.390571508958832987e-08
2.399591288369231518e-08
2.408645099985033284e-08
2.417733072211918668e-08
2.426855333940066929e-08
2.436012014545966733e-08
2.445203243894238599e-08
2.454429152339510284e-08
2.463689870728225325e-08
2.472985530400540270e-08
2.482316263192145790e-08
2.491682201436172508e-08
2.498853540261658446e-08
2.504995677336045525e-08
2.511152911672930495e-08
2.517325280381112648e-08
2.523512820660605146e-08
2.529715569802856702e-08
2.535933565190979221e-08
2.542166844299970808e-08
2.548415444696942086e-08
2.554679404041349460e-08
2.560958760085198272e-08
2.567253550673304851e-08
2.573563813743501327e-08
2.579889587326870212e-08
2.585586363238638373e-08
2.588077633774645672e-08
2.590571304705776076e-08
2.593067378344859005e-08
2.595565857006952632e-08
2.598066743009360760e-08
2.600570038671605030e-08
2.603075746315441132e-08
2.605583868264878325e-08
2.608094406846148669e-08
2.610607364387726548e-08
2.613122743220344213e-08
2.615640545676960358e-08
2.618160774092801143e-08
2.620683430805327441e-08
2.620281701495719003e-08
2.618331465373283332e-08
2.616382680782158125e-08
2.614435346641991572e-08
2.612489461873234224e-08
2.610545025397135360e-08
2.608602036135763830e-08
2.606660493011973973e-08
2.604720394949427127e-08
2.602781740872586333e-08
2.600844529706715010e-08
2.598908760377875967e-08
2.596974431812931731e-08
2.595041542939543554e-08
2.592398387638083457e-08
2.585410486021808495e-08
2.578441420541688900e-08
2.571491140424258341e-08
2.564559595032896268e-08
2.557646733867490424e-08
2.550752506564054028e-08
2.543876862894341628e-08
2.537019752765516246e-08
2.530181126219767222e-08
2.523360933433932353e-08
2.516559124719164048e-08
2.509775650520548162e-08
2.503010461416752276e-08
2.496263508119646190e-08
2.486067506142489277e-08
2.473862251329305827e-08
2.461716917755066792e-08
2.449631211238695193e-08
2.437604839043406144e-08
2.425637509869574569e-08
2.413728933847714421e-08
2.401878822531443347e-08
2.390086888890480772e-08
2.378352847303730017e-08
2.366676413552321385e-08
2.355057304812765747e-08
2.343495239650066118e-08
2.331989938010935102e-08
2.319884219659385632e-08
2.302758778107135846e-08
2.285759756979610150e-08
2.268886223038168013e-08
2.252137249933364473e-08
2.235511918154073897e-08
2.219009314977038584e-08
2.202628534416741282e-08
2.186368677175676752e-08
2.170228850594961139e-08
2.154208168605354280e-08
2.138305751678596667e-08
2.122520726779130885e-08
2.106852227316157233e-08
2.091299393096082746e-08
2.072490307062271281e-08
2.051630723018618483e-08
2.030981090377392104e-08
2.010539295980852479e-08
1.990303247940165597e-08
1.970270875421326441e-08
1.950440128433240612e-08
1.930808977617954631e-08
1.911375414042961148e-08
1.892137448995631651e-08
1.873093113779701917e-08
1.854240459513801580e-08
1.835577556932033793e-08
1.817102496186522254e-08
1.798382551449374593e-08
1.775396270254505050e-08
1.752703791467102677e-08
1.730301359810107508e-08
1.708185268005050605e-08
1.686351856158581514e-08
1.664797511156781142e-08
1.643518666067270980e-08
1.622511799548910545e-08
1.601773435269092648e-08
1.581300141328434643e-08
1.561088529692874270e-08
1.541135255632974210e-08
1.521437017170441970e-08
1.501990554531675847e-08
1.480691752054517789e-08
1.458158837191171808e-08
1.435968824387980969e-08
1.414116495419809497e-08
1.392596711471570972e-08
1.371404411929802815e-08
1.350534613192588308e-08
1.329982407497615212e-08
1.309742961768070539e-08
1.289811516476070243e-08
1.270183384523425614e-08
1.250853950139401787e-08
1.231818667795276783e-08
1.213073061135417859e-08
1.194486888528501772e-08
1.174264145070558211e-08
1.154383774021130120e-08
1.134839978992284257e-08
1.115627061729332178e-08
1.096739420449411839e-08
1.078171548208229236e-08
1.059918031294427880e-08
1.041973547651144721e-08
1.024332865324297732e-08
1.006990840937146575e-08
9.899424181906586516e-09
9.731826263892848214e-09
9.567065789916904942e-09
9.405094721860162698e-09
9.241905164364621330e-09
9.078328071089546901e-09
8.917646210449783164e-09
8.759808338277516952e-09
8.604764117401147946e-09
8.452464101591699867e-09
8.302859719793690818e-09
8.155903260635096015e-09
8.011547857211183404e-09
7.869747472137998573e-09
7.730456882870196741e-09
7.593631667278932054e-09
7.459228189484703804e-09
7.327203585941223005e-09
7.197370711471966651e-09
7.065779187502612159e-09
6.936593587845725551e-09
6.809769924320161063e-09
6.685265012992798926e-09
6.563036459474424805e-09
6.443042644484192307e-09
6.325242709678024747e-09
6.209596543736382721e-09
6.096064768705999274e-09
5.984608726591717268e-09
5.875190466193224328e-09
5.767772730182447701e-09
5.662318942417470680e-09
5.558793195488023179e-09
5.452309843664713145e-09
5.343488701677057117e-09
5.236839490721027992e-09
5.132318861826746289e-09
5.029884331214417834e-09
4.929494263026240330e-09
4.831107852402967140e-09
4.734685108898232075e-09
4.640186840223895319e-09
4.547574636319896444e-09
4.456810853741868030e-09
4.367858600360540131e-09
4.280681720366434764e-09
4.195244779573859166e-09
4.111439159754905973e-09
4.019423159901983416e-09
3.929466522695555263e-09
3.841523158602098473e-09
3.755548009594178108e-09
3.671497026064833191e-09
3.589327144258631571e-09
3.508996264207890180e-09
3.430463228162548836e-09
3.353687799502945462e-09
3.278630642124455243e-09
3.205253300283527826e-09
3.133518178894779902e-09
3.063388524269049911e-09
2.994828405282529241e-09
2.927551321697149184e-09
2.861533851644213507e-09
2.797005102325174645e-09
2.733931502483510890e-09
2.672280237908121890e-09
2.612019234361679866e-09
2.553117140893956471e-09
2.495543313531336097e-09
2.439267799334242563e-09
2.384261320814069678e-09
2.330495260701427389e-09
2.277941647057960721e-09
2.226573138723902702e-09
2.176363011093702019e-09
2.127285142212507820e-09
2.083590282910556834e-09
2.040875746169736428e-09
1.999036876619308611e-09
1.958055722688540600e-09
1.917914700821937835e-09
1.878596587934793483e-09
1.840084514023388662e-09
1.802361954926658332e-09
1.765412725236239523e-09
1.729220971351940819e-09
1.693771164679474082e-09
1.659048094967709833e-09
1.625036863782513180e-09
1.591722878114340844e-09
1.559419828197012664e-09
1.528138711961979873e-09
1.497485077957977033e-09
1.467446339231671185e-09
1.438010161317194311e-09
1.409164457171358223e-09
1.380897382210530762e-09
1.353197329446982753e-09
1.326052924722882178e-09
1.299453022039830395e-09
1.273386698982118757e-09
1.247843252231759666e-09
1.222812193173541776e-09
1.198283243588167926e-09
1.174246331431861574e-09
1.151437384899043785e-09
1.129106765108594344e-09
1.107209218437678319e-09
1.085736346000437489e-09
1.064679911796389688e-09
1.044031839551511036e-09
1.023784209620516101e-09
1.003929255949278423e-09
9.844593630961181863e-10
9.653670633108589342e-10
9.466450336705732515e-10
9.282860932708151009e-10
9.102832004713862123e-10
8.926294501954751640e-10
8.759211516047928045e-10
8.602773076851085462e-10
8.449128608916748023e-10
8.298228212262211055e-10
8.150022878112280324e-10
8.004464472982455888e-10
7.861505723046373473e-10
7.721100198782291089e-10
7.583202299894105520e-10
7.447767240501355541e-10
7.314751034593890875e-10
7.184110481746314125e-10
7.055803153087421802e-10
6.929787377520509597e-10
6.806022228189504343e-10
6.688143008615099677e-10
6.572588433961102203e-10
6.459030356646715602e-10
6.347434282134229491e-10
6.237766311866334695e-10
6.129993132968952977e-10
6.024082008132099830e-10
5.920000765665568778e-10
5.817717789726409728e-10
5.717202010715274166e-10
5.618422895838663838e-10
5.521350439834264294e-10
5.425955155856503310e-10
5.332208066519594166e-10
5.240951963369734492e-10
5.152469793219295942e-10
5.065481453672370500e-10
4.979961724621151246e-10
4.895885811744954960e-10
4.813229339321668978e-10
4.731968343160732596e-10
4.652079263655235067e-10
4.573538938951436533e-10
4.496324598233483690e-10
4.420413855121693724e-10
4.345784701182101799e-10
4.272415499545682867e-10
4.200284978635296696e-10
4.129372225998451011e-10
4.058472485421202801e-10
3.988661811623686530e-10
3.920051966510763590e-10
3.852622294365301283e-10
3.786352494773694354e-10
3.721222616514198639e-10
3.657213051550385934e-10
3.594304529128003158e-10
3.532478109973213352e-10
3.471715180590791641e-10
3.411997447660305388e-10
3.353306932528774106e-10
3.295625965797921103e-10
3.238937182004672665e-10
3.182137451057662236e-10
3.124647311907154827e-10
3.068195819311178377e-10
3.012764208544466508e-10
2.958334053895012256e-10
2.904887262539238699e-10
2.852406068527832899e-10
2.800873026880334974e-10
2.750271007786303181e-10
2.700583190911311745e-10
2.651793059805752747e-10
2.603884396414763442e-10
2.556841275687227056e-10
2.510648060282228909e-10
2.465289395371141845e-10
2.417827362773727300e-10
2.370866446808830780e-10
2.324817642131206213e-10
2.279663233008892154e-10
2.235385847798576820e-10
2.191968452262461866e-10
2.149394343014938199e-10
2.107647141096454769e-10
2.066710785672327566e-10
2.026569527853852436e-10
1.987207924639391663e-10
1.948610832973297849e-10
1.910763403920071814e-10
1.873651076951718096e-10
1.836071788619630783e-10
1.797185741847309294e-10
1.759123260168098627e-10
1.721866901349680273e-10
1.685399592567620346e-10
1.649704622581767647e-10
1.614765634078235206e-10
1.580566616173638717e-10
1.547091897078086970e-10
1.514326136913496883e-10
1.482254320684105650e-10
1.450861751395765263e-10
1.420134043321025564e-10
1.390057115406853464e-10
1.360617184821912795e-10
1.329421341691656337e-10
1.298522713720912448e-10
1.268342236708428867e-10
1.238863219272336529e-10
1.210069357974589781e-10
1.181944728304298080e-10
1.154473775870673779e-10
1.127641307800606176e-10
1.101432484336223020e-10
1.075832810627737857e-10
1.050828128717030098e-10
1.026404609707545593e-10
1.002548746116203293e-10
9.792473444030582516e-11
9.557538833699408716e-11
9.313988211169543636e-11
9.076643883666755909e-11
8.845347698862945851e-11
8.619945534557293670e-11
8.400287195978230841e-11
8.186226315702607050e-11
7.977620256124818448e-11
7.774330014411617527e-11
7.576220129878752727e-11
7.383158593727887794e-11
7.195016761083809600e-11
7.011669265272880553e-11
6.832993934286022001e-11
6.658871709370719660e-11
6.476627500328626065e-11
6.296707735538586143e-11
6.121786115502219890e-11
5.951723792489170332e-11
5.786385775938820924e-11
5.625640825308493859e-11
5.469361345898663639e-11
5.317423287571895298e-11
5.169706046285366385e-11
5.026092368358989622e-11
4.886468257402742869e-11
4.750722883829646775e-11
4.618748496882478396e-11
4.490440339104177970e-11
4.362644721960165996e-11
4.231816631196277033e-11
4.104911846230534861e-11
3.981812713978684385e-11
3.862405109566846289e-11
3.746578330526658122e-11
3.634224994163313488e-11
3.525240938001336729e-11
3.419525123215910929e-11
3.316979540959906110e-11
3.217509121500288079e-11
3.121021646079151645e-11
3.027427661417961667e-11
2.936640396785721183e-11
2.848575683553934948e-11
2.758711705590051842e-11
2.670569438571450034e-11
2.585243362610230380e-11
2.502643498944320768e-11
2.422682743679714630e-11
2.345276775936846380e-11
2.270343968931941633e-11
2.197805303899210354e-11
2.127584286763333463e-11
2.059606867474294226e-11
1.993801361919506038e-11
1.930098376330885922e-11
1.868430734107161973e-11
1.808733404974246546e-11
1.750131910756891251e-11
1.691420248826415109e-11
1.634678186573227308e-11
1.579839649851898624e-11
1.526840781105855288e-11
1.475619865007496051e-11
1.426117256592827001e-11
1.378275311807028008e-11
1.332038320379942197e-11
1.287352440953417782e-11
1.244165638384956760e-11
1.202427623154561103e-11
1.162089792804399063e-11
1.123105175342917830e-11
1.085428374547608563e-11
1.048035488013488628e-11
1.011644389967904290e-11
9.765169056377997457e-12
9.426091583690561440e-12
9.098787950433892860e-12
8.782849331763833550e-12
8.477881098524294488e-12
8.183502324328402999e-12
7.899345309754958708e-12
7.625055123066623482e-12
7.360289156875536406e-12
7.104716700202874685e-12
6.858018525398458970e-12
6.619886489402940278e-12
6.388699588951351589e-12
6.161841120333833945e-12
5.943038244887785807e-12
5.732004913863343313e-12
5.528465235911337279e-12
5.332153116400616458e-12
5.142811909543318296e-12
4.960194082872498035e-12
4.784060893634359933e-12
4.614182076671374590e-12
4.450335543388359555e-12
4.292307091408367657e-12
4.139890124538126372e-12
3.992885382677682559e-12
3.851100681320592482e-12
3.713020706494988914e-12
3.579443278034712627e-12
3.450671351833754253e-12
3.326532047995961030e-12
3.206858706049654058e-12
3.091490661201333876e-12
2.980273028638735518e-12
2.873056495593606733e-12
2.769697120885231804e-12
2.670056141675340985e-12
2.573999787175148661e-12
2.481399099054355041e-12
2.392129758310955117e-12
2.306071918369582327e-12
2.222984274789171058e-12
2.142478890434714169e-12
2.064889008894893177e-12
1.990109045223704194e-12
1.918037238234323323e-12
1.848575512021770880e-12
1.781629342500315056e-12
1.717107628774396038e-12
1.654922569167726663e-12
1.594989541742083274e-12
1.537226989143065021e-12
1.481556307616204385e-12
1.427901740042289527e-12
1.376190272846511786e-12
1.326351536640924847e-12
1.278317710465285581e-12
1.232023429495669269e-12
1.187405696095530024e-12
1.144403794087964692e-12
1.102959206132663869e-12
1.063015534095025207e-12
1.024518422299128739e-12
9.874154835600570214e-13
9.516562278950233421e-13
9.171919938161403120e-13
8.839758821115254515e-13
8.519626920244225599e-13
8.211088597436751360e-13
7.913723991217105526e-13
7.627128445394613121e-13
7.350911958404119624e-13
7.084698652588799174e-13
6.828126262702541686e-13
6.580845642936706453e-13
6.342520291799313525e-13
6.112825894201439643e-13
5.891449880126265076e-13
5.678090999281475360e-13
5.472458911155214014e-13
5.274273789918444948e-13
5.083265943635618944e-13
4.899175447265769763e-13
4.721751788954241851e-13
4.550753529134290289e-13
4.385947971973908110e-13
4.227110848721698724e-13
4.074026012519900579e-13
3.926485144270134630e-13
3.784287469150947001e-13
3.647239483401859594e-13
3.515154691001833178e-13
3.387853349884018276e-13
3.265162227341172322e-13
3.146914364289303707e-13
3.032948848068219602e-13
2.923110593470445862e-13
2.817250131699852474e-13
2.715223406973402629e-13
2.616891580488780553e-13
2.522120841491460525e-13
2.430782225183913128e-13
2.342751437229296370e-13
2.257908684610630573e-13
2.176138512615570071e-13
2.097329647724572457e-13
2.021374846189110176e-13
1.948170748093392861e-13
1.877617736701423648e-13
1.809619802897679878e-13
1.744084414537118050e-13
1.680922390526731900e-13
1.620047779467145556e-13
1.561377742689233273e-13
1.504832441526627126e-13
1.450334928670566264e-13
1.397811043459365492e-13
1.347189310960027085e-13
1.298400844704529554e-13
1.251379252948548742e-13
1.206060548325071469e-13
1.162383060769805126e-13
1.120287353600095711e-13
1.079716142632993091e-13
1.040614218232459543e-13
1.002928370179637716e-13
9.666073152639620657e-14
9.316016274965416481e-14
8.978636708508664389e-14
8.653475344393230202e-14
8.340089700372787832e-14
8.038053318697118513e-14
7.746955185785359037e-14
7.466399172914977822e-14
7.196003497166712364e-14
6.935400201891354102e-14
6.684234655991009766e-14
6.442165071334576043e-14
6.208862037649448147e-14
5.984008074257299463e-14
5.767297198043860045e-14
5.558434507074559677e-14
5.357135779289540594e-14
5.163127085732017478e-14
4.976144417783461734e-14
4.795933327898494906e-14
4.622248583350547676e-14
4.454853832517336383e-14
4.293521283251423545e-14
4.138031392898952102e-14
3.988172569544163795e-14
3.843740884073286849e-14
3.704539792666266793e-14
3.570379869338305634e-14
3.441078548167336885e-14
3.316459874856959440e-14
3.196354267296220251e-14
3.080598284791082414e-14
2.969034405652830089e-14
2.861510812841380030e-14
2.757881187371321741e-14
2.658004509199897528e-14
2.561744865325747728e-14
2.468971264837428678e-14
2.379557460659834993e-14
2.293381777756237602e-14
2.210326947551779965e-14
2.130279948353575569e-14
2.053131851549750181e-14
1.978777673378568792e-14
1.907116232065651216e-14
1.838050010134940453e-14
1.771485021706186416e-14
1.707330684598180713e-14
1.645499697063738690e-14
1.585907918988831453e-14
1.528474257393948802e-14
1.473120556082200393e-14
1.419771489283646774e-14
1.368354459151429488e-14
1.318799496969986036e-14
1.271039167941071531e-14
1.225008479417923557e-14
1.180644792462755073e-14
1.137887736607140929e-14
1.096679127699433250e-14
1.056962888727236032e-14
1.018684973507411378e-14
9.817932931395369547e-15
9.462376451229433004e-15
9.119696450407061013e-15
8.789426607177716341e-15
8.471117487634655737e-15
8.164335934122106278e-15
7.868664475790349025e-15
7.583700760498281241e-15
7.309057007289093930e-15
7.044359478694901460e-15
6.789247972151678861e-15
