6.550327913925121166e-10
6.637514424181043351e-10
6.725861408793412992e-10
6.815384313967529271e-10
6.906098791501481655e-10
6.998020701522754939e-10
7.091166115261084454e-10
7.185551317858397914e-10
7.281192811215868715e-10
7.378107316879146734e-10
7.476311778961826575e-10
7.575823367108005273e-10
7.676659479493961506e-10
7.778837745870105059e-10
7.882376030643218255e-10
7.986874356511768532e-10
8.092311257458026389e-10
8.199140059614309604e-10
8.307379137847112947e-10
8.417047109594541244e-10
8.528162838068565407e-10
8.640745435499546366e-10
8.754814266423598678e-10
8.870388951013345972e-10
8.987489368452646206e-10
9.106135660355873005e-10
9.226348234232326954e-10
9.348147766996393062e-10
9.471555208524025525e-10
9.596591785256192556e-10
9.722165456328303854e-10
9.849351421458363497e-10
9.978201241189451266e-10
1.010873668216948348e-09
1.024097979579912301e-09
1.037495292195680929e-09
1.051067869277251761e-09
1.064818003645130843e-09
1.078748018114625109e-09
1.092860265888267001e-09
1.107157130953329549e-09
1.121641028484539464e-09
1.136314405252106097e-09
1.151179740035017687e-09
1.166170413513752485e-09
1.181274107000790857e-09
1.196573416458113398e-09
1.212070875412218844e-09
1.227769050202670725e-09
1.243670540407056442e-09
1.259777979271476044e-09
1.276094034146600418e-09
1.292621406929378701e-09
1.309362834510464824e-09
1.326321089227439284e-09
1.343498979323902446e-09
1.360899349414510731e-09
1.378525080956039220e-09
1.396379092724542448e-09
1.414280921509487328e-09
1.432401803042126782e-09
1.450754863587107106e-09
1.469343078004871055e-09
1.488169459272117575e-09
1.507237058970195077e-09
1.526548967779698787e-09
1.546108315981458058e-09
1.565918273963946537e-09
1.585982052737126967e-09
1.606302904452977955e-09
1.626884122932592073e-09
1.647729044200092816e-09
1.668841047023393794e-09
1.690112566421049783e-09
1.711508291192427020e-09
1.733174871910081117e-09
1.755115737433948718e-09
1.777334360031122140e-09
1.799834255925313401e-09
1.822618985853344114e-09
1.845692155628638910e-09
1.869057416711895275e-09
1.892718466788903125e-09
1.916679050355747375e-09
1.940942959311418537e-09
1.965514033557856565e-09
1.990396161607668047e-09
2.015593281199496464e-09
2.040794761426773697e-09
2.066283680800197027e-09
2.092090949192887464e-09
2.118220542689385109e-09
2.144676487034318820e-09
2.171462858252694887e-09
2.198583783277850784e-09
2.226043440587302700e-09
2.253846060846480239e-09
2.281995927560593547e-09
2.310497377734547668e-09
2.339354802541160128e-09
2.368572647997660267e-09
2.398155415650739126e-09
2.427926345253864691e-09
2.457799173914393768e-09
2.488039553219097311e-09
2.518652005454005443e-09
2.549641108546652844e-09
2.581011496750714225e-09
2.612767861338960406e-09
2.644914951304896489e-09
2.677457574072873665e-09
2.710400596217045240e-09
2.743748944189169766e-09
2.777507605055260047e-09
2.811681627241458512e-09
2.846276121288924310e-09
2.881296260618121729e-09
2.916241529712589318e-09
2.951549594008252800e-09
2.987285146696631512e-09
3.023453363545062441e-09
3.060059482985899539e-09
3.097108806875211233e-09
3.134606701260726213e-09
3.172558597158950600e-09
3.210969991341821251e-09
3.249846447132818710e-09
3.289193595212720124e-09
3.329017134435172855e-09
3.369322832652009385e-09
3.410116527548689812e-09
3.451110454879945226e-09
3.492112624321600083e-09
3.533601934908359054e-09
3.575584174297307443e-09
3.618065198907829408e-09
3.661050934738684976e-09
3.704547378194550415e-09
3.748560596922623334e-09
3.793096730658923984e-09
3.838161992084893724e-09
3.883762667693928338e-09
3.929905118668451286e-09
3.976595781767155075e-09
4.023841170223044779e-09
4.071647874651887493e-09
4.119149650392129188e-09
4.167069949576162734e-09
4.215547731558554278e-09
4.264589481838646947e-09
4.314201761365176644e-09
4.364391207413882550e-09
4.415164534475598842e-09
4.466528535154394988e-09
4.518490081076456992e-09
4.571056123809247180e-09
4.624233695791651431e-09
4.678029911274653103e-09
4.732451967273244210e-09
4.787507144529115591e-09
4.842734566471873863e-09
4.897733012139976804e-09
4.953356069581547953e-09
5.009610832449157105e-09
5.066504474957344373e-09
5.124044252797398407e-09
5.182237504062839144e-09
5.241091650185088126e-09
5.300614196880075791e-09
5.360812735105385397e-09
5.421694942028274369e-09
5.483268582004894840e-09
5.545541507570319664e-09
5.608521660440153078e-09
5.672217072523169349e-09
5.735167730166380532e-09
5.798534720365660741e-09
5.862601842738222524e-09
5.927376832937210409e-09
5.992867512085888197e-09
6.059081787721913615e-09
6.126027654752043705e-09
6.193713196417611766e-09
6.262146585270444962e-09
6.331336084159570032e-09
6.401290047229068553e-09
6.472016920926579682e-09
6.543525245023324693e-09
6.615823653645153696e-09
6.688177448702174682e-09
6.759775149430690568e-09
6.832139311693597681e-09
6.905278140548846691e-09
6.979199928890469919e-09
7.053913058388871450e-09
7.129426000441193970e-09
7.205747317131848330e-09
7.282885662203333252e-09
7.360849782037446893e-09
7.439648516646999473e-09
7.519290800678145249e-09
7.599785664423439706e-09
7.681142234845751017e-09
7.763369736613121724e-09
7.844037255899568024e-09
7.924978050399018967e-09
8.006754054115415798e-09
8.089373885378281267e-09
8.172846251447575588e-09
8.257179949431575754e-09
8.342383867213742987e-09
8.428466984389671881e-09
8.515438373213174911e-09
8.603307199552681897e-09
8.692082723856941936e-09
8.781774302131227217e-09
8.872391386923249593e-09
8.963943528319254787e-09
9.055271090899538645e-09
9.144776768878130315e-09
9.235167154372413014e-09
9.326450992161520809e-09
9.418637113461241119e-09
9.511734436778513797e-09
9.605751968774008453e-09
9.700698805133592320e-09
9.796584131448400789e-09
9.893417224103262482e-09
9.991207451174251420e-09
1.008996427333512643e-08
1.018969724477232858e-08
1.029041601410952916e-08
1.039213032534099060e-08
1.049084542442604275e-08
1.058940386513311570e-08
1.068888823371748126e-08
1.078930722900212705e-08
1.089066963153301527e-08
1.099298430434676582e-08
1.109626019374566667e-08
1.120050633007984921e-08
1.130573182853702075e-08
1.141194588993943152e-08
1.151915780154830621e-08
1.162737693787605748e-08
1.173661276150591452e-08
1.184687482391925414e-08
1.195638523038581974e-08
1.206211970105594488e-08
1.216878921840384743e-08
1.227640205137232257e-08
1.238496654202930563e-08
1.249449110621453213e-08
1.260498423419193675e-08
1.271645449130781288e-08
1.282891051865478217e-08
1.294236103374165700e-08
1.305681483116920731e-08
1.317228078331191629e-08
1.328876784100575785e-08
1.340628503424206220e-08
1.352484147286750590e-08
1.363805364556148696e-08
1.375018170311608769e-08
1.386323164451259799e-08
1.397721104920826437e-08
1.409212755897639181e-08
1.420798887841869437e-08
1.432480277548185303e-08
1.444257708197831183e-08
1.456131969411137549e-08
1.468103857300459672e-08
1.480174174523554756e-08
1.492343730337398315e-08
1.504613340652428521e-08
1.516983828087268506e-08
1.529195101023071191e-08
1.540702990836304235e-08
1.552297482763201602e-08
1.563979228524120004e-08
1.575748884743918240e-08
1.587607112988846796e-08
1.599554579803746824e-08
1.611591956749513483e-08
1.623719920440842504e-08
1.635939152584264948e-08
1.648250340016462874e-08
1.660654174742877830e-08
1.673151353976604221e-08
1.685742580177592376e-08
1.698428561092114664e-08
1.710235820162603351e-08
1.721769175138519920e-08
1.733380307854457604e-08
1.745069742821877828e-08
1.756838008089402634e-08
1.768685635266656678e-08
1.780613159548301783e-08
1.792621119738201869e-08
1.804710058273766214e-08
1.816880521250441277e-08
1.829133058446404029e-08
1.841468223347367441e-08
1.853886573171609982e-08
1.866388668895135139e-08
1.878613837499576082e-08
1.889633045697191120e-08
1.900716888226183171e-08
1.911865744206056646e-08
1.923079994980092761e-08
1.934360024128371019e-08
1.945706217480900202e-08
1.957118963130827126e-08
1.968598651447689062e-08
1.980145675090776681e-08
1.991760429022576720e-08
2.003443310522259010e-08
2.015194719199279615e-08
2.027015057007042885e-08
2.038904728256665407e-08
2.049407235763437791e-08
2.059357320356068026e-08
2.069355713640925395e-08
2.079402650161718537e-08
2.089498365600890971e-08
2.099643096785152288e-08
2.109837081691017946e-08
2.120080559450416565e-08
2.130373770356283314e-08
2.140716955868199969e-08
2.151110358618059770e-08
2.161554222415759087e-08
2.172048792254916216e-08
2.182594314318619626e-08
2.192717712442391076e-08
2.200909820162212793e-08
2.209132534023674362e-08
2.217385968372930492e-08
2.225670237983312141e-08
2.233985458056962684e-08
2.242331744226436354e-08
2.250709212556282127e-08
2.259117979544677903e-08
2.267558162125043835e-08
2.276029877667669562e-08
2.284533243981346731e-08
2.293068379315006486e-08
2.301635402359364228e-08
2.310234432248570015e-08
2.316828546170008123e-08
2.322482467536634618e-08
2.328150186569416442e-08
2.333831736939779698e-08
2.339527152401319966e-08
2.345236466789999830e-08
2.350959714024369241e-08
2.356696928105736579e-08
2.362448143118390995e-08
2.368213393229800940e-08
2.373992712690809707e-08
2.379786135835861416e-08
2.385593697083173732e-08
2.391415430934962195e-08
2.396667574109979851e-08
2.399016456774312382e-08
2.401367641489138374e-08
2.403721130510609159e-08
2.406076926097088613e-08
2.408435030509152824e-08
2.410795446009594394e-08
2.413158174863422437e-08
2.415523219337867212e-08
2.417890581702374831e-08
2.420260264228631080e-08
2.422632269190533623e-08
2.425006598864213186e-08
2.427383255528030900e-08
2.429762241462581617e-08
2.429519219866043251e-08
2.427887580978727248e-08
2.426257037882473779e-08
2.424627589841365730e-08
2.422999236119980972e-08
2.421371975983376479e-08
2.419745808697122408e-08
2.418120733527262395e-08
2.416496749740352594e-08
2.414873856603422310e-08
2.413252053384012706e-08
2.411631339350136437e-08
2.410011713770319012e-08
2.408393175913555776e-08
2.406145382840118207e-08
2.400048752093892385e-08
2.393967568837553373e-08
2.387901793930629164e-08
2.381851388331841267e-08
2.375816313098812542e-08
2.369796529387857101e-08
2.363791998453690462e-08
2.357802681649219772e-08
2.351828540425260258e-08
2.345869536330302284e-08
2.339925631010278423e-08
2.333996786208281884e-08
2.328082963764360044e-08
2.322184125615234864e-08
2.313275660278895648e-08
2.302611739453808164e-08
2.291996978013106848e-08
2.281431149337969641e-08
2.270914027854278779e-08
2.260445389027772527e-08
2.250025009359263743e-08
2.239652666379884248e-08
2.229328138646306044e-08
2.219051205736028696e-08
2.208821648242685909e-08
2.198639247771330272e-08
2.188503786933806667e-08
2.178415049344079693e-08
2.167810625426630204e-08
2.152906157111044599e-08
2.138104162310979648e-08
2.123403936484605091e-08
2.108804779934061991e-08
2.094305997772175658e-08
2.079906899889355195e-08
2.065606800920762035e-08
2.051405020213680311e-08
2.037300881795136051e-08
2.023293714339697012e-08
2.009382851137536568e-08
1.995567630062694785e-08
1.981847393541557881e-08
1.968221488521578222e-08
1.951869148771881657e-08
1.933794203441151309e-08
1.915886638003132413e-08
1.898144902465392680e-08
1.880567461188935343e-08
1.863152792755281486e-08
1.845899389834783884e-08
1.828805759056160439e-08
1.811870420877233972e-08
1.795091909456870770e-08
1.778468772528104312e-08
1.761999571272430949e-08
1.745682880195290107e-08
1.729517287002640662e-08
1.713150377450954083e-08
1.693301507107808980e-08
1.673682609368986799e-08
1.654291019730269882e-08
1.635124104558865924e-08
1.616179260735738389e-08
1.597453915302049330e-08
1.578945525109727858e-08
1.560651576476085841e-08
1.542569584842408705e-08
1.524697094436532241e-08
1.507031677939312142e-08
1.489570936154960923e-08
1.472312497685216354e-08
1.455254018607256682e-08
1.436711850077866507e-08
1.417174517504411572e-08
1.397902866155804151e-08
1.378893283127731065e-08
1.360142204646466004e-08
1.341646115400783375e-08
1.323401547882913731e-08
1.305405081738490980e-08
1.287653343125337030e-08
1.270143004080941424e-08
1.252870781898580053e-08
1.235833438511880367e-08
1.219027779887781321e-08
1.202450655427746263e-08
1.185994119116184757e-08
1.168159153614084491e-08
1.150592390111750727e-08
1.133289795390695538e-08
1.116247396883913341e-08
1.099461281763823608e-08
1.082927596043890850e-08
1.066642543693793154e-08
1.050602385767858038e-08
1.034803439546642866e-08
1.019242077691387682e-08
1.003914727411218206e-08
9.888178696428404172e-09
9.739480382425928824e-09
9.593018191906454060e-09
9.444011498027139916e-09
9.293454257267977068e-09
9.145297212945403660e-09
8.999502100922176972e-09
8.856031267071063201e-09
8.714847657550297035e-09
8.575914809233528793e-09
8.439196840292694097e-09
8.304658440931011861e-09
8.172264864263400756e-09
8.041981917342605197e-09
7.913775952328362356e-09
7.787613857797064157e-09
7.663463050190258225e-09
7.541008397927506114e-09
7.412576331610182384e-09
7.286331611439204455e-09
7.162236984388059623e-09
7.040255831892340756e-09
6.920352159043889742e-09
6.802490583969446041e-09
6.686636327389724011e-09
6.572755202356770821e-09
6.460813604165656807e-09
6.350778500438400556e-09
6.242617421376493247e-09
6.136298450179452200e-09
6.031790213626799676e-09
5.929061872820071348e-09
5.821944785179470041e-09
5.711217694650644219e-09
5.602596513578086406e-09
5.496041189842510709e-09
5.391512433072604567e-09
5.288971700157384668e-09
5.188381181034199218e-09
5.089703784746813786e-09
4.992903125768871574e-09
4.897943510587337388e-09
4.804789924541233521e-09
4.713408018910490255e-09
4.623764098250547570e-09
4.535825107967724327e-09
4.449498169814035225e-09
4.356717226010709005e-09
4.265870950613666444e-09
4.176919001913871542e-09
4.089821879407607518e-09
4.004540906255782703e-09
3.921038212108822965e-09
3.839276716289702735e-09
3.759220111327804014e-09
3.680832846835888237e-09
3.604080113723517650e-09
3.528927828739409611e-09
3.455342619336342934e-09
3.383291808851509563e-09
3.312743401995891823e-09
3.244699350211668873e-09
3.179090125004992933e-09
3.114807546728467967e-09
3.051824790006977217e-09
2.990115571886099104e-09
2.929654140864138574e-09
2.870415266145873450e-09
2.812374227113718174e-09
2.755506803011672735e-09
2.699789262837873308e-09
2.645198355441618224e-09
2.591711299820524904e-09
2.539305775613949467e-09
2.487959913788569480e-09
2.437652287512413354e-09
2.390945003166136735e-09
2.345182740274172081e-09
2.300296358969705111e-09
2.256269095034648018e-09
2.213084505115080346e-09
2.170726460579928426e-09
2.129179141497281879e-09
2.088427030725909095e-09
2.048454908119907025e-09
2.009247844844263480e-09
1.970791197799217267e-09
1.933070604151345708e-09
1.896071975969283891e-09
1.859781494962195265e-09
1.822583484001355436e-09
1.784341435493884672e-09
1.746901794276325189e-09
1.710247723973966680e-09
1.674362741478444725e-09
1.639230709535444401e-09
1.604835829487829665e-09
1.571162634171105917e-09
1.538195980957950633e-09
1.505921044948622684e-09
1.474323312304347542e-09
1.443388573720490225e-09
1.413102918036738092e-09
1.383452725981354934e-09
1.354424664046638941e-09
1.327934797802475862e-09
1.302054299578352946e-09
1.276678193730605844e-09
1.251796650013023262e-09
1.227400029763868525e-09
1.203478882172019165e-09
1.180023940615878566e-09
1.157026119073683827e-09
1.134476508603724254e-09
1.112366373893183163e-09
1.090687149874239395e-09
1.069430438406096365e-09
1.048588005021721039e-09
1.028151775737941223e-09
1.008453320260843621e-09
9.895550619155523545e-10
9.710109539918123700e-10
9.528143597658161989e-10
9.349587668849279202e-10
9.174377850369827748e-10
9.002451436632874538e-10
8.833746897144202638e-10
8.668203854481601173e-10
8.505763062686427221e-10
8.346366386059980589e-10
8.189956778357544636e-10
8.036478262372157384e-10
7.885875909901005347e-10
7.738095822087251907e-10
7.595762340231632410e-10
7.456252807633897916e-10
7.319305612931173763e-10
7.184873694282062695e-10
7.052910854218734096e-10
6.923371743771060521e-10
6.796211846882500837e-10
6.671387465112172344e-10
6.548855702617902707e-10
6.428574451415094924e-10
6.310502376906335749e-10
6.194598903676781378e-10
6.080824201550458647e-10
5.969139171902542448e-10
5.859832431845240066e-10
5.752981639286064742e-10
5.648079211633789447e-10
5.545089621535579010e-10
5.443977989460093830e-10
5.344710071884958857e-10
5.247252249699425669e-10
5.151571516818512584e-10
5.057635469004961491e-10
4.965412292894718332e-10
4.874870755222830145e-10
4.785980192245574163e-10
4.698710499355600200e-10
4.613032120886309216e-10
4.528916040102355277e-10
4.446825586417978562e-10
4.366276318386076003e-10
4.287186110183362677e-10
4.209528532574201997e-10
4.133277635058926931e-10
4.058407937202226987e-10
3.984894420118289021e-10
3.912712518110428502e-10
3.841838110462059159e-10
3.772247513376376259e-10
3.703917472062045530e-10
3.636825152962231637e-10
3.570948136124468109e-10
3.506264407708587330e-10
3.442043751118317782e-10
3.377899697222208592e-10
3.314950997001917290e-10
3.253175374496967278e-10
3.192550968869516019e-10
3.133056326668437359e-10
3.074670394237442350e-10
3.017372510264682604e-10
2.961142398471311718e-10
2.905960160436177354e-10
2.851806268554237935e-10
2.798661559126307696e-10
2.746507225577455204e-10
2.695324811801844196e-10
2.645096205631591530e-10
2.593642241649381908e-10
2.542884056037863082e-10
2.493119219996777624e-10
2.444328293442556146e-10
2.396492216738654555e-10
2.349592303250046558e-10
2.303610232043525881e-10
2.258528040730865420e-10
2.214328118451941559e-10
2.170993198995320648e-10
2.128506354053340666e-10
2.086850986609281980e-10
2.046010824453952594e-10
2.005969913829067253e-10
1.965794173882664569e-10
1.924829399009261043e-10
1.884718280537279834e-10
1.845443029298987429e-10
1.806986226831393095e-10
1.769330817651244807e-10
1.732460101690935598e-10
1.696357726892071035e-10
1.661007681953412391e-10
1.626394289229875398e-10
1.592502197779572622e-10
1.559316376555679644e-10
1.526822107740210289e-10
1.495004980216736998e-10
1.463850883179070996e-10
1.431448554771172869e-10
1.399429732475551894e-10
1.368127111246167609e-10
1.337524671007005148e-10
1.307606750021129340e-10
1.278358036875322935e-10
1.249763562643984933e-10
1.221808693228336158e-10
1.194479121866979165e-10
1.167760861813959637e-10
1.141640239180630101e-10
1.116103885937604613e-10
1.091138733073268897e-10
1.066732003905322370e-10
1.042274393563445610e-10
1.017216497230656384e-10
9.927610316708982250e-11
9.688935135120843626e-11
9.455998075849035423e-11
9.228661185514833917e-11
9.006789827353113541e-11
8.790252601475983520e-11
8.578921267052823623e-11
8.372670666362149503e-11
8.171378650668474997e-11
7.974926007881800343e-11
7.783196391956047295e-11
7.596076253984911518e-11
7.413454774954275987e-11
7.224820214603146559e-11
7.038774175542752512e-11
6.857519000147076544e-11
6.680931319088907491e-11
6.508890939919514239e-11
6.341280765260706744e-11
6.177986713103947075e-11
6.018897639161683934e-11
5.863905261218131345e-11
5.712904085428300669e-11
5.565791334514780759e-11
5.422466877813401196e-11
5.282833163120525920e-11
5.146795150295115534e-11
5.011684841903999845e-11
4.874478597096032014e-11
4.741028684581128352e-11
4.611232266239087262e-11
4.484989319376603922e-11
4.362202559648567788e-11
4.242777366089568922e-11
4.126621708197835229e-11
4.013646075015425993e-11
3.903763406149941747e-11
3.796889024684823823e-11
3.692940571926235277e-11
3.591837943936465811e-11
3.493503229804881921e-11
3.397860651608777308e-11
3.300885552434009911e-11
3.205684222180760530e-11
3.113228607626532358e-11
3.023439519177243446e-11
2.936240051157628489e-11
2.851555515940419391e-11
2.769313379975317356e-11
2.689443201662915404e-11
2.611876571020399112e-11
2.536547051087467658e-11
2.463390121022013288e-11
2.392343120837154587e-11
2.323345197731955020e-11
2.256337253970171858e-11
2.190453500670315243e-11
2.124485499187361646e-11
2.060504199188060954e-11
1.998449768894939390e-11
1.938264178432632500e-11
1.879891145561560553e-11
1.823276083045862103e-11
1.768366047606444379e-11
1.715109690411366624e-11
1.663457209057226175e-11
1.613360300996716363e-11
1.564772118368726018e-11
1.517647224188847662e-11
1.471941549859192264e-11
1.427612353957878887e-11
1.383399354778074281e-11
1.340198155124324791e-11
1.298346055168410015e-11
1.257800924830405317e-11
1.218521949680828177e-11
1.180469589855141816e-11
1.143605540251263928e-11
1.107892691970038041e-11
1.073295094959877738e-11
1.039777921827908089e-11
1.007307432781269730e-11
9.758509416632218566e-12
9.453767830498830112e-12
9.158542803745011221e-12
8.870207518118212945e-12
8.584334762503485183e-12
8.307675233550617356e-12
8.039932003539720711e-12
7.780817714261533875e-12
7.530054268607191437e-12
7.287372532097847126e-12
7.052512044032923613e-12
6.825220737948356019e-12
6.605254671083411501e-12
6.392377762566538553e-12
6.186361540039300274e-12
5.986984894445849332e-12
5.794033842725415741e-12
5.607301298152829044e-12
5.422885233308610613e-12
5.243283137574674905e-12
5.069629335305218112e-12
4.901726823258205361e-12
4.739385122798614781e-12
4.582420063808120114e-12
4.430653575751532716e-12
4.283913485662880795e-12
4.142033322822225473e-12
4.004852129901261072e-12
3.872214280363732887e-12
3.743969301913416835e-12
3.619971705789283369e-12
3.500080821714513568e-12
3.383547580177203770e-12
3.268883832339614660e-12
3.158105880329219141e-12
3.051082039899740143e-12
2.947685089401843249e-12
2.847792118551971969e-12
2.751284382326074201e-12
2.658047159804731278e-12
2.567969617801828061e-12
2.480944679114606394e-12
2.396868895238646446e-12
2.315642323396257690e-12
2.237168407732257511e-12
2.161353864535862419e-12
2.088108571352203838e-12
2.017345459851789234e-12
1.948980412330383826e-12
1.882932161716409111e-12
1.819122194966952602e-12
1.757474659737515282e-12
1.697916274214666698e-12
1.640376240004273727e-12
1.584786157971860817e-12
1.531079946935026983e-12
1.479193765111228684e-12
1.429065934227655085e-12
1.380636866202849443e-12
1.333848992313021720e-12
1.288646694758815295e-12
1.244976240551155312e-12
1.202785717637666158e-12
1.162024973193624521e-12
1.122645554004172251e-12
1.084600648866893842e-12
1.047845032946267114e-12
1.012335014013910819e-12
9.780283805106296767e-13
9.448843513685884943e-13
9.128635275339418160e-13
8.819278451322768906e-13
8.520405302212510385e-13
8.231660550765631791e-13
7.952700959593521164e-13
7.683194923147974230e-13
7.422822073534095658e-13
7.171272899681950119e-13
6.928248379423658679e-13
6.693459624039047381e-13
6.466627534847142792e-13
6.247482471435181914e-13
6.035763931131136175e-13
5.831220239338219486e-13
5.633608250363646513e-13
5.442693058385895909e-13
5.258247718216784586e-13
5.080052975526744664e-13
4.907897006212168813e-13
4.741575164595360281e-13
4.580889740157616331e-13
4.425649722516214588e-13
4.275670574366178333e-13
4.130774012116550664e-13
3.990787793960696433e-13
3.855545515128601868e-13
3.724886410077713499e-13
3.598655161387413067e-13
3.476701715129638063e-13
3.358881102496414782e-13
3.245053267472183830e-13
3.135082900346007130e-13
3.028839276865947939e-13
2.926196102844155586e-13
2.827031364028133181e-13
2.731227181059646732e-13
2.638669669348889482e-13
2.549248803697261746e-13
2.462858287508005224e-13
2.379395426429000172e-13
2.298761006277686889e-13
2.220859175102943413e-13
2.145597329243674373e-13
2.072886003248809339e-13
2.002638763527669907e-13
1.934772105604422638e-13
1.869205354854435552e-13
1.805860570604504871e-13
1.744662453483067789e-13
1.685538255910112434e-13
1.628417695620499343e-13
1.573232872117856011e-13
1.519918185959702320e-13
1.468410260777955065e-13
1.418647867941985754e-13
1.370571853774774347e-13
1.324125069235607641e-13
1.279252301985705314e-13
1.235900210756102568e-13
1.194017261939659584e-13
1.153553668331909389e-13
1.114461329947889014e-13
1.076693776844587762e-13
1.040206113881106340e-13
1.004954967350772941e-13
9.708984334218466442e-14
9.379960283254921883e-14
9.062086402317975508e-14
8.754984827566834467e-14
8.458290500443624309e-14
8.171650733720098775e-14
7.894724792250422069e-14
7.627183487931492540e-14
7.368708788389837392e-14
7.118993438929225126e-14
6.877740597290131350e-14
6.644663480786679571e-14
6.419485025401501624e-14
6.201937556433660429e-14
5.991762470307595198e-14
5.788709927165258785e-14
5.592538553875870743e-14
5.403015157110150293e-14
5.219914446138294298e-14
5.043018765021717850e-14
4.872117833880564457e-14
4.707008498929294766e-14
4.547494490983129306e-14
4.393386192148565306e-14
4.244500410420239309e-14
4.100660161916466876e-14
3.961694460494617085e-14
3.827438114495801043e-14
3.697731530378092627e-14
3.572420523003941782e-14
3.451356132356862889e-14
3.334394446469307829e-14
3.221396430351268891e-14
3.112227760716257714e-14
3.006758666308185922e-14
2.904863773639352578e-14
2.806421957956178774e-14
2.711316199255393187e-14
2.619433443179857504e-14
2.530664466628213455e-14
2.444903747918944764e-14
2.362049341354378953e-14
2.282002756035541242e-14
2.204668838783803163e-14
2.129955661030157911e-14
2.057774409537658861e-14
1.988039280827125854e-14
1.920667379180632292e-14
1.855578618101434577e-14
1.792695625113447310e-14
1.731943649786772110e-14
1.673250474880195730e-14
1.616546330494928649e-14
1.561763811137555711e-14
1.508837795593606987e-14
