7.529004030370240994e-10
7.631718956937151514e-10
7.735835178562124421e-10
7.841371812503984675e-10
7.948348236830002746e-10
8.056784093974088531e-10
8.166699294343201634e-10
8.278114019973419363e-10
8.391048728235560081e-10
8.505524155591382450e-10
8.621561321401173276e-10
8.739181531783275048e-10
8.858406383526136350e-10
8.979257768053721631e-10
9.101757875445169534e-10
9.225567342112246598e-10
9.350674129671626177e-10
9.477477475037559224e-10
9.606000385022287634e-10
9.736266178430882080e-10
9.868298490291715610e-10
1.000212127614492569e-09
1.013775881638878718e-09
1.027523572068507981e-09
1.041457693242419258e-09
1.055580773325076748e-09
1.069895374765073438e-09
1.084404094760053351e-09
1.099109565727939379e-09
1.114014455784551090e-09
1.129017745960222357e-09
1.144220220705967378e-09
1.159627400151187993e-09
1.175242040690140107e-09
1.191066935832535364e-09
1.207104916703314574e-09
1.223358852549149426e-09
1.239831651251740944e-09
1.256526259848077413e-09
1.273445665057650358e-09
1.290592893816798121e-09
1.307971013820212823e-09
1.325583134069793518e-09
1.343432405430834792e-09
1.361463808774067859e-09
1.379667990841402943e-09
1.398115581688762306e-09
1.416809835943789898e-09
1.435754051751879800e-09
1.454951571358031205e-09
1.474405781696539266e-09
1.494120114988515633e-09
1.514098049347430982e-09
1.534343109392719249e-09
1.554858866871647257e-09
1.575648941289438158e-09
1.596717000547851355e-09
1.618066761592300157e-09
1.639701991067590532e-09
1.661456712241785600e-09
1.683490384005609069e-09
1.705816258802955602e-09
1.728438211730723611e-09
1.751360169276002488e-09
1.774586109997613182e-09
1.798120065216686962e-09
1.821966119716330972e-09
1.846128412450681242e-09
1.870611137263247432e-09
1.895418543614861339e-09
1.920554937321275710e-09
1.946024681300479328e-09
1.971832196329989545e-09
1.997886132997805050e-09
2.024157400241153926e-09
2.050774122348606977e-09
2.077740841889895033e-09
2.105062161167388287e-09
2.132742743001603548e-09
2.160787311526964400e-09
2.189200652998023950e-09
2.217987616606368551e-09
2.247153115308174368e-09
2.276702126662700510e-09
2.306639693681752237e-09
2.336970925690406227e-09
2.367700999198972265e-09
2.398835158786418413e-09
2.430108143178044440e-09
2.461765023085002369e-09
2.493834295357411988e-09
2.526321332207030318e-09
2.559231575829151109e-09
2.592570539314205026e-09
2.626343807571334510e-09
2.660557038264007846e-09
2.695215962757708823e-09
2.730326387080135019e-09
2.765894192893730591e-09
2.801925338481066010e-09
2.838425859742883162e-09
2.875401871209259136e-09
2.912697393445858075e-09
2.950237104466344600e-09
2.988260638456806199e-09
3.026774231071674425e-09
3.065784198332399160e-09
3.105296937663145737e-09
3.145318928940036330e-09
3.185856735553714734e-09
3.226917005485809021e-09
3.268506472399060462e-09
3.310631956741713044e-09
3.353300366865938582e-09
3.396518700160806984e-09
3.440294044199863276e-09
3.484633577903354002e-09
3.529096577482718800e-09
3.574072815874351075e-09
3.619622249693027330e-09
3.665752183973805725e-09
3.712470016850060440e-09
3.759783240739978380e-09
3.807699443548161853e-09
3.856226309882566753e-09
3.905371622286858995e-09
3.955143262488647834e-09
4.005549212663458380e-09
4.056597556714901952e-09
4.108296481571133625e-09
4.160654278497860831e-09
4.213426822533365837e-09
4.266451773196118055e-09
4.320144029952256682e-09
4.374511990686505725e-09
4.429564158968926477e-09
4.485309145384882496e-09
4.541755668881912151e-09
4.598912558133388803e-09
4.656788752919330919e-09
4.715393305524769923e-09
4.774735382155521928e-09
4.834824264371890259e-09
4.895669350540295465e-09
4.957280157303371306e-09
5.019666321068381146e-09
5.082061471064379470e-09
5.145111492328452264e-09
5.208943736555399195e-09
5.273567908305978788e-09
5.338993832539553551e-09
5.405231456107666314e-09
5.472290849266374541e-09
5.540182207207202001e-09
5.608915851607236357e-09
5.678502232198214686e-09
5.748951928355314100e-09
5.820275650705508491e-09
5.892484242756027426e-09
5.965588682542776557e-09
6.039202047861459587e-09
6.112986947938444912e-09
6.187673326627351525e-09
6.263272197884811804e-09
6.339794710232205910e-09
6.417252148399648505e-09
6.495655934990321646e-09
6.575017632164750995e-09
6.655348943346054363e-09
6.736661714945763905e-09
6.818967938110721551e-09
6.902279750491573787e-09
6.986609438032622585e-09
7.071969436783538711e-09
7.158372334733499078e-09
7.244504125619982650e-09
7.331416923051897585e-09
7.419372419090434078e-09
7.508383123060036720e-09
7.598461694360440953e-09
7.689620944266947305e-09
7.781873837752581993e-09
7.875233495332103364e-09
7.969713194927864930e-09
8.065326373758369625e-09
8.162086630249286975e-09
8.260007725967608165e-09
8.359103587578618056e-09
8.459388308826870332e-09
8.560237644035461039e-09
8.660958885473279803e-09
8.762865230514403775e-09
8.865970623293422930e-09
8.970289172014036181e-09
9.075835150879626413e-09
9.182623002046180968e-09
9.290667337598747076e-09
9.399982941550595043e-09
9.510584771866250572e-09
9.622487962508366417e-09
9.735707825508269614e-09
9.850259853061463084e-09
9.966159719647146916e-09
1.008342328417332765e-08
1.019989300538020040e-08
1.031720422210382892e-08
1.043586466097730610e-08
1.055588983970188674e-08
1.067729545445125836e-08
1.080009738192428584e-08
1.092431168142121988e-08
1.104995459694392839e-08
1.117704255932006160e-08
1.130559218835183071e-08
1.143562029498952916e-08
1.156714388352982136e-08
1.170018015383953341e-08
1.183474650360502188e-08
1.196982009068198034e-08
1.210398309659564055e-08
1.223964986046219773e-08
1.237683723706183890e-08
1.251556227009061363e-08
1.265584219427778650e-08
1.279769443752704204e-08
1.294113662308167469e-08
1.308618657171405978e-08
1.323286230393954946e-08
1.338118204225542901e-08
1.353116421340471984e-08
1.368282745066550941e-08
1.383619059616577483e-08
1.399127270322442473e-08
1.414447112742439277e-08
1.429835572941590010e-08
1.445391451706739870e-08
1.461116570466148617e-08
1.477012770464280455e-08
1.493081912977395593e-08
1.509325879531487680e-08
1.525746572122588808e-08
1.542345913439477302e-08
1.559125847088791283e-08
1.576088337822623115e-08
1.593235371768558331e-08
1.610568956662233493e-08
1.628091122082421252e-08
1.645639703579463569e-08
1.662936843830214284e-08
1.680415792444122354e-08
1.698078460389152990e-08
1.715926778719248563e-08
1.733962698785449579e-08
1.752188192449235810e-08
1.770605252298108421e-08
1.789215891863440227e-08
1.808022145840612608e-08
1.827026070311470181e-08
1.846229742969110445e-08
1.865635263345036506e-08
1.885244753038700362e-08
1.905060355949455262e-08
1.924481858177999343e-08
1.943909537447986695e-08
1.963533339492638898e-08
1.983355244174923526e-08
2.003377251344561691e-08
2.023601381039788640e-08
2.044029673691175363e-08
2.064664190327464214e-08
2.085507012783523110e-08
2.106560243910381912e-08
2.127826007787389027e-08
2.149306449936508760e-08
2.171003737538801100e-08
2.192920059653045224e-08
2.214803807948412229e-08
2.236124497894700225e-08
2.257650430318062203e-08
2.279383580974193050e-08
2.301325944638276217e-08
2.323479535288109593e-08
2.345846386288921481e-08
2.368428550580040110e-08
2.391228100863290311e-08
2.414247129793248695e-08
2.437487750169334183e-08
2.460952095129696163e-08
2.484642318347043544e-08
2.508560594226279381e-08
2.532709118104120072e-08
2.556111073102092760e-08
2.579370644476190767e-08
2.602841868491750899e-08
2.626526671101757055e-08
2.650426995784566202e-08
2.674544803703402363e-08
2.698882073867278980e-08
2.723440803293380093e-08
2.748223007170950959e-08
2.773230719026623330e-08
2.798465990891299475e-08
2.823930893468528763e-08
2.849627516304420819e-08
2.875557967959098555e-08
2.901346246437826100e-08
2.926016198983746147e-08
2.950895918481599471e-08
2.975987188565709548e-08
3.001291808036529405e-08
3.026811590989572612e-08
3.052548366945503971e-08
3.078503980981280737e-08
3.104680293862405889e-08
3.131079182176366262e-08
3.157702538467144687e-08
3.184552271370882241e-08
3.211630305752741571e-08
3.238938582844879957e-08
3.266479060385626747e-08
3.292708588101476256e-08
3.318503535023137190e-08
3.344500558523666026e-08
3.370701241662870199e-08
3.397107179902185560e-08
3.423719981201827747e-08
3.450541266118709199e-08
3.477572667905119149e-08
3.504815832608179855e-08
3.532272419170081699e-08
3.559944099529100467e-08
3.587832558721409387e-08
3.615939494983687905e-08
3.644266619856533823e-08
3.672284537459196068e-08
3.698290906880154995e-08
3.724481448100304524e-08
3.750857465386759162e-08
3.777420272243133965e-08
3.804171191475031439e-08
3.831111555255916216e-08
3.858242705193386783e-08
3.885565992396064610e-08
3.913082777540837981e-08
3.940794430940631247e-08
3.968702332612645243e-08
3.996807872347081435e-08
4.025112449776351792e-08
4.053617474444777688e-08
4.079987631857785452e-08
4.105424977194777271e-08
4.131020915791392180e-08
4.156776436423074797e-08
4.182692534029915313e-08
4.208770209755147135e-08
4.235010470983790784e-08
4.261414331381549910e-08
4.287982810934023623e-08
4.314716935986042573e-08
4.341617739281378250e-08
4.368686260002609779e-08
4.395923543811242185e-08
4.423330642888154858e-08
4.450196464614024940e-08
4.473655170450361119e-08
4.497237536193384753e-08
4.520944213702258094e-08
4.544775858272351585e-08
4.568733128653353153e-08
4.592816687067464203e-08
4.617027199227743835e-08
4.641365334356455047e-08
4.665831765203598214e-08
4.690427168065498170e-08
4.715152222803491866e-08
4.740007612862755670e-08
4.764994025291139931e-08
4.790112150758201419e-08
4.811989760295565914e-08
4.832173692653393377e-08
4.852442286688783013e-08
4.872795897515839124e-08
4.893234881738223744e-08
4.913759597455396222e-08
4.934370404268838261e-08
4.955067663288391437e-08
4.975851737138576865e-08
4.996722989964946619e-08
5.017681787440464934e-08
5.038728496771913234e-08
5.059863486706327579e-08
5.081087127537453985e-08
5.101506062590152638e-08
5.116518259857794140e-08
5.131574633504742873e-08
5.146675313528778890e-08
5.161820430310238720e-08
5.177010114613127099e-08
5.192244497586238622e-08
5.207523710764331686e-08
5.222847886069197860e-08
5.238217155810848401e-08
5.253631652688640537e-08
5.269091509792426920e-08
5.284596860603693164e-08
5.300147838996752296e-08
5.315744579239837293e-08
5.326738825069936663e-08
5.334988110661186450e-08
5.343250171557364147e-08
5.351525027543011379e-08
5.359812698433340966e-08
5.368113204074219720e-08
5.376426564342259761e-08
5.384752799144856241e-08
5.393091928420221091e-08
5.401443972137478974e-08
5.409808950296645447e-08
5.418186882928720267e-08
5.426577790095724452e-08
5.434981691890737332e-08
5.442416888654432650e-08
5.442212980393951142e-08
5.442009079773196614e-08
5.441805186791882529e-08
5.441601301449723677e-08
5.441397423746432197e-08
5.441193553681734129e-08
5.440989691255321098e-08
5.440785836466917158e-08
5.440581989316237097e-08
5.440378149802994379e-08
5.440174317926902468e-08
5.439970493687675493e-08
5.439766677085039489e-08
5.439562868118684099e-08
5.433508890190504993e-08
5.423577209605929027e-08
5.413663682719298725e-08
5.403768276348248597e-08
5.393890957371068648e-08
5.384031692726556156e-08
5.374190449413983241e-08
5.364367194492899004e-08
5.354561895083097106e-08
5.344774518364469515e-08
5.335005031576867547e-08
5.325253402020054877e-08
5.315519597053567914e-08
5.305803584096570876e-08
5.295180695336309845e-08
5.274925147581416912e-08
5.254747082964190987e-08
5.234646205089963194e-08
5.214622218697854653e-08
5.194674829656410288e-08
5.174803744959353081e-08
5.155008672721195372e-08
5.135289322173033482e-08
5.115645403658196076e-08
5.096076628628060617e-08
5.076582709637781802e-08
5.057163360342043168e-08
5.037818295490917875e-08
5.018547230925601116e-08
4.993012958974505090e-08
4.962931818074505457e-08
4.933031905431939386e-08
4.903312129210495845e-08
4.873771404151823069e-08
4.844408651535857643e-08
4.815222799141453347e-08
4.786212781207189346e-08
4.757377538392509896e-08
4.728716017739012303e-08
4.700227172631967795e-08
4.671909962762160707e-08
4.643763354087861335e-08
4.615786318797087304e-08
4.587321922896078467e-08
4.548928014411609923e-08
4.510855446402812115e-08
4.473101529388313030e-08
4.435663596396541304e-08
4.398539002777356021e-08
4.361725126015164116e-08
4.325219365543733160e-08
4.289019142562421611e-08
4.253121899854041579e-08
4.217525101604235675e-08
4.182226233222285860e-08
4.147222801163550857e-08
4.112512332753256831e-08
4.078092376011853088e-08
4.038613051045624987e-08
3.995139389158628578e-08
3.952133699630956865e-08
3.909590944972775823e-08
3.867506141920359045e-08
3.825874360852302054e-08
3.784690725212158831e-08
3.743950410937157137e-08
3.703648645893183864e-08
3.663780709315780348e-08
3.624341931257145654e-08
3.585327692039176309e-08
3.546733421712277752e-08
3.508554599520112311e-08
3.470514085344383229e-08
3.425208132110224666e-08
3.380493627101884894e-08
3.336362849236838125e-08
3.292808178227713099e-08
3.249822093266459825e-08
3.207397171725691900e-08
3.165526087876977432e-08
3.124201611625900548e-08
3.083416607263532847e-08
3.043164032234365078e-08
3.003436935920159080e-08
2.964228458439785799e-08
2.925531829464684455e-08
2.887340367049796273e-08
2.846931970053472200e-08
2.804625553092981060e-08
2.762947824466052585e-08
2.721889441641489616e-08
2.681441200921394175e-08
2.641594035378093648e-08
2.602339012821670343e-08
2.563667333797695376e-08
2.525570329614763230e-08
2.488039460401291967e-08
2.451066313191198984e-08
2.414642600038077118e-08
2.378760156157315893e-08
2.343410938095910142e-08
2.308563334723513604e-08
2.271047070572742407e-08
2.234140480003229446e-08
2.197833655262044589e-08
2.162116849606314103e-08
2.126980474686642247e-08
2.092415097973062510e-08
2.058411440222854133e-08
2.024960372989466508e-08
1.992052916171953939e-08
1.959680235604205384e-08
1.927833640683396142e-08
1.896504582036939815e-08
1.865684649227357253e-08
1.835365568494475818e-08
1.804546146970391151e-08
1.773244492395743101e-08
1.742485796271208426e-08
1.712260640440377472e-08
1.682559770114170485e-08
1.653374091037063745e-08
1.624694666702476356e-08
1.596512715616454799e-08
1.568819608608826725e-08
1.541606866190988220e-08
1.514866155959543672e-08
1.488589290044931858e-08
1.462768222604387751e-08
1.437395047358298721e-08
1.412461995169386030e-08
1.386074889905663876e-08
1.360144195523894833e-08
1.334698612672547027e-08
1.309729065883240025e-08
1.285226649471493342e-08
1.261182624360398216e-08
1.237588414963735384e-08
1.214435606127391217e-08
1.191715940127979693e-08
1.169421313727640507e-08
1.147543775283911706e-08
1.126075521913695956e-08
1.105008896710261007e-08
1.084336386012312491e-08
1.063187914930584413e-08
1.041488540749197249e-08
1.020232044852306211e-08
9.994093882154169068e-09
9.790117162980327057e-09
9.590303552784276867e-09
9.394568083651766537e-09
9.202827521840520568e-09
9.015000332386223762e-09
8.831006644430739612e-09
8.650768217258314234e-09
8.474208407024770707e-09
8.301252134165805463e-09
8.131825851470460313e-09
7.965857512806212613e-09
7.794750563807039424e-09
7.626916909912007061e-09
7.462696987482680862e-09
7.302012987004680545e-09
7.144788774328988313e-09
6.990949854598637917e-09
6.840423336951975752e-09
6.693137899986205999e-09
6.549023757964276659e-09
6.408012627749523221e-09
6.270037696452269174e-09
6.135033589772913410e-09
6.002936341026900668e-09
5.873683360836402025e-09
5.747500437287704705e-09
5.624384772013806274e-09
5.503906334383684457e-09
5.386008633051317071e-09
5.270636386756718038e-09
5.157735498404877965e-09
5.047253029700173056e-09
4.939137176324008341e-09
4.833337243644205699e-09
4.729803622944684336e-09
4.628487768164423150e-09
4.529342173134494994e-09
4.432320349302893498e-09
4.337376803936418099e-09
4.244467018789484336e-09
4.153949788830807715e-09
4.065393769393307484e-09
3.978725632327384471e-09
3.893905130794062645e-09
3.810892875957113674e-09
3.729650318691519403e-09
3.650139731682227087e-09
3.572324191904274178e-09
3.496167563476584510e-09
3.421634480881204195e-09
3.348690332540363028e-09
3.277301244743497401e-09
3.207434065917129649e-09
3.139056351229887485e-09
3.072464176619342166e-09
3.007738854963355655e-09
2.944377053603353856e-09
2.882350048269596158e-09
2.821629719805205892e-09
2.762188541418731033e-09
2.703999566205185811e-09
2.647036414930036078e-09
2.591273264070473833e-09
2.536684834108675359e-09
2.483246378071669613e-09
2.430933670312591979e-09
2.379722995528263938e-09
2.329591138008231108e-09
2.280515371110136096e-09
2.234039766931081221e-09
2.188680488838798733e-09
2.144242172020137162e-09
2.100706117551657843e-09
2.058054006167328340e-09
2.016267890550005228e-09
1.975330187779551788e-09
1.935223671934197537e-09
1.895931466842164620e-09
1.857437038980417380e-09
1.819724190517672220e-09
1.782777052498579494e-09
1.746580078166332824e-09
1.711118036420853324e-09
1.676804287532854334e-09
1.643842505615463191e-09
1.611528669958250733e-09
1.579850043556982566e-09
1.548794139785096637e-09
1.518348717471885949e-09
1.488501776077493661e-09
1.459241550962662350e-09
1.430556508751560325e-09
1.402435342785702654e-09
1.374866968667236645e-09
1.347840519889894827e-09
1.321345343555744136e-09
1.295370996176220258e-09
1.269907239555644490e-09
1.245530889778387740e-09
1.221705385813672060e-09
1.198335635009179755e-09
1.175412919356538432e-09
1.152928687612362006e-09
1.130874552108239412e-09
1.109242285621741345e-09
1.088023818307282813e-09
1.067211234685689048e-09
1.046796770691374129e-09
1.026772810775938705e-09
1.007131885067253544e-09
9.878666665828441753e-10
9.689699684965623089e-10
9.505069936168508375e-10
9.325214076829125004e-10
9.148761467582085191e-10
8.975647711797700719e-10
8.805809631365400588e-10
8.639185243637118857e-10
8.475713738806387474e-10
8.315335457715860050e-10
8.157991870084571905e-10
8.003625553147209466e-10
7.852180170697713821e-10
7.703600452529107918e-10
7.557832174262690098e-10
7.414822137558701597e-10
7.274518150701645874e-10
7.135671944852636646e-10
6.999264510300092144e-10
6.865464677154255452e-10
6.734222597801479805e-10
6.605489377528578753e-10
6.479217056306900802e-10
6.355358590924776332e-10
6.233867837461133094e-10
6.114699534094679238e-10
5.997809284241286793e-10
5.883153540014008664e-10
5.770689585999032106e-10
5.660375523341876623e-10
5.552170254138034650e-10
5.444911433239392234e-10
5.337532612271992501e-10
5.232271403562173069e-10
5.129086045786447735e-10
5.027935601194326954e-10
4.928779939366590328e-10
4.831579721293973699e-10
4.736296383769826089e-10
4.642892124090474732e-10
4.551329885057515670e-10
4.461573340275590855e-10
4.373586879740391379e-10
4.287335595710687139e-10
4.202785268858982454e-10
4.119902354695446839e-10
4.035386564590208067e-10
3.951906270493290073e-10
3.870152938458361351e-10
3.790090842713299552e-10
3.711684996547265498e-10
3.634901137021691270e-10
3.559705709997548052e-10
3.486065855472435501e-10
3.413949393220776975e-10
3.343324808731432724e-10
3.274161239435869063e-10
3.206428461221449454e-10
3.140096875223646248e-10
3.075137494891491377e-10
3.010331890609179672e-10
2.944270226767108090e-10
2.879658284612932797e-10
2.816464250037682235e-10
2.754657007092270408e-10
2.694206122666397089e-10
2.635081831503663339e-10
2.577255021545536822e-10
2.520697219596935272e-10
2.465380577306387271e-10
2.411277857453849929e-10
2.358362420539446599e-10
2.306608211666509249e-10
2.255989747712485892e-10
2.206482104781332669e-10
2.155476662960582081e-10
2.104996549304740329e-10
2.055698652983233733e-10
2.007555287096719456e-10
1.960539413158268422e-10
1.914624625907892117e-10
1.869785138482705626e-10
1.825995767934390711e-10
1.783231921085866538e-10
1.741469580719119832e-10
1.700685292086578196e-10
1.660856149738346491e-10
1.621959784657947452e-10
1.583974351699330798e-10
1.546168258962330822e-10
1.507490865247981984e-10
1.469780986405228548e-10
1.433014420052863603e-10
1.397167569232163833e-10
1.362217427262252931e-10
1.328141562974281435e-10
1.294918106315028781e-10
1.262525734310580950e-10
1.230943657381127424e-10
1.200151605998146026e-10
1.170129817675281986e-10
1.140859024284723485e-10
1.112320439690805095e-10
1.084495747692980908e-10
1.055990891248646970e-10
1.027829787231756330e-10
1.000419681908156099e-10
9.737405476881181115e-11
9.477728910765305910e-11
9.224977384296856577e-11
8.978966220918859344e-11
8.739515669018343639e-11
8.506450770587775407e-11
8.279601233389787729e-11
8.058801306530446155e-11
7.843889659351076060e-11
7.634709263549770177e-11
7.431107278446170818e-11
7.229846805401522304e-11
7.025231381285114357e-11
6.826406878181673651e-11
6.633209404408515845e-11
6.445479706661344063e-11
6.263063038741483139e-11
6.085809033997917362e-11
5.913571581379563180e-11
5.746208704995671749e-11
5.583582447084371997e-11
5.425558754293856192e-11
5.272007367181604414e-11
5.122801712841195727e-11
4.977818800567828716e-11
4.836939120476662912e-11
4.694490195603643043e-11
4.554352240313710465e-11
4.418397624575976471e-11
4.286501469090143737e-11
4.158542622400401707e-11
4.034403549613528904e-11
3.913970224438661767e-11
3.797132024450035111e-11
3.683781629476210670e-11
3.573814923022546583e-11
3.467130896636441397e-11
3.363631557127272706e-11
3.263221836556121645e-11
3.165809504912355140e-11
3.070280530671368404e-11
2.974264605230210144e-11
2.881251355878818373e-11
2.791146880864358678e-11
2.703860214994190707e-11
2.619303237801808042e-11
2.537390584584556585e-11
2.458039560223504811e-11
2.381170055698392218e-11
2.306704467213335884e-11
2.234567617851785210e-11
2.164686681681445413e-11
2.096991110232687854e-11
2.031412561276179003e-11
1.967884829827792399e-11
1.906343781311220913e-11
1.846727286810775864e-11
1.788975160348962731e-11
1.733029098125597083e-11
1.678832619657032262e-11
1.626331010756191568e-11
1.575471268295699398e-11
1.526202046698450506e-11
1.478473606101564985e-11
1.432237762141362805e-11
1.387447837308759310e-11
1.344058613825847330e-11
1.302026287996189919e-11
1.261308425982676254e-11
1.221863920968349371e-11
1.183652951656928026e-11
1.146636942071104652e-11
1.110778522608078532e-11
1.076041492312986076e-11
1.042390782332121848e-11
1.009792420509117374e-11
9.782134970882504619e-12
9.476221314903252238e-12
9.179874401275594350e-12
8.892795052249679844e-12
8.614693446168232722e-12
8.345288824876266225e-12
8.084309210280907325e-12
7.831491129775487380e-12
7.586579350249858022e-12
7.349326620419423358e-12
7.119493421211855650e-12
6.896847723960075178e-12
6.681164756157167452e-12
6.472226774536639851e-12
6.269822845249341057e-12
6.073748630914570448e-12
5.883806184330802450e-12
5.699803748637629645e-12
5.521555563727085295e-12
5.348881678709125003e-12
5.181607770241806801e-12
5.019564966542669657e-12
4.862589676903855940e-12
4.710523426538631836e-12
4.563212696592901869e-12
4.420508769159794493e-12
4.282267577141154493e-12
4.148349558804272476e-12
4.018619516886925133e-12
3.892946482108755724e-12
3.771203580950848368e-12
3.653267907570285317e-12
3.539020399720213658e-12
3.428345718550291398e-12
3.321132132166099524e-12
3.217271402829889164e-12
3.116658677688927702e-12
3.019192382921041096e-12
2.924774121190529776e-12
2.833308572310847699e-12
2.744703397013948823e-12
2.658869143728904945e-12
2.575719158275867074e-12
2.495169496384134921e-12
2.417138838945984486e-12
2.341548409920785163e-12
2.268321896806475433e-12
2.197385373598059670e-12
2.128667226155447794e-12
2.062098079905191097e-12
1.997610729803264971e-12
1.935140072488017486e-12
1.874623040554919850e-12
1.815998538886723162e-12
1.759207382974702512e-12
1.704192239168837199e-12
1.650897566796454629e-12
1.599269562091016197e-12
1.549256103874405517e-12
1.500806700937815673e-12
1.453872441068302811e-12
1.408405941669290717e-12
1.364361301925367281e-12
1.321694056463010231e-12
1.280361130460439198e-12
1.240320796161356657e-12
1.201532630748567732e-12
1.163957475535032150e-12
1.127557396431120975e-12
1.092295645648145054e-12
1.058136624599563444e-12
1.025045847962324154e-12
9.929899088621321075e-13
9.619364451474441024e-13
9.318541067181887304e-13
9.027125238762046994e-13
8.744822766654247924e-13
8.471348651708922102e-13
8.206426807466052208e-13
7.949789781431274198e-13
7.701178485068764156e-13
7.460341932237637899e-13
7.227036985808315631e-13
7.001028112202866897e-13
6.782087143611396761e-13
6.569993047644851301e-13
6.364531704191139497e-13
6.165495689249574708e-13
5.972684065525651666e-13
5.785902179574108109e-13
5.604961465286237548e-13
5.429679253522412843e-13
5.259878587698038259e-13
5.095388045136619504e-13
4.936041564009494689e-13
4.781678275687837728e-13
4.632142342337260161e-13
4.487282799591381704e-13
4.346953404145309935e-13
4.211012486115489253e-13
4.079322806016374826e-13
3.951751416210103367e-13
3.828169526688805606e-13
3.708452375054376698e-13
3.592479100564229106e-13
3.480132622116128636e-13
3.371299520048619145e-13
3.265869921637942934e-13
3.163737390175776723e-13
3.064798817515741262e-13
2.968954319980411426e-13
2.876107137523403712e-13
2.786163536045123131e-13
2.699032712763223888e-13
2.614626704542463698e-13
2.532860299091260959e-13
2.453650948935483068e-13
2.376918688082400364e-13
2.302586051290833550e-13
2.230577995865937222e-13
2.160821825899631435e-13
2.093247118880322593e-13
