3.987223069287415042e-08
4.047519058690987475e-08
4.108726862225592189e-08
4.170860268619439912e-08
4.233933275118021683e-08
4.297960090637426560e-08
4.362955138965226189e-08
4.428882528724380885e-08
4.495700398747021693e-08
4.563526339705256284e-08
4.632375560210364597e-08
4.702263498323581148e-08
4.773205825017824723e-08
4.845218447691576173e-08
4.918317513735760627e-08
4.992519414154549306e-08
5.067840787240634158e-08
5.144298522306111526e-08
5.221909763469493004e-08
5.300691913500002190e-08
5.380662637719768117e-08
5.461839867964886164e-08
5.544241806606352274e-08
5.627886930631489888e-08
5.712793995787124918e-08
5.798982040785153960e-08
5.886470391571557263e-08
5.975278665659929135e-08
6.065426776530273564e-08
6.156934938094174793e-08
6.249823669227426134e-08
6.344113798370950808e-08
6.439826468201117948e-08
6.536983140370660119e-08
6.635605600320909687e-08
6.735715962166848268e-08
6.837336673655709063e-08
6.940490521200396034e-08
7.045200634988979872e-08
7.151490494171067497e-08
7.259383932122629308e-08
7.368905141790114017e-08
7.480078681115194392e-08
7.592929478541479327e-08
7.707482838604171613e-08
7.823764447604066362e-08
7.941800379367289026e-08
8.061617101091711347e-08
8.183241479281798880e-08
8.306700785772842983e-08
8.432022703846068858e-08
8.559235334436182681e-08
8.688367202432301462e-08
8.819447263074213826e-08
8.952504908444962988e-08
9.087569974061373212e-08
9.224672745564183375e-08
9.363843965508940389e-08
9.505114840259342588e-08
9.648517046984780073e-08
9.794082740763150669e-08
9.941844561791127303e-08
1.009183564270301633e-07
1.024378575984419902e-07
1.039795908243735093e-07
1.055445277895831109e-07
1.071330177201937663e-07
1.087454150983289267e-07
1.103820797412192993e-07
1.120433768814967263e-07
1.137296772487000233e-07
1.154413571520039725e-07
1.171787985641970674e-07
1.189423892069194044e-07
1.207325226371872444e-07
1.225495983352159555e-07
1.243940217935686962e-07
1.262662046076427745e-07
1.281665645675218077e-07
1.300955257512065481e-07
1.320535186192525770e-07
1.340409801108284999e-07
1.360583537412238644e-07
1.381060897008204075e-07
1.401846449555573363e-07
1.422944833489039571e-07
1.444360757053718132e-07
1.466098999355799367e-07
1.488164411429058524e-07
1.510561917317388500e-07
1.533296515173625511e-07
1.556373278374926838e-07
1.579797356654938622e-07
1.603573977252970498e-07
1.627708446080511894e-07
1.652206148905271861e-07
1.677072552553038096e-07
1.702313206127660873e-07
1.727933742249343746e-07
1.753939878311628267e-07
1.780337417757241069e-07
1.807132251373199298e-07
1.834330358605349106e-07
1.861937808892749325e-07
1.889960763022076623e-07
1.918405474502476968e-07
1.947278290961047388e-07
1.976585655559381836e-07
2.006334108431374153e-07
2.036530288142725447e-07
2.067180933172350196e-07
2.098292883416147982e-07
2.129873081713335684e-07
2.161928575395825328e-07
2.194466517860845832e-07
2.227494170167308948e-07
2.261018902656125585e-07
2.295048196594982592e-07
2.329563986891001068e-07
2.364545186497625810e-07
2.400051670806797636e-07
2.436091327598857741e-07
2.472672163098651158e-07
2.509802303754086305e-07
2.547489998041444894e-07
2.585743618297782599e-07
2.624571662580839234e-07
2.663982756556915852e-07
2.703985655417006730e-07
2.744589245821848542e-07
2.785802547876033343e-07
2.827634717131856647e-07
2.870095046623222471e-07
2.913192968930093443e-07
2.956938058273935964e-07
3.001340032644670759e-07
3.046408755959457576e-07
3.092154240254057301e-07
3.138586647906940367e-07
3.185716293896894780e-07
3.233553648094497475e-07
3.282109337587992673e-07
3.331394149044130989e-07
3.381419031104392297e-07
3.432195096817257768e-07
3.483733626106971049e-07
3.536046068279378822e-07
3.589144044565397638e-07
3.643039350702676630e-07
3.697743959556017822e-07
3.753270023777181338e-07
3.809629878504560462e-07
3.866836044103464510e-07
3.924901228947517744e-07
3.983838332241828126e-07
4.043660446888552718e-07
4.104380862395491297e-07
4.166013067828346634e-07
4.228570754807360307e-07
4.292067820548861896e-07
4.356518370952573848e-07
4.421936723735235802e-07
4.488337411611290602e-07
4.555735185521332904e-07
4.624145017909037183e-07
4.693582106047283008e-07
4.764061875414272198e-07
4.835599983120250899e-07
4.908212321385779446e-07
4.981915021072184217e-07
5.056724455265039038e-07
5.132657242911442720e-07
5.209730252511961443e-07
5.287960605867917341e-07
5.367267319374686063e-07
5.447742510468304819e-07
5.529424322360962540e-07
5.612330846761840400e-07
5.696480446641727423e-07
5.781891760300308583e-07
5.868583705494322808e-07
5.956575483627628509e-07
6.045886584004187769e-07
6.136536788144713533e-07
6.228546174168098932e-07
6.321935121238468374e-07
6.416724314079045764e-07
6.512934747553551366e-07
6.610587731316391513e-07
6.709704894532476536e-07
6.810308190667949112e-07
6.912419902352602315e-07
7.016062646315288603e-07
7.121259378393244082e-07
7.228033398616666353e-07
7.336408356369392973e-07
7.446408255626961673e-07
7.558057460273340875e-07
7.671380699497244249e-07
7.786403073269354921e-07
7.903150057901807160e-07
8.021647511690878471e-07
8.141921680644378625e-07
8.263999204294808191e-07
8.387907121599852512e-07
8.513672876931175697e-07
8.641324326153108093e-07
8.770889742792378162e-07
8.902397824300515045e-07
9.035877698410002862e-07
9.171358929585729387e-07
9.308871525573322590e-07
9.448445944045504770e-07
9.590113099348193291e-07
9.733904369347651289e-07
9.879851602380480885e-07
1.002798712430766592e-06
1.017834374567435194e-06
1.033095476897719829e-06
1.048585399604044904e-06
1.064307573550273012e-06
1.080265481041609954e-06
1.096462656595890496e-06
1.112902687726453227e-06
1.129589215736732426e-06
1.146525936526763025e-06
1.163716601411800260e-06
1.181165017953191439e-06
1.198875050801705451e-06
1.216682953699007830e-06
1.234404718082809068e-06
1.252384611284738429e-06
1.270626393115910617e-06
1.289133878151498555e-06
1.307910936528391511e-06
1.326961494754494212e-06
1.346289536529815593e-06
1.365899103579491394e-06
1.385794296498965711e-06
1.405979275611482890e-06
1.426458261838044572e-06
1.447235537580062288e-06
1.468315447614868849e-06
1.489702400004245041e-06
1.511400867016207250e-06
1.533415386060221416e-06
1.555750560636011005e-06
1.578411061296213981e-06
1.601401626623060285e-06
1.624727064219246651e-06
1.648392251713274287e-06
1.672402137779429438e-06
1.696761743172586170e-06
1.721476161778134630e-06
1.746550561677148687e-06
1.771990186227104264e-06
1.797800355158338922e-06
1.823986465686445616e-06
1.850553993640925469e-06
1.877508494610222359e-06
1.904855605103474356e-06
1.932601043729187377e-06
1.960750612391040729e-06
1.989310197501147669e-06
2.018285771210985281e-06
2.047683392660219618e-06
2.077509209243756033e-06
2.107769457897246353e-06
2.138470466401281177e-06
2.169618654704617125e-06
2.201220536266678317e-06
2.233282719419568414e-06
2.265811908749987506e-06
2.298814906501209285e-06
2.332298613995525914e-06
2.366270033077410910e-06
2.400736267577661330e-06
2.435704524798907214e-06
2.471182117022758485e-06
2.507176463038865011e-06
2.543695089696284555e-06
2.580745633477455914e-06
2.618335842095040257e-06
2.656473576112105835e-06
2.695166810585824644e-06
2.730890792703733215e-06
2.766338328240101869e-06
2.802245980226003602e-06
2.838619721069498296e-06
2.875465600701772706e-06
2.912789747583371980e-06
2.950598369723551720e-06
2.988897755712830204e-06
3.027694275768943628e-06
3.066994382796410212e-06
3.106804613459783623e-06
3.147131589270901927e-06
3.187982017690216339e-06
3.229362693242421711e-06
3.271280498646562809e-06
3.313742405960848461e-06
3.356755477742219344e-06
3.400326868221133968e-06
3.444463824491436944e-06
3.489173687715777922e-06
3.534463894346631184e-06
3.580341977363206843e-06
3.626815567524343444e-06
3.673892394637737704e-06
3.721580288845612621e-06
3.769887181927080613e-06
3.818821108617401986e-06
3.868390207944412767e-06
3.918602724582212528e-06
3.969467010222509032e-06
4.020991524963721349e-06
4.073184838718113344e-06
4.126055632637232382e-06
4.179612700555769322e-06
4.233864950454244650e-06
4.288821405940633430e-06
4.344491207751228066e-06
4.400883615271022633e-06
4.458008008073743285e-06
4.515873887481962669e-06
4.574490878147411835e-06
4.633868729651812364e-06
4.694017318128531962e-06
4.754946647905192252e-06
4.816666853167696341e-06
4.879188199645806595e-06
4.942521086320601281e-06
5.006676047154148029e-06
5.071663752841519489e-06
5.137495012585660236e-06
5.204180775895237920e-06
5.271732134405829323e-06
5.340160323724800471e-06
5.409476725300027330e-06
5.479692868312976334e-06
5.544273105405988571e-06
5.595984853557930737e-06
5.648178920103300919e-06
5.700859803652986913e-06
5.754032044776640352e-06
5.807700226394093167e-06
5.861868974170322282e-06
5.916542956914151403e-06
5.971726886980612848e-06
6.027425520677176923e-06
6.083643658673661662e-06
6.140386146415966066e-06
6.197657874543775083e-06
6.255463779312031350e-06
6.313808843016421011e-06
6.372698094422744042e-06
6.432136609200420626e-06
6.492129510359913368e-06
6.552681968694306748e-06
6.613799203224923529e-06
6.675486481651233084e-06
6.737749120804834801e-06
6.800592487107677488e-06
6.864021997034668120e-06
6.928043117580469999e-06
6.992661366730726663e-06
7.057882313937603970e-06
7.123711580599902776e-06
7.190154840547531283e-06
7.257217820530481916e-06
7.324906300712516004e-06
7.393226115169303858e-06
7.462183152391227763e-06
7.531783355790995269e-06
7.602032724215845099e-06
7.672937312464616716e-06
7.744503231809558196e-06
7.816736650523137519e-06
7.889643794409640450e-06
7.963230947341793013e-06
8.037504451802308621e-06
8.112470709430642761e-06
8.188136181574706205e-06
8.264507389847712947e-06
8.341590916690384765e-06
8.419393405938219350e-06
8.497921563394165897e-06
8.577182157406520105e-06
8.657182019452394354e-06
8.737928044726478452e-06
8.819427192735277286e-06
8.901686487897057489e-06
8.984713020147215107e-06
9.068513945549392931e-06
9.153096486912184858e-06
9.238467934411788115e-06
9.297751585037569483e-06
9.351752616655009770e-06
9.406067284466023068e-06
9.460697410059141992e-06
9.515644825602698114e-06
9.568434164602914236e-06
9.615504150366868295e-06
9.662805687450663064e-06
9.710339914924446427e-06
9.758107977461731464e-06
9.806111025367041914e-06
9.847189610268569301e-06
9.886158605483516874e-06
9.925281815519968400e-06
9.964559850663383609e-06
1.000399332361435033e-05
1.004117420742729660e-05
1.007018065651818414e-05
1.009927089800941066e-05
1.012844517395629061e-05
1.015770372711345904e-05
1.018704680093672652e-05
1.020816409779243028e-05
1.022561024630365717e-05
1.024308621095956294e-05
1.026059204271711948e-05
1.027812779262038040e-05
1.029364085520543479e-05
1.029819389882274388e-05
1.030274895632478862e-05
1.030730602860231902e-05
1.031186511654654757e-05
1.031642622104901373e-05
1.031219892770009152e-05
1.030267686966004482e-05
1.029316360407931413e-05
1.028365912283909207e-05
1.027416341782815723e-05
1.026327928774322270e-05
1.023829433905295373e-05
1.021337021377432000e-05
1.018850676383869986e-05
1.016370384153791129e-05
1.013896129952335301e-05
1.010535045399666598e-05
1.006475371626286143e-05
1.002432006986590119e-05
9.984048859610652237e-06
9.943939432934133016e-06
9.903627447975991668e-06
9.847610326061637673e-06
9.791910049461170196e-06
9.736524826026987244e-06
9.681452873748213014e-06
9.626692420693441855e-06
9.564279269860533097e-06
9.493993863010590816e-06
9.424224965379676745e-06
9.354968781275511386e-06
9.286221542899435199e-06
9.217979510141340242e-06
9.135708879343017177e-06
9.053489165070687642e-06
8.972009413236318781e-06
8.891262964312897162e-06
8.811243218707925877e-06
8.726193426422572947e-06
8.634133679557531421e-06
8.543045146207789317e-06
8.452917580248146587e-06
8.363740843648151407e-06
8.275504905331721090e-06
8.178456290656864914e-06
8.081320145788103748e-06
7.985337694269853005e-06
7.890495233598796449e-06
7.796779224017307911e-06
7.701322718179688613e-06
7.601876016793077202e-06
7.503713464477795584e-06
7.406818479096764807e-06
7.311174692636966739e-06
7.216765948444531170e-06
7.119744325915780211e-06
7.023194001827023164e-06
6.927952989513382465e-06
6.834003533495093432e-06
6.741328119073144029e-06
6.649431055891520727e-06
6.557606274748136138e-06
6.467049540503976777e-06
6.377743342167797054e-06
6.289670410564971952e-06
6.202813714998149257e-06
6.117444017732912176e-06
6.033342927371477181e-06
5.950398037766339717e-06
5.868593453758695764e-06
5.787913498712373914e-06
5.708451381205304891e-06
5.630464845176991750e-06
5.553543729416901125e-06
5.477673478587577244e-06
5.402839736200686993e-06
5.329028341900355714e-06
5.255716961031316862e-06
5.183182625285976701e-06
5.111649338474783503e-06
5.041103285085987246e-06
4.971530840276171518e-06
4.902433412726594532e-06
4.831592328567407627e-06
4.761774911387924178e-06
4.692966369007921537e-06
4.625152122996934865e-06
4.558317805585557419e-06
4.489079764278791370e-06
4.418830192384542143e-06
4.349679955456589158e-06
4.281611850011170892e-06
4.214608941781735589e-06
4.148202471136010315e-06
4.077906697131084702e-06
4.008802160988173892e-06
3.940868675894301424e-06
3.874086397123823925e-06
3.808435816241443504e-06
3.741576882621309773e-06
3.674018346068123632e-06
3.607679657724500310e-06
3.542538791807618140e-06
3.478574120235843794e-06
3.415731235349331721e-06
3.351886987562322683e-06
3.289236067849045774e-06
3.227756171429658071e-06
3.167425410428273418e-06
3.108222306080518498e-06
3.049263665848149743e-06
2.990511775002719018e-06
2.932891890128616368e-06
2.876382200225379710e-06
2.820961314537432060e-06
2.766608254457011957e-06
2.710125520954141888e-06
2.654623157524608586e-06
2.600257461870224358e-06
2.547005155457400851e-06
2.494843436488270701e-06
2.442125893421543412e-06
2.388269720277445987e-06
2.335601236676111823e-06
2.284094250514246380e-06
2.233723147302697918e-06
2.184462877428336007e-06
2.134687246660793035e-06
2.085831929166125707e-06
2.038094734268217405e-06
1.991450072160154506e-06
1.945872938693712529e-06
1.901835572390834362e-06
1.859713065860668294e-06
1.818523503051891418e-06
1.778246220806994472e-06
1.738861013623163744e-06
1.700348123515991318e-06
1.664321205515561473e-06
1.629427686072100579e-06
1.595265730761285247e-06
1.561820001890359578e-06
1.529075483330755358e-06
1.497040769930067588e-06
1.465736351818500265e-06
1.435086536182017959e-06
1.405077634716347701e-06
1.375696245351496069e-06
1.346929246266352656e-06
1.318369555548137407e-06
1.290283001968644026e-06
1.262794804509140285e-06
1.235892215786965102e-06
1.209562759989764711e-06
1.183574704821733046e-06
1.157340384612799832e-06
1.131687556686543146e-06
1.106603332076448892e-06
1.082075107504144902e-06
1.058090559047057799e-06
1.034148567168345968e-06
1.010520156079455246e-06
9.874316111454987295e-07
9.648705974081820326e-07
9.428250617405465690e-07
9.213799140153043649e-07
9.009890341391316861e-07
8.810494208640679760e-07
8.615510872966267637e-07
8.424842675613317825e-07
8.238394119093941381e-07
8.062145592357885466e-07
7.893483291817402205e-07
7.728349452937337253e-07
7.566670259330487393e-07
7.408373438868710295e-07
7.253508353300947001e-07
7.103323778988901327e-07
6.956248790447295813e-07
6.812219003409610078e-07
6.671171366691578756e-07
6.533044134589691177e-07
6.396562858964390245e-07
6.261926713062631043e-07
6.130124415929817419e-07
6.001096320145155839e-07
5.874784033758840994e-07
5.751156446545011989e-07
5.633408949998987577e-07
5.518072181290350760e-07
5.405096783881805989e-07
5.294434411747348467e-07
5.186037708683434648e-07
5.082343745322179357e-07
4.983426378498009825e-07
4.886434234749990726e-07
4.791329843571053860e-07
4.698076463740482476e-07
4.606638069129817539e-07
4.517966569145065349e-07
4.431063592825477211e-07
4.345832193127269412e-07
4.262240217315073832e-07
4.180256131110606964e-07
4.100643185185833758e-07
4.023685289969501852e-07
3.948171684677628095e-07
3.874075263925101692e-07
3.801369431021040410e-07
3.730028088421921936e-07
3.662342693650924741e-07
3.596218262764775294e-07
3.531287723528244590e-07
3.467529519955888834e-07
3.404922485260438848e-07
3.343841650420965594e-07
3.284615882053238646e-07
3.226439114208108207e-07
3.169292767099660101e-07
3.113158590025178828e-07
3.058018655536469800e-07
3.005077505271348343e-07
2.953344241891482728e-07
2.902501581344745131e-07
2.852534191650212397e-07
2.803427004771393052e-07
2.755403366419854801e-07
2.708832201035145019e-07
2.663048170293497968e-07
2.618037970234362745e-07
2.573788521757554295e-07
2.530286966822684337e-07
2.488052393348100518e-07
2.446709230118614189e-07
2.406053052882822083e-07
2.366072446216303934e-07
2.326756184381042628e-07
2.288171274788830610e-07
2.250526939583520769e-07
2.213501918145783089e-07
2.177086021703775734e-07
2.141269229108394136e-07
2.106041684075594830e-07
2.070480454459626019e-07
2.035076682969775450e-07
2.000278291276192625e-07
1.966074927806653412e-07
1.932456417993593689e-07
1.899412761247461042e-07
1.866934127981797151e-07
1.835010856689230815e-07
1.803633451067411524e-07
1.772792577194147163e-07
1.742479060750802753e-07
1.712683884293182523e-07
1.683398184569106802e-07
1.654613249881824770e-07
1.626320517498513978e-07
1.598511571103122840e-07
1.571178138292720438e-07
1.544312088116705146e-07
1.517905428658056247e-07
1.491950304655961273e-07
1.466438995169082654e-07
1.441363911278793731e-07
1.416717593831689051e-07
1.392492711220679649e-07
1.368682057204043614e-07
1.345278548761771789e-07
1.322275223988539160e-07
1.299665240022761981e-07
1.277441871011011634e-07
1.255598506107260338e-07
1.234128647506336671e-07
1.213025908511009613e-07
1.192284011632101061e-07
1.171896786721133801e-07
1.151858169134860345e-07
1.132162197931202529e-07
1.112803014096035815e-07
1.093774858800283478e-07
1.075072071686837735e-07
1.056689089186740032e-07
1.038620442864186934e-07
1.018805540117481031e-07
9.968186236623643423e-08
9.753062084502901249e-08
9.542580542354236540e-08
9.336641417674201059e-08
9.135146680221070814e-08
8.938000415350842781e-08
8.745108778360457044e-08
8.556379949816251921e-08
8.371724091846386259e-08
8.191053305376701585e-08
8.014281588289299595e-08
7.841324794484294998e-08
7.672100593824883430e-08
7.506528432946932226e-08
7.344529496914336228e-08
7.186026671701808329e-08
7.030944507487485119e-08
6.879209182737618194e-08
6.730748469066311192e-08
6.585491696853737784e-08
6.443369721606242728e-08
6.304314891042552663e-08
6.168261012890185634e-08
6.035143323376904104e-08
5.904898456402163361e-08
5.777464413373803720e-08
5.652780533695831808e-08
5.530787465892961514e-08
5.411427139358447438e-08
5.294642736711506121e-08
5.180378666751362132e-08
5.068580537995018309e-08
4.959195132786016202e-08
4.852170381962013273e-08
4.747455340069054346e-08
4.645000161110703340e-08
4.544756074820627455e-08
4.446675363447138018e-08
4.350711339038845261e-08
4.256818321220414326e-08
4.159360836675287420e-08
4.043940332198933284e-08
3.931722697917467939e-08
3.822619055537283057e-08
3.716542993099851933e-08
3.613410496541912046e-08
3.513139883154978703e-08
3.415651736891172139e-08
3.320868845464363370e-08
3.228716139196726730e-08
3.139120631562214387e-08
3.052011361380054350e-08
2.967319336612223488e-08
2.884977479720579839e-08
2.804920574540314605e-08
2.727085214627581269e-08
2.651409753040574454e-08
2.577834253514044819e-08
2.506300442988760609e-08
2.436751665458249043e-08
2.369132837096245224e-08
2.303390402629386359e-08
2.239472292920495060e-08
2.177327883728934372e-08
2.116907955615338719e-08
2.058164654958981198e-08
2.001051456056850908e-08
1.945523124274547674e-08
1.891535680219639834e-08
1.839046364909240846e-08
1.788013605904165302e-08
1.738396984382815052e-08
1.690157203128822971e-08
1.643256055406952051e-08
1.597656394702712664e-08
1.553322105301691895e-08
1.510218073685261835e-08
1.468310160720107127e-08
1.427565174619421372e-08
1.387950844654446509e-08
1.349435795595505592e-08
1.311989522862272298e-08
1.269710031749584936e-08
1.228699741203729633e-08
1.189014039649531616e-08
1.150610144264117033e-08
1.113446654064500877e-08
1.077483505275658938e-08
1.042681928140101595e-08
1.009004405122490527e-08
9.764146304641792761e-09
9.448774710440986452e-09
9.143589285038349623e-09
8.848261025959610701e-09
8.562471557162407806e-09
8.285912785813704474e-09
8.018286570152775555e-09
7.759304398082508933e-09
7.508687076141213474e-09
7.266164428520509044e-09
7.031475005804869257e-09
6.804365803118163251e-09
6.584591987374057945e-09
6.371916633335931043e-09
6.166110468201505598e-09
5.966951624437530064e-09
5.774225400597240952e-09
5.587724029863431836e-09
5.407246456067302814e-09
5.232598116941565244e-09
5.063590734374253120e-09
4.900042111437203213e-09
4.741775935970310491e-09
4.588621590509604542e-09
4.440413968354749008e-09
4.296993295577071762e-09
4.158204958776741882e-09
4.023899338403197815e-09
3.893931647458981935e-09
3.768161775413505200e-09
3.646454137158078103e-09
3.528677526839470077e-09
3.414704976414770986e-09
3.298195104972378015e-09
3.183716468120052596e-09
3.073211325217751561e-09
2.966541758356878047e-09
2.863574636687755268e-09
2.764181450263250963e-09
2.668238149649665136e-09
2.575624991104640919e-09
2.486226387128812101e-09
2.399930762204836769e-09
2.316630413543533444e-09
2.236221376663550355e-09
2.158603295636588963e-09
2.083679297836448071e-09
2.011355873035378112e-09
1.941542756697029132e-09
1.874152817320158087e-09
1.809101947692615549e-09
1.746308959919853499e-09
1.685695484096899849e-09
1.627185870497449101e-09
1.570707095157846359e-09
1.516188668738238735e-09
1.463562548547107967e-09
1.412763053619353720e-09
1.363726782742034797e-09
1.316392535325333508e-09
1.270701235020071524e-09
1.226595855986448372e-09
1.184021351721875322e-09
1.142924586359262549e-09
1.103254268349827501e-09
1.064960886447771755e-09
1.027996647916894451e-09
9.923154188820002719e-10
9.578726667507229105e-10
9.246254046338134959e-10
8.925321376945929747e-10
8.615528113605879209e-10
8.316487613326940271e-10
8.027826653295319793e-10
7.744576025609869433e-10
7.467325781357455000e-10
7.200000896180127320e-10
6.942246049370892409e-10
6.693718640448353876e-10
6.454088333781553774e-10
6.223036619517248799e-10
6.000256390225508218e-10
5.785451532701222091e-10
5.578336534378840675e-10
5.378636103836949594e-10
5.186084804888830591e-10
5.000426703772104533e-10
4.821415028968648952e-10
4.648811843203092649e-10
4.482387727183141152e-10
4.321921474661889259e-10
4.167199798416833156e-10
4.018017046754379475e-10
3.874174930163459794e-10
3.735482257754732115e-10
3.601754683134983356e-10
3.472814459379145984e-10
3.348490202773974116e-10
3.228616665019815106e-10
3.113034513587119994e-10
3.001590119936112177e-10
2.894135355318149054e-10
2.790527393887074142e-10
2.690628522859164435e-10
2.594305959469198308e-10
2.501431674479322614e-10
2.411882222006173975e-10
2.325538575440110312e-10
2.242285969238425104e-10
2.162013746382150972e-10
2.084615211293933969e-10
2.009987488021258078e-10
1.938031383496568262e-10
1.868651255692741441e-10
1.801754886498336302e-10
1.737006545425000794e-10
1.674024894428599312e-10
1.613326878098222342e-10
1.554829694741532820e-10
1.498453544950402978e-10
1.444121522741876485e-10
1.391759510646247519e-10
1.341296078599140290e-10
1.292662386499549655e-10
1.245792090301114682e-10
1.200621251508319667e-10
1.157088249954282315e-10
1.115133699741105698e-10
1.074700368228105524e-10
1.035733097957461221e-10
9.981787314107203857e-11
9.619860384935161467e-11
9.271056466496392688e-11
8.934899735090444277e-11
8.610931619779963484e-11
8.298710176827274110e-11
7.997809486813238884e-11
7.707819073615987692e-11
7.428343344456250626e-11
7.159001050246578471e-11
6.899424765507144457e-11
6.649260387139312361e-11
6.408166651373051550e-11
6.175814668229080772e-11
5.951887472861066995e-11
5.736079593165443152e-11
5.528096633069035311e-11
5.327654870926389019e-11
5.134480872478463908e-11
4.948311117845204789e-11
4.768891642042661157e-11
4.595977688534598422e-11
4.429333375345969260e-11
4.268731373282414906e-11
4.113952595817485048e-11
3.964785900223876279e-11
3.820980420853536637e-11
3.681779871668804024e-11
3.547650479820410212e-11
3.418407500083739620e-11
3.293872917610631415e-11
3.173875202737809680e-11
3.058249074727916154e-11
2.946835274117332705e-11
2.839480343357825523e-11
2.736036415449288474e-11
2.636361010272787994e-11
2.540316838343414210e-11
2.447771611712372011e-11
2.358597861758133419e-11
2.272672763615547636e-11
2.189877967001061207e-11
2.110099433201080948e-11
2.033227277998987026e-11
1.959155620324364055e-11
1.887782436416071142e-11
1.819009419298192836e-11
1.752741843375368240e-11
1.688888433961021398e-11
1.627361241558756305e-11
1.568075520723690380e-11
1.510949613337030118e-11
1.455904836132966112e-11
1.402865372322997055e-11
1.351758167168560320e-11
1.302512827357894942e-11
1.255061524048699743e-11
1.209338899443054473e-11
1.165281976765767982e-11
1.122830073522393959e-11
1.081924717917207803e-11
1.042509568316152615e-11
1.004530335643831823e-11
9.679347086075881635e-12
9.326722816456955456e-12
8.986944855005151996e-12
8.659545203208373333e-12
8.344072912013639280e-12
8.039942908773965976e-12
7.746870592281896410e-12
7.464481359447117986e-12
