1.028072888342506819e-08
1.043776390851135076e-08
1.059719759612280163e-08
1.075906658510415831e-08
1.092340807394750059e-08
1.109025982934060469e-08
1.125966019484600680e-08
1.143164809971249490e-08
1.160626306782143438e-08
1.178354522676950067e-08
1.196353531709030375e-08
1.214627470161670623e-08
1.233180537498641564e-08
1.252016997329252860e-08
1.271141178388149841e-08
1.290557475530098116e-08
1.310270350739938507e-08
1.330284334157983797e-08
1.350604025121061926e-08
1.371234093219488698e-08
1.392179279370156787e-08
1.413444396906034511e-08
1.435034332682286466e-08
1.456954048199321431e-08
1.479208580742963395e-08
1.501794771161607823e-08
1.524701561991559663e-08
1.547957748808365889e-08
1.571568660929284736e-08
1.595539708959346120e-08
1.619876386031233827e-08
1.644584269064076733e-08
1.669669020041426635e-08
1.695136387308760854e-08
1.720992206890741888e-08
1.747242403828590779e-08
1.773892993537836595e-08
1.800950083186812918e-08
1.828419873096142554e-08
1.856308658159593613e-08
1.884622829286581252e-08
1.913368874866712453e-08
1.942553382256630932e-08
1.972183039289562535e-08
2.002264635807864518e-08
2.032805065218987353e-08
2.063811326075136913e-08
2.095290523677027792e-08
2.127249871702137720e-08
2.159696693857754893e-08
2.192638425559261924e-08
2.226082615634016730e-08
2.260036928051200276e-08
2.294509143678097042e-08
2.329507162063120877e-08
2.365039003246036909e-08
2.401112809595838085e-08
2.437736847676607536e-08
2.474919510141862777e-08
2.512669317657796612e-08
2.550994920855827712e-08
2.589905102314981631e-08
2.629408778574460947e-08
2.669515002176942502e-08
2.710232963743008743e-08
2.751571994077276280e-08
2.793541566306596230e-08
2.836151298050872606e-08
2.879410953627039396e-08
2.923330446286600006e-08
2.967919840487328262e-08
3.013189354199586595e-08
3.059149361247881126e-08
3.105810393688069227e-08
3.153183144220870715e-08
3.201278468642142597e-08
3.250107388330606891e-08
3.299681092773441489e-08
3.350010942130444763e-08
3.401108469837294713e-08
3.452985385248492937e-08
3.505597983232878911e-08
3.558994124065093508e-08
3.613203577738479971e-08
3.668238732372622323e-08
3.724112164778959373e-08
3.780836643334852206e-08
3.838425130901510120e-08
3.896890787786241524e-08
3.956246974749948977e-08
4.016507256060345469e-08
4.077685402591683408e-08
4.139795394971764577e-08
4.202851426776810113e-08
4.266867907775036856e-08
4.331859467219589253e-08
4.397840957191725460e-08
4.464827455994791013e-08
4.532834271600026943e-08
4.601876945144766878e-08
4.671971254483920459e-08
4.743133217795637753e-08
4.815379097241805801e-08
4.888725402684300467e-08
4.963188895457943152e-08
5.038786592200774525e-08
5.115535768742823808e-08
5.193453964054005597e-08
5.272558984252150729e-08
5.352868906672181680e-08
5.434402083997170989e-08
5.517177148452323660e-08
5.601213016062950233e-08
5.686528890977128714e-08
5.773144269854376815e-08
5.861078946321059162e-08
5.950353015493655725e-08
6.040986878571029692e-08
6.133001247496547764e-08
6.226417149691193721e-08
6.321255932858902803e-08
6.417539269864972530e-08
6.515289163688770219e-08
6.614527952452007763e-08
6.715278314523484945e-08
6.817563273701573175e-08
6.921406204475781666e-08
7.026830837368320580e-08
7.133861264357042852e-08
7.242521944381112035e-08
7.352837708930329188e-08
7.464833767719803643e-08
7.578535714450915245e-08
7.693969532660027882e-08
7.811161601656416763e-08
7.930138702550511905e-08
8.050890430385958908e-08
8.173370557287896587e-08
8.297714003733879465e-08
8.423949116850999033e-08
8.552104675018003368e-08
8.682209894425951124e-08
8.814294435738942461e-08
8.948388410855754100e-08
9.084522389774764750e-08
9.222727407563058975e-08
9.363034971431636487e-08
9.505477067918254192e-08
9.650086170179557974e-08
9.796895245394056689e-08
9.945937762277909031e-08
1.009724769871486001e-07
1.025085954950235193e-07
1.040680833421544716e-07
1.056512960519040607e-07
1.072585945562972831e-07
1.088903452783039362e-07
1.105469202153749664e-07
1.122286970242475536e-07
1.139360591070414040e-07
1.156693956986646099e-07
1.174291019555492445e-07
1.192155790457369817e-07
1.210292342403353217e-07
1.228704810063641412e-07
1.247397391010169344e-07
1.266374346673537643e-07
1.285640003314513101e-07
1.305198753010305364e-07
1.325055054655850133e-07
1.345213434980313293e-07
1.365678489579085412e-07
1.386454883961448472e-07
1.407547354614196730e-07
1.428960710081434052e-07
1.450699832060798132e-07
1.472769676516364375e-07
1.495175274808480912e-07
1.517921734840778528e-07
1.541014242224659649e-07
1.564458061461474166e-07
1.588258537142693125e-07
1.612421095168339682e-07
1.636951243983957901e-07
1.661854575836385949e-07
1.687136768048663771e-07
1.712803584314304720e-07
1.738860876011274216e-07
1.765314583535954140e-07
1.792170737657400548e-07
1.819435460892205996e-07
1.847114968900279605e-07
1.875170934333807190e-07
1.903638505873070311e-07
1.932538252748731946e-07
1.961876735953214778e-07
1.991660616083484407e-07
2.021896654853161712e-07
2.052591716627615749e-07
2.083752769982335496e-07
2.115386889285002641e-07
2.147501256301540430e-07
2.180103161826568445e-07
2.213200007338585980e-07
2.246799306680324210e-07
2.280908687764567576e-07
2.315535894305896237e-07
2.350688787578691832e-07
2.386375348201877992e-07
2.422603677950714543e-07
2.459382001596097792e-07
2.496718668771821627e-07
2.534622155870146203e-07
2.573101067966167322e-07
2.612164140771369819e-07
2.651820242616893264e-07
2.692078376466857285e-07
2.732947681962252062e-07
2.774437437495905948e-07
2.816557062318900757e-07
2.859316118678989562e-07
2.902724313991482839e-07
2.946791503043060387e-07
2.991527690229096087e-07
3.036943031824901054e-07
3.083047838291441017e-07
3.129852576616117166e-07
3.177367872689016502e-07
3.225604513715279663e-07
3.274573450664050002e-07
3.324285800754666686e-07
3.374752849980540718e-07
3.425986055671350715e-07
3.477997049094193747e-07
3.530797638094156017e-07
3.584399809775015967e-07
3.638815733220599145e-07
3.694057762257517511e-07
3.750138438259780757e-07
3.807070492996029267e-07
3.864866851519944580e-07
3.923540635104617166e-07
3.983105164221386590e-07
4.043573961563949784e-07
4.104960755118329786e-07
4.167279481279534002e-07
4.230544288015454665e-07
4.293815703666475567e-07
4.355237304674441344e-07
4.417537521191497953e-07
4.480728921519335407e-07
4.544824253745040629e-07
4.609836448312796956e-07
4.675778620632505794e-07
4.742664073725631146e-07
4.810506300908890624e-07
4.879318988516435645e-07
4.949116018660822551e-07
5.019911472033632822e-07
5.091719630746004942e-07
5.164554981209953556e-07
5.238432217060740076e-07
5.313366242121220121e-07
5.389372173408417666e-07
5.466465344183286234e-07
5.544661307043917570e-07
5.623975837063172966e-07
5.704424934971024165e-07
5.786024830382592742e-07
5.868791985072180203e-07
5.952743096294326413e-07
6.037895100152177987e-07
6.124265175014223325e-07
6.211870744979779682e-07
6.300729483394053906e-07
6.390859316413611159e-07
6.482278426622651857e-07
6.575005256701231844e-07
6.669058513145736025e-07
6.764457170042792371e-07
6.861220472896956636e-07
6.959367942513355739e-07
7.058919378935668879e-07
7.159894865440649149e-07
7.262314772589564707e-07
7.366199762337826883e-07
7.471570792203162012e-07
7.578449119493658984e-07
7.686856305596041880e-07
7.796814220325528270e-07
7.908345046337742193e-07
8.021471283603749094e-07
8.136215753949256688e-07
8.252601605658512192e-07
8.370652318144308368e-07
8.490391706684538824e-07
8.611843927226769002e-07
8.735033481261267545e-07
8.859985220763994119e-07
8.986724353210137658e-07
9.115276446659371844e-07
9.245667434913932114e-07
9.377923622750497831e-07
9.496772913881708321e-07
9.612163306367988953e-07
9.728955748034434359e-07
9.847167274457939478e-07
9.966815128205904653e-07
1.008791676135128292e-06
1.021048983801817023e-06
1.033455223695832934e-06
1.046012205415901792e-06
1.058721760548251047e-06
1.071585742933770168e-06
1.084606028938404946e-06
1.097784517726872166e-06
1.111123131539642350e-06
1.124623815973356996e-06
1.138288540264583561e-06
1.152119297577077790e-06
1.166118105292497494e-06
1.180287005304665818e-06
1.194628064317404966e-06
1.209143374145990360e-06
1.223835052022266091e-06
1.238705240903469320e-06
1.253756109784805982e-06
1.268989854015824782e-06
1.284408695620637586e-06
1.300014883622015399e-06
1.315810694369464341e-06
1.331798431871221482e-06
1.347980428130350531e-06
1.364359043484880191e-06
1.380936666952089814e-06
1.397715716576976208e-06
1.414698639784954136e-06
1.431887913738843856e-06
1.449286045700193568e-06
1.466895573394994354e-06
1.484719065383837817e-06
1.502759121436570819e-06
1.521018372911504510e-06
1.539499483139230583e-06
1.558205147811086033e-06
1.577138095372385672e-06
1.596301087420351422e-06
1.615696919106975592e-06
1.635328419546678560e-06
1.655198452229004616e-06
1.675309915436280778e-06
1.695665742666368180e-06
1.716268903060548396e-06
1.737122401836608626e-06
1.758229280727187815e-06
1.779592618423451024e-06
1.801215531024151999e-06
1.823101172490154649e-06
1.844278897713333313e-06
1.862858984338257803e-06
1.881626255027051654e-06
1.900582595555310068e-06
1.919729910696755210e-06
1.939070124414659723e-06
1.957884216246457630e-06
1.976602421784400418e-06
1.995499581325680632e-06
2.014577405746647513e-06
2.033837622280368550e-06
2.053063945355585972e-06
2.071530735479557643e-06
2.090163629702846346e-06
2.108964122089748782e-06
2.127933720143292476e-06
2.147073944926107796e-06
2.165534135893725752e-06
2.183701748114346841e-06
2.202021776373268842e-06
2.220495499355249048e-06
2.239124206472475202e-06
2.257726785678720796e-06
2.275158537629401476e-06
2.292724878928092219e-06
2.310426848729816635e-06
2.328265494212840522e-06
2.346241870640622590e-06
2.363363966348353783e-06
2.379910380451588664e-06
2.396572639521399617e-06
2.413351554613046309e-06
2.430247942460159641e-06
2.447156609706924471e-06
2.462320384224333664e-06
2.477578120875884204e-06
2.492930401896729583e-06
2.508377813129835195e-06
2.523920944048350594e-06
2.538427075124224771e-06
2.551966438612760889e-06
2.565578017831057729e-06
2.579262197960562895e-06
2.593019366237189280e-06
2.606849911962273971e-06
2.618309490272658530e-06
2.629785983943146072e-06
2.641312781027905615e-06
2.652890102015311742e-06
2.664518168360175679e-06
2.674921693641320647e-06
2.683818776058064916e-06
2.692745451145018272e-06
2.701701817330647390e-06
2.710687973370797184e-06
2.719704018349785589e-06
2.725902500344832394e-06
2.731863400601442366e-06
2.737837335928772346e-06
2.743824334831421561e-06
2.749824425876321123e-06
2.754496397781979554e-06
2.757032359997037605e-06
2.759570656978035570e-06
2.762111290874500395e-06
2.764654263837942354e-06
2.767199578021848270e-06
2.766535877843581839e-06
2.765311793796165571e-06
2.764088251358119792e-06
2.762865250289803632e-06
2.761642790351681682e-06
2.759096962979950384e-06
2.753711767373999361e-06
2.748337082573620090e-06
2.742972888063847383e-06
2.737619163369781557e-06
2.732275888056461805e-06
2.723527489771250531e-06
2.713867823318288544e-06
2.704242417270745089e-06
2.694651150115596963e-06
2.685093900770774389e-06
2.674431812797068547e-06
2.660408968804276312e-06
2.646459650766675722e-06
2.632583473165755962e-06
2.618780052504378770e-06
2.605049007296201117e-06
2.588082106781194282e-06
2.569923343712063994e-06
2.551891987990381333e-06
2.533987145687851807e-06
2.516207929148236280e-06
2.497748156263316726e-06
2.475838375210217115e-06
2.454120782670831181e-06
2.432593692803364798e-06
2.411255434553894340e-06
2.390104351526690171e-06
2.366471233044323395e-06
2.341640567657120155e-06
2.317070442915825943e-06
2.292758125046406314e-06
2.268700908959490009e-06
2.244503343971623253e-06
2.217562130862112050e-06
2.190944298408620159e-06
2.164645965009820684e-06
2.138663295655993880e-06
2.112992501369809228e-06
2.086105135235370463e-06
2.058473756561938547e-06
2.031208367633941157e-06
2.004304120756467904e-06
1.977756232444456808e-06
1.951483098151569098e-06
1.924017944823920805e-06
1.896939335785604279e-06
1.870241830816205413e-06
1.843920066260927849e-06
1.817968753952994700e-06
1.792083792295302613e-06
1.766287827276838665e-06
1.740863179612002139e-06
1.715804504411505101e-06
1.691106533722512411e-06
1.666764075421199087e-06
1.643023192155904503e-06
1.619625710905738690e-06
1.596561421622351546e-06
1.573825579483610505e-06
1.551413507236059886e-06
1.529609464547206536e-06
1.508466515341768071e-06
1.487615813478847453e-06
1.467053319384382142e-06
1.446775049321114719e-06
1.426777074616805258e-06
1.407548796645428360e-06
1.388626837889166882e-06
1.369959250792368193e-06
1.351542615786156055e-06
1.333373559271610353e-06
1.315367818333885013e-06
1.297473746304607362e-06
1.279823102622386638e-06
1.262412575723479808e-06
1.245238899094173893e-06
1.228298850657932224e-06
1.210629009665281687e-06
1.193038489562938751e-06
1.175703560888686238e-06
1.158620509882063876e-06
1.141785676743791430e-06
1.124639279730178475e-06
1.106532937726552314e-06
1.088718102187853347e-06
1.071190079950819809e-06
1.053944253410653956e-06
1.036976079304563749e-06
1.018807601950591654e-06
1.000540783524355342e-06
9.826014819470098306e-07
9.649838249706464513e-07
9.476820456344447570e-07
9.303317110242642706e-07
9.121998899037350765e-07
8.944214512738301419e-07
8.769895078404430095e-07
8.598973065402885271e-07
8.431382259247884390e-07
8.260802854552735100e-07
8.091157005787030748e-07
7.924995045271693081e-07
7.762245427033554703e-07
7.602838074384901849e-07
7.445672126255246209e-07
7.286987712773889922e-07
7.131685229446743112e-07
6.979692599556714950e-07
6.830939282507585642e-07
6.685356241085555152e-07
6.538939155815035251e-07
6.393573894882602647e-07
6.251440206928969547e-07
6.112466251791981946e-07
5.976581786367289877e-07
5.843436962846686793e-07
5.710970525317009231e-07
5.581507004937511783e-07
5.454978327775075083e-07
5.331317963082784487e-07
5.210460888317050067e-07
5.094626679846058651e-07
4.983028878015690352e-07
4.873875626130990396e-07
4.767113376323264711e-07
4.662689753689958147e-07
4.560838694644362093e-07
4.467980653248079383e-07
4.377013188657786054e-07
4.287897808992688466e-07
4.200596806061358453e-07
4.115073239405871942e-07
4.031276826014835416e-07
3.949173291599804271e-07
3.868741929713322618e-07
3.789948683831695523e-07
3.712760191047937366e-07
3.637143767945134744e-07
3.556678991897271313e-07
3.477814373467810387e-07
3.400698472888397981e-07
3.325292514670356069e-07
3.251558583119802781e-07
3.177780599418304700e-07
3.103573766088607739e-07
3.031099794402615695e-07
2.960318218956504937e-07
2.891189519285671118e-07
2.823675097798715163e-07
2.759286473443091244e-07
2.696526308538110046e-07
2.635193627997944310e-07
2.575255963590322950e-07
2.516681585575196979e-07
2.460654566376682798e-07
2.407894578786506389e-07
2.356265841526436975e-07
2.305744098955654588e-07
2.256305615509286117e-07
2.207927164547265798e-07
2.161931885923167226e-07
2.117152082137664464e-07
2.073299796392912820e-07
2.030355817132741442e-07
1.988301330727340777e-07
1.946673324204729704e-07
1.904915363942388265e-07
1.864053150913848346e-07
1.824067470504658612e-07
1.784939520271775762e-07
1.746650901102129541e-07
1.709471107400763011e-07
1.673167240597105752e-07
1.637634355379037717e-07
1.602856078487791989e-07
1.568816384381864741e-07
1.535972598798714174e-07
1.505322966733688552e-07
1.475284934085508946e-07
1.445846296667002662e-07
1.416995093819971393e-07
1.388719603555694906e-07
1.361347992061305035e-07
1.334657634005546274e-07
1.308490562587219792e-07
1.282836518337189562e-07
1.257685442931717148e-07
1.233080304558522321e-07
1.209213818457769896e-07
1.185809272391816247e-07
1.162857725430072195e-07
1.140350409695217477e-07
1.118278727013754008e-07
1.097259073867533837e-07
1.076988934763807125e-07
1.057093254663491810e-07
1.037565116024262237e-07
1.018397729094523247e-07
9.997494501347096637e-08
9.829024702588592046e-08
9.663393822430151465e-08
9.500554021681148595e-08
9.340458267298780757e-08
9.183060318803601973e-08
9.028314714923807891e-08
8.876176760464663385e-08
8.726602513399188391e-08
8.579548772176368432e-08
8.434973063243254190e-08
8.292833628777313185e-08
8.153089414625510436e-08
8.015700058446653201e-08
7.880625878053463444e-08
7.747827859951242680e-08
7.617267648069606057e-08
7.488907532684006101e-08
7.362710439524111908e-08
7.238639919065561723e-08
7.116660136002336016e-08
6.996735858896376183e-08
6.878832450001690706e-08
6.762915855259994749e-08
6.648952594464731962e-08
6.536909751591125340e-08
6.426754965288962945e-08
6.318456419535679340e-08
6.211982834446948078e-08
6.107303457242045648e-08
6.004388053361597968e-08
5.903206897734917527e-08
5.803730766194449644e-08
5.705930927035013704e-08
5.609779132715158002e-08
5.515247611698494060e-08
5.422309060432387917e-08
5.330936635461873625e-08
5.241103945676509873e-08
5.152785044687722052e-08
5.065954423334811260e-08
4.980587002317087845e-08
4.894111877429696334e-08
4.808769000551532333e-08
4.724914321494800840e-08
4.642521889262340093e-08
4.561566205387040979e-08
4.482022216040725973e-08
4.403865304280546516e-08
4.327071282430637664e-08
4.251616384596650368e-08
4.177477259310781086e-08
4.104630962305015060e-08
4.033054949410461028e-08
3.962727069580469876e-08
3.893625558035418993e-08
3.825729029527042076e-08
3.759016471720199408e-08
3.693467238690109305e-08
3.629061044532854340e-08
3.565777957087456362e-08
3.503598391767341857e-08
3.442503105499352030e-08
3.382473190768511574e-08
3.323490069766568896e-08
3.265535488642679256e-08
3.208591511854213817e-08
3.152640516616168623e-08
3.097665187447357680e-08
3.043648510811655705e-08
2.990573769852724861e-08
2.938424539220572433e-08
2.887184679988302295e-08
2.836838334657477934e-08
2.787369922250632919e-08
2.738764133489329390e-08
2.691005926056305733e-08
2.644080519940237766e-08
2.597973392861703914e-08
2.552670275778863132e-08
2.508157148471532679e-08
2.464420235202288971e-08
2.421446000453208489e-08
2.370953173117998738e-08
2.317027108658688958e-08
2.264327563753215381e-08
2.212826641868967965e-08
2.162497080965077646e-08
2.113312239061243709e-08
2.065246080134792047e-08
2.018273160338475022e-08
1.972368614531783034e-08
1.927508143118552141e-08
1.883667999183962744e-08
1.840824975924102804e-08
1.798956394361417238e-08
1.758040091339602095e-08
1.718054407791511348e-08
1.678978177273919756e-08
1.640790714763063355e-08
1.603471805704979693e-08
1.567001695314977338e-08
1.531361078120381516e-08
1.496531087741193765e-08
1.462493286903163872e-08
1.429229657677983594e-08
1.396722591945534043e-08
1.364954882072975155e-08
1.333909711805894498e-08
1.303570647366616668e-08
1.273921628754951259e-08
1.244946961246857345e-08
1.216631307086407015e-08
1.188959677366752389e-08
1.161917424095728948e-08
1.135490232441923697e-08
1.109664113157138603e-08
1.084425395171152114e-08
1.059760718354944609e-08
1.035657026448498058e-08
1.012101560149449379e-08
9.890818503589703204e-09
9.665857115812240104e-09
9.446012354729804329e-09
9.206925351959160258e-09
8.940584015258522844e-09
8.681947499105863479e-09
8.430792915606978784e-09
8.186903824650983038e-09
7.950070047386478233e-09
7.720087485093405057e-09
7.496757943294947407e-09
7.279888960957275126e-09
7.069293644630419529e-09
6.864790507387183594e-09
6.666203312421136205e-09
6.473360921169353832e-09
6.286097145828431760e-09
6.104250606137116911e-09
5.927664590301976506e-09
5.756186919946137393e-09
5.589669818965086436e-09
5.427969786176009704e-09
5.270947471651306428e-09
5.118467556629542470e-09
4.970398636900407690e-09
4.826613109563055637e-09
4.686987063060539209e-09
4.551400170395171012e-09
4.419735585433090634e-09
4.291879842208564357e-09
4.167722757141169140e-09
4.047157334081836685e-09
3.930079672105597055e-09
3.816388875971806881e-09
3.705986969174621696e-09
3.598778809508708615e-09
3.494672007077589041e-09
3.393576844673857251e-09
3.295406200462601921e-09
3.200075472901538927e-09
3.107502507833004432e-09
3.017607527685184525e-09
2.930313062721312928e-09
2.845543884277777354e-09
2.761077631822724463e-09
2.669991291119503302e-09
2.581909835670893955e-09
2.496734136064926626e-09
2.414368333111084200e-09
2.334719729957676699e-09
2.257698687768057354e-09
2.183218524838520468e-09
2.111195419044226900e-09
2.041548313503338988e-09
1.974198825353291016e-09
1.909071157536389063e-09
1.846092013495712667e-09
1.785190514684996836e-09
1.726298120799855761e-09
1.669348552640599139e-09
1.614277717519649623e-09
1.561023637129838924e-09
1.509526377792177874e-09
1.459727983004810277e-09
1.411572408217079501e-09
1.365005457755332151e-09
1.319974723829614913e-09
1.276429527552386920e-09
1.234320861903054150e-09
1.193601336574039243e-09
1.154225124636372386e-09
1.116147910964751619e-09
1.079326842364012108e-09
1.043720479340890761e-09
1.009288749466854954e-09
9.759929022794053156e-10
9.437954656711993193e-10
9.126602037178687200e-10
8.825520758970517909e-10
8.534371976527895419e-10
8.252828022608401561e-10
7.980572039521046364e-10
7.717297622525226654e-10
7.462708474993924875e-10
7.216518074953165262e-10
6.978449352621657991e-10
6.734745706498794534e-10
6.498969937246832819e-10
6.271448408880715691e-10
6.051892149837310880e-10
5.840022305118318149e-10
5.635569782121193696e-10
5.438274908868510013e-10
5.247887104202822456e-10
5.064164559527246284e-10
4.886873931688304407e-10
4.715790046610159590e-10
4.550695613304798614e-10
4.391380947893881198e-10
4.237643707292653513e-10
4.089288632217093486e-10
3.946127299188006493e-10
3.807977881217509135e-10
3.674664916873192043e-10
3.546019087427422079e-10
3.421877001808143149e-10
3.302080989078472822e-10
3.186478898181264962e-10
3.074923904694461806e-10
2.967274324351585592e-10
2.863393433090861225e-10
2.763149293403961397e-10
2.666414586764380849e-10
2.573066451922065919e-10
2.482986328859226338e-10
2.396059808209183315e-10
2.312176485946683011e-10
2.231229823165598265e-10
2.153117010765398982e-10
2.077738838874993168e-10
2.004999570847745099e-10
1.934806821667882331e-10
1.867071440613703907e-10
1.801707398028654607e-10
1.738631676056376891e-10
1.677764163201005313e-10
1.619027552578821107e-10
1.561301425104668038e-10
1.505257884048284419e-10
1.451226048383079911e-10
1.399133707136936863e-10
1.348911241379536815e-10
1.300491531180012968e-10
1.253809865904340748e-10
1.208803857732665405e-10
1.165413358280961923e-10
1.123580378215566354e-10
1.083249009753227458e-10
1.044365351942999049e-10
1.006877438630194398e-10
9.707351690061027024e-11
9.358902406506304348e-11
9.022960849784441742e-11
8.699078050022610113e-11
8.386821153301693535e-11
8.085772843167698467e-11
7.795530782908078218e-11
7.515707077848100402e-11
7.245927756947976012e-11
6.985832273008428371e-11
6.735073020816579154e-11
6.493314872588045290e-11
6.260234730084800571e-11
6.035521092809675034e-11
5.818873641700820568e-11
5.610002837769625325e-11
5.408629535145570178e-11
5.214484608011222221e-11
5.027308590928315626e-11
4.846851332074591566e-11
4.672871658927831642e-11
4.505137055950205637e-11
4.343423353842455894e-11
4.187514429952242607e-11
4.037201919436539532e-11
3.892284936791958673e-11
3.752569807380867658e-11
3.617869808594408763e-11
3.487335472597853703e-11
3.360865602925026363e-11
3.238982222868924561e-11
3.121519001215174081e-11
3.008315638829492335e-11
2.899217649901563665e-11
2.794076151121961231e-11
2.692747658504910296e-11
2.595093891579193838e-11
2.500981584680230532e-11
2.410282305085832169e-11
2.322872277747152236e-11
2.238632216376047372e-11
2.157447160657991074e-11
2.079206319368589975e-11
2.003802919179634493e-11
1.931134058948109708e-11
1.861100569289603055e-11
1.793606877244343154e-11
1.728560875851086372e-11
1.665873798451106789e-11
1.605460097550539082e-11
1.547237328075801082e-11
1.491126034862914748e-11
1.437049644226951753e-11
1.384934359463889391e-11
1.334709060142077496e-11
1.286305205045921668e-11
1.239656738639443117e-11
1.194700000921874363e-11
1.151373640552488725e-11
1.109618531125946366e-11
1.069377690483936840e-11
1.030596202953065784e-11
9.932211444027979103e-12
9.572015100212133699e-12
9.224881447100074608e-12
8.890336760037660638e-12
8.567924494219228782e-12
8.257204661652239090e-12
7.957753230716923435e-12
7.668889583975191372e-12
7.389807985725638660e-12
7.120882556453239961e-12
6.861743698990125884e-12
6.612035266325469870e-12
6.371414072135320199e-12
6.139549419125241412e-12
5.916122644536965569e-12
5.700826682194824393e-12
5.493365640490019568e-12
5.293454395722524594e-12
5.100818200241739737e-12
4.915192304847662391e-12
4.736321594933282743e-12
4.563960239868299285e-12
4.397871355142242284e-12
4.237826676802668516e-12
4.083606247741104306e-12
3.934998115395224854e-12
3.791798040452418579e-12
3.653809216153758253e-12
3.520841997813075131e-12
3.392713642179055450e-12
3.269248056282382746e-12
3.150275555422813977e-12
3.035632629963184207e-12
2.925161720610310225e-12
2.818711001873650101e-12
2.716134173404222030e-12
2.617290258926988294e-12
2.522043412490362191e-12
2.430262731766616649e-12
2.341822078146447020e-12
2.256599903380660345e-12
2.174479082530503775e-12
2.095346752997314895e-12
2.019094159409923855e-12
1.945616504156957336e-12
1.874812803358424137e-12
1.806585748078705258e-12
1.740841570590200374e-12
