2.930096499141622127e-07
2.975615751372892919e-07
3.021842148343021578e-07
3.068786675594532851e-07
3.116460489331142312e-07
3.164874919068938787e-07
3.214041470328846392e-07
3.263971827370849004e-07
3.314677855970726790e-07
3.366171606239887117e-07
3.418465315489082366e-07
3.471571411136506969e-07
3.525502513661179487e-07
3.580271439602136448e-07
3.635891204604213544e-07
3.692375026511213543e-07
3.749736328507059154e-07
3.807988742305742932e-07
3.867132451230501359e-07
3.927187464838412496e-07
3.988175108684602214e-07
4.050109866142049528e-07
4.113006445504699212e-07
4.176879783480390624e-07
4.241745048738037930e-07
4.307617645509890762e-07
4.374513217249736108e-07
4.442447650347916001e-07
4.511437077904033442e-07
4.581497883558246527e-07
4.652646705382065064e-07
4.724900439829566037e-07
4.798276245749970794e-07
4.872791548462537379e-07
4.948464043894732592e-07
5.025311702784666836e-07
5.103352774948796040e-07
5.182605793615897022e-07
5.263089579828340679e-07
5.344823246911730271e-07
5.427826205013936045e-07
5.512118165714626301e-07
5.597719146706387566e-07
5.684649476548529719e-07
5.772929799494720628e-07
5.862581080395600145e-07
5.953624609677512711e-07
6.046082008398575136e-07
6.139975233383249506e-07
6.235326582436652591e-07
6.332158699639891374e-07
6.430494580727537479e-07
6.530357578548637045e-07
6.631771408612687535e-07
6.734760154721478278e-07
6.839348274688526918e-07
6.945560606147452209e-07
7.053422372450293237e-07
7.162959188657625837e-07
7.274197067621628172e-07
7.387162426163624366e-07
7.501882091347563089e-07
7.618383306850917637e-07
7.736693739434532163e-07
7.856841485512932371e-07
7.978855077826674036e-07
8.102763492218314350e-07
8.228596154513608065e-07
8.356382947509558951e-07
8.486154218071011118e-07
8.617940784337424502e-07
8.751773943041588927e-07
8.887685476941981409e-07
9.025701108743230155e-07
9.165823871415516950e-07
9.308122020618152489e-07
9.452629328926456485e-07
9.599380093230315082e-07
9.748409142874092305e-07
9.899751847922928356e-07
1.005344412755727975e-06
1.020952245859797665e-06
1.036802388416343110e-06
1.052898602246135197e-06
1.069244707571692751e-06
1.085844583923960786e-06
1.102702171063066878e-06
1.119821469913372051e-06
1.137206543513026267e-06
1.154861517978301670e-06
1.172790583482838696e-06
1.190997995252154658e-06
1.209488074573552016e-06
1.228265209821722184e-06
1.247333857500266978e-06
1.266698543299390984e-06
1.286363863170016635e-06
1.306334484414561256e-06
1.326615146794675748e-06
1.347210663656152406e-06
1.368125923071312753e-06
1.389365888999125249e-06
1.410935602463335375e-06
1.432840182748886111e-06
1.455084828616914498e-06
1.477674819538597421e-06
1.500615516948181003e-06
1.523912365515434155e-06
1.547570894437872300e-06
1.571596718753037354e-06
1.595995540671154356e-06
1.620773150928473490e-06
1.645935430161628682e-06
1.671488350303314972e-06
1.697437975999667912e-06
1.723790466049612257e-06
1.750552074866575712e-06
1.777729153962890242e-06
1.805328153457239029e-06
1.833355623605506536e-06
1.861818216355399055e-06
1.890722686925180083e-06
1.920075895406954819e-06
1.949884808394806833e-06
1.980156500638230724e-06
2.010898156721228406e-06
2.042117072767477063e-06
2.073820658171968999e-06
2.106016437359518529e-06
2.138708480126313163e-06
2.171906102311663039e-06
2.205619027133628120e-06
2.239855253261686732e-06
2.274622903522867050e-06
2.309930226828956270e-06
2.345785600133623594e-06
2.382197530419914860e-06
2.419174656718629983e-06
2.456725752157950838e-06
2.494859726045004819e-06
2.533585625979621161e-06
2.572912640000969505e-06
2.612850098767494898e-06
2.653407477770693039e-06
2.694594399583249218e-06
2.736420636142072061e-06
2.778896111066767541e-06
2.822030902014097925e-06
2.865835243068991463e-06
2.910319527172659734e-06
2.955494308588412626e-06
3.001370305405741841e-06
3.047958402083276002e-06
3.095269652031204122e-06
3.143315280233810729e-06
3.192106685912660113e-06
3.241655445231180145e-06
3.291973314041197102e-06
3.343072230672106324e-06
3.394964318763341487e-06
3.447661890140807445e-06
3.501177447737962280e-06
3.555523688562240613e-06
3.610713506707525856e-06
3.666759996413376568e-06
3.723676455171746366e-06
3.781476386881921622e-06
3.840173505054433743e-06
3.899781736064692295e-06
3.960315222457177948e-06
4.021788326300784343e-06
4.084215632596449854e-06
4.147611952737485383e-06
4.211992328023736179e-06
4.277372033230246844e-06
4.343766580231329065e-06
4.411191721680878268e-06
4.479663454749826025e-06
4.549198024921596441e-06
4.619811929846481294e-06
4.691521923255847896e-06
4.764345018937095310e-06
4.838298494770316065e-06
4.913399896827619677e-06
4.989668449448234652e-06
5.067128628538506521e-06
5.145791308236871231e-06
5.225675156299203254e-06
5.306799130281739014e-06
5.389182482039945846e-06
5.472844762297279652e-06
5.557805825284865463e-06
5.644085833453169035e-06
5.731705262256798720e-06
5.820684905013643800e-06
5.911045877839441950e-06
6.002809624658910016e-06
6.095997922294657813e-06
6.190632885635161456e-06
6.286736972882960015e-06
6.384332990884274909e-06
6.483444100541359863e-06
6.584093822308991715e-06
6.686306041776105837e-06
6.790105015334281223e-06
6.895515375934018849e-06
7.002562138930592925e-06
7.111270708020434714e-06
7.221666881269897164e-06
7.333776857237384580e-06
7.447627241190754881e-06
7.563245051420998998e-06
7.680657725654186271e-06
7.799893127562696493e-06
7.920979553377779976e-06
8.043945738604534905e-06
8.168820864841356045e-06
8.295634566705022006e-06
8.424416938863531882e-06
8.555198543177855067e-06
8.688010415954825364e-06
8.822884075312358422e-06
8.959851528659279520e-06
9.098945280290981404e-06
9.240198339103307599e-06
9.383644226425865673e-06
9.529316983977265807e-06
9.677251181943539982e-06
9.827481927182289657e-06
9.980044871553878216e-06
1.013497622038227537e-05
1.029231274104692231e-05
1.045209177170831453e-05
1.061435123016870681e-05
1.077912962287067442e-05
1.094646605403518239e-05
1.111640023494151247e-05
1.128897249335134831e-05
1.146422378307919403e-05
1.164219569371112020e-05
1.182301310761572808e-05
1.200668291008349861e-05
1.219320601196244149e-05
1.238262673908854241e-05
1.257499010589689257e-05
1.277034182611925403e-05
1.296872832364739952e-05
1.317019674356548625e-05
1.337479496335382332e-05
1.358257160426640467e-05
1.379357604288560902e-05
1.400785842285596778e-05
1.422546966680064125e-05
1.444646148842262088e-05
1.467088640479417791e-05
1.489879774883725847e-05
1.513024968199744113e-05
1.536529720711525134e-05
1.560399618149693521e-05
1.584640333018877699e-05
1.609257625945717274e-05
1.634257347047842425e-05
1.659645437324121616e-05
1.685427930066472056e-05
1.711610952293654732e-05
1.738200726207286438e-05
1.765203570670529243e-05
1.792625902709692209e-05
1.820474239039220017e-05
1.848755197610315516e-05
1.877475499183657982e-05
1.906641968926554552e-05
1.936261538034862628e-05
1.966341245380169109e-05
1.996888239182499199e-05
2.027909778709048775e-05
2.059413235999308606e-05
2.091406097616945329e-05
2.123895966428962647e-05
2.156890563412431413e-05
2.190397729489357810e-05
2.224425427389985755e-05
2.258981743545114917e-05
2.294074890007751489e-05
2.329713206404654483e-05
2.365905161918200380e-05
2.402659357298989314e-05
2.439984526909787417e-05
2.477889540801145137e-05
2.516383406819338342e-05
2.555475272746981851e-05
2.595174428476946271e-05
2.635490308220049421e-05
2.676432492746989918e-05
2.718010711665186979e-05
2.759886164884084193e-05
2.800487393669858752e-05
2.841685915126573576e-05
2.883490516144316280e-05
2.925910112878844432e-05
2.968953752653238567e-05
3.012630615887530985e-05
3.056950018056720327e-05
3.101921411677584597e-05
3.147554388324758822e-05
3.193858680676399923e-05
3.240844164590016795e-05
3.288520861208802043e-05
3.336898939098959709e-05
3.385988716418472818e-05
3.435800663117778329e-05
3.486345403172816355e-05
3.537633716850926643e-05
3.589676543010086987e-05
3.642484981431967221e-05
3.696070295189311772e-05
3.750443913048136615e-05
3.805617431905317300e-05
3.861602619261915675e-05
3.918411415733042183e-05
3.976055937594562061e-05
4.034548479367238365e-05
4.093901516438956916e-05
4.154127707725490569e-05
4.215239898370416055e-05
4.277251122484744468e-05
4.340174605926862397e-05
4.404023769123362376e-05
4.468812229931373893e-05
4.534553806543006161e-05
4.601262520432511843e-05
4.668952599346802606e-05
4.737638480340005634e-05
4.807334812852565281e-05
4.878056461835737539e-05
4.949818510922003199e-05
5.022636265642132179e-05
5.096525256689568551e-05
5.171501243232847742e-05
5.247580216276735081e-05
5.324778402072816158e-05
5.403112265580259317e-05
5.482598513977486859e-05
5.563254100225514581e-05
5.645096226683705038e-05
5.728142348778717175e-05
5.812410178727414682e-05
5.897917689314609215e-05
5.984683117726249729e-05
6.072724969439134647e-05
6.162062022167770980e-05
6.244254550632124937e-05
6.323046827361252940e-05
6.402833333717297259e-05
6.483626615251547338e-05
6.565439375819664026e-05
6.648284479579185194e-05
6.732174953012230929e-05
6.817123986973850107e-05
6.903144938766093725e-05
6.990251334238323222e-05
7.078456869913947577e-05
7.167775415144138069e-05
7.258221014288587108e-05
7.349807888923782758e-05
7.442550440079290913e-05
7.536463250502091211e-05
7.631561086949590082e-05
7.727858902511466812e-05
7.825371838960974659e-05
7.924115229135775642e-05
8.024104599348807728e-05
8.125355671829726520e-05
8.227884367197005474e-05
8.331706806961224543e-05
8.436839316060104263e-05
8.543298425425370664e-05
8.651100874582010709e-05
8.760263614280486136e-05
8.870803809161974805e-05
8.982738840457368671e-05
9.096086308720199170e-05
9.210864036594243508e-05
9.327090071615867437e-05
9.444782689051841771e-05
9.563960394772842710e-05
9.684641928163417941e-05
9.806846265068493065e-05
9.930592620777049903e-05
1.005590045304365022e-04
1.018278946514783744e-04
1.031127960899234458e-04
1.044139108824024010e-04
1.057314436149180283e-04
1.070656014550134714e-04
1.084165941843473545e-04
1.097846342316799152e-04
1.111699367062744277e-04
1.125727194317215183e-04
1.139932029801888952e-04
1.154316107071041091e-04
1.168881687862751681e-04
1.183631062454530464e-04
1.198566550023447201e-04
1.213690499010788029e-04
1.229005287491326725e-04
1.244128162758467346e-04
1.257324647712672436e-04
1.270661107968747464e-04
1.284139028246691287e-04
1.297759909014948058e-04
1.311525266657455953e-04
1.325027205435200315e-04
1.338416681319952266e-04
1.351941458626239475e-04
1.365602904582683113e-04
1.379402400233830565e-04
1.393275211167486192e-04
1.406595863735246425e-04
1.420043870743399107e-04
1.433620449786458220e-04
1.447326830099963891e-04
1.461164252671778992e-04
1.474658435469302763e-04
1.487891334839933641e-04
1.501242980098789958e-04
1.514714436816284654e-04
1.528306780124754401e-04
1.542001032899791707e-04
1.554846511407888883e-04
1.567798997832700386e-04
1.580859383592497064e-04
1.594028567531416603e-04
1.607307455981321859e-04
1.620146126118830266e-04
1.632501700150849205e-04
1.644951500380863283e-04
1.657496245397615153e-04
1.670136659269950876e-04
1.682873471588624311e-04
1.694474733440594295e-04
1.706094461924997018e-04
1.717793871792298898e-04
1.729573509451377822e-04
1.741433925058065869e-04
1.752766235428497663e-04
1.763321890415568683e-04
1.773941114548342290e-04
1.784624290658230728e-04
1.795371803882163939e-04
1.806184041676474675e-04
1.815575910541061811e-04
1.824822915151074962e-04
1.834117016163809295e-04
1.843458453448420164e-04
1.852847468095745727e-04
1.861619239743767548e-04
1.869199310705404538e-04
1.876810245913904281e-04
1.884452171041144195e-04
1.892125212270707720e-04
1.899829496299962187e-04
1.905835031956596478e-04
1.911472282278334060e-04
1.917126206966243576e-04
1.922796855341269491e-04
1.928484276870235943e-04
1.933511202706318590e-04
1.936837448108018691e-04
1.940169415694548713e-04
1.943507115309860210e-04
1.946850556814839431e-04
1.950199750087337140e-04
1.951544002457955270e-04
1.952218410479862804e-04
1.952893051561429422e-04
1.953567925783195080e-04
1.954243033225727655e-04
1.954281787265439946e-04
1.952012086867440364e-04
1.949745022496616673e-04
1.947480591091486056e-04
1.945218789594129740e-04
1.942959614950174295e-04
1.938531757637469157e-04
1.933105684940748716e-04
1.927694800163849546e-04
1.922299060794828245e-04
1.916918424440733956e-04
1.911040188871608158e-04
1.902249555784170810e-04
1.893499358910753641e-04
1.884789412247981407e-04
1.876119530648086221e-04
1.867489529814958624e-04
1.856698305754551611e-04
1.844598440019873484e-04
1.832577427564879716e-04
1.820634754512819638e-04
1.808769910335811075e-04
1.796691347687255072e-04
1.781405875745108820e-04
1.766250445978985049e-04
1.751223952046362367e-04
1.736325297017007495e-04
1.721553393292887693e-04
1.705011738761832670e-04
1.687075576383812272e-04
1.669328096531275086e-04
1.651767314326152457e-04
1.634391265770630721e-04
1.617157321237795893e-04
1.597078848399867976e-04
1.577249667987734810e-04
1.557666684810142489e-04
1.538326842105434608e-04
1.519227121064425793e-04
1.499160471272408500e-04
1.478069138810890232e-04
1.457274535294359125e-04
1.436772486113786220e-04
1.416558875391735824e-04
1.396629645156068468e-04
1.375432260754853799e-04
1.354468708548103601e-04
1.333824670819575345e-04
1.313495277712254912e-04
1.293475733592700080e-04
1.273515623049498299e-04
1.253517879489346963e-04
1.233834156220943521e-04
1.214459522250783833e-04
1.195389124015698443e-04
1.176618184166982868e-04
1.158490952079756399e-04
1.140690812729891203e-04
1.123164171382151643e-04
1.105906825757236819e-04
1.088914638143594760e-04
1.072604167795316221e-04
1.057328511976736760e-04
1.042270406739902888e-04
1.027426753805033271e-04
1.012794499016964002e-04
9.983706317167532866e-05
9.854513729216281292e-05
9.729999517295701255e-05
9.607058573158433555e-05
9.485671018177897274e-05
9.365817224898940801e-05
9.250906832916138496e-05
9.146279929963727334e-05
9.042836347632666907e-05
8.940562702675862851e-05
8.839445763209514983e-05
8.739472447001256947e-05
8.641211955525260520e-05
8.544255796274713107e-05
8.448387504890948242e-05
8.353594875274821798e-05
8.259865838282046829e-05
8.163788864590499456e-05
8.056105542578177899e-05
7.949842602453737438e-05
7.844981308867326141e-05
7.741503173595188248e-05
7.639389952279846351e-05
7.516840779582221208e-05
7.385956208404610842e-05
7.257350622704368027e-05
7.130984340380238198e-05
7.006818370282799483e-05
6.879457189226389775e-05
6.722482711129841592e-05
6.569090054403192648e-05
6.419197489554595993e-05
6.272725151984204727e-05
6.129594999431203198e-05
5.973869939176327019e-05
5.812126733149523274e-05
5.654762742767216059e-05
5.501659400269259711e-05
5.352701348130992450e-05
5.207734977531856157e-05
5.066187058111287745e-05
4.928486456877740083e-05
4.794528602479776865e-05
4.664211765848987610e-05
4.537436982946007545e-05
4.426220298276826602e-05
4.327834601208692416e-05
4.231635814130426434e-05
4.137575326568660459e-05
4.045605608560072286e-05
3.955823613042217787e-05
3.892036343737008343e-05
3.829277637917802041e-05
3.767530910098863432e-05
3.706779842233792445e-05
3.647008379403117028e-05
3.588792813038549833e-05
3.532158371990134284e-05
3.476417674347902508e-05
3.421556616021473546e-05
3.367561315495927921e-05
3.314418110319386295e-05
3.240188324919100705e-05
3.166213893065254829e-05
3.093928318777499752e-05
3.023293044951615865e-05
2.954270394753175891e-05
2.879091435702749153e-05
2.794762864406251105e-05
2.712904276469332390e-05
2.633443326093856562e-05
2.556309786489685624e-05
2.481435487808963554e-05
2.415415825812876585e-05
2.352118390323438074e-05
2.290479702490085751e-05
2.230456293825272996e-05
2.172005834959507220e-05
2.120448777438922765e-05
2.080464739166529642e-05
2.041234656063243939e-05
2.002744311245985122e-05
1.964979755910961076e-05
1.927927304278670689e-05
1.888370329953433161e-05
1.848855645786962355e-05
1.810167817581960430e-05
1.772289543143165330e-05
1.735203882328656815e-05
1.696203183776063617e-05
1.650954905637471397e-05
1.606913680223508585e-05
1.564047307938084113e-05
1.522324448148403284e-05
1.481714596271075683e-05
1.445918075702019322e-05
1.412299167799689967e-05
1.379461930026213992e-05
1.347388187841477550e-05
1.316060189279915729e-05
1.286112425269589503e-05
1.259374325143021788e-05
1.233192106434230190e-05
1.207554212445128451e-05
1.182449326739783810e-05
1.157866368149412732e-05
1.131631634931895141e-05
1.104940501691357927e-05
1.078878916593233374e-05
1.053432030853838649e-05
1.028585345919070513e-05
1.004583184932244621e-05
9.827767820360678384e-06
9.614437288976879247e-06
9.405737505536271379e-06
9.201567950781842025e-06
9.001830287419688105e-06
8.808841145066890948e-06
8.621563927714915158e-06
8.438268250676948711e-06
8.258869465838894987e-06
8.083284724717529479e-06
7.911566515130389249e-06
7.745341294406044155e-06
7.582608532975525380e-06
7.423294852852894521e-06
7.267328417753376436e-06
7.114638900701685171e-06
6.968463539670902025e-06
6.828137243842942202e-06
6.690636745866802418e-06
6.555905141699972889e-06
6.423886673195853354e-06
6.294526705028385169e-06
6.180459733974086083e-06
6.068478094962227684e-06
5.958525413020790811e-06
5.850564926169622982e-06
5.744560538506307826e-06
5.640476808137722662e-06
5.538278935330371132e-06
5.437932750875184577e-06
5.339404704663368449e-06
5.242661854469067065e-06
5.147671854935332359e-06
5.054402946759756091e-06
4.962823946075830188e-06
4.872904234026913915e-06
4.784613746528951320e-06
4.697922964218728711e-06
4.612802902584350935e-06
4.529225102274345905e-06
4.447161619582547931e-06
4.366585017105231995e-06
4.287468354567629185e-06
4.209785179816607988e-06
4.133509519976563570e-06
4.058615872765547071e-06
3.985079197968769369e-06
3.912874909066515576e-06
3.841978865013835127e-06
3.772367362169122049e-06
3.704017126368951565e-06
3.636905305146538754e-06
3.571009460091115968e-06
3.506307559345825548e-06
3.442777970241497792e-06
3.380399452063900998e-06
3.319151148952070698e-06
3.259012582925250253e-06
3.199963647036201569e-06
3.141984598648637057e-06
3.085056052836318977e-06
3.029158975901893672e-06
2.974274679013055951e-06
2.921552118411875553e-06
2.870106776095139873e-06
2.819567330075577723e-06
2.769917828508694345e-06
2.721142600444537748e-06
2.673226250881477772e-06
2.626153655907045302e-06
2.579909957924369677e-06
2.534480560962614233e-06
2.489851126070071257e-06
2.446007566788296806e-06
2.402936044705997930e-06
2.360622965091206900e-06
2.319054972600320295e-06
2.278218947062774743e-06
2.238101999339849479e-06
2.198691467256513212e-06
2.159974911604787677e-06
2.121940112217575014e-06
2.084575064111579317e-06
2.047867973698125070e-06
2.011807255060783622e-06
1.976381526298440991e-06
1.941579605932849027e-06
1.907390509379369039e-06
1.873803445479904794e-06
1.840807813096866991e-06
1.808393197767129483e-06
1.776549368414888378e-06
1.745266274122404407e-06
1.714534040957627794e-06
1.684342968857665249e-06
1.654683528567148463e-06
1.625546358630476445e-06
1.596922262437074700e-06
1.568802205318614167e-06
1.541177311697429485e-06
1.514038862285080769e-06
1.487378291330267109e-06
1.461187183915228704e-06
1.435457273299697169e-06
1.406741012392626374e-06
1.375750471136707553e-06
1.345442652314324180e-06
1.315802515532433986e-06
1.286815351738229661e-06
1.258466775919741163e-06
1.230742719967174179e-06
1.203629425691568643e-06
1.177113437997229105e-06
1.151181598204555110e-06
1.125821037520018575e-06
1.101019170649937276e-06
1.076763689554984143e-06
1.053042557342260626e-06
1.029844002291928238e-06
1.007156512015446572e-06
9.849688277424936147e-07
9.632699387337551640e-07
9.420490768167926848e-07
9.212957110422828032e-07
9.009995424579936404e-07
8.811504989978780063e-07
8.617387304837702000e-07
8.427546037371873530e-07
8.241886977988161876e-07
8.060317992533254652e-07
7.882748976571623922e-07
7.709091810670846449e-07
7.539260316671893012e-07
7.373170214922802303e-07
7.210739082454559330e-07
7.051886312078298971e-07
6.896533072383659406e-07
6.744602268618308163e-07
6.596018504429294541e-07
6.450708044447305694e-07
6.308598777695129183e-07
6.169620181802288664e-07
6.033703288007972909e-07
5.900780646934949034e-07
5.770786295117538343e-07
5.632125248420288579e-07
5.472156408829462035e-07
5.316731152435265443e-07
5.165720428178041383e-07
5.018998850425833315e-07
4.876444594865651788e-07
4.737939297351464805e-07
4.603367955625413401e-07
4.472618833830325843e-07
4.345583369734327562e-07
4.222156084590664277e-07
4.102234495557686454e-07
3.985719030606363583e-07
3.872512945844679924e-07
3.762522245190254918e-07
3.655655602324566495e-07
3.551824284863792897e-07
3.450942080683496757e-07
3.352925226335867557e-07
3.257692337500130607e-07
3.165164341408425866e-07
3.075264411190902999e-07
2.987917902085630951e-07
2.903052289460398337e-07
2.820597108594750996e-07
2.740483896172554889e-07
2.662646133436182460e-07
2.587019190955410085e-07
2.513540274964975543e-07
2.442148375226292921e-07
2.372784214370113570e-07
2.305390198677958821e-07
2.239910370261497987e-07
2.176290360600199814e-07
2.114477345398604622e-07
2.054420000725848945e-07
1.996068460400910943e-07
1.939374274588242862e-07
1.884290369569412667e-07
1.830771008657342280e-07
1.778771754220735776e-07
1.727553180180806093e-07
1.670477272275670384e-07
1.615287071450680631e-07
1.561920276617299237e-07
1.510316645026610592e-07
1.460417924264734838e-07
1.412167786494953103e-07
1.365511764872423550e-07
1.320397192059636807e-07
1.276773140773234009e-07
1.234590366295115170e-07
1.193801250882845809e-07
1.154359750016693737e-07
1.116221340422585150e-07
1.079342969812287284e-07
1.043683008284148205e-07
1.009201201329443274e-07
9.758586243913468929e-08
9.436176389252110012e-08
9.124418499105305806e-08
8.822960647666923704e-08
8.531462536260495419e-08
8.249595109195381132e-08
7.977040182314486226e-08
7.713490083814075904e-08
7.458647306930718601e-08
7.212224174102639302e-08
6.973942512226856385e-08
6.743533338645373798e-08
6.520736557505789089e-08
6.305300666154010112e-08
6.096982471227048792e-08
5.895546814125852438e-08
5.700766305558118873e-08
5.512421068851320469e-08
5.330298491746529104e-08
5.154192986392448467e-08
4.983905757268850023e-08
4.819244576777754205e-08
4.660023568248393874e-08
4.506062996111754496e-08
4.357189063007190255e-08
4.204367984750435689e-08
4.055465779164173195e-08
3.911837105035862576e-08
3.773295194587771385e-08
3.639659894623517874e-08
3.510757432265543215e-08
3.386420188989314450e-08
3.266486482660235176e-08
3.150800357290134587e-08
3.039211380239541412e-08
2.931574446602427983e-08
2.827749590518775911e-08
2.727601803169719841e-08
2.631000857218697977e-08
2.537821137470044792e-08
2.447941477525097799e-08
2.361245002223301125e-08
2.277618975663330860e-08
2.196954654606861344e-08
2.119147147074092176e-08
2.044095275947275478e-08
1.971701447404911754e-08
1.901871524015444884e-08
1.834514702325526015e-08
1.769543394783577704e-08
1.706873115845197103e-08
1.646422372112228646e-08
1.588112556362675293e-08
1.531867845333723103e-08
1.477615101124790230e-08
1.425283776092557925e-08
1.374805821114237972e-08
1.326115597099773138e-08
1.279149789637928496e-08
1.233847326665335316e-08
1.190149299051294659e-08
1.147998883995220383e-08
1.107341271137005428e-08
1.068123591284272405e-08
1.030294847663866734e-08
9.938058496080899161e-09
9.579548163268097278e-09
9.230222533054018546e-09
8.893635332027238518e-09
8.569322043518746839e-09
8.256835089818939720e-09
7.955743214485538350e-09
7.665630887175787594e-09
7.386097730182093040e-09
7.116757965879609462e-09
6.857239884322816592e-09
6.607185330256746823e-09
6.366249208834736205e-09
6.134099009360440161e-09
5.910414346397212572e-09
5.694886517611037638e-09
5.487218077737158231e-09
5.287122428082458139e-09
5.094323420996615509e-09
4.908554978766969245e-09
4.729560726410348917e-09
4.557093637855559191e-09
4.390915695028099247e-09
4.230797559366524198e-09
4.076518255317400868e-09
3.927864865371680559e-09
3.784632236221883199e-09
3.646622695634578719e-09
3.513645779647008097e-09
3.385517969712219691e-09
3.262062439428892498e-09
3.143108810507155796e-09
3.028492917633220717e-09
2.918056581908353048e-09
2.811647392549694138e-09
2.709118496551406463e-09
2.610328396016050355e-09
2.515140752876425344e-09
2.423424200738321136e-09
2.335052163584718109e-09
2.249902681090880624e-09
2.167858240309617855e-09
2.088429812437415242e-09
2.011365328511948745e-09
1.937144576584239060e-09
1.865662621004774672e-09
1.796818398321059219e-09
1.730514574390883081e-09
1.666657406768244176e-09
1.605156612167330729e-09
1.545925238817103340e-09
1.488879543526175774e-09
1.433938873284017300e-09
1.381025551231161525e-09
1.330064766837215378e-09
1.280984470131372322e-09
1.233715269835865630e-09
1.188190335258396905e-09
1.144345301804748279e-09
1.102118179978139968e-09
1.061449267736477065e-09
1.022281066083725094e-09
9.845581977759971288e-10
9.482273290274604263e-10
9.132370941053496009e-10
8.795380227074579056e-10
8.470824700194467851e-10
8.158245493531210665e-10
7.857200672703671064e-10
7.567264611010487193e-10
7.288027387665953424e-10
7.019094208240765242e-10
6.760084846489223157e-10
6.510633106773378621e-10
6.270386306323825101e-10
6.039004776605962477e-10
