3.825839424803876632e-09
3.876814097865114709e-09
3.928467946658834646e-09
3.980810020378463786e-09
4.033849488786914905e-09
4.087595643823124819e-09
4.142057901229839124e-09
4.197245802203178255e-09
4.253169015064085779e-09
4.309837336952214795e-09
4.367260695542210240e-09
4.425449150782967802e-09
4.484412896659955446e-09
4.544162262981193140e-09
4.604707717186855198e-09
4.666059866183089167e-09
4.728229458200150517e-09
4.791227384675494193e-09
4.855064682161778366e-09
4.919752534260287446e-09
4.985302273580297964e-09
5.051725383724349258e-09
5.119033501300085695e-09
5.187238417958779597e-09
5.256352082461229706e-09
5.326386602770966544e-09
5.397354248175480164e-09
5.469267451435581144e-09
5.541736012316061196e-09
5.613168911184426962e-09
5.685522579109504443e-09
5.758808884791467960e-09
5.833039849917796760e-09
5.908227651135352181e-09
5.984384622047874071e-09
6.061523255239008146e-09
6.139656204321625274e-09
6.218796286013561740e-09
6.298956482239891326e-09
6.380149942262517521e-09
6.462389984837221495e-09
6.545690100398281671e-09
6.630063953271479649e-09
6.715525383915647992e-09
6.802088411192825235e-09
6.889767234668097572e-09
6.978576236938658225e-09
7.068529985993174696e-09
7.159643237601569816e-09
7.251930937735345590e-09
7.345408225019362255e-09
7.440090433215233827e-09
7.535993093736452645e-09
7.633131938196209884e-09
7.731522900988061750e-09
7.831182121899549732e-09
7.932125948759972653e-09
8.034370940121821668e-09
8.137933867977097462e-09
8.242831720508637050e-09
8.349081704876617249e-09
8.456701250041260546e-09
8.565708009621948487e-09
8.676119864792860055e-09
8.787954927216260004e-09
8.901231542013584378e-09
9.015968290774488662e-09
9.132183994605193628e-09
9.249897717215612714e-09
9.369128768046600978e-09
9.489896705437552261e-09
9.612221339834462027e-09
9.736122737039696658e-09
9.861621221503644540e-09
9.988737379658457429e-09
1.011749206329510628e-08
1.024790639298397163e-08
1.038000176153914873e-08
1.051379983752788051e-08
1.064932256882494430e-08
1.078659218621283970e-08
1.092563120702861116e-08
1.106646243885745427e-08
1.120910898327392791e-08
1.134919343885582661e-08
1.148883201207169740e-08
1.163018867487997354e-08
1.177328456636698386e-08
1.191814108571076418e-08
1.206477989538124199e-08
1.221322292437981993e-08
1.236349237151858437e-08
1.251561070874008070e-08
1.266960068447794462e-08
1.282548532705864771e-08
1.298328794814533318e-08
1.314303214622400996e-08
1.330474181013243255e-08
1.346844112263259980e-08
1.363415456402724974e-08
1.380190691582054411e-08
1.397172326442423285e-08
1.414362900490898274e-08
1.431764984480215381e-08
1.449381180793229829e-08
1.467214123832070456e-08
1.485266480412108139e-08
1.503540950160771996e-08
1.522040265921241978e-08
1.540767194161155004e-08
1.559724535386292876e-08
1.578915124559389942e-08
1.598341831524097244e-08
1.618007561434131094e-08
1.637915255187731497e-08
1.658067889867467791e-08
1.678468479185424283e-08
1.699120073933892573e-08
1.720025762441611966e-08
1.741188671035586712e-08
1.762611964508638940e-08
1.784298846592659853e-08
1.806252560437720356e-08
1.828476389097077813e-08
1.850973656018115028e-08
1.873747725539353694e-08
1.896802003393584689e-08
1.920139937217152259e-08
1.943765017065539992e-08
1.967680775935301609e-08
1.991890790292374926e-08
2.016398680606935853e-08
2.041208111894830118e-08
2.066322794265628077e-08
2.091746483477481909e-08
2.117482981498750820e-08
2.143536137076574219e-08
2.169909846312444504e-08
2.196608053244820479e-08
2.223333894637942316e-08
2.248896023832317285e-08
2.274752046107945212e-08
2.300905340414308787e-08
2.327359324549365968e-08
2.354117455606218243e-08
2.381183230424866719e-08
2.408560186049204265e-08
2.436251900189262899e-08
2.464261991688731636e-08
2.492594120997893033e-08
2.521251990651997953e-08
2.550239345755094751e-08
2.579559974469472044e-08
2.609217708510697854e-08
2.639216423648381843e-08
2.669560040212641795e-08
2.700252523606445384e-08
2.731297884823813359e-08
2.762700180974009182e-08
2.794463515811703576e-08
2.826592040273282696e-08
2.859089953019322769e-08
2.891961500983251057e-08
2.925210979926366507e-08
2.958842734999240290e-08
2.992861161309520030e-08
3.027270704496320055e-08
3.062075861311179789e-08
3.097281180205740171e-08
3.132891261926109653e-08
3.168910760114133847e-08
3.205344381915531434e-08
3.242196888595069705e-08
3.279473096158732761e-08
3.317177875983149715e-08
3.355316155452149873e-08
3.393892918600722181e-08
3.432913206766327975e-08
3.472382119247746370e-08
3.512304813971429781e-08
3.552686508165581352e-08
3.593532479041950297e-08
3.634848064485499365e-08
3.676638663751936472e-08
3.718909738173328215e-08
3.761666811871827706e-08
3.804915472481536556e-08
3.848661371878743899e-08
3.892910226920547720e-08
3.937667820191913427e-08
3.982940000761386067e-08
4.028732684945453510e-08
4.075051857081740629e-08
4.121903570311013939e-08
4.169293947368258748e-08
4.214143403527507686e-08
4.257938148149588482e-08
4.302188021957578298e-08
4.346897754801528166e-08
4.392072125685660068e-08
4.437715963279120520e-08
4.483834146432189583e-08
4.530431604697713021e-08
4.577513318858047457e-08
4.625084321457483439e-08
4.673149697340105413e-08
4.721714584193384377e-08
4.770784173097266989e-08
4.820363709079125087e-08
4.870458491674316137e-08
4.921073875492725849e-08
4.972215270791053418e-08
5.023888144051139813e-08
5.076098018564307347e-08
5.128850475021672165e-08
5.182151152110743293e-08
5.236005747118055478e-08
5.290420016538238159e-08
5.345399776689232035e-08
5.400950904334087353e-08
5.457079337309045453e-08
5.513791075158268865e-08
5.571092179775160391e-08
5.628988776050240742e-08
5.687487052525924195e-08
5.746593262057917655e-08
5.806313722483679198e-08
5.866654817297646276e-08
5.927622996333600821e-08
5.989224776454124286e-08
6.051466742247098943e-08
6.114355546729627996e-08
6.177897912059076062e-08
6.242100630251696561e-08
6.306970563908528359e-08
6.372514646949034829e-08
6.438739885352182240e-08
6.505653357905338645e-08
6.573262216960969438e-08
6.641573689201047533e-08
6.710595076409626823e-08
6.780333756253209660e-08
6.850797183069460262e-08
6.921992888663877584e-08
6.993928483114982184e-08
7.066611655587658444e-08
7.140050175155082244e-08
7.214251891629199718e-08
7.289224736399693533e-08
7.364976723281873455e-08
7.439762145004193622e-08
7.506647505364384842e-08
7.574134182183800112e-08
7.642227581450869459e-08
7.710933157755251414e-08
7.780256414724712750e-08
7.850202905466084571e-08
7.920778233010045930e-08
7.991988050759901737e-08
8.063838062944546862e-08
8.136334025075347765e-08
8.209481744407137532e-08
8.283287080403502986e-08
8.357755945206103139e-08
8.432894304108209582e-08
8.508708176032654090e-08
8.585203634013918745e-08
8.662386805684564461e-08
8.740263873766187161e-08
8.818841076564625002e-08
8.898124708469625756e-08
8.978121120459160965e-08
9.058836720608097016e-08
9.140277974601546079e-08
9.222451406252724844e-08
9.305363598025653261e-08
9.389021191562379605e-08
9.473430888214954231e-08
9.558599449582349195e-08
9.644533698052039215e-08
9.731240517346439825e-08
9.818726853074452881e-08
9.906999713287773981e-08
9.996066169042211928e-08
1.008593335496423069e-07
1.017660846982241210e-07
1.026809877710403646e-07
1.036041160559705638e-07
1.045355434997707342e-07
1.054753447139973441e-07
1.064235949809831315e-07
1.073803702598688792e-07
1.083457471926874140e-07
1.093198031105023721e-07
1.103026160396039934e-07
1.112942647077588488e-07
1.122948285505154971e-07
1.133043877175690510e-07
1.143230230791808399e-07
1.153508162326557896e-07
1.163878495088800880e-07
1.174342059789156533e-07
1.184899694606537110e-07
1.195552245255304279e-07
1.206300565053007673e-07
1.217145514988732503e-07
1.226686005087862776e-07
1.235605130402765067e-07
1.244589105888004552e-07
1.253638403063428975e-07
1.262753496877265966e-07
1.271934865731041950e-07
1.281182991504705414e-07
1.290498359581909780e-07
1.299881458875491890e-07
1.309332781853123076e-07
1.318852824563170933e-07
1.328442086660727573e-07
1.338101071433823983e-07
1.347830285829862737e-07
1.357630240482215895e-07
1.367501449737017183e-07
1.377444431680173873e-07
1.387459708164550190e-07
1.397547804837347647e-07
1.407709251167710651e-07
1.417944580474503616e-07
1.428254329954308851e-07
1.438639040709608133e-07
1.449099257777200140e-07
1.459635530156798396e-07
1.470248410839835420e-07
1.480938456838504579e-07
1.491706229214985367e-07
1.502552293110882301e-07
1.513477217776902312e-07
1.524481576602722178e-07
1.535565947147086524e-07
1.546730911168108832e-07
1.557977054653824718e-07
1.569304967852936312e-07
1.580715245305781904e-07
1.592208485875559956e-07
1.603785292779750590e-07
1.615446273621764439e-07
1.627192040422852760e-07
1.639023209654215812e-07
1.650940402269364538e-07
1.662944243736698514e-07
1.675035364072351768e-07
1.687214397873250358e-07
1.699481984350408443e-07
1.711838767362496732e-07
1.724285395449625326e-07
1.736822521867371952e-07
1.749450804621087587e-07
1.762170906500422844e-07
1.774983495114101852e-07
1.787889242924983332e-07
1.800888827285340844e-07
1.813982930472419374e-07
1.826590099351734761e-07
1.836420374418915294e-07
1.846303553697024557e-07
1.856239921903989172e-07
1.866229765290016243e-07
1.876273371645854580e-07
1.886371030311064380e-07
1.896523032182365272e-07
1.906729669722015058e-07
1.916991236966229752e-07
1.927308029533670582e-07
1.937680344633936294e-07
1.948108481076141473e-07
1.958592739277520287e-07
1.969133421272077597e-07
1.979730830719305461e-07
1.990385272912907572e-07
2.001097054789609724e-07
2.011866484937994101e-07
2.022693873607406886e-07
2.033579532716869049e-07
2.044523775864081102e-07
2.055526918334451145e-07
2.066589277110175060e-07
2.077711170879384203e-07
2.088892920045301033e-07
2.100134846735486863e-07
2.111437274811117133e-07
2.122800529876310949e-07
2.134224939287507737e-07
2.145710832162914838e-07
2.157258539391962249e-07
2.168868393644853183e-07
2.180540729382142951e-07
2.192275882864369996e-07
2.204074192161760504e-07
2.215935997163941228e-07
2.227861639589748657e-07
2.239851462997069156e-07
2.251905812792731519e-07
2.264025036242476546e-07
2.276209482480932442e-07
2.288459502521692396e-07
2.300775449267416502e-07
2.313157677520017864e-07
2.325606543990854785e-07
2.338122407311026711e-07
2.350705628041700365e-07
2.363356568684492512e-07
2.376075593691932142e-07
2.388863069477931651e-07
2.401719364428359660e-07
2.414644848911651170e-07
2.427639895289471433e-07
2.440704877927462955e-07
2.453840173205999101e-07
2.465056502666850923e-07
2.475339087105923858e-07
2.485664563682609314e-07
2.496033111314530597e-07
2.506444909665616922e-07
2.516806953188557270e-07
2.526617074173013020e-07
2.536465433479088351e-07
2.546352180153791803e-07
2.556277463825109696e-07
2.566241434704239653e-07
2.575785539372055333e-07
2.585060925564250106e-07
2.594369712358974281e-07
2.603712020031575411e-07
2.613087969290511230e-07
2.622438772252021645e-07
2.631016502935096449e-07
2.639622290503407315e-07
2.648256226728173518e-07
2.656918403680790636e-07
2.665608913733807809e-07
2.673797691382625762e-07
2.681548509308941257e-07
2.689321795344463203e-07
2.697117614619863079e-07
2.704936032454596951e-07
2.712776409771676945e-07
2.719546723001900154e-07
2.726333932995554250e-07
2.733138081922122102e-07
2.739959212056336776e-07
2.746797365778419232e-07
2.753044777407468539e-07
2.758610792935135191e-07
2.764188061650221810e-07
2.769776606304052416e-07
2.775376449693949686e-07
2.780987614663321768e-07
2.785229515115894172e-07
2.789378629624844992e-07
2.793533925007262724e-07
2.797695410470706258e-07
2.801863095236436305e-07
2.805359242782885261e-07
2.807838725256655968e-07
2.810320399190701950e-07
2.812804266521918096e-07
2.815290329188917710e-07
2.817778589132010284e-07
2.818586420546589910e-07
2.819132721862920575e-07
2.819679129063927771e-07
2.820225642170139871e-07
2.820772261202090013e-07
2.820568835005426801e-07
2.818853730967305693e-07
2.817139669832956533e-07
2.815426650968209987e-07
2.813714673739303298e-07
2.812003737512837935e-07
2.808233527684155106e-07
2.803946908045294734e-07
2.799666831704114581e-07
2.795393288672618125e-07
2.791126268978054380e-07
2.786108476074206474e-07
2.778992400093739709e-07
2.771894499477876443e-07
2.764814727804413255e-07
2.757753038769722335e-07
2.750709386188440202e-07
2.741283836985377924e-07
2.731006940597807861e-07
2.720768571632293559e-07
2.710568585652012406e-07
2.700406838761627717e-07
2.689574418845348306e-07
2.675896663892842016e-07
2.662288466777904358e-07
2.648749473766106617e-07
2.635279332921925360e-07
2.621877694099613003e-07
2.605976569409229080e-07
2.588872468629009181e-07
2.571880629128091847e-07
2.555000314089313453e-07
2.538230791531562933e-07
2.521051003073525872e-07
2.500489450487310531e-07
2.480095596787091277e-07
2.459868074230027009e-07
2.439805526228511017e-07
2.419906607259194354e-07
2.397685529673165200e-07
2.373993103816690557e-07
2.350534791665289250e-07
2.327308279854043842e-07
2.304311277877254387e-07
2.281299164692395288e-07
2.254826422150227877e-07
2.228660875660445668e-07
2.202798960446394613e-07
2.177237153097942501e-07
2.151971971091458246e-07
2.125172532267837685e-07
2.097089543071275099e-07
2.069377655171308373e-07
2.042031964667879873e-07
2.015047632463281303e-07
1.988419883405821915e-07
1.959307082185334239e-07
1.930601847492552113e-07
1.902317164792998743e-07
1.874446872702498569e-07
1.846984900105497238e-07
1.819076427368023974e-07
1.790606927750599875e-07
1.762582990725415048e-07
1.734997643004348864e-07
1.707844020434893499e-07
1.681115366292117027e-07
1.654164933718258566e-07
1.627596022837656675e-07
1.601453857205362290e-07
1.575731582513053531e-07
1.550422454545122761e-07
1.525706039231545138e-07
1.501668009011187403e-07
1.478008706332060635e-07
1.454722164209796992e-07
1.431802509671946518e-07
1.409243962276794708e-07
1.388214041322542214e-07
1.367689184217358704e-07
1.347467788787859336e-07
1.327545368328578617e-07
1.307917502470347144e-07
1.289145006077643238e-07
1.271803607609908775e-07
1.254695483210955519e-07
1.237817494910612158e-07
1.221166546950235904e-07
1.204739585214904491e-07
1.189519596884687655e-07
1.174750125554496127e-07
1.160164036897400051e-07
1.145759053973076125e-07
1.131532928112450058e-07
1.117451818876880345e-07
1.103455488699518348e-07
1.089634465640659717e-07
1.075986553940027376e-07
1.062509585339732190e-07
1.049201418739785454e-07
1.034596702971301403e-07
1.019642480382605431e-07
1.004904408466522091e-07
9.903793629474187858e-08
9.760642647084334515e-08
9.612621290473165177e-08
9.437571763252417273e-08
9.265709955182781266e-08
9.096977816673714065e-08
8.931318355239984473e-08
8.768675616251377739e-08
8.582522428591816288e-08
8.386715750564141951e-08
8.195376320420668107e-08
8.008402219759769026e-08
7.825693855405642424e-08
7.643976837241692846e-08
7.444047131771538626e-08
7.249346626753007139e-08
7.059738551428100421e-08
6.875089712304638672e-08
6.695270399592284893e-08
6.521191868478513175e-08
6.352349003449410302e-08
6.187877718592512767e-08
6.027664827524691440e-08
5.871600074418158896e-08
5.720917300712424044e-08
5.597177308286257000e-08
5.476113737301079458e-08
5.357668698374538487e-08
5.241785554236768659e-08
5.128408892647887335e-08
5.029781389008227986e-08
4.944214571304532192e-08
4.860103419309864741e-08
4.777423169188050520e-08
4.696149478386147299e-08
4.616258418467605330e-08
4.535943360308585548e-08
4.457000899269499691e-08
4.379432333726878836e-08
4.303213752735817186e-08
4.228321661491738350e-08
4.143805529963297299e-08
4.048045990802731324e-08
3.954499366624276653e-08
3.863114518995568835e-08
3.773841491246416104e-08
3.686631481159396378e-08
3.586448428995771958e-08
3.487695750478011785e-08
3.391662222035173398e-08
3.298272972005650915e-08
3.207455190315285725e-08
3.122554591003516692e-08
3.045230702871586835e-08
2.969821587885037145e-08
2.896279830474277858e-08
2.824559189222530714e-08
2.754614567790233225e-08
2.697605509285696339e-08
2.643705172668539120e-08
2.590881808306008272e-08
2.539113897422722610e-08
2.488380351205793909e-08
2.437257287196176398e-08
2.384225627506060378e-08
2.332347870173432166e-08
2.281598907731192683e-08
2.231954179019225534e-08
2.183389657297414885e-08
2.130339881553983882e-08
2.077084313373168336e-08
2.025160061179453016e-08
1.974533843903499503e-08
1.925173212456926422e-08
1.878024007386560460e-08
1.834903330814573727e-08
1.792772733571026474e-08
1.751609482777995421e-08
1.711391367519499835e-08
1.672096686856927979e-08
1.635267549179037639e-08
1.599857880464739972e-08
1.565214963734905904e-08
1.531322195936548777e-08
1.498163333534985662e-08
1.465438052503118075e-08
1.432175259997537121e-08
1.399667472702437614e-08
1.367897553365496494e-08
1.336848753719022485e-08
1.306504705650704686e-08
1.277464105574200737e-08
1.249395794984513515e-08
1.221944198442536072e-08
1.195095765570335524e-08
1.168837243717483487e-08
1.143236376808257223e-08
1.118809582982845856e-08
1.094904700696194518e-08
1.071510578601295583e-08
1.048616303614773428e-08
1.026211195826063551e-08
1.004415441635230694e-08
9.831751194053264634e-09
9.623839651887033920e-09
9.420324804522446501e-09
9.221113675278276534e-09
9.026378881744377897e-09
8.841059590648045246e-09
8.659545063355970036e-09
8.481757184807740947e-09
8.307619443712195808e-09
8.137056899620425290e-09
7.976610426421416777e-09
7.825497742818518446e-09
7.677247809422183839e-09
7.531806392937371828e-09
7.389120287490373382e-09
7.249137295164647920e-09
7.111806206905693045e-09
6.977076783787632097e-09
6.844899738634580293e-09
6.715226717990159613e-09
6.588010284428866744e-09
6.463203899202132370e-09
6.340761905213576006e-09
6.220639510316360008e-09
6.102792770927352091e-09
5.987178575951462389e-09
5.873754631010540142e-09
5.762479442971155549e-09
5.653312304765512932e-09
5.546213280499680112e-09
5.441143190844296668e-09
5.338063598701673833e-09
5.236936795144780393e-09
5.137725785622265580e-09
5.040394276425131612e-09
4.944906661409584883e-09
4.851228008971430308e-09
4.759324049267320336e-09
4.669161161678080042e-09
4.580706362509457025e-09
4.493927292925878173e-09
4.408792207112868093e-09
4.325269960663743499e-09
4.243329999186130034e-09
4.162942347124579181e-09
4.084077596794754002e-09
4.006706897625372865e-09
3.930801945604035812e-09
3.856334972922983803e-09
3.783278737820950213e-09
3.711606514617456732e-09
3.641609235034068886e-09
3.573716546988992753e-09
3.507089622729220493e-09
3.441704863867291000e-09
3.377539111974480812e-09
3.314569640378434831e-09
3.252774146113703451e-09
3.192130742022291788e-09
3.132617949001478903e-09
3.074214688396288576e-09
3.016900274533613939e-09
2.960654407395663724e-09
2.905457165429993815e-09
2.851288998493470091e-09
2.798130720927957718e-09
2.745963504764928606e-09
2.694768873056876893e-09
2.644528693333057611e-09
2.595225171177124471e-09
2.546840843924667899e-09
2.499358574478089463e-09
2.452761545236901087e-09
2.407033252141168919e-09
2.362157498825968151e-09
2.318118390884825504e-09
2.274900330240144691e-09
2.232488009618602361e-09
2.190866407129442810e-09
2.150020780943994796e-09
2.109936664074246535e-09
2.070599859248850998e-09
2.031996433884667252e-09
1.994112715151957680e-09
1.956935285131719468e-09
1.920450976063175057e-09
1.884646865679945456e-09
1.849510272633171612e-09
1.815028751999925337e-09
1.781190090875361108e-09
1.747982304047115673e-09
1.715393629750249820e-09
1.683046604520171932e-09
1.645206625895883037e-09
1.608217404451122211e-09
1.572059812591098424e-09
1.536715152767189377e-09
1.502165147808230386e-09
1.468391931469143748e-09
1.435378039192101604e-09
1.403106399075340306e-09
1.371560323045116063e-09
1.340723498226022438e-09
1.310579978505474834e-09
1.281114176287712614e-09
1.252310854433277236e-09
1.224155118379711601e-09
1.196632408439360216e-09
1.169728492270392558e-09
1.143429457517067800e-09
1.117721704615499763e-09
1.092591939761120172e-09
1.068027168034304008e-09
1.044014686680523170e-09
1.020542078541607411e-09
9.975972056346460600e-10
9.751682028753192029e-10
9.532434719422654266e-10
9.318116752794975330e-10
9.108617302335662842e-10
8.903828033225951413e-10
8.703643046341605851e-10
8.507958823490925906e-10
8.316674173884322646e-10
8.129690181807208952e-10
7.946910155469567872e-10
7.768239577005198629e-10
7.593586053595468144e-10
7.422859269691751768e-10
7.255970940312234798e-10
7.092834765388426882e-10
6.933366385138564272e-10
6.777483336443755579e-10
6.625105010205652805e-10
6.443910701497058302e-10
6.261126302642582041e-10
6.083526664721709262e-10
5.910964719679881477e-10
5.743297571113451837e-10
5.580386375939020066e-10
5.422096229419025850e-10
5.268296053449027045e-10
5.118858488013278160e-10
4.973659785719786452e-10
4.832579709326382806e-10
4.695501432173934388e-10
4.562311441443502278e-10
4.432899444157863625e-10
4.307158275849231295e-10
4.184983811817758008e-10
4.066274880907044058e-10
3.950933181725711161e-10
3.838863201245043827e-10
3.729972135706064199e-10
3.624169813769698923e-10
3.521368621847153208e-10
3.421483431548081787e-10
3.324431529186868490e-10
3.230132547288495001e-10
3.138508398037134277e-10
3.049483208612707714e-10
2.962983258361454244e-10
2.878936917748822915e-10
2.797274589043922287e-10
2.717928648686549297e-10
2.640833391288876925e-10
2.565924975225730869e-10
2.493141369768054873e-10
2.422422303716077267e-10
2.353709215489458433e-10
2.286945204633213733e-10
2.222074984699083208e-10
2.159044837463598017e-10
2.097802568444574856e-10
2.038297463679640359e-10
1.974826576131012052e-10
1.909663417597363008e-10
1.846650441404499454e-10
1.785716698196917692e-10
1.726793579728080363e-10
1.669814741610990716e-10
1.614716028617874388e-10
1.561435402444730666e-10
1.509912871859336969e-10
1.460090425154311010e-10
1.411911964828850338e-10
1.365323244425897753e-10
1.320271807453400179e-10
1.276706928321002909e-10
1.234579555225705457e-10
1.193842254922006484e-10
1.154449159314566205e-10
1.116355913813066840e-10
1.079519627391254474e-10
1.043898824293850978e-10
1.009453397337013600e-10
9.761445627496918179e-11
9.439348165051231715e-11
9.127878920932317146e-11
8.826687196864083319e-11
8.535433866527111445e-11
8.253790993719688274e-11
7.981441463118904131e-11
7.718078623224809518e-11
7.463405941086971144e-11
7.217136668423655981e-11
6.978993518757887522e-11
6.748708355207479766e-11
6.526021888576410185e-11
6.310683385408977018e-11
6.102450385676553621e-11
5.901088429780361084e-11
5.706370794561915881e-11
5.518078238024457754e-11
5.335998752477991391e-11
5.159927325829330027e-11
4.984931571112405112e-11
4.808084620170062606e-11
4.637511545530988743e-11
4.472989773248318814e-11
4.314304625476290423e-11
4.161249040345810808e-11
4.013623301777695130e-11
3.871234778881223951e-11
3.733897674597885153e-11
3.601432783262149357e-11
3.473667256763313302e-11
3.350434379002915274e-11
3.231573348353506732e-11
3.116929067835238768e-11
3.006351942735939940e-11
2.899697685411028439e-11
2.796827127008331868e-11
2.697606035872272201e-11
2.601904942390408339e-11
2.509598970053665706e-11
2.420567672510078117e-11
2.334694876399151457e-11
2.251868529761898056e-11
2.171980555828761907e-11
2.094926711994613205e-11
2.020606453796701194e-11
1.948922803718290490e-11
1.879782224646576466e-11
1.813094497819816775e-11
1.748772605104589232e-11
1.686732615449264892e-11
1.626893575365777360e-11
1.569177403296648782e-11
1.513508787729520756e-11
1.459815088926207652e-11
1.408026244137978870e-11
1.358074676183538867e-11
1.309895205270265555e-11
1.263424963943683412e-11
1.218603315054314881e-11
1.175371772634657696e-11
1.133489267781599817e-11
1.092016447414496661e-11
1.052061060761224256e-11
1.013567586999824636e-11
9.764825367391935089e-12
9.407543776918110143e-12
9.063334630660080841e-12
8.731719625782260891e-12
8.412237959895160333e-12
8.104445690737726483e-12
7.807915119288409280e-12
7.522234195447324681e-12
7.247005945463388838e-12
6.981847920311734356e-12
6.726391664253608892e-12
6.480282202841266437e-12
6.243177549656005007e-12
6.014748231093895895e-12
5.794676828539073154e-12
5.582657537288273828e-12
5.378395741613604070e-12
5.181607605373294172e-12
4.992019677601320440e-12
4.809368512528185617e-12
4.633400303504316131e-12
4.463870530318000645e-12
4.300543619417283974e-12
4.143192616563881534e-12
3.991598871464417039e-12
3.845551733940314365e-12
3.704848261214664037e-12
3.569292935908896797e-12
3.438697394357586565e-12
3.312880164863965877e-12
3.191666415532172121e-12
3.074887711326049694e-12
2.962381780016773230e-12
2.853992286694194562e-12
2.749568616528501226e-12
2.648965665480273678e-12
2.552043638668223562e-12
2.458667856114385029e-12
2.367675549125126165e-12
2.279955507877470526e-12
2.195485407543092861e-12
2.114144841020162903e-12
2.035817862171083101e-12
1.960392820548142928e-12
1.887762202242500861e-12
1.817822476629476577e-12
1.750473948791787373e-12
1.685620617410424411e-12
1.623170037920429148e-12
1.563033190736715204e-12
1.505124354361918492e-12
1.449360983195510784e-12
1.395663589869963517e-12
1.343955631946217447e-12
1.294163402807003032e-12
1.246215926592452921e-12
1.200044857028221234e-12
1.155584380001940677e-12
1.112771119749131946e-12
1.071544048514784499e-12
1.031844399561979683e-12
