3.816756353653767231e-09
3.868369821043186811e-09
3.920681250201480658e-09
3.973700079568968987e-09
4.027435875220642808e-09
4.081898332592249977e-09
4.137097278229556378e-09
4.193042671561360411e-09
4.249744606696387365e-09
4.307213314244646003e-09
4.365459163163249835e-09
4.424492662627302798e-09
4.484324463925970098e-09
4.544965362384382735e-09
4.606426299311337651e-09
4.668718363973435400e-09
4.731852795595910109e-09
4.795840985390426353e-09
4.859543128702783555e-09
4.923478883937141917e-09
4.988255825408380528e-09
5.053885020386799945e-09
5.120377681751943368e-09
5.187745169908254286e-09
5.255998994726148433e-09
5.325150817508417320e-09
5.395212452982604405e-09
5.466195871319574773e-09
5.538113200178667087e-09
5.610976726779636266e-09
5.684798900002087509e-09
5.759592332512296619e-09
5.835369802918140401e-09
5.912144257952363787e-09
5.989928814684462452e-09
6.068736762761904692e-09
6.148581566680595798e-09
6.229476868085343435e-09
6.311436488100553174e-09
6.394474429691627306e-09
6.478604880057290289e-09
6.563842213053661382e-09
6.650200991649947922e-09
6.737695970416588056e-09
6.826342098046122539e-09
6.916154519907101641e-09
7.007148580631864271e-09
7.099339826738091712e-09
7.192744009284986315e-09
7.287377086564372926e-09
7.383255226827236728e-09
7.480394811045977926e-09
7.578812435713313827e-09
7.678524915677705919e-09
7.779549287016273115e-09
7.881902809945306149e-09
7.985602971769404683e-09
8.090667489869094869e-09
8.197114314727903411e-09
8.304961632999242186e-09
8.414227870613659272e-09
8.524931695926817051e-09
8.637092022909223066e-09
8.750728014377574694e-09
8.865859085268807835e-09
8.982504905957215248e-09
9.100685405615011718e-09
9.220420775617504111e-09
9.341731472992681029e-09
9.464638223916363573e-09
9.589162027253363887e-09
9.715324158145027036e-09
9.843146171644353963e-09
9.971912982852084618e-09
1.009831636484976101e-08
1.022632202867720714e-08
1.035595028476459962e-08
1.048722170099587689e-08
1.062015710597234387e-08
1.075477759231734294e-08
1.089110452002315902e-08
1.102915951983999176e-08
1.116896449670824556e-08
1.131054163323397027e-08
1.145391339320871818e-08
1.159910252517364358e-08
1.174613206602916845e-08
1.189502534469000731e-08
1.204580598578692959e-08
1.219849791341502592e-08
1.235312535492991300e-08
1.250971284479164186e-08
1.266828522845773410e-08
1.282886766632516404e-08
1.299148563772272607e-08
1.315616494495357552e-08
1.332293171738945504e-08
1.349181241561637494e-08
1.366283383563328604e-08
1.383602311310353322e-08
1.401140772766064816e-08
1.418901550726826119e-08
1.436887463263575020e-08
1.455101364168938847e-08
1.473546143410064063e-08
1.492224727587138700e-08
1.511140080397774365e-08
1.530295203107227477e-08
1.549693135024628163e-08
1.569336953985197104e-08
1.589229776838627196e-08
1.609374759943599914e-08
1.629775099668628283e-08
1.650434032899190395e-08
1.671354837551347355e-08
1.692540833091818204e-08
1.713995381064700409e-08
1.735721885624812427e-08
1.757723794077852907e-08
1.780004597427350374e-08
1.802567830928603256e-08
1.825417074649583119e-08
1.848555954039007897e-08
1.871988140501553697e-08
1.895717351980422885e-08
1.919747353547230402e-08
1.944081957999429997e-08
1.968725026465271118e-08
1.993680469016429716e-08
2.018121350874521888e-08
2.042420318697417848e-08
2.067011855565778936e-08
2.091899484124969579e-08
2.117086769434373629e-08
2.142577319478092370e-08
2.168374785681749754e-08
2.194482863435561391e-08
2.220905292623682490e-08
2.247645858159930722e-08
2.274708390529957454e-08
2.302096766339968594e-08
2.329814908872005972e-08
2.357866788645960982e-08
2.386256423988333385e-08
2.414987881607834195e-08
2.444065277177948481e-08
2.473492775926460031e-08
2.503274593232122874e-08
2.533414995228495184e-08
2.563918299415046418e-08
2.594788875275617101e-08
2.626031144904353014e-08
2.657649583639121062e-08
2.689648720702606341e-08
2.722033139851100341e-08
2.754807480031107973e-08
2.787976436043852534e-08
2.821544759217810926e-08
2.855517258089290741e-08
2.889898799091256968e-08
2.924694307250424231e-08
2.959908766892742918e-08
2.995547222357409246e-08
3.031614778719412155e-08
3.068116602520838398e-08
3.105057922510957318e-08
3.142444030395216680e-08
3.180280281593254445e-08
3.218572096006068416e-08
3.257324958792358333e-08
3.296544421154278634e-08
3.336236101132622397e-08
3.376405684411577416e-08
3.417058925133205955e-08
3.458201646721662726e-08
3.499839742717407864e-08
3.541979177621424149e-08
3.584625987749613186e-08
3.627786282097472443e-08
3.671466243215180214e-08
3.715672128093249952e-08
3.760410269058779809e-08
3.805687074682560067e-08
3.851509030697072889e-08
3.897391953487472336e-08
3.941129349625144304e-08
3.985357576514191531e-08
4.030082142366054587e-08
4.075308617206575872e-08
4.121042633569638211e-08
4.167289887198666286e-08
4.214056137756005486e-08
4.261347209540174840e-08
4.309168992211296480e-08
4.357527441524526911e-08
4.406428580071863978e-08
4.455878498032131015e-08
4.505883353929523969e-08
4.556449375400524952e-08
4.607582859969570680e-08
4.659290175833274618e-08
4.711577762653601203e-08
4.764452132359790984e-08
4.817919869959435027e-08
4.871987634358500752e-08
4.926662159190712183e-08
4.981950253656085434e-08
5.037858803369026401e-08
5.094394771215801411e-08
5.151565198221729545e-08
5.209377204428107915e-08
5.267837989778872515e-08
5.326954835017367882e-08
5.386735102593011168e-08
5.447186237578301253e-08
5.508315768595946601e-08
5.570131308756573087e-08
5.632640556606775542e-08
5.695851297087990159e-08
5.759771402505944872e-08
5.824408833511173447e-08
5.889771640090359686e-08
5.955867962568920690e-08
6.022706032624832510e-08
6.090294174313788163e-08
6.158640805105838247e-08
6.227754436933799352e-08
6.297643677253245647e-08
6.368317230114527016e-08
6.439783897246809763e-08
6.512052579154167686e-08
6.585132276224153654e-08
6.659032089848610804e-08
6.733761223557272621e-08
6.809328984163868657e-08
6.885744782925310297e-08
6.963018136713660104e-08
7.041158669201489573e-08
7.120176112060295763e-08
7.200080306172606761e-08
7.276520853089533356e-08
7.351459931521122264e-08
7.427170788882428317e-08
7.503661373532706065e-08
7.580939715689367438e-08
7.659013928271054810e-08
7.737892207749292927e-08
7.817582835009074377e-08
7.898094176218153626e-08
7.979434683705363270e-08
8.061612896847986930e-08
8.144637442968179514e-08
8.228517038238792188e-08
8.313260488598354575e-08
8.398876690675586068e-08
8.485374632723318479e-08
8.572763395562216468e-08
8.661052153534041664e-08
8.750250175464819117e-08
8.840366825637924633e-08
8.931411564777108860e-08
9.023393951039811503e-08
9.116323641020545963e-08
9.210210390764687927e-08
9.305064056792718196e-08
9.400894597134910486e-08
9.497712072376878459e-08
9.595526646715677578e-08
9.694348589026928978e-08
9.794188273942782708e-08
9.895056182941211370e-08
9.996962905446296651e-08
1.009991913993996668e-07
1.020393569508517762e-07
1.030902349086055263e-07
1.041519355970691778e-07
1.052245704768544885e-07
1.063082521564782882e-07
1.074030944041847424e-07
1.085092121598882127e-07
1.096267215472413189e-07
1.107557398858250400e-07
1.118963857034655927e-07
1.130487787486779802e-07
1.142130400032367160e-07
1.153892916948781941e-07
1.165776573101316241e-07
1.177782616072835452e-07
1.189912306294742921e-07
1.202166917179319056e-07
1.214547735253398081e-07
1.227056060293434321e-07
1.239693205461958413e-07
1.252460497445428617e-07
1.265359276593523785e-07
1.278169173319605523e-07
1.289894761722655348e-07
1.301727917595073056e-07
1.313669627732579480e-07
1.325720887983501314e-07
1.337882703331815282e-07
1.350156087980958340e-07
1.362542065438402598e-07
1.375041668601009235e-07
1.387655939841164609e-07
1.400385931093704626e-07
1.413232703943639828e-07
1.426197329714683041e-07
1.439280889558589380e-07
1.452484474545316023e-07
1.465809185754012877e-07
1.479256134364828238e-07
1.492826441751607553e-07
1.506521239575363237e-07
1.520341669878681261e-07
1.534288885180943537e-07
1.548364048574441806e-07
1.562568333821371379e-07
1.576902925451713739e-07
1.591369018862017516e-07
1.605967820415085009e-07
1.620700547540574812e-07
1.635568428836524805e-07
1.650572704171808991e-07
1.665714624789533224e-07
1.680995453411378810e-07
1.696416464342904061e-07
1.711978943579811719e-07
1.727684188915196039e-07
1.743533510047752564e-07
1.759528228691019971e-07
1.775669678683586466e-07
1.791959206100324798e-07
1.808398169364645827e-07
1.824987939361779392e-07
1.841729899553097287e-07
1.858625446091482058e-07
1.875675987937756184e-07
1.892882946978179574e-07
1.910247758143022535e-07
1.927771869526229026e-07
1.945456742506177352e-07
1.963303851867546237e-07
1.981314685924302945e-07
1.999490746643815846e-07
2.017833549772107027e-07
2.036344624960255550e-07
2.055025515891957440e-07
2.073877780412261450e-07
2.092902990657466074e-07
2.112102733186247386e-07
2.129458701553375158e-07
2.145888630443841519e-07
2.162445325147210752e-07
2.179129763730491318e-07
2.195942931806995288e-07
2.212885822594589332e-07
2.229959436974355721e-07
2.247164783549701989e-07
2.264502878705972996e-07
2.281974746670477244e-07
2.299581419572978787e-07
2.317323937506696315e-07
2.335203348589732099e-07
2.353220709026973952e-07
2.371377083172517321e-07
2.389673543592526782e-07
2.408111171128582719e-07
2.426691054961557670e-07
2.445414292675942651e-07
2.464281990324691505e-07
2.483295262494542490e-07
2.502455232371889384e-07
2.521763031809119521e-07
2.541219801391458454e-07
2.560826690504381597e-07
2.580584857401497038e-07
2.600495469272951392e-07
2.620559702314412687e-07
2.640778741796530777e-07
2.661153782134966850e-07
2.681686026960930620e-07
2.702376689192315749e-07
2.723226991105336069e-07
2.744238164406711312e-07
2.765411450306463777e-07
2.786748099591225850e-07
2.808249372698108159e-07
2.829916539789195066e-07
2.851750880826561609e-07
2.873753685647864837e-07
2.895926254042578370e-07
2.918269895828755281e-07
2.940785930930389212e-07
2.963475689455419219e-07
2.986340511774289962e-07
3.009381748599112233e-07
3.032600761063492629e-07
3.055998920802920684e-07
3.079577610035779106e-07
3.103338221645034806e-07
3.127282159260502209e-07
3.151410837341740782e-07
3.175725681261653479e-07
3.200228127390666993e-07
3.224919623181566340e-07
3.249187279291592120e-07
3.270282671954101280e-07
3.291515026740782972e-07
3.312885232880080762e-07
3.334394185373785663e-07
3.356042785034500411e-07
3.377164759676393818e-07
3.398011487482046840e-07
3.418986898988704835e-07
3.440091788541425752e-07
3.461326955388617397e-07
3.482585151936532611e-07
3.502848019803991673e-07
3.523228783945712189e-07
3.543728130322417826e-07
3.564346748885984260e-07
3.585085333602662712e-07
3.605169184226150637e-07
3.624738500365685090e-07
3.644414041238254806e-07
3.664196383445215244e-07
3.684086106717756250e-07
3.704050353828915906e-07
3.722509006211216870e-07
3.741059644882910188e-07
3.759702728245685003e-07
3.778438716985616377e-07
3.797268074084546769e-07
3.815274343764079538e-07
3.832394170206007796e-07
3.849590816407414369e-07
3.866864627072446722e-07
3.884215948452025010e-07
3.901645128350753864e-07
3.917059702279413811e-07
3.932431042061014625e-07
3.947862702109517810e-07
3.963354919133915360e-07
3.978907930772126542e-07
3.993480526223893941e-07
4.006657226924762151e-07
4.019877404848123529e-07
4.033141203449370081e-07
4.046448766657257648e-07
4.059800238875417326e-07
4.070614901989046164e-07
4.081122654617838641e-07
4.091657531616765171e-07
4.102219603003807458e-07
4.112808938977663803e-07
4.122254808946316936e-07
4.129556394079638067e-07
4.136870912218784572e-07
4.144198386271463928e-07
4.151538839185986142e-07
4.158892293951280150e-07
4.163183519883124962e-07
4.166792199442937391e-07
4.170404007034003554e-07
4.174018945367725148e-07
4.177637017157854388e-07
4.180034297001154617e-07
4.179342076144913792e-07
4.178649969921627009e-07
4.177957978312319141e-07
4.177266101298018240e-07
4.176574338859730120e-07
4.172229570116424209e-07
4.166672619896767914e-07
4.161123070922718941e-07
4.155580913336624844e-07
4.150046137293962722e-07
4.143345553066824510e-07
4.132408018280190763e-07
4.121499356216258040e-07
4.110619490657292327e-07
4.099768345586758525e-07
4.088945845188787874e-07
4.074133792160370189e-07
4.057511799514711888e-07
4.040957622668338587e-07
4.024470984940667100e-07
4.008051610779938108e-07
3.990740362139706493e-07
3.968029278950202584e-07
3.945447443281918503e-07
3.922994119594351919e-07
3.900668576532895450e-07
3.878470086905065208e-07
3.852271954738049306e-07
3.823682916976469310e-07
3.795306048316595425e-07
3.767139774178389344e-07
3.739182531667337950e-07
3.710882242360402222e-07
3.676582486253558971e-07
3.642599763453655872e-07
3.608931143615739776e-07
3.575573723480063216e-07
3.542524626621785644e-07
3.506211155495290031e-07
3.467345799395325143e-07
3.428911254743333946e-07
3.390902746116604797e-07
3.353315551026658477e-07
3.316067161581507275e-07
3.273445864744750653e-07
3.231372377965972205e-07
3.189839660261394915e-07
3.148840761144761721e-07
3.108368819464176633e-07
3.066129159890194425e-07
3.022013620681768450e-07
2.978532816899737959e-07
2.935677615955681669e-07
2.893439016661125711e-07
2.851808147336867616e-07
2.807809552116087623e-07
2.764321433176405176e-07
2.721506870065127460e-07
2.679355430566191575e-07
2.637856844040496140e-07
2.596513524223726680e-07
2.555132557403110757e-07
2.514411084322472949e-07
2.474338594546068266e-07
2.434904745144299930e-07
2.396099358024156343e-07
2.358511291420704310e-07
2.321594920684701391e-07
2.285256379884584099e-07
2.249486624592971070e-07
2.214276751949482078e-07
2.180394750621138661e-07
2.148490411365863493e-07
2.117052908156224462e-07
2.086075410075227248e-07
2.055551186158352989e-07
2.025473603931053466e-07
1.998252523900429676e-07
1.971956159286709297e-07
1.946005846427518505e-07
1.920397031392363602e-07
1.895125220179019330e-07
1.870830157297041238e-07
1.848512554480000310e-07
1.826461183952172726e-07
1.804672869761710370e-07
1.783144473843496946e-07
1.761872895567178615e-07
1.740964247403960012e-07
1.720341130740211009e-07
1.699962311420052588e-07
1.679824895545680897e-07
1.659926023499820842e-07
1.639625595986995752e-07
1.617189555008757968e-07
1.595060520664232144e-07
1.573234291986184593e-07
1.551706725491881662e-07
1.530473734396502381e-07
1.505430800068283023e-07
1.478858867634782705e-07
1.452755948850543699e-07
1.427113765288557944e-07
1.401924184641977686e-07
1.376172657105777286e-07
1.344895342191779400e-07
1.314328890426513952e-07
1.284457145486536064e-07
1.255264318245363976e-07
1.226734978427905883e-07
1.195900854232429794e-07
1.163983775337360259e-07
1.132918522847123231e-07
1.102682362594022528e-07
1.073253167156494928e-07
1.044606235325698683e-07
1.016685096157106724e-07
9.895102573513793133e-08
9.630617711467773511e-08
9.373202229625891421e-08
9.122667171478242211e-08
8.901862075408825609e-08
8.705620885729854546e-08
8.513705825146182286e-08
8.326021524316712324e-08
8.142474716313669106e-08
7.963243923656804255e-08
7.833096987226360548e-08
7.705077101684300797e-08
7.579149503665402977e-08
7.455279997958061154e-08
7.333434948218587538e-08
7.214550191380077531e-08
7.098659142912326029e-08
6.984629712252819380e-08
6.872431995272594964e-08
6.762036568208110910e-08
6.653414479944961246e-08
6.505149307391518495e-08
6.357531053842230112e-08
6.213262630981111271e-08
6.072268022696526855e-08
5.934472937874240732e-08
5.785456774793182804e-08
5.619641723536862476e-08
5.458579042282324577e-08
5.302132524934497624e-08
5.150169869155906036e-08
5.002562564482326355e-08
4.872257118428575995e-08
4.747241823652377695e-08
4.625434246274511874e-08
4.506752080758495148e-08
4.391115133412633426e-08
4.288538222582281446e-08
4.207841583317434136e-08
4.128663397952414997e-08
4.050975094017949600e-08
3.974748636687691692e-08
3.899956518661503203e-08
3.820310674648064244e-08
3.740787409649894260e-08
3.662919494233091579e-08
3.586672470780294965e-08
3.512012598941010949e-08
3.433905158371917695e-08
3.344287291177547646e-08
3.257008266132293182e-08
3.172007044262904214e-08
3.089224179587895700e-08
3.008601777543686303e-08
2.937305790048112263e-08
2.870242285225741343e-08
2.804709950121653774e-08
2.740673825621922554e-08
2.678099750786448677e-08
2.618152207239986219e-08
2.564193768760852729e-08
2.511347379105710896e-08
2.459590119661254546e-08
2.408899544152073785e-08
2.359253668906119925e-08
2.306585979987798542e-08
2.253127878122962540e-08
2.200908736643651152e-08
2.149899841046645754e-08
2.100073142324374642e-08
2.051898341531219308e-08
2.007975406144425586e-08
1.964992685101561031e-08
1.922930052174614271e-08
1.881767811957601844e-08
1.841486690644407318e-08
1.802482963941682665e-08
1.764576310655658119e-08
1.727466843469078130e-08
1.691137797365200099e-08
1.655572759899640030e-08
1.620782153108214494e-08
1.587088626289913184e-08
1.554095535213249295e-08
1.521788318914317853e-08
1.490152719128870772e-08
1.459174773999692212e-08
1.429441062154280303e-08
1.400829977455704606e-08
1.372791560066962269e-08
1.345314347722601624e-08
1.318387107580995770e-08
1.291998831632312441e-08
1.268365559014983800e-08
1.245167789536502528e-08
1.222394295618763191e-08
1.200037317474704752e-08
1.178089237239879302e-08
1.156542576376746728e-08
1.135389993126479157e-08
1.114624280007323757e-08
1.094238361358753294e-08
1.074225290930523005e-08
1.054578249515811889e-08
1.035290542627673525e-08
1.016355598217972212e-08
9.977669644380275363e-09
9.795183074402372997e-09
9.616034092198853850e-09
9.440161654964546036e-09
9.267505836336391899e-09
9.098007805974550843e-09
8.931609809516572194e-09
8.768255148898232419e-09
8.607888163034445708e-09
8.450454208853544474e-09
8.295899642678075725e-09
8.144171801946625814e-09
7.995218987269597848e-09
7.848990444813216021e-09
7.705436349005850802e-09
7.564507785560667906e-09
7.426156734808462565e-09
7.290336055335799530e-09
7.156999467921918312e-09
7.026101539769892208e-09
6.897597669025735513e-09
6.771444069581069903e-09
6.647597756153462115e-09
6.526016529639664223e-09
6.406658962736850514e-09
6.289484385826848986e-09
6.174452873118286943e-09
6.061525229042580942e-09
5.951641563766116784e-09
5.844036966735271109e-09
5.738377841248387270e-09
5.634629013533778800e-09
5.532755945755156197e-09
5.432724724514024864e-09
5.334502049559946910e-09
5.238055222705023096e-09
5.143352136938575650e-09
5.050361265738865507e-09
4.959051652577930570e-09
4.869392900616205683e-09
4.781355162583436083e-09
4.694909130842643436e-09
4.610026027633537130e-09
4.526677595492520361e-09
4.444836087845794502e-09
4.364474259772574009e-09
4.285565358935263587e-09
4.208083116673739720e-09
4.132001739260354221e-09
4.057295899313481012e-09
3.983940727365883811e-09
3.911911803585783849e-09
3.841185149647523196e-09
3.771737220749206503e-09
3.703544897774663837e-09
3.636585479597183182e-09
3.570836675522251048e-09
3.506276597867071121e-09
3.442883754674170954e-09
3.380637042556761164e-09
3.319515739673432999e-09
3.259499498829943108e-09
3.200568340705578745e-09
3.142702647202124786e-09
3.085883154913014297e-09
3.030090948710567824e-09
2.975307455449161215e-09
2.921514437782314824e-09
2.868693988091371454e-09
2.810102343635137977e-09
2.747138483116866529e-09
2.685585406707690936e-09
2.625411504023748949e-09
2.566585872951320798e-09
2.509078303777300891e-09
2.452859263674967997e-09
2.397899881537591493e-09
2.344171933151696167e-09
2.291647826702648484e-09
2.240300588604950953e-09
2.190103849650079959e-09
2.141031831464609387e-09
2.093059333271837558e-09
2.046161718950034941e-09
2.000314904380592190e-09
1.955495345079732729e-09
1.911680024107302720e-09
1.868846440246526784e-09
1.826972596448534317e-09
1.786036988535876046e-09
1.746018594159109677e-09
1.706896862000867433e-09
1.668651701221750879e-09
1.631263471142773963e-09
1.594712971158941625e-09
1.558981430878867498e-09
1.524050500485259798e-09
1.489902241311453755e-09
1.456519116629088726e-09
1.423883982642113306e-09
1.391980079682727152e-09
1.360791023604437045e-09
1.330300797368082407e-09
1.300493742816298147e-09
1.271354552632340132e-09
1.242868262479051790e-09
1.215020243313996597e-09
1.187796193876730997e-09
1.161182133344457989e-09
1.135164394152215013e-09
1.107529250596196391e-09
1.075865970309926135e-09
1.045107915161450187e-09
1.015229205565890277e-09
9.862047018127514390e-10
9.580099829136078405e-10
9.306213260544687998e-10
9.040156866355721861e-10
8.781706788818587184e-10
8.530645570077355469e-10
8.286761969203801147e-10
8.049850784460591544e-10
7.819712680646307463e-10
7.596154021376507943e-10
7.378986706159280680e-10
7.168028012129293732e-10
6.963100440306029913e-10
6.764031566247689976e-10
6.570653894974485129e-10
6.382804720039660269e-10
6.200325986629819431e-10
6.023064158578576563e-10
5.850870089182575640e-10
5.683598895710605467e-10
5.521109837500407721e-10
5.363266197540602674e-10
5.209935167438042861e-10
5.060987735673973793e-10
4.916298579054647282e-10
4.775745957265358234e-10
4.639211610439291620e-10
4.506580659654394434e-10
4.377741510275261954e-10
4.252585758058272536e-10
4.131008097941109612e-10
4.012906235439916291e-10
3.898180800579506009e-10
3.786735264284312989e-10
3.678475857159510024e-10
3.573311490594183540e-10
3.471153680120154712e-10
3.370591902252406941e-10
3.258996283436537870e-10
3.151095440642213267e-10
3.046767044964486122e-10
2.945892817638597355e-10
2.848358395945495110e-10
2.754053203557030390e-10
2.662870325173732566e-10
2.574706385313329626e-10
2.489461431112188344e-10
2.407038819007297041e-10
2.327345105169844574e-10
2.250289939566442829e-10
2.175785963527932069e-10
2.103748710709353326e-10
2.034096511329226616e-10
1.966750399579152662e-10
1.901634024099002843e-10
1.838673561416231496e-10
1.777797632250932715e-10
1.718937220592115305e-10
1.662025595453094767e-10
1.606998235217499417e-10
1.553792754490139661e-10
1.502348833369612142e-10
1.452608149062750694e-10
1.404514309763099827e-10
1.358012790718615295e-10
1.313050872416130181e-10
1.269577580812334062e-10
1.227543629543761369e-10
1.186901364050014899e-10
1.147604707547023877e-10
1.109609108789097149e-10
1.072871491560410705e-10
1.037350205838874877e-10
1.003004980576807600e-10
9.697968780449991895e-11
9.376882496884203529e-11
9.066426934434077699e-11
8.766250124681157945e-11
8.476011752392673549e-11
8.178518926500189256e-11
7.888726447908307680e-11
7.609202293129408474e-11
7.339582620857419326e-11
7.079516481909374966e-11
6.828665362414227238e-11
6.586702743187815545e-11
6.353313674720699455e-11
6.128194367225609226e-11
5.911051795210889704e-11
5.701603316065220569e-11
5.499576302157301338e-11
5.304707785971141558e-11
5.116744117815856635e-11
4.935440635663600016e-11
4.760561346686488500e-11
4.591878620077534480e-11
4.429172890756085984e-11
4.272232373572038210e-11
4.120852787636684153e-11
3.974837090421361756e-11
3.833995221278061101e-11
3.698143854047771930e-11
3.567106158435008227e-11
3.440711569837324557e-11
3.318795567330778295e-11
3.201199459522025540e-11
3.087770177988411035e-11
2.978360078037175743e-11
2.872826746524431232e-11
2.771032816483749495e-11
2.672845788323139401e-11
2.578137857357514801e-11
2.486785747452329716e-11
2.398670550561828253e-11
2.313677571952891055e-11
2.231696180913221380e-11
2.152619666749350538e-11
2.076345099887164458e-11
2.002773197894142944e-11
1.931808196248843718e-11
1.862113205058325140e-11
1.794219707118466250e-11
1.728801637122508898e-11
1.665768739837008906e-11
1.605034050775576006e-11
1.546513776216686593e-11
1.490127177596206577e-11
1.435796460114882359e-11
1.383446665407409777e-11
1.333005568124712141e-11
1.284403576286911546e-11
1.237573635269527538e-11
1.192451135290277954e-11
1.148973822269082885e-11
1.107081711938049301e-11
1.066717007083074891e-11
1.027824017802903376e-11
9.903490846754833058e-12
9.542405047258247558e-12
9.194484600930154952e-12
8.859249492980941498e-12
8.536237210179642859e-12
8.225002102738690592e-12
7.925114769465559364e-12
7.636161465331152555e-12
7.357743530639201766e-12
7.089476841008073373e-12
6.830991277406350076e-12
6.581930215511750602e-12
6.341950033687523824e-12
6.110719638898843427e-12
5.887920009914073689e-12
5.673243757161396843e-12
5.466394698633244367e-12
5.267087451253229184e-12
5.075047037142360076e-12
4.890008504240640389e-12
4.711716560761213114e-12
4.539925222972350999e-12
4.374397475821571876e-12
4.214904945933458307e-12
4.060514438984294193e-12
3.910742594246272055e-12
3.766495075505190603e-12
3.627568118310019467e-12
3.493765474049990921e-12
3.364898132733181955e-12
3.240784055990460339e-12
3.121247919927692807e-12
3.006120867462582653e-12
2.895240269796735717e-12
2.788449496685807992e-12
2.685597695183063217e-12
2.586539576544183999e-12
2.491135210991964409e-12
2.399249830051061887e-12
2.310753636173721813e-12
2.225521619387336925e-12
2.143433380705105696e-12
2.064372962049985586e-12
1.988228682452030903e-12
1.914892980287567720e-12
1.844262261337262094e-12
1.776236752448708719e-12
1.710720360596581490e-12
1.647620537141321388e-12
1.586848147094690052e-12
1.528317343207459563e-12
1.471945444701281533e-12
1.417652820473646219e-12
1.365362776610753637e-12
1.315001448049446501e-12
1.266497694235242794e-12
1.219782998628956206e-12
1.174791371920092016e-12
