6.303046097781433832e-09
6.397715558046486198e-09
6.493806919177882007e-09
6.591341537609503392e-09
6.690341090541206463e-09
6.790827580756401438e-09
6.892823341512382472e-09
6.996351041503850563e-09
7.101433689900969575e-09
7.208094641463389690e-09
7.316357601730638665e-09
7.426246632290917398e-09
7.537786156128731597e-09
7.651000963052841865e-09
7.765916215206042618e-09
7.882557452657240517e-09
8.000950599078015337e-09
8.121121967503936242e-09
8.243098266182897460e-09
8.366906604510966358e-09
8.492574499057375120e-09
8.620129879680360012e-09
8.749601095734328013e-09
8.881016922370827369e-09
9.014406566933568594e-09
9.149799675450055200e-09
9.287226339220343626e-09
9.426717101504762095e-09
9.568302964312454514e-09
9.712015395291308600e-09
9.857802052404849218e-09
1.000543273410867167e-08
1.015527433646846293e-08
1.030735997028542894e-08
1.046172324222886473e-08
1.061839826226238009e-08
1.077741965118122724e-08
1.093882254826251876e-08
1.110264261903003656e-08
1.126891606313530261e-08
1.143767962235667366e-08
1.160897058871833888e-08
1.178282681273066837e-08
1.195928671175421846e-08
1.213838927848886137e-08
1.232017408959008557e-08
1.250468131441432970e-08
1.269195172389528243e-08
1.288202669955312168e-08
1.307494824263864725e-08
1.327075898341448224e-08
1.346950219057501243e-08
1.367122178080766612e-08
1.387596232849723985e-08
1.408376907557559629e-08
1.429468794151886316e-08
1.450876553349434868e-08
1.472604915665942987e-08
1.494658682461462731e-08
1.517042727001342736e-08
1.539761995533050449e-08
1.562821508379195189e-08
1.586226361046847491e-08
1.609981725353517544e-08
1.634092850569980307e-08
1.658565064580215673e-08
1.683403775058723042e-08
1.708614470665466115e-08
1.734202722258709252e-08
1.760174184126034944e-08
1.786534595233762739e-08
1.813289780495114398e-08
1.840445652057351922e-08
1.868008210608198165e-08
1.895983546701820583e-08
1.924377842104671962e-08
1.953197371161490192e-08
1.982448502181746284e-08
2.012137698846880750e-08
2.042271521638570563e-08
2.072856629288429682e-08
2.103899780249396935e-08
2.135407834189166279e-08
2.167387753505980050e-08
2.199846604867125347e-08
2.232791560770469380e-08
2.266164867734831758e-08
2.300008577185577030e-08
2.334357720590265630e-08
2.369219846278733138e-08
2.404602615310248642e-08
2.440513803157056583e-08
2.476961301413059588e-08
2.513953119528021486e-08
2.551497386567667695e-08
2.589602353000067776e-08
2.628276392508721703e-08
2.667528003832671775e-08
2.707365812634146401e-08
2.747798573394071941e-08
2.788835171335896285e-08
2.830484624378143066e-08
2.872756085116128948e-08
2.915658842833266523e-08
2.959202325542444815e-08
3.003396102057796428e-08
3.048249884097558421e-08
3.093773528418187692e-08
3.139977038980440622e-08
3.186870569147769663e-08
3.234464423917558337e-08
3.282769062185671758e-08
3.331795099044834221e-08
3.381553308117328149e-08
3.432054623922522660e-08
3.483310144279796179e-08
3.535331132747274664e-08
3.588129021097061060e-08
3.641715411827396055e-08
3.696102080712340406e-08
3.751300979389539347e-08
3.807324237986632202e-08
3.864184167786884262e-08
3.921893263934620607e-08
3.980464208181104426e-08
4.039909871671346222e-08
4.100243317772603576e-08
4.161477804945093601e-08
4.223626789655576503e-08
4.286703929334459439e-08
4.350723085377055266e-08
4.415698326189657946e-08
4.481643930281165820e-08
4.548574389400726561e-08
4.616504411722470544e-08
4.685448925077577480e-08
4.755423080234759579e-08
4.826442254229678736e-08
4.898522053744099110e-08
4.971678318535501688e-08
5.045927124917921184e-08
5.121253796329756777e-08
5.197578334295259119e-08
5.275040373999060639e-08
5.353656868183225970e-08
5.433445022244789174e-08
5.514422298001167906e-08
5.596606417511741816e-08
5.680015366956391923e-08
5.764667400571791769e-08
5.850581044646366181e-08
5.937775101574832186e-08
6.026268653973184330e-08
6.116081068854880781e-08
6.207232001869445157e-08
6.299741401604116076e-08
6.393629513949606505e-08
6.488916886530997953e-08
6.585624373204651630e-08
6.683773138622102695e-08
6.783384662861960667e-08
6.884480746130903902e-08
6.987083513534740899e-08
7.091215419920446350e-08
7.196899254790562919e-08
7.304158147290627851e-08
7.413015571271149067e-08
7.523495350424792492e-08
7.635621663500358212e-08
7.749419049594307792e-08
7.864912413521172860e-08
7.982127031264053308e-08
8.101088555506360500e-08
8.221823021245935771e-08
8.344356851492829301e-08
8.468716863052070810e-08
8.594930272392640412e-08
8.723024701603730184e-08
8.853028184440046105e-08
8.984969172456910040e-08
9.118876541237096730e-08
9.254779596710169406e-08
9.392708081566297976e-08
9.532692181765368411e-08
9.674762533143391066e-08
9.818950228117076160e-08
9.965286822488633097e-08
1.011380434235166846e-07
1.026453529110033338e-07
1.041751265654259767e-07
1.057276991811987428e-07
1.073034105423390063e-07
1.089026054968313862e-07
1.105256340320978923e-07
1.121728513515929309e-07
1.138446179525409048e-07
1.155412997048322899e-07
1.172597307907775377e-07
1.190021739786453250e-07
1.207705093312187698e-07
1.225651215980248234e-07
1.243864012458496834e-07
1.262347445436945037e-07
1.281105536489946801e-07
1.300142366951203389e-07
1.319462078801769153e-07
1.339068875571243236e-07
1.358967023252376960e-07
1.379160851229247230e-07
1.399654753219233143e-07
1.420453188228990342e-07
1.441560681524631701e-07
1.462981825616309687e-07
1.484721281257461658e-07
1.506783778458869766e-07
1.529174117517808108e-07
1.551897170062480668e-07
1.574957880111964734e-07
1.598361265151934533e-07
1.622112417226341117e-07
1.646216504045326696e-07
1.670678770109602106e-07
1.695504537851533077e-07
1.720699208793167933e-07
1.746268264721505082e-07
1.772217268881192157e-07
1.798551867184965226e-07
1.825277789442069695e-07
1.852400850604937700e-07
1.879926952034392748e-07
1.907862082783635464e-07
1.936212320901349514e-07
1.964983834754130474e-07
1.994182884368586506e-07
2.023815822793376598e-07
2.053889097481494751e-07
2.084409251693071948e-07
2.115382925919064897e-07
2.146816859326060242e-07
2.178717891222566949e-07
2.211092962547099937e-07
2.243949117378350876e-07
2.277293504467847463e-07
2.311133378795340427e-07
2.345476103147326725e-07
2.380329149719024687e-07
2.415700101740158202e-07
2.451596655124874995e-07
2.488026620146232026e-07
2.524997923135514314e-07
2.562518608206827637e-07
2.600596839007316884e-07
2.638784970592379954e-07
2.675672334551886513e-07
2.713075344020612484e-07
2.751001207165871538e-07
2.789457232917370361e-07
2.828450832375761444e-07
2.867989520240878806e-07
2.908080916259944107e-07
2.948732746696015784e-07
2.989952845816966037e-07
3.031749157405269940e-07
3.074129736288896794e-07
3.117102749893636170e-07
3.160676479817024359e-07
3.204859323424432909e-07
3.249659795467304948e-07
3.295086529724120588e-07
3.341148280664257093e-07
3.387853925135119161e-07
3.435212464072851668e-07
3.483233024236964668e-07
3.531924859969210549e-07
3.581297354977042080e-07
3.631360024142002865e-07
3.682122515353425037e-07
3.733594611367692516e-07
3.785786231693563766e-07
3.838707434503817688e-07
3.892368418573625526e-07
3.946779525246020937e-07
4.001951240424842520e-07
4.057894196595542145e-07
4.114619174874233877e-07
4.172137107085390103e-07
4.230459077868576044e-07
4.289596326814680620e-07
4.349560250631872337e-07
4.410362405342054718e-07
4.472014508507799033e-07
4.534528441490557434e-07
4.597916251740380945e-07
4.662190155117662710e-07
4.727362538247330016e-07
4.793445960905948312e-07
4.860453158442196730e-07
4.928397044231170938e-07
4.997290712162996639e-07
5.067147439166272543e-07
5.137980687766687966e-07
5.209804108681511219e-07
5.282631543450296063e-07
5.356477027102371635e-07
5.431354790861616636e-07
5.507279264889049318e-07
5.584265081063757347e-07
5.662327075802692723e-07
5.732849771348112333e-07
5.800491795672600251e-07
5.868931929774470316e-07
5.938179590569044815e-07
6.008244306082087573e-07
6.079135716760718725e-07
6.150863576799913838e-07
6.223437755484650914e-07
6.296868238547791022e-07
6.371165129544077968e-07
6.446338651240370303e-07
6.522399147022129995e-07
6.599357082316710950e-07
6.677223046033243029e-07
6.756007752019633531e-07
6.835722040536765576e-07
6.916376879749964300e-07
6.997983367238185107e-07
7.080552731521012902e-07
7.164096333603544307e-07
7.248625668539636730e-07
7.334152367013586748e-07
7.420688196940344756e-07
7.508245065084811140e-07
7.596835018700032944e-07
7.686470247184868516e-07
7.777163083761215453e-07
7.868926007170887581e-07
7.961771643392656622e-07
8.055712767379554882e-07
8.150762304816506737e-07
8.246933333898951703e-07
8.344239087132206063e-07
8.442692953152213120e-07
8.542308478567787979e-07
8.643099369824437315e-07
8.745079495090330110e-07
8.848262886164517829e-07
8.952663740407495089e-07
9.058296422694807038e-07
9.165175467393437683e-07
9.273315580361692795e-07
9.382731640972692796e-07
9.493438704161560341e-07
9.605452002496938915e-07
9.718786948276953624e-07
9.833459135649705242e-07
9.949484342759077834e-07
1.006687853391557620e-06
1.018565786179296607e-06
1.030583866965083773e-06
1.042743749358318626e-06
1.055047106479384065e-06
1.067495631189842189e-06
1.080091036325366456e-06
1.092378151427894318e-06
1.102946761846227594e-06
1.113617622136577490e-06
1.124391721552581340e-06
1.135270058918771952e-06
1.146253642723180756e-06
1.156942419386211788e-06
1.167527141972151286e-06
1.178208702871165991e-06
1.188987988044964336e-06
1.199865891560805884e-06
1.210750935721536244e-06
1.221118393044758451e-06
1.231574625167303782e-06
1.242120392252898839e-06
1.252756460974424928e-06
1.263483604569654306e-06
1.273828654600023270e-06
1.283936653716663965e-06
1.294124861145285740e-06
1.304393913349474361e-06
1.314744451843231124e-06
1.325120258397382152e-06
1.334735862228167777e-06
1.344421240735207408e-06
1.354176900231526872e-06
1.364003350704162273e-06
1.373901105840812522e-06
1.383320675891819909e-06
1.392313698253673370e-06
1.401365184609166569e-06
1.410475515035037410e-06
1.419645072078909114e-06
1.428874240775362033e-06
1.436980312360182458e-06
1.445127672371784939e-06
1.453321226109625592e-06
1.461561235481898007e-06
1.469847963881757187e-06
1.477576283268398367e-06
1.484637565060266123e-06
1.491732592453703573e-06
1.498861526717678462e-06
1.506024529891857084e-06
1.513221764790286756e-06
1.519076222945952976e-06
1.524846805688131316e-06
1.530639309400887970e-06
1.536453817356386889e-06
1.542290413143135113e-06
1.547481128546889310e-06
1.551661526989097408e-06
1.555853218448592168e-06
1.560056233432567711e-06
1.564270602530640390e-06
1.568496356415052086e-06
1.571138556217300137e-06
1.573526977626514459e-06
1.575919029878349572e-06
1.578314718492351894e-06
1.580714048996471255e-06
1.582456691374428808e-06
1.582841396111442576e-06
1.583226194372494472e-06
1.583611086180314203e-06
1.583996071557650107e-06
1.584381150527242692e-06
1.582992604891235135e-06
1.581143430392899605e-06
1.579296416009727944e-06
1.577451559218376182e-06
1.575608857498448232e-06
1.573148146817629654e-06
1.568924159697703363e-06
1.564711514209669744e-06
1.560510179900633089e-06
1.556320126399477662e-06
1.552141323416626293e-06
1.546185233698882460e-06
1.539578473558942423e-06
1.532999943723234510e-06
1.526449523565300555e-06
1.519927092974115065e-06
1.512950086446110177e-06
1.503981803612936626e-06
1.495066681883821107e-06
1.486204406136787300e-06
1.477394663117803910e-06
1.468637141429708661e-06
1.458293486170819821e-06
1.447177537654240445e-06
1.436146321266406580e-06
1.425199191130489509e-06
1.414335506292894889e-06
1.403266222567193853e-06
1.390264731359664925e-06
1.377383701095966287e-06
1.364622015685741731e-06
1.351978569379394750e-06
1.339452266672271953e-06
1.325851738189017449e-06
1.311571974568780981e-06
1.297446007668929217e-06
1.283472181059300421e-06
1.269648856149903096e-06
1.255880470788443683e-06
1.240708235670661153e-06
1.225719295638533859e-06
1.210911436312434352e-06
1.196282470064547539e-06
1.181830235695693724e-06
1.166965756724641858e-06
1.151759139929884031e-06
1.136750679073304123e-06
1.121937792004224032e-06
1.107317930219720982e-06
1.092888578426162834e-06
1.077991417351485836e-06
1.063289979158978149e-06
1.048789036333550200e-06
1.034485854558207778e-06
1.020377736806051510e-06
1.006381608318429330e-06
9.924824520044328457e-07
9.787752572134234842e-07
9.652573727610112971e-07
9.519261840783584382e-07
9.387791127064949886e-07
9.258779364568598266e-07
9.131594858987499106e-07
9.006157440989201542e-07
8.882443111463095223e-07
8.760428200965605521e-07
8.640310659310498679e-07
8.522185360314675656e-07
8.405675001662190979e-07
8.290757504828540416e-07
8.177411093133906117e-07
8.065614287616581499e-07
7.953897256159506453e-07
7.843482435850667644e-07
7.734600377677336903e-07
7.627229804063194286e-07
7.521349732804093963e-07
7.415048489796082407e-07
7.306283848179727153e-07
7.199114576746346741e-07
7.093517274453259313e-07
6.989468883506519823e-07
6.886946684326112786e-07
6.779119754482855478e-07
6.671156003073741559e-07
6.564911674250519548e-07
6.460359384618390653e-07
6.357472186888442290e-07
6.254160860109071252e-07
6.146510539751888432e-07
6.040713160457806399e-07
5.936736828307969774e-07
5.834550198360532779e-07
5.734122465201359788e-07
5.631177898567182422e-07
5.528446655110560059e-07
5.427589568104372021e-07
5.328572446758322658e-07
5.231361724034846162e-07
5.135429632097649892e-07
5.039108925184245800e-07
4.944594820492077129e-07
4.851853433182761372e-07
4.760851513965827942e-07
4.671556437178341447e-07
4.581801062613095100e-07
4.492645875694778302e-07
4.405225519085743569e-07
4.319506235510511905e-07
4.235454924561166639e-07
4.152445817492205991e-07
4.066666297616206086e-07
3.982658775823647492e-07
3.900386646906050614e-07
3.819814061830301099e-07
3.740905912117886868e-07
3.659862834466084711e-07
3.577942593399400180e-07
3.497856007362952854e-07
3.419562032889035791e-07
3.343020545203023843e-07
3.268102721786893097e-07
3.193168989165769996e-07
3.119953398464452861e-07
3.048416554719507077e-07
2.978519966247441036e-07
2.910226023933587492e-07
2.844826056154077547e-07
2.782117440787099290e-07
2.720791113955034426e-07
2.660816605816018299e-07
2.602164118176138395e-07
2.544804509684271459e-07
2.491520016199064989e-07
2.439403154761666425e-07
2.388376458054397851e-07
2.338417122341466920e-07
2.289502820888716887e-07
2.241496936425722204e-07
2.194359020398221643e-07
2.148212398666651941e-07
2.103036224650078865e-07
2.058810090164067059e-07
2.015514016201335215e-07
1.972275617033326364e-07
1.929886148140440162e-07
1.888407742111947919e-07
1.847820817774391016e-07
1.808106214806021187e-07
1.768686581244002852e-07
1.729235309996653557e-07
1.690664015348634664e-07
1.652953069065128155e-07
1.616083280727075337e-07
1.580035887965477761e-07
1.543950404989797903e-07
1.508539551056937548e-07
1.473940853118335319e-07
1.440135684191423984e-07
1.407105844507717389e-07
1.375241976509450394e-07
1.344978710874040324e-07
1.315381411855821708e-07
1.286435424343196410e-07
1.258126415721661082e-07
1.230440368776996144e-07
1.204426168681589534e-07
1.179257947158090947e-07
1.154615651914780600e-07
1.130488292963673889e-07
1.106865109968425293e-07
1.083760656733334638e-07
1.061214287247636406e-07
1.039136968537891027e-07
1.017518942552778594e-07
9.963506542457997910e-08
9.756227473519917238e-08
9.551535711206751792e-08
9.350451972077194441e-08
9.153601549072401964e-08
8.960895320289757750e-08
8.772246040065836046e-08
8.588669036700319689e-08
8.413942616223214763e-08
8.242770800293384573e-08
8.075081274641130864e-08
7.910803196146033804e-08
7.749867162907934835e-08
7.596773907352827182e-08
7.449189351567468919e-08
7.304471960366987602e-08
7.162566032579161543e-08
7.023416949153320248e-08
6.887122735106129979e-08
6.754682628317828814e-08
6.624789358947801564e-08
6.497393951040116977e-08
6.372448370451728533e-08
6.249905506741221263e-08
6.131741943989867677e-08
6.017275750365076430e-08
5.904946389895154745e-08
5.794713972584738496e-08
5.686539353097328638e-08
5.580789186229614431e-08
5.486117730566427738e-08
5.393052263629632628e-08
5.301565541729223294e-08
5.211630783332028806e-08
5.123221661221746889e-08
5.036312294792039950e-08
4.950877242470257479e-08
4.866891494269840636e-08
4.784330464468867891e-08
4.703169984412998722e-08
4.623386295440409894e-08
4.544956041926698084e-08
4.467856264447916462e-08
4.392064393059394728e-08
4.317558240688809990e-08
4.244315996641109674e-08
4.172316220213794214e-08
4.101537834420372476e-08
4.031960119820387821e-08
3.963562708454065967e-08
3.896325577879854865e-08
3.830229045313148600e-08
3.765253761864365631e-08
3.701380706874848730e-08
3.638591182348799273e-08
3.576866807479717915e-08
3.516189513269610583e-08
3.456541537239596607e-08
3.397905418230087281e-08
3.340263991289364215e-08
3.283600382648684755e-08
3.227898004782738546e-08
3.173140551553894840e-08
3.119311993438721192e-08
3.066396572835643942e-08
3.014378799452040528e-08
2.963243445769717097e-08
2.912975542587208361e-08
2.863560374637767787e-08
2.814983476281653498e-08
2.767230627271527008e-08
2.718650489449188357e-08
2.670553985260489840e-08
2.623308371513262668e-08
2.576898594836043404e-08
2.531309868171331946e-08
2.486527666064110715e-08
2.442537720033797588e-08
2.399326014027971912e-08
2.356878779956650376e-08
2.315182493305471950e-08
2.274223868826515368e-08
2.233989856305398221e-08
2.194467636403168727e-08
2.155644616571880105e-08
2.117508427042305019e-08
2.080046916882726350e-08
2.043248150127383520e-08
2.007100401973458999e-08
1.971592155045320892e-08
1.936712095724872795e-08
1.902449110546808558e-08
1.868792282657634382e-08
1.835730888337377001e-08
1.803254393582753352e-08
1.771352450750883918e-08
1.740014895262288447e-08
1.709231742362286254e-08
1.678993183939633111e-08
1.649289585401477891e-08
1.620111482603603668e-08
1.591449578834944428e-08
1.563294741855496630e-08
1.535638000986589635e-08
1.508470544252664352e-08
1.481783715573600052e-08
1.455569012006732085e-08
1.429818081037627250e-08
1.404522717918836475e-08
1.379674863055668908e-08
1.355266599438284648e-08
1.331290150119161971e-08
1.303686588904074178e-08
1.273844907013352948e-08
1.244686307993655549e-08
1.216195155923038959e-08
1.188356172789367175e-08
1.161154430297661970e-08
1.134575341865009580e-08
1.108604654798682760e-08
1.083228442653330077e-08
1.058433097763099506e-08
1.034205323944691461e-08
1.010532129367464416e-08
9.874008195867219287e-09
9.647989907364923212e-09
9.427145228781129629e-09
9.211355735010693842e-09
9.000505711725928986e-09
8.794482093326373675e-09
8.593174402308928029e-09
8.396474690025469372e-09
8.204277478797032545e-09
8.016479705352665393e-09
7.832980665563003877e-09
7.653681960439067910e-09
7.478487443367128082e-09
7.307303168551261857e-09
7.140037340636074828e-09
6.976600265482693721e-09
6.816904302071525809e-09
6.660863815505692968e-09
6.508395131090626059e-09
6.359416489464501288e-09
6.213848002755790867e-09
6.071611611744479060e-09
5.932631044003860321e-09
5.796831773000384626e-09
5.664140978129724025e-09
5.534487505667706740e-09
5.407801830615105941e-09
5.284016019415701299e-09
5.163063693527727877e-09
5.033793102901567610e-09
4.888276060297197540e-09
4.746965628742498081e-09
4.609740203398530595e-09
4.476481694782777032e-09
4.347075427146983299e-09
4.221410039792893389e-09
4.099377391240658131e-09
3.980872466167614079e-09
3.865793285037208444e-09
3.754040816340369674e-09
3.645518891373889776e-09
3.540134121482313041e-09
3.437795817692292081e-09
3.338415912669994587e-09
3.241908884934770111e-09
3.148191685263515778e-09
3.057183665222496358e-09
2.968806507765414353e-09
2.882984159837445597e-09
2.799642766927798882e-09
2.718710609514117046e-09
2.640118041344087157e-09
2.563797429501433125e-09
2.489683096204205258e-09
2.417711262285794247e-09
2.347819992309627673e-09
2.279949141270601187e-09
2.214040302837256416e-09
2.150036759090087050e-09
2.087883431712947335e-09
2.027526834595286574e-09
1.968915027804650089e-09
1.911997572889738663e-09
1.856725489475489558e-09
1.803051213113028998e-09
1.750928554347980410e-09
1.700312658972113270e-09
1.651159969423992144e-09
1.603428187305493189e-09
1.557076236981858618e-09
1.511257066964206814e-09
1.461438929678070261e-09
1.413263032389954531e-09
1.366675239149425864e-09
1.321623198581451236e-09
1.278056285058442300e-09
1.235925541811468545e-09
1.195183625916847942e-09
1.155784755096230573e-09
1.117684656270380228e-09
1.080840515808869813e-09
1.045210931419796129e-09
1.010755865625436863e-09
9.774366007715492416e-10
9.452156955197725057e-10
9.140569427742842223e-10
8.839253289953369790e-10
8.547869948540507594e-10
8.266091971842041504e-10
7.993602721882581082e-10
7.730095998562844803e-10
7.475275695578256749e-10
7.228855467680116839e-10
6.990558408905101194e-10
6.760116741412247501e-10
6.537271514577042013e-10
6.321772314004818645e-10
6.113376980136547693e-10
5.911851336130700334e-10
5.716968924715296454e-10
5.528510753714561454e-10
5.346265049964309079e-10
5.170027021339446270e-10
4.999598626625957454e-10
4.834788352979290018e-10
4.675411000718536226e-10
4.521287475214851095e-10
4.372244585640275682e-10
4.228114850350737595e-10
4.088736308684477171e-10
3.953952338964483363e-10
3.823611482500492307e-10
3.690492460989322736e-10
3.561241472751076605e-10
3.436517202325467927e-10
3.316161111859622718e-10
3.200020215923434456e-10
3.087946887048622545e-10
2.979798668078611388e-10
2.875438091090215693e-10
2.774732502657262672e-10
2.677553895233945603e-10
2.583778744443533514e-10
2.493287852065767999e-10
2.405966194523206811e-10
2.321702776673933416e-10
2.240390490724944155e-10
2.161925980086669844e-10
2.086209507995779234e-10
2.013144830739068142e-10
1.942639075317476509e-10
1.874602621394555176e-10
1.808948987379462085e-10
1.745594720499672358e-10
1.684459290723569968e-10
1.625464988398196267e-10
1.568536825471989996e-10
1.513602440176974969e-10
1.460592005049233125e-10
1.409438138170749768e-10
1.360075817519806635e-10
1.312442298321062492e-10
1.266477033290227424e-10
1.222121595672034809e-10
1.179319604973598892e-10
1.138016655298770455e-10
1.098160246192463226e-10
1.059699715906951810e-10
1.022586177005413164e-10
9.867724542207612737e-11
9.522130244908501140e-11
9.188639590938258931e-11
8.866828678099957953e-11
8.550865525771413268e-11
8.243591667424231961e-11
7.947359641478544601e-11
7.661772661616704047e-11
7.386448199967917656e-11
7.121017474733676075e-11
6.865124956224917088e-11
6.618427890649830116e-11
6.380595841014259500e-11
6.151310244519538794e-11
5.930263985865651150e-11
5.717160985887168503e-11
5.511715804971727091e-11
5.313653260729573811e-11
5.122708059401997067e-11
4.938624440515144853e-11
4.761155834303138522e-11
4.590064531441525596e-11
4.425121364648904815e-11
4.266105401730028111e-11
4.112803649649530533e-11
3.965010769239547746e-11
3.822528800159278862e-11
3.685166895738240888e-11
3.552741067347638941e-11
3.425073937957946813e-11
3.301994504552182354e-11
3.183337909076893952e-11
3.068945217623994768e-11
2.958663207547537026e-11
2.852344162230651980e-11
2.749845673227259342e-11
2.651030449513902346e-11
2.555766133596058248e-11
2.463925124222660651e-11
2.375384405471240878e-11
2.290025381975065698e-11
2.207733720071161172e-11
2.128399194656750942e-11
2.051915541548872852e-11
1.978180315149384031e-11
1.906761750625106171e-11
1.837516219474604065e-11
1.770785393468959426e-11
1.706477949141372633e-11
1.644505879507515679e-11
1.584784373624943074e-11
1.527231700526324924e-11
1.471769097367770759e-11
1.418320661639130536e-11
1.366813247288734685e-11
1.317176364620502631e-11
1.269342083826306394e-11
1.223244942021661699e-11
1.178821853657487764e-11
1.136012024185309816e-11
1.094756866857820554e-11
1.054999922550868097e-11
1.016686782497149239e-11
9.797650138259334473e-12
9.441840878068259051e-12
9.098953106994593509e-12
8.768517571143931669e-12
8.450082057940817002e-12
8.143210777260075574e-12
7.847483765032665630e-12
7.562496308510380707e-12
7.287858392402174310e-12
7.023194165124648593e-12
6.768141424436056179e-12
6.522351121749762424e-12
6.285486884449233833e-12
6.057224555550243085e-12
5.837251750080742393e-12
5.625267427571134271e-12
5.420981480069784555e-12
5.224114335120287530e-12
5.034396573156705631e-12
4.851568558793496646e-12
4.675380085505441630e-12
4.505590033211195359e-12
4.341966038292146667e-12
4.184164483033129353e-12
4.031672497852188941e-12
3.884738087101870834e-12
3.743158704835152634e-12
3.606739186897403340e-12
3.475291481896753128e-12
3.348634391979322107e-12
3.226593323051761242e-12
3.109000044107082728e-12
2.995692455321795649e-12
2.886514364604749033e-12
2.781315272289717485e-12
2.679950163674753382e-12
2.582279309122568028e-12
2.488168071446184892e-12
2.397486720314497866e-12
2.310110253421715687e-12
2.225918224174395449e-12
2.144794575658377210e-12
2.066627480656795593e-12
1.991309187498685578e-12
1.918735871525545778e-12
1.848807491971336755e-12
1.781427654058336372e-12
1.716503476119067723e-12
1.653945461560893572e-12
1.593667375496833346e-12
1.535586125872668587e-12
1.479621648926279633e-12
1.425696798821455686e-12
1.373737241304062053e-12
1.323671351233791305e-12
1.275430113850490099e-12
1.228947029638751759e-12
1.184158022659752108e-12
1.141001352223980147e-12
