3.870819254800558243e-09
3.922498643605910857e-09
3.974868005011778277e-09
4.027936550856760784e-09
4.081713615966922888e-09
4.136208659797773320e-09
4.191431268098257118e-09
4.247391154596804488e-09
4.304098162710051855e-09
4.361562267274282264e-09
4.419793576300078112e-09
4.478802332750229250e-09
4.538598916341535836e-09
4.599193845370668093e-09
4.660597778564240949e-09
4.722821516953768616e-09
4.785876005775545423e-09
4.849772336395999688e-09
4.914521748262569412e-09
4.980135630880807871e-09
5.046625525817775357e-09
5.114003128732296086e-09
5.182280291432119990e-09
5.251469023958727221e-09
5.321581496699977219e-09
5.392630042530770242e-09
5.464627158982496443e-09
5.537585510441326250e-09
5.611119174867900189e-09
5.683653381263603249e-09
5.757125227893542799e-09
5.831546835510821513e-09
5.906930481552006785e-09
5.983288602162419582e-09
6.060633794247808726e-09
6.138978817552556147e-09
6.218336596764523986e-09
6.298720223647353326e-09
6.380142959200183149e-09
6.462618235845436342e-09
6.546159659644634731e-09
6.630781012543081056e-09
6.716496254643572510e-09
6.803319526509251710e-09
6.891265151496480188e-09
6.980347638117864279e-09
7.070581682435577311e-09
7.161982170485902088e-09
7.254564180734941525e-09
7.348342986566255985e-09
7.443334058800354507e-09
7.539553068247027587e-09
7.637015888290670403e-09
7.735738597508761925e-09
7.835737482324451156e-09
7.937029039693458968e-09
8.039629979825401397e-09
8.143557228940630427e-09
8.248827932062511187e-09
8.355459455845989216e-09
8.463469391442399819e-09
8.572875557401591546e-09
8.683696002611593733e-09
8.795949009275955516e-09
8.909653095929882916e-09
9.024827020495387415e-09
9.141489783375583344e-09
9.259660630589354986e-09
9.379359056946325574e-09
9.500604809263102608e-09
9.623417889620698559e-09
9.747818558664420686e-09
9.873827338946418557e-09
1.000146501831105636e-08
1.013075265332455759e-08
1.026171157274854818e-08
1.039436338105886463e-08
1.052872996200949811e-08
1.066483348224294166e-08
1.080269639494698858e-08
1.094234144355879764e-08
1.108379166551706369e-08
1.122707039606236170e-08
1.137220127208695120e-08
1.151485994638660053e-08
1.165713772548118195e-08
1.180117349090977474e-08
1.194698896437743798e-08
1.209460613598294091e-08
1.224404726753496141e-08
1.239533489590948801e-08
1.254849183644848172e-08
1.270354118640052551e-08
1.286050632840425225e-08
1.301941093401441714e-08
1.318027896727193318e-08
1.334313468831775702e-08
1.350800265705142283e-08
1.367490773683505120e-08
1.384387509824272723e-08
1.401493022285659614e-08
1.418809890710961520e-08
1.436340726617575602e-08
1.454088173790858367e-08
1.472054908682805050e-08
1.490243640815700356e-08
1.508657113190725992e-08
1.527298102701617979e-08
1.546169420553464054e-08
1.565273912686631260e-08
1.584614460205977057e-08
1.604193979815333217e-08
1.624015424257356803e-08
1.644081782758850128e-08
1.664396081481532499e-08
1.684961383978435798e-08
1.705780791655884189e-08
1.726857444241234320e-08
1.748194520256360779e-08
1.769795237496990387e-08
1.791662853517995829e-08
1.813800666124631418e-08
1.836212013869891652e-08
1.858900276557982634e-08
1.881868875754008597e-08
1.905121275299998604e-08
1.928660981837248272e-08
1.952491545335178033e-08
1.976616559626681110e-08
2.001039662950092262e-08
2.025764538497884140e-08
2.050794914972109479e-08
2.076134567146707224e-08
2.101787316436794371e-08
2.127757031474932915e-08
2.154047628694578723e-08
2.180663072920696762e-08
2.207607377967674706e-08
2.234884607244663304e-08
2.262202449477205495e-08
2.288387153437027630e-08
2.314874941995498836e-08
2.341669323318076737e-08
2.368773846176784885e-08
2.396192100420229032e-08
2.423927717449052933e-08
2.451984370696899203e-08
2.480365776116934128e-08
2.509075692674006889e-08
2.538117922842503437e-08
2.567496313109965153e-08
2.597214754486534164e-08
2.627277183020296792e-08
2.657687580318593292e-08
2.688449974075353759e-08
2.719568438604571729e-08
2.751047095379866144e-08
2.782890113580424198e-08
2.815101710643126862e-08
2.847686152821152883e-08
2.880647755749015604e-08
2.913990885014146089e-08
2.947719956735091383e-08
2.981839438146405646e-08
3.016353848190311935e-08
3.051267758115211382e-08
3.086585792081119513e-08
3.122312627772113424e-08
3.158452997015865571e-08
3.195011686410346906e-08
3.231993537957789351e-08
3.269403449705973114e-08
3.307246376396975180e-08
3.345527330123359122e-08
3.384251380992023934e-08
3.423423657795708591e-08
3.463049348692271446e-08
3.503133701891834460e-08
3.543682026351880934e-08
3.584699692480396092e-08
3.626192132847153066e-08
3.668164842903223055e-08
3.710623381708821468e-08
3.753573372669574109e-08
3.797020504281307951e-08
3.840970530883461802e-08
3.885429273421207503e-08
3.930402620216439170e-08
3.975896527747597389e-08
4.021917021438608269e-08
4.068470196456908264e-08
4.115562218520716853e-08
4.163199324715654398e-08
4.211387824320807708e-08
4.260134099644363782e-08
4.306418057751644581e-08
4.351697015158878375e-08
4.397452048961015760e-08
4.443688164766551992e-08
4.490410420814432741e-08
4.537623928527431301e-08
4.585333853071335255e-08
4.633545413920018699e-08
4.682263885426452301e-08
4.731494597399720008e-08
4.781242935688099983e-08
4.831514342768276609e-08
4.882314318340749723e-08
4.933648419931502632e-08
4.985522263499995748e-08
5.037941524053553330e-08
5.090911936268211506e-08
5.144439295116091752e-08
5.198529456499371969e-08
5.253188337890923965e-08
5.308421918981683538e-08
5.364236242334833867e-08
5.420637414046858486e-08
5.477631604415553811e-08
5.535225048615044259e-08
5.593424047377960743e-08
5.652234967684685281e-08
5.711664243459884051e-08
5.771718376276487729e-08
5.832403936066846449e-08
5.893727561841541820e-08
5.955695962415680615e-08
6.018315917142845515e-08
6.081594276656751202e-08
6.145537963620711018e-08
6.210153973484972438e-08
6.275449375252026551e-08
6.341431312249949148e-08
6.408107002913890518e-08
6.475483741575769565e-08
6.543568899262276776e-08
6.612369924501261504e-08
6.681894344136609422e-08
6.752149764151672372e-08
6.823143870501371031e-08
6.894884429953036575e-08
6.967379290936094580e-08
7.040636384400690403e-08
7.114663724685328858e-08
7.189469410393652573e-08
7.265061625280419930e-08
7.341448639146821532e-08
7.418638808745188154e-08
7.496640578693226493e-08
7.575462482397858149e-08
7.653410020180416476e-08
7.723748938216519110e-08
7.794734308406295428e-08
7.866372071989653011e-08
7.938668224809663115e-08
8.011628817814376079e-08
8.085259957563327171e-08
8.159567806738539656e-08
8.234558584660389037e-08
8.310238567808116709e-08
8.386614090345159799e-08
8.463691544649287907e-08
8.541477381847632792e-08
8.619978112356625553e-08
8.699200306426891603e-08
8.779150594693145780e-08
8.859835668729223918e-08
8.941262281608039131e-08
9.023437248466865121e-08
9.106367447077713617e-08
9.190059818422993842e-08
9.274521367276442117e-08
9.359759162789397048e-08
9.445780339082469233e-08
9.532592095842638619e-08
9.620201698925829765e-08
9.708616480965113265e-08
9.797843841984308324e-08
9.887891250017416628e-08
9.978766241733654578e-08
1.007047642306824666e-07
1.016302946985901571e-07
1.025643312848882696e-07
1.035069521653393354e-07
1.044582362341828026e-07
1.054182631107380427e-07
1.063871131460690562e-07
1.073648674297083005e-07
1.083516077964444804e-07
1.093474168331716699e-07
1.103523778858014720e-07
1.113665750662388904e-07
1.123900932594221397e-07
1.134230181304272930e-07
1.144654361316381245e-07
1.155174345099819417e-07
1.165791013142315121e-07
1.176505254023755470e-07
1.187317964490543004e-07
1.198230049530660023e-07
1.209242422449411057e-07
1.220356004945862965e-07
1.231571727189988723e-07
1.242890527900518883e-07
1.254313354423510230e-07
1.265841162811633632e-07
1.276109236109588849e-07
1.285782246220409789e-07
1.295528578521805579e-07
1.305348788801849745e-07
1.315243437061525817e-07
1.325213087546678208e-07
1.335258308780176435e-07
1.345379673594342716e-07
1.355577759163604827e-07
1.365853147037427685e-07
1.376206423173464626e-07
1.386638177970978152e-07
1.397149006304495462e-07
1.407739507557749057e-07
1.418410285657847909e-07
1.429161949109708551e-07
1.439995111030771255e-07
1.450910389185956814e-07
1.461908406022883794e-07
1.472989788707382501e-07
1.484155169159247722e-07
1.495405184088276789e-07
1.506740475030581364e-07
1.518161688385158605e-07
1.529669475450771519e-07
1.541264492463079173e-07
1.552947400632050940e-07
1.564718866179689372e-07
1.576579560378010097e-07
1.588530159587327979e-07
1.600571345294813258e-07
1.612703804153372484e-07
1.624928228020797581e-07
1.637245313999206616e-07
1.649655764474818350e-07
1.662160287157991746e-07
1.674759595123590004e-07
1.687454406851630729e-07
1.700245446268278091e-07
1.713133442787110799e-07
1.726119131350724393e-07
1.739203252472627603e-07
1.752386552279491567e-07
1.765669782553683055e-07
1.779053700776143927e-07
1.792539070169570752e-07
1.806126659741959719e-07
1.819817244330450377e-07
1.833611604645497353e-07
1.847510527315415016e-07
1.861514804931219135e-07
1.875625236091832769e-07
1.889842625449611633e-07
1.904167783756251174e-07
1.918601527909006770e-07
1.932561780504792236e-07
1.943754284077955778e-07
1.955011609452681983e-07
1.966334132046841888e-07
1.977722229452565988e-07
1.989176281448818709e-07
2.000696670014069752e-07
2.012283779339034268e-07
2.023937995839470461e-07
2.035659708169090227e-07
2.047449307232507905e-07
2.059307186198263670e-07
2.071233740511960755e-07
2.083229367909436280e-07
2.095294468430028965e-07
2.107429444429924662e-07
2.119634700595557479e-07
2.131910643957130276e-07
2.144257683902173281e-07
2.156676232189203023e-07
2.169166702961438711e-07
2.181729512760637988e-07
2.194365080540971325e-07
2.207073827683002570e-07
2.219856178007723226e-07
2.232712557790713247e-07
2.245643395776338906e-07
2.258649123192060499e-07
2.271730173762794058e-07
2.284886983725403551e-07
2.298119991843230413e-07
2.311429639420734771e-07
2.324816370318194381e-07
2.338280630966534056e-07
2.351822870382195063e-07
2.365443540182119668e-07
2.379143094598791527e-07
2.392921990495412665e-07
2.406780687381121746e-07
2.420719647426325106e-07
2.434739335478093161e-07
2.448840219075689438e-07
2.463022768466142742e-07
2.477287456619941091e-07
2.491634759246783879e-07
2.506065154811475395e-07
2.520579124549861213e-07
2.535177152484889000e-07
2.549859725442726492e-07
2.564627333069029291e-07
2.579480467845248898e-07
2.594419625105060914e-07
2.609445303050891187e-07
2.624558002770505475e-07
2.639758228253755823e-07
2.655046486409368753e-07
2.668296802946684869e-07
2.680560046113748714e-07
2.692879650002301029e-07
2.705255873640971196e-07
2.717688977248836231e-07
2.730076311745243791e-07
2.741863004672744808e-07
2.753700584870162660e-07
2.765589272035612425e-07
2.777529286815732030e-07
2.789520850809747477e-07
2.801053328539702984e-07
2.812294542593680685e-07
2.823580869995603279e-07
2.834912491794780069e-07
2.846289589767131161e-07
2.857646240673591611e-07
2.868142772583904865e-07
2.878677859715146114e-07
2.889251643686002711e-07
2.899864266635345058e-07
2.910515871224135078e-07
2.920609370183852673e-07
2.930215963695557949e-07
2.939854155626360154e-07
2.949524049911134793e-07
2.959225750826616169e-07
2.968958564665916667e-07
2.977484737479507875e-07
2.986035395519573339e-07
2.994610609102112718e-07
3.003210448745038740e-07
3.011834985168795000e-07
3.019795532811734087e-07
3.026988590474349775e-07
3.034198781773324164e-07
3.041426147520432597e-07
3.048670728624680805e-07
3.055932566092500245e-07
3.061642485151724141e-07
3.067250219657245362e-07
3.072868225344478856e-07
3.078496521026209553e-07
3.084135125549699798e-07
3.089013940571314666e-07
3.092739911844605761e-07
3.096470377387646882e-07
3.100205342621442010e-07
3.103944812973516749e-07
3.107688793877947445e-07
3.109525632424656113e-07
3.111066077876904657e-07
3.112607286459119517e-07
3.114149258549351614e-07
3.115691994525833980e-07
3.116384212061599243e-07
3.115360606008658999e-07
3.114337336168868086e-07
3.113314402431794583e-07
3.112291804687042040e-07
3.111269542824257415e-07
3.107912403575491677e-07
3.103967696794564842e-07
3.100027996818710372e-07
3.096093297293059345e-07
3.092163591870813476e-07
3.087380884416912561e-07
3.080217470521028088e-07
3.073070677346909327e-07
3.065940466330758200e-07
3.058826798998256128e-07
3.051729636964370278e-07
3.041936486743591641e-07
3.031175823219661111e-07
3.020453224882160323e-07
3.009768557077830195e-07
2.999121685629737976e-07
2.987711664111870247e-07
2.973080471277192438e-07
2.958520929199966407e-07
2.944032686997583612e-07
2.929615395505754077e-07
2.915268707270084766e-07
2.898094356017157292e-07
2.879554382589445504e-07
2.861133014897943888e-07
2.842829494186404281e-07
2.824643066552569644e-07
2.805986037774733569e-07
2.783505762996534422e-07
2.761205589882171130e-07
2.739084075539607526e-07
2.717139788636614944e-07
2.695371309308125345e-07
2.670978590599923446e-07
2.644919120502854430e-07
2.619113900284137273e-07
2.593560449348409988e-07
2.568256311302303473e-07
2.542927429607729316e-07
2.513711684043357918e-07
2.484831598780946348e-07
2.456283317412377286e-07
2.428063027835892473e-07
2.400166961747033315e-07
2.370494413784774874e-07
2.339332731469315946e-07
2.308580689623412068e-07
2.278232903258124749e-07
2.248284058173691057e-07
2.218728910028937748e-07
2.186406830641531839e-07
2.154534836078030187e-07
2.123127450398479286e-07
2.092177900841466554e-07
2.061679513374422606e-07
2.030661927471599360e-07
1.998995121191153978e-07
1.967822137445335960e-07
1.937135275404025881e-07
1.906926954326368788e-07
1.877189711688049204e-07
1.847204892193265848e-07
1.817642874596279178e-07
1.788553957134582331e-07
1.759930568479960744e-07
1.731765258473064201e-07
1.704254581684680897e-07
1.677492322641913199e-07
1.651150316838754888e-07
1.625221964952438860e-07
1.599700771290716056e-07
1.574580342164527552e-07
1.551182808505647666e-07
1.528349505164501847e-07
1.505852306464669095e-07
1.483686264969150184e-07
1.461846506066865372e-07
1.440966133701590051e-07
1.421695269637760669e-07
1.402682125858318857e-07
1.383923255722529449e-07
1.365415258683564758e-07
1.347154779672047231e-07
1.330261955075566562e-07
1.313875225158250371e-07
1.297690353917236181e-07
1.281704854771891676e-07
1.265916271772337527e-07
1.250291170926601915e-07
1.234770218479281134e-07
1.219441941122750499e-07
1.204303947013420100e-07
1.189353873999737092e-07
1.174589389253591360e-07
1.158374488313137668e-07
1.141766153834800819e-07
1.125395943362926969e-07
1.109260442765746779e-07
1.093356286862013961e-07
1.076898777183604607e-07
1.057392539126882670e-07
1.038239624271179634e-07
1.019433632751792811e-07
1.000968280626974956e-07
9.828373977781698956e-08
9.620422540086984472e-08
9.401489357090597099e-08
9.187538464468398632e-08
8.978456479602766680e-08
8.774132600138715808e-08
8.570835679562182913e-08
8.346668691228340381e-08
8.128364706286144352e-08
7.915770380083830590e-08
7.708736378641363206e-08
7.507117273752868625e-08
7.311730632854808303e-08
7.122085239610168858e-08
6.937358705796347744e-08
6.757423450259426051e-08
6.582155200935990748e-08
6.412940338530494874e-08
6.274009644539143911e-08
6.138088761447942879e-08
6.005112484359427077e-08
5.875017020982739336e-08
5.747739961030667781e-08
5.637218718786759332e-08
5.541531889179676481e-08
5.447469259345023936e-08
5.355003259920219444e-08
5.264106789508364358e-08
5.174753206734899676e-08
5.085274544913740074e-08
4.997320303061663659e-08
4.910887306245906713e-08
4.825949243211755741e-08
4.742480257780499329e-08
4.648147656816038306e-08
4.541124375502764966e-08
4.436565297908645239e-08
4.334413685911872227e-08
4.234614107782040699e-08
4.137112408100521522e-08
4.024615040368123513e-08
3.913690615518565881e-08
3.805823434133229215e-08
3.700929233998355129e-08
3.598926075293110963e-08
3.503486880119573946e-08
3.416431815497632062e-08
3.331539905622846473e-08
3.248757400165119412e-08
3.168031884389038082e-08
3.089312245966872318e-08
3.025358949411811781e-08
2.964935178905949016e-08
2.905718217940115323e-08
2.847683963594978490e-08
2.790808794345086523e-08
2.733551448200224707e-08
2.674267437537521905e-08
2.616269151320418487e-08
2.559528705346555415e-08
2.504018820153375332e-08
2.449712807902784843e-08
2.390187690183428296e-08
2.330383724416389336e-08
2.272076090647102101e-08
2.215227349728882449e-08
2.159800999265485035e-08
2.106837598883781425e-08
2.058336716734971315e-08
2.010952358978201632e-08
1.964658822437303384e-08
1.919430995641290801e-08
1.875244345202883384e-08
1.833932450006298370e-08
1.794253454417932884e-08
1.755432954294277416e-08
1.717452375211948107e-08
1.680293544624143200e-08
1.643610190753712759e-08
1.606281349597028517e-08
1.569800302150772194e-08
1.534147793754103954e-08
1.499305007048298470e-08
1.465253552044933221e-08
1.432645779359775016e-08
1.401120004907250283e-08
1.370287964013391660e-08
1.340134390875579195e-08
1.310644355619479032e-08
1.281898537795854420e-08
1.254507291242924822e-08
1.227701333123984957e-08
1.201468157160788720e-08
1.175795524305715541e-08
1.150671457031663373e-08
1.126219308953686393e-08
1.102382428035001871e-08
1.079050064209402041e-08
1.056211539171365959e-08
1.033856400625962389e-08
1.012004617811809375e-08
9.912221871219120064e-09
9.708665424543117465e-09
9.509289193717980665e-09
9.314007334228120542e-09
9.122735764452763703e-09
8.942914090377664515e-09
8.773653915417890777e-09
8.607597283121901449e-09
8.444683560883185267e-09
8.284853263672496249e-09
8.128048032317976779e-09
7.974210612196511879e-09
7.823284832328066028e-09
7.675215584866014496e-09
7.529948804975306579e-09
7.387431451091816829e-09
7.247611485554990479e-09
7.110437855607517180e-09
6.975860474754034212e-09
6.843830204473087930e-09
6.714298836275080868e-09
6.587219074099691287e-09
6.462544517046708552e-09
6.340229642433565138e-09
6.220229789173414368e-09
6.102501141468066172e-09
5.987000712809278410e-09
5.873686330283257867e-09
5.762516619171721211e-09
5.653450987844782795e-09
5.546449612939647418e-09
5.441473424819708214e-09
5.338484093309194952e-09
5.237444013697368232e-09
5.138316293007947494e-09
5.041064736528300204e-09
4.945653834593483742e-09
4.852048749620736888e-09
4.760215303388953261e-09
4.670119964559215043e-09
4.581729836431429687e-09
4.495012644932587950e-09
4.409936726832657074e-09
4.326471018183127817e-09
4.244585042974665924e-09
4.164248902009340024e-09
4.085830995549577279e-09
4.009873681395063867e-09
3.935328445610862849e-09
3.862169037067033004e-09
3.790369692653161214e-09
3.719905128205880249e-09
3.650750529605036266e-09
3.582881544035390457e-09
3.516274271410767799e-09
3.450905255957646522e-09
3.386751477955128969e-09
3.323790345628680781e-09
3.261999687194288738e-09
3.201357743050729428e-09
3.141843158116917952e-09
3.083434974311656178e-09
3.026112623173316804e-09
2.969855918616586687e-09
2.914645049823992649e-09
2.860460574269454806e-09
2.807283410871593945e-09
2.755094833274383344e-09
2.703876463252607264e-09
2.653610264239976261e-09
2.604278534977541028e-09
2.555863903280192478e-09
2.508349319919036594e-09
2.461718052617506190e-09
2.415953680159082104e-09
2.371040086604556659e-09
2.326961455616800423e-09
2.283702264891033783e-09
2.241247280688641685e-09
2.199581552472607507e-09
2.158690407642678030e-09
2.118559446368398768e-09
2.079174536518212678e-09
2.040521808682822717e-09
2.002587651291075375e-09
1.965358705816650029e-09
1.928821862073816219e-09
1.892553074297976149e-09
1.850108140424257132e-09
1.808615133572293341e-09
1.768052704549808465e-09
1.728399982970148597e-09
1.689636566513932292e-09
1.651742510431559502e-09
1.614698317281152638e-09
1.578484926896617850e-09
1.543083706580700660e-09
1.508476441518008575e-09
1.474645325403050814e-09
1.441572951278404251e-09
1.409242302578440354e-09
1.377636744373856006e-09
1.346740014812575978e-09
1.316536216752632431e-09
1.287009809582698823e-09
1.258145601226043471e-09
1.229928740323815446e-09
1.202344708593659057e-09
1.175379313359703407e-09
1.149018680250063463e-09
1.123249246058115451e-09
1.098057751763918957e-09
1.073431235712086397e-09
1.049357026942700739e-09
1.025822738671797212e-09
1.002816261918043392e-09
9.803257592723565098e-10
9.583396588072685843e-10
9.368466481228878178e-10
9.158356685263755244e-10
8.952959093419617744e-10
8.752168023486075196e-10
8.555880163423598521e-10
8.363994518207181620e-10
8.176412357861584533e-10
7.993037166662559022e-10
7.813774593476854737e-10
7.638532403216297040e-10
7.467220429380583417e-10
7.263299363835446016e-10
7.057546654579453501e-10
6.857622450420906614e-10
6.663361643100452123e-10
6.474603801499329926e-10
6.291193039146534238e-10
6.112977885479330595e-10
5.939811160750667422e-10
5.771549854480058736e-10
5.608055007347911170e-10
5.449191596435277528e-10
5.294828423714623491e-10
5.144838007699402697e-10
4.999096478162835860e-10
4.857483473839281897e-10
4.719882043023289955e-10
4.586178546984550538e-10
4.456262566118884538e-10
4.330026808757666686e-10
4.207367022560651924e-10
4.088181908418661627e-10
3.972373036795298719e-10
3.859844766438509385e-10
3.750504165394782461e-10
3.644260934260994892e-10
3.541027331610197969e-10
3.440718101530001650e-10
3.343250403213626182e-10
3.248543742545415945e-10
3.156519905624521740e-10
3.067102894171511883e-10
2.980218862764957554e-10
2.895796057855825734e-10
2.813764758509525710e-10
2.734057218826533035e-10
2.656607611994217782e-10
2.581351975923441267e-10
2.508228160425205375e-10
2.437175775883661282e-10
2.368136143383047857e-10
2.301052246247517613e-10
2.229456725219341635e-10
2.155928025840579656e-10
2.084824343090852735e-10
2.016065698598405651e-10
1.949574751721878172e-10
1.885276712556449249e-10
1.823099257809169861e-10
1.762972449448765360e-10
1.704828656038375385e-10
1.648602476662854340e-10
1.594230667364925656e-10
1.541652070007515209e-10
1.490807543482308624e-10
1.441639897186991243e-10
1.394093826696539186e-10
1.348115851556038158e-10
1.303654255125160929e-10
1.260659026406604157e-10
1.219081803793030286e-10
1.178875820669322559e-10
1.139995852808830517e-10
1.102398167504591543e-10
1.066040474378182736e-10
1.030881877810925095e-10
9.968828309439733887e-11
9.640050911954626278e-11
9.322116772447462096e-11
9.014668274353162827e-11
8.717359595496038013e-11
8.429856319104462608e-11
8.151835057654497489e-11
7.882983089119177055e-11
7.622998005214660913e-11
7.371587371247236935e-11
7.128468397179064768e-11
6.893367619542029898e-11
6.666020593842425683e-11
6.446171597110301218e-11
6.233573340258643922e-11
6.027986689929628410e-11
5.829180399514007556e-11
5.631557433618386578e-11
5.431796832519498407e-11
5.239122068371001856e-11
5.053281794886315534e-11
4.874033581444925990e-11
4.701143596838992254e-11
4.534386304238097585e-11
4.373544166973898453e-11
4.218407364761442494e-11
4.068773519986234078e-11
3.924447433700445416e-11
3.785240830983923714e-11
3.650972115337429662e-11
3.521466131788121466e-11
3.396553938398046841e-11
3.276072585877552269e-11
3.159864905016166203e-11
3.047779301653720811e-11
2.939669558924183317e-11
2.835394646514108182e-11
2.734818536687173695e-11
2.637810026834498928e-11
2.544242568319472666e-11
2.453994101393622740e-11
2.366946895968497263e-11
2.282987398035432982e-11
2.202006081533121249e-11
2.123897305469758704e-11
2.048559176113179113e-11
1.975893414069423272e-11
1.905805226076234199e-11
1.838203181344217489e-11
1.772999092284385699e-11
1.710107899466524758e-11
1.649447560658278217e-11
1.590938943800131023e-11
1.534505723776841129e-11
1.480074282850496925e-11
1.427573614625350889e-11
1.376935231419290612e-11
1.328093074920883978e-11
1.280773767321827798e-11
1.233911075039753939e-11
1.188763058669964121e-11
1.145266979318461316e-11
1.103362393667199205e-11
1.062991069980447830e-11
1.024096907184428618e-11
9.866258569077146084e-12
9.505258483742047155e-12
9.157467160441704967e-12
8.822401299028542603e-12
8.499595282998191451e-12
8.188600532455907526e-12
7.888984880758252400e-12
7.600331973962693012e-12
7.322240692250829556e-12
7.054324592521685058e-12
6.796211371379970634e-12
6.547542347773308886e-12
6.307971964559398363e-12
6.077167308310651000e-12
5.854807646688631245e-12
5.640583982745787571e-12
5.434198625535221018e-12
5.235364776431124998e-12
5.043806130585824133e-12
4.859256492969232613e-12
4.681459408456889589e-12
4.510167805453237361e-12
4.345143652554277477e-12
4.186157627772638983e-12
4.032988799865757107e-12
3.885424321323709556e-12
3.743259132590760060e-12
3.606295677109083995e-12
3.474343626788796239e-12
3.347219617523016432e-12
3.224746994380102861e-12
3.106755566119360925e-12
2.993081368688582837e-12
2.883566437375321873e-12
2.778058587294816366e-12
2.675237766903648805e-12
2.576114329765816133e-12
2.480663633762088077e-12
2.388749595763917273e-12
2.300241174821671263e-12
2.215012185340788718e-12
2.132941117180263266e-12
2.053910962416778108e-12
1.977809048527657574e-12
1.904526877754756582e-12
1.833959972420231251e-12
1.766007725973777337e-12
1.700573259558817724e-12
1.637563283893268388e-12
1.576887966267915928e-12
1.518460802472805178e-12
1.462198493469002453e-12
1.408020826630005607e-12
1.355850561383355696e-12
1.305613319089512632e-12
1.257237477000956525e-12
1.210654066150312721e-12
1.165796673021997736e-12
