6.427114818388298251e-09
6.523729081600354818e-09
6.621795678576463745e-09
6.721336441221012197e-09
6.822373529622046386e-09
6.924929436984404694e-09
7.029026994637421123e-09
7.134689377117626732e-09
7.241940107327852784e-09
7.350803061774179860e-09
7.461302475881167211e-09
7.573462949387430295e-09
7.687309451822028905e-09
7.802867328063160585e-09
7.920162303980754984e-09
8.039220492163379417e-09
8.160068397731745272e-09
8.282732924239263599e-09
8.407241379661302584e-09
8.533621482474807886e-09
8.661901367828813582e-09
8.792109593808255771e-09
8.924275147791380019e-09
9.058427452903300273e-09
9.194596374565973943e-09
9.332812227147195475e-09
9.473105780709175847e-09
9.615508267858549300e-09
9.760051390699757789e-09
9.906767327892355795e-09
1.005560532151316689e-08
1.020633858270598201e-08
1.035933133154803829e-08
1.051461743770024103e-08
1.067223127852873932e-08
1.083220774671559322e-08
1.099458225798318646e-08
1.115939075893465955e-08
1.132666973501186207e-08
1.149645621857237098e-08
1.166878779708793082e-08
1.184370262146543735e-08
1.202123941449288010e-08
1.220143747941190472e-08
1.238433670861862315e-08
1.256997759249522741e-08
1.275840122837357350e-08
1.294964932963355605e-08
1.314376423493746479e-08
1.334078891760303443e-08
1.354076699511698621e-08
1.374374273879092390e-08
1.394976108356236360e-08
1.415886763794225233e-08
1.437110869411203577e-08
1.458653123817166680e-08
1.480518296054150583e-08
1.502711226652016305e-08
1.525236828700029068e-08
1.548100088934545387e-08
1.571306068842961032e-08
1.594859905784234866e-08
1.618766814126213222e-08
1.643032086399965741e-08
1.667661094471479426e-08
1.692659290730860813e-08
1.718032209299402250e-08
1.743785467254739951e-08
1.769924765874343364e-08
1.796455891897697155e-08
1.823384718807347232e-08
1.850717208129191597e-08
1.878459410752255298e-08
1.906617468268217108e-08
1.935197614331071117e-08
1.964206176037105201e-08
1.993649575325631462e-08
2.023534330400652949e-08
2.053867057173879902e-08
2.084654470729379751e-08
2.115903386810136485e-08
2.147620723326962088e-08
2.179813501889956927e-08
2.212488849362973697e-08
2.245653999441381387e-08
2.279316294253435998e-08
2.313418860080416626e-08
2.348003543934122661e-08
2.383105254936651811e-08
2.418731722436456391e-08
2.454890791332652065e-08
2.491590423802434344e-08
2.528838701054368627e-08
2.566643825107840652e-08
2.605014120599135885e-08
2.643958036614513114e-08
2.683484148550685518e-08
2.723601160003091031e-08
2.764317904682444017e-08
2.805643348359884557e-08
2.847586590841233910e-08
2.890156867970760470e-08
2.933363553664904546e-08
2.977216161976379204e-08
3.021724349189185823e-08
3.066897915944892782e-08
3.112746809400726512e-08
3.159281125419931865e-08
3.206511110794837547e-08
3.254447165503227477e-08
3.303099844998373112e-08
3.352479862533340161e-08
3.402598091520027618e-08
3.453465567923487709e-08
3.505093492692001873e-08
3.557493234223555341e-08
3.610676330869116616e-08
3.664654493473369711e-08
3.719439607953431842e-08
3.775043737916117732e-08
3.831479127314301777e-08
3.888758203143065600e-08
3.946893578176073728e-08
4.005898053742896681e-08
4.065784622547846629e-08
4.126566471530960871e-08
4.188256984771714819e-08
4.250869746436228802e-08
4.314418543768446467e-08
4.378917370126078870e-08
4.444380428061929684e-08
4.510822132451231497e-08
4.578257113665884580e-08
4.646700220795914425e-08
4.716166524919322003e-08
4.786671322420668853e-08
4.858230138359329407e-08
4.930858729888096772e-08
5.004573089722847397e-08
5.079389449664173857e-08
5.155324284171566105e-08
5.232363673542467897e-08
5.310429125295049497e-08
5.389659292487451918e-08
5.470071552359226465e-08
5.551683541413652715e-08
5.634513159285838222e-08
5.718578572668641442e-08
5.803898219297058480e-08
5.890490811992105939e-08
5.978375342765034367e-08
6.067571086982778213e-08
6.158097607595502557e-08
6.249974759427335857e-08
6.343222693531006695e-08
6.437861861607498911e-08
6.533913020491653535e-08
6.631397236704670454e-08
6.730335891074571223e-08
6.830750683425507140e-08
6.932663637337184433e-08
7.036097104975149053e-08
7.141073771993220141e-08
7.247616662509034355e-08
7.355749144153859100e-08
7.465494933197659343e-08
7.576878099750779884e-08
7.689923073043094076e-08
7.804654646781980885e-08
7.921097984590230083e-08
8.039278625525083945e-08
8.159222489679633035e-08
8.280955883867699015e-08
8.404505507393705284e-08
8.529898457908467211e-08
8.657162237352422629e-08
8.786324757987526830e-08
8.917414348519143488e-08
9.050459760309277493e-08
9.185490173682428198e-08
9.322535204325709484e-08
9.461624909784257069e-08
9.602789796053660785e-08
9.746060824270717539e-08
9.891469417504037537e-08
1.003904746764585904e-07
1.018882734240689408e-07
1.034084189241533014e-07
1.049512445842184723e-07
1.065170887861211554e-07
1.081062949602838561e-07
1.097192116610184264e-07
1.113561926429721386e-07
1.130175969387166705e-07
1.147037889374923912e-07
1.164151384651286594e-07
1.181520208651562408e-07
1.199112201078653824e-07
1.216950404903282008e-07
1.235053972982736301e-07
1.253426852922298955e-07
1.272073051052530321e-07
1.290996633302864751e-07
1.310201726088218515e-07
1.329692517208783367e-07
1.349473256763194240e-07
1.369548258075309023e-07
1.389921898634746001e-07
1.410598621051431753e-07
1.431582934024329447e-07
1.452879413324610089e-07
1.474492702793416580e-07
1.496427515354489481e-07
1.518688634041854092e-07
1.541280913042781382e-07
1.564209278756293832e-07
1.587478730867388761e-07
1.611094343437259729e-07
1.635061266009715592e-07
1.659384724734094720e-07
1.684070023504847249e-07
1.709122545118090013e-07
1.734547752445363388e-07
1.760351189624835170e-07
1.786538483270256937e-07
1.813115343697871418e-07
1.840087566171589572e-07
1.867461032166690955e-07
1.895241710652302275e-07
1.923435659392996658e-07
1.952049026269713211e-07
1.981088050620351824e-07
2.010559064600288350e-07
2.040468494563165627e-07
2.070822862462189843e-07
2.101628787272288270e-07
2.132892986433426933e-07
2.164622277315376483e-07
2.196823578704311134e-07
2.229503912311479957e-07
2.262670404304346516e-07
2.296330286860480602e-07
2.330490899744609972e-07
2.365159691909087774e-07
2.400344223118192044e-07
2.436052165596586028e-07
2.472291305702281833e-07
2.509069545624536766e-07
2.546394905106957635e-07
2.584275523196273326e-07
2.622719660017085349e-07
2.661735698573076521e-07
2.700865177196823609e-07
2.738663247902656026e-07
2.776990295086524202e-07
2.815853721668976937e-07
2.855261034172961167e-07
2.895219844173715787e-07
2.935737869768975739e-07
2.976822937069701292e-07
3.018482981711723750e-07
3.060726050388513502e-07
3.103560302405432018e-07
3.146994011255677937e-07
3.191035566218340716e-07
3.235693473978820193e-07
3.280976360271866679e-07
3.326892971547677301e-07
3.373452176661274097e-07
3.420662968585559328e-07
3.468534466148281480e-07
3.517075915793376213e-07
3.566296693366914159e-07
3.616206305928087539e-07
3.666814393585469594e-07
3.718130731359040233e-07
3.770165231068233059e-07
3.822927943246443704e-07
3.876429059082260470e-07
3.930678912387936074e-07
3.985687981595359910e-07
4.041466891780016272e-07
4.098026416713181610e-07
4.155377480942925654e-07
4.213531161904185371e-07
4.272498692058422598e-07
4.332291461063134821e-07
4.392921017971818915e-07
4.454399073464668401e-07
4.516737502110543175e-07
4.579948344660503912e-07
4.644043810373524718e-07
4.709036279374760444e-07
4.774938305046724401e-07
4.841762616454028168e-07
4.909522120802011187e-07
4.978229905929773662e-07
5.047899242838149041e-07
5.118543588252944293e-07
5.190176587224210858e-07
5.262812075761727310e-07
5.336464083507485718e-07
5.411146836445527917e-07
5.486874759649698155e-07
5.563662480069913505e-07
5.641524829357312030e-07
5.720476846729034676e-07
5.800533781873112058e-07
5.872865827323168423e-07
5.942247244635877696e-07
6.012448326693157545e-07
6.083478756927852686e-07
6.155348333171810316e-07
6.228066969007484237e-07
6.301644695135302261e-07
6.376091660757333701e-07
6.451418134977284488e-07
6.527634508216920487e-07
6.604751293649402886e-07
6.682779128649360958e-07
6.761728776260299345e-07
6.841611126679128126e-07
6.922437198758447740e-07
7.004218141526384444e-07
7.086965235724500385e-07
7.170689895363894770e-07
7.255403669299532125e-07
7.341118242823388449e-07
7.427845439276202445e-07
7.515597221678413109e-07
7.604385694380364141e-07
7.694223104731860941e-07
7.785121844771663583e-07
7.877094452936712486e-07
7.970153615791780274e-07
8.064312169779314794e-07
8.159583102990203844e-07
8.255979556955206446e-07
8.353514828457806637e-07
8.452202371368216623e-07
8.552055798499322317e-07
8.653088883484272678e-07
8.755315562676538734e-07
8.858749937072147913e-07
8.963406274254804148e-07
9.069299010363997523e-07
9.176442752086171207e-07
9.284852278669698481e-07
9.394542543963374472e-07
9.505528678479188071e-07
9.617825991479456647e-07
9.731449973088431536e-07
9.846416296429134531e-07
9.962740819785132070e-07
1.008043958878815877e-06
1.019952883863128956e-06
1.032002499630845458e-06
1.044194468288042385e-06
1.056530471576733788e-06
1.069012211106865477e-06
1.081641408591014501e-06
1.094419806081897829e-06
1.107349166212649969e-06
1.119962997242291654e-06
1.130815950643746823e-06
1.141774074124773030e-06
1.152838386831514788e-06
1.164009917786107848e-06
1.175289705982390532e-06
1.186267867529433483e-06
1.197139835142269475e-06
1.208111442712498836e-06
1.219183603425425722e-06
1.230357238835569204e-06
1.241538643201066973e-06
1.252190268412089057e-06
1.262933277906844401e-06
1.273768455705343827e-06
1.284696592553999657e-06
1.295718485983333858e-06
1.306349349329010323e-06
1.316737771838954514e-06
1.327208805728695712e-06
1.337763107944952104e-06
1.348401340658648870e-06
1.359065913527866013e-06
1.368952103131288351e-06
1.378910207381311694e-06
1.388940749403280075e-06
1.399044256127892545e-06
1.409221258318875531e-06
1.418908818714701088e-06
1.428159813653526532e-06
1.437471123184966549e-06
1.446843140547816930e-06
1.456276261544701375e-06
1.465770884558803788e-06
1.474115607240901431e-06
1.482503025147547907e-06
1.490938165755724538e-06
1.499421300597888125e-06
1.507952702751468739e-06
1.515912385004905269e-06
1.523189013598887382e-06
1.530500571206062212e-06
1.537847225491433708e-06
1.545229144924822434e-06
1.552646498784741164e-06
1.558688666379466493e-06
1.564645218699839733e-06
1.570624534075020544e-06
1.576626699494373155e-06
1.582651802279684323e-06
1.588015645399977196e-06
1.592344881300351584e-06
1.596685919529963056e-06
1.601038792264230347e-06
1.605403531766284145e-06
1.609780170387221417e-06
1.612534636859221417e-06
1.615029243973735825e-06
1.617527710270256990e-06
1.620030041718977631e-06
1.622536244299326941e-06
1.624369767546830688e-06
1.624812059439716515e-06
1.625254471762154784e-06
1.625697004546933082e-06
1.626139657826851912e-06
1.626582431634719826e-06
1.625207722609757817e-06
1.623360887271708569e-06
1.621516150619706444e-06
1.619673510268863687e-06
1.617832963837012154e-06
1.615358984827053664e-06
1.611077832761468400e-06
1.606808026943485343e-06
1.602549537302382426e-06
1.598302333847133431e-06
1.594066386666196229e-06
1.588007701357492547e-06
1.581281372920378784e-06
1.574583535210482625e-06
1.567914067549558310e-06
1.561272849770514176e-06
1.554164921881944044e-06
1.545013989125086709e-06
1.535916937117396343e-06
1.526873448608686320e-06
1.517883208216743000e-06
1.508945902416316832e-06
1.498380094540102854e-06
1.487020862309213176e-06
1.475747744514401082e-06
1.464560088321400492e-06
1.453457245845078794e-06
1.442142271049534329e-06
1.428841188990232016e-06
1.415662784691300593e-06
1.402605926678411375e-06
1.389669493912986522e-06
1.376852375695937341e-06
1.362929155681694122e-06
1.348305996578577940e-06
1.333839732484470624e-06
1.319528680039178755e-06
1.305371173943652475e-06
1.291268746795300991e-06
1.275717857099024080e-06
1.260354248455545844e-06
1.245175665418816375e-06
1.230179879705367381e-06
1.215364689867190387e-06
1.200120988582363804e-06
1.184521253421371535e-06
1.169124290930311083e-06
1.153927465374962718e-06
1.138928175281631936e-06
1.124123852991782918e-06
1.108829367193558030e-06
1.093735333544645954e-06
1.078846768706833726e-06
1.064160875718540980e-06
1.049674895692048970e-06
1.035299900882344395e-06
1.021019915306497154e-06
1.006936894868839015e-06
9.930481228113312814e-07
9.793509198484195831e-07
9.658426436501788147e-07
9.525825958515543701e-07
9.395098226806983507e-07
9.266164537936522090e-07
9.139000271346089305e-07
9.013581144358053933e-07
8.890113698767257211e-07
8.768697122318109515e-07
8.648938790694185851e-07
8.530816056445022991e-07
8.414306581427330348e-07
8.299388332580624915e-07
8.184608491351099548e-07
8.071173827207486162e-07
7.959311311938553822e-07
7.848999156331058859e-07
7.740215873159631729e-07
7.631033882938334583e-07
7.519393755041955723e-07
7.409386894452197061e-07
7.300989406874550891e-07
7.194177747582096225e-07
7.088928716301410313e-07
6.978315872394597434e-07
6.867578356921596148e-07
6.758598113196860840e-07
6.651347255422330794e-07
6.545798340314122788e-07
6.439825645353992128e-07
6.329445255389290057e-07
6.220956815790893690e-07
6.114327898007074667e-07
6.009526629320388042e-07
5.906521683320613084e-07
5.800940170737036869e-07
5.695573778783422367e-07
5.592121227729138693e-07
5.490547755190077055e-07
5.390819230194811437e-07
5.292386876355919190e-07
5.193515069210513568e-07
5.096490374620658579e-07
5.001278285026631543e-07
4.907844937535190252e-07
4.816157101876121826e-07
4.723945015984008042e-07
4.632320365501103916e-07
4.542472847594406107e-07
4.454367993371790727e-07
4.367972002492571807e-07
4.282634185505986886e-07
4.194386494346436000e-07
4.107957229570654838e-07
4.023308920798757197e-07
3.940404869763129020e-07
3.859209134398354970e-07
3.775789125528460639e-07
3.691446706829384539e-07
3.608988303194580525e-07
3.528371830073745603e-07
3.449556142988338704e-07
3.372408014400133550e-07
3.295225929573185769e-07
3.219810260373528210e-07
3.146120580008145119e-07
3.074117386905430570e-07
3.003762083540297049e-07
2.936394230407512305e-07
2.871804262943352322e-07
2.808635039279135194e-07
2.746855308231045489e-07
2.686434506027398805e-07
2.627342741188040107e-07
2.572487983739240028e-07
2.518832779706771311e-07
2.466296679412770510e-07
2.414856341352903441e-07
2.364488910864052257e-07
2.315069329443787393e-07
2.266558621632731086e-07
2.219064422805833337e-07
2.172565432706691477e-07
2.127040797411317187e-07
2.082470099975570330e-07
2.037945044071499775e-07
1.994290041162633915e-07
1.951570175972291542e-07
1.909765416831819999e-07
1.868856161172755299e-07
1.828231093495178162e-07
1.787544545973275215e-07
1.747763461199024244e-07
1.708867688463220143e-07
1.670837525502595384e-07
1.633653708519822133e-07
1.596403335490894082e-07
1.559843612670479567e-07
1.524121155284798920e-07
1.489216788861123591e-07
1.455111778047215789e-07
1.422210748501313050e-07
1.390963934867544842e-07
1.360403632261265750e-07
1.330514757628046202e-07
1.301282559297105735e-07
1.272692609700619846e-07
1.245840452162163600e-07
1.219863945480887798e-07
1.194429064252687691e-07
1.169524515268086563e-07
1.145139240787675041e-07
1.121286042142822400e-07
1.098001100332822464e-07
1.075199700183663176e-07
1.052871800333005043e-07
1.031007567940267301e-07
1.009597374356408744e-07
9.884378197295117895e-08
9.676445307446743849e-08
9.472886601367716447e-08
9.273610061466851260e-08
9.078525605882658793e-08
8.888676229897453670e-08
8.707944435620282255e-08
8.530887427173734720e-08
8.357430485823598576e-08
8.187500412077760562e-08
8.021025494795621798e-08
7.862670328333777629e-08
7.710016309246020197e-08
7.560326073271462345e-08
7.413542078457412407e-08
7.269607900030216574e-08
7.128613655099553856e-08
6.991514272879567106e-08
6.857051622219812000e-08
6.725174992801905279e-08
6.595834649581765606e-08
6.468981814032745252e-08
6.346635426628997412e-08
6.228098073209702887e-08
6.111774665166363017e-08
5.997623852207403473e-08
5.885605056348699110e-08
5.776094091215889282e-08
5.677970352528376076e-08
5.581513530608842547e-08
5.486695308033294135e-08
5.393487848431459313e-08
5.301863788314674612e-08
5.211796229042660545e-08
5.123258728926644022e-08
5.036225295466805646e-08
4.950670377721377089e-08
4.866568858805636939e-08
4.783896048518068022e-08
4.702627676091997364e-08
4.622739883070202838e-08
4.544209216300681919e-08
4.467012621051345185e-08
4.391127434241732717e-08
4.316531377789610664e-08
4.243202552070729426e-08
4.171119429489551755e-08
4.100260848159293766e-08
4.030606005689322082e-08
3.962134453078009223e-08
3.894826088709468993e-08
3.828661152452104554e-08
3.763620219857615276e-08
3.699684196458347421e-08
3.636834312161684362e-08
3.575052115739538745e-08
3.514319469411545031e-08
3.454618543520223928e-08
3.395931811296645682e-08
3.338242043714943810e-08
3.281532304434341896e-08
3.225785944826967623e-08
3.170986599090301275e-08
3.117118179442516337e-08
3.064164871399480032e-08
3.012111129132047946e-08
2.960941670902102939e-08
2.910641474576288814e-08
2.861195773215796960e-08
2.810920830868236465e-08
2.761152889192168439e-08
2.712266099340610183e-08
2.664244860336066146e-08
2.617073847419623405e-08
2.570738007160432248e-08
2.525222552651778336e-08
2.480512958792229060e-08
2.436594957650309603e-08
2.393454533911272363e-08
2.351077920404432125e-08
2.309451593709764977e-08
2.268562269842197691e-08
2.228396900012424875e-08
2.188942666462664717e-08
2.150186978376232985e-08
2.112117467859494681e-08
2.074721985994934349e-08
2.037988598964194634e-08
2.001905584239648060e-08
1.966461426843489920e-08
1.931644815672990719e-08
1.897444639890883137e-08
1.863849985379571599e-08
1.830850131258223127e-08
1.798434546461426893e-08
1.766592886378498690e-08
1.735314989552256374e-08
1.704590874436222722e-08
1.674410736209314354e-08
1.644764943646840154e-08
1.615644036046972738e-08
1.587038720211578922e-08
1.558939867480548925e-08
1.531338510818606543e-08
1.504225841953721821e-08
1.477593208566152317e-08
1.451432111527303297e-08
1.425734202187409453e-08
1.400491279711317672e-08
1.375695288461363517e-08
1.347172982987928378e-08
1.316352406910875155e-08
1.286236942888257273e-08
1.256810459391325006e-08
1.228057193947862255e-08
1.199961744698947904e-08
1.172509062148841676e-08
1.145684441103629633e-08
1.119473512794319036e-08
1.093862237180105222e-08
1.068836895427736465e-08
1.044384082562956059e-08
1.020490700290023207e-08
9.971439499755526662e-09
9.743313257928454759e-09
9.520406080230670190e-09
9.302598565096684002e-09
9.089774042625973300e-09
8.881818512087742265e-09
8.678620580856010814e-09
8.480071404741338154e-09
8.286064629687850959e-09
8.096496334803921612e-09
7.911264976696554230e-09
7.730271335078795028e-09
7.553418459622016432e-09
7.380611618023795199e-09
7.211758245263896528e-09
7.046767894021480788e-09
6.885552186226211074e-09
6.728024765718222030e-09
6.574101251990827547e-09
6.423699194991526660e-09
6.276738030957292909e-09
6.133139039260035701e-09
5.992825300239346391e-09
5.855721654000197702e-09
5.721754660152897814e-09
5.590852558474477338e-09
5.462945230469797321e-09
5.337964161812203378e-09
5.204384743165791631e-09
5.054013138847214972e-09
4.907986259313817712e-09
4.766178571333832683e-09
4.628468168738899627e-09
4.494736667626366338e-09
4.364869104589612627e-09
4.238753837888851662e-09
4.116282451477238831e-09
3.997349661800240099e-09
3.881853227287679224e-09
3.769693860460887529e-09
3.660775142579423474e-09
3.555003440753924513e-09
3.452287827453772978e-09
3.352540002340442284e-09
3.255674216359469731e-09
3.161607198025450954e-09
3.070258081837117095e-09
2.981548338760522332e-09
2.895401708720994433e-09
2.811744135045490349e-09
2.730503700799077122e-09
2.651610566961077358e-09
2.574996912387273013e-09
2.500596875506924884e-09
2.428346497704290404e-09
2.358183668336083836e-09
2.290048071337569095e-09
2.223881133371282787e-09
2.159625973474037757e-09
2.097227354158699527e-09
2.036631633928797148e-09
1.977786721165182245e-09
1.920642029345046501e-09
1.865148433554774511e-09
1.811258228259286478e-09
1.758925086291589969e-09
1.708104019027257773e-09
1.658751337709562587e-09
1.610824615892051434e-09
1.563446124020015366e-09
1.511919295385813322e-09
1.462090647474502265e-09
1.413904212980438645e-09
1.367305869124436056e-09
1.322243276863334537e-09
1.278665822103025728e-09
1.236524558848930855e-09
1.195772154230110001e-09
1.156362835335163493e-09
1.118252337800356995e-09
1.081397856092035642e-09
1.045757995427713565e-09
1.011292725281591895e-09
9.779633344224973103e-10
9.457323874335816739e-10
9.145636826650335015e-10
8.844222115725876527e-10
8.552741193960485874e-10
8.270866671338151844e-10
7.998281947705604067e-10
7.734680857168645670e-10
7.479767324207968448e-10
7.233255031128636959e-10
6.994867096469164631e-10
6.764335764009813403e-10
6.541402102029711820e-10
6.325815712476336904e-10
6.117334449719285486e-10
5.915724148573540060e-10
5.720758361286315004e-10
5.532218103191729916e-10
5.349891606748581062e-10
5.173574083683748697e-10
5.003067494975157987e-10
4.838180328415122316e-10
4.678727383504804317e-10
4.524529563437841717e-10
4.375413673939715365e-10
4.231212228736620911e-10
4.091763261435823610e-10
3.956910143605568456e-10
3.819162855000525542e-10
3.685415721619228836e-10
3.556352414606906539e-10
3.431808906302582036e-10
3.311626913296078019e-10
3.195653695264336878e-10
3.083741860852410300e-10
2.975749180352573798e-10
2.871538404943300409e-10
2.770977092258608848e-10
2.673937438065915597e-10
2.580296113838531646e-10
2.489934110016425439e-10
2.402736584755880291e-10
2.318592717976105475e-10
2.237395570516928597e-10
2.159041948229038850e-10
2.083432270823553002e-10
2.010470445314614944e-10
1.940063743894027936e-10
1.872122686082601900e-10
1.806560925008758963e-10
1.743295137669460220e-10
1.682244919034358111e-10
1.623332679858309352e-10
1.566483548072537182e-10
1.511625273629135412e-10
1.458688136677794342e-10
1.407604858958302211e-10
1.358310518295986718e-10
1.310742466091591723e-10
1.264840247700625331e-10
1.220545525601055499e-10
1.177802005251618928e-10
1.136555363546650936e-10
1.096753179776333219e-10
1.058344869004808762e-10
1.021281617781347269e-10
9.855163221028876028e-11
9.510035275491957102e-11
9.176993715144033572e-11
8.849988577430662962e-11
8.531969267694744838e-11
8.225377801111362084e-11
7.929803524631818852e-11
7.644850541791102090e-11
7.370137182438861746e-11
7.105295491524646308e-11
6.849970736253531152e-11
6.603820930952083187e-11
6.366516379007599580e-11
6.137739231267771517e-11
5.917183060308991162e-11
5.704552450002954993e-11
5.499562599831987915e-11
5.301938943423157514e-11
5.111416780790159800e-11
4.927740923790174574e-11
4.750665354321343681e-11
4.579952894802414403e-11
4.415374890493724066e-11
4.256710903233779219e-11
4.103748416181064444e-11
3.956282549166035495e-11
3.814115784271613650e-11
3.677057701274719221e-11
3.544924722594858092e-11
3.417539867407541807e-11
3.294732514593581805e-11
3.176338174206804001e-11
3.062198267153673197e-11
2.952159912790331029e-11
2.846075724151955091e-11
2.743803610540500961e-11
2.645206587206439824e-11
2.550152591869371431e-11
2.458514307831823275e-11
2.370168993449549555e-11
2.284998317729521431e-11
2.202888201835662866e-11
2.123728666290074272e-11
2.047413683664861671e-11
1.973495492055724772e-11
1.901825310262457849e-11
1.832757928920949166e-11
1.766198823781076600e-11
1.702056903369804111e-11
1.640244384325262305e-11
1.580676671258169441e-11
1.523272240976222718e-11
1.467952530913099987e-11
1.414641831609279361e-11
1.363267183097574435e-11
1.313758275051561284e-11
1.266047350560280294e-11
1.220069113397442621e-11
1.175760638658304440e-11
1.133061286641933761e-11
1.091912619860866037e-11
1.052258323064737734e-11
1.014044126168365905e-11
9.772177299787418343e-12
9.417287346194304608e-12
9.075285705542916421e-12
8.745704321161521537e-12
8.428092134495306319e-12
8.122014467796170278e-12
7.827052429231695305e-12
7.542802339598033629e-12
7.268875179852384113e-12
7.004896058709361962e-12
6.750503699572186144e-12
6.505349946096676371e-12
6.269099285711355623e-12
6.041428390441692067e-12
5.822025674409703548e-12
5.610590867403682091e-12
5.406834603934543274e-12
5.210478027215708586e-12
5.021252407525329753e-12
4.838898774428194852e-12
4.663167562353709410e-12
4.493818269045593013e-12
4.330494735532877632e-12
4.172664873650624973e-12
4.020587302631902909e-12
3.874052373619491492e-12
3.732858078649911036e-12
3.596809772172321214e-12
3.465719902716816401e-12
3.339407754342619172e-12
3.217699197509188180e-12
3.100426449027479874e-12
2.987427840759704616e-12
2.878547596749367112e-12
2.773635618473867057e-12
2.672547277923879901e-12
2.575143218224310475e-12
2.481289161521619560e-12
2.390855723873128912e-12
2.303718236882785125e-12
2.219756575837584859e-12
2.138854994107894731e-12
2.060901963583155606e-12
1.985790020923051910e-12
1.913415619412357035e-12
1.843678986214933617e-12
1.776483984830476722e-12
1.711737982563981230e-12
1.649351722825592607e-12
1.589239202084515080e-12
1.531317551307593401e-12
1.475506921718862976e-12
1.421730374722890310e-12
1.369913775839823111e-12
1.319985692506224746e-12
1.271877295600583251e-12
1.225522264557897638e-12
1.180856695942440587e-12
