4.634217955160552695e-09
4.697818596519239890e-09
4.762292101782965838e-09
4.827650450255425629e-09
4.893905785645897208e-09
4.961070418325604793e-09
5.029156827614934486e-09
5.098177664102231627e-09
5.168145751994227068e-09
5.239074091498840935e-09
5.310975861240562428e-09
5.383864420709189812e-09
5.457753312741966995e-09
5.532656266039911623e-09
5.608587197718543953e-09
5.685560215893851976e-09
5.763589622303513452e-09
5.842689914964235965e-09
5.922875790865420123e-09
6.004162148700032664e-09
6.086564091632740731e-09
6.170096930106037727e-09
6.254776184685097767e-09
6.340617588941429866e-09
6.427637092376259952e-09
6.515850863383870670e-09
6.605275292255880010e-09
6.695926994226483567e-09
6.787472379935827521e-09
6.878532120438065919e-09
6.970813505151312885e-09
7.064332923476309579e-09
7.159106984691604955e-09
7.255152520903414169e-09
7.352486590035031947e-09
7.451126478856370824e-09
7.551089706054126358e-09
7.652394025343144215e-09
7.755057428619521818e-09
7.859098149156011193e-09
7.964534664840297064e-09
8.071385701456713505e-09
8.179670236011986467e-09
8.289407500105601028e-09
8.400616983345379041e-09
8.513318436808877613e-09
8.627531876551273493e-09
8.743277587160113843e-09
8.860576125358122911e-09
8.979448323653986819e-09
9.099915294042294396e-09
9.221998431753077411e-09
9.345719419051654969e-09
9.471100229089457045e-09
9.598163129806517034e-09
9.726930687886303319e-09
9.857425772763622755e-09
9.989671560686285924e-09
1.012369153883127036e-08
1.025950950947609312e-08
1.039714959422618678e-08
1.053663623829885625e-08
1.067799421486494965e-08
1.082124862944854095e-08
1.096642492438575778e-08
1.111354888334340605e-08
1.126264663589820212e-08
1.141374466217746280e-08
1.156686979756202921e-08
1.172204923745233085e-08
1.187931054209825356e-08
1.203868164149404856e-08
1.220019084033867985e-08
1.236386682306283074e-08
1.252973865892332064e-08
1.269783580716589002e-08
1.286818812225722524e-08
1.304082585918718307e-08
1.321577967884216578e-08
1.339308065345055046e-08
1.357276027210123763e-08
1.375485044633606888e-08
1.393938351581756913e-08
1.412639225407243055e-08
1.431210911113931151e-08
1.449836908675250270e-08
1.468705307815861668e-08
1.487819263186972992e-08
1.507181970494892366e-08
1.526796667035360442e-08
1.546666632234757461e-08
1.566795188198431856e-08
1.587185700266116463e-08
1.607841577574586368e-08
1.628766273627656495e-08
1.649963286873548712e-08
1.671436161289838555e-08
1.693188486975963045e-08
1.715223900753462649e-08
1.737546086774029832e-08
1.760158777135469106e-08
1.783065752505677082e-08
1.806270842754740142e-08
1.829777927595259261e-08
1.853590937231008160e-08
1.877713853014033018e-08
1.902150708110305220e-08
1.926905588174033041e-08
1.951982632030754342e-08
1.977386032369314179e-08
2.003120036442851739e-08
2.029188946778907757e-08
2.055597121898773871e-08
2.082348977046203996e-08
2.109448984925608832e-08
2.136901676449858903e-08
2.164711641497816559e-08
2.192883529681729302e-08
2.221422051124609489e-08
2.250331977247729800e-08
2.279618141568369451e-08
2.309285440507939218e-08
2.339338834210628190e-08
2.369783347372697991e-08
2.400624070082577671e-08
2.431866158671883332e-08
2.463514836577519658e-08
2.495575395214997352e-08
2.528053194863118356e-08
2.560953665560170787e-08
2.594282308011791753e-08
2.628044694510642640e-08
2.662246469868053045e-08
2.696893352357789510e-08
2.731991134672107903e-08
2.767545684890246587e-08
2.803562947459523833e-08
2.840048944189204269e-08
2.877009775257298443e-08
2.914190249487467727e-08
2.950556600238912618e-08
2.987376768810662552e-08
3.024656418421875331e-08
3.062401282963332283e-08
3.100617167879393127e-08
3.139309951060890789e-08
3.178485583749202753e-08
3.218150091451595894e-08
3.258309574868001620e-08
3.298970210829322574e-08
3.340138253247516407e-08
3.381820034077467861e-08
3.424021964290896666e-08
3.466750534862414399e-08
3.510012317767885166e-08
3.553813966995250893e-08
3.598162219567938374e-08
3.643063896581104820e-08
3.688525904250746396e-08
3.734555234975933125e-08
3.781158968414299855e-08
3.828344272570921011e-08
3.876118404900849044e-08
3.924488713425334446e-08
3.973462637862015865e-08
4.023047710769203371e-08
4.073251558704444177e-08
4.124081903397542826e-08
4.175546562938231086e-08
4.227653452978615264e-08
4.280410587950711286e-08
4.333826082299095352e-08
4.387908151728971911e-08
4.442665114469810498e-08
4.498105392554763192e-08
4.554237513116000342e-08
4.611070109696300716e-08
4.668611923576918582e-08
4.726871805122069846e-08
4.785858715140184799e-08
4.845581726262155133e-08
4.906050024336734033e-08
4.967272909843451983e-08
5.029259799323055570e-08
5.092020226825855070e-08
5.155563845378133701e-08
5.219900428466854100e-08
5.285039871542906228e-08
5.350992193543058149e-08
5.417767538431009396e-08
5.485376176757565443e-08
5.553828507240336281e-08
5.623135058363139103e-08
5.693306489995367144e-08
5.764353595031513267e-08
5.833499772077152444e-08
5.902084835132900465e-08
5.971476259902580238e-08
6.041683526864637374e-08
6.112716227960525235e-08
6.184584067905150265e-08
6.257296865512719430e-08
6.330864555038314674e-08
6.405297187535031606e-08
6.480604932227283285e-08
6.556798077900111594e-08
6.633887034304829159e-08
6.711882333581334572e-08
6.790794631696935492e-08
6.870634709902292407e-08
6.951413476204352016e-08
7.033141966856593173e-08
7.115831347866924208e-08
7.199492916523117793e-08
7.284138102936373641e-08
7.369778471602895215e-08
7.456425722983827192e-08
7.544091695103896484e-08
7.632788365168718418e-08
7.722527851201109537e-08
7.813322413696806730e-08
7.905184457299402091e-08
7.998126532495224085e-08
8.092161337327967809e-08
8.187301719133503179e-08
8.283560676295228945e-08
8.380951360019816387e-08
8.479487076134098395e-08
8.579181286902889520e-08
8.680047612868205522e-08
8.782099834710255639e-08
8.885351895130069927e-08
8.989817900754514734e-08
9.095512124063536184e-08
9.202449005340055164e-08
9.310643154642975726e-08
9.420109353803103085e-08
9.530862558442824862e-08
9.642917900019333220e-08
9.756290687891874949e-08
9.870996411413508592e-08
9.987050742047140979e-08
1.010446953550675902e-07
1.022326883392362912e-07
1.034346486803795918e-07
1.046507405941653676e-07
1.058811302269613685e-07
1.071259856785360722e-07
1.083854770250244210e-07
1.096597763421634576e-07
1.109317762711388050e-07
1.121330610006253339e-07
1.133473544914407234e-07
1.145747976159919360e-07
1.158155327721992599e-07
1.170697039000151063e-07
1.183374564981242433e-07
1.196189376408223697e-07
1.209142959950787734e-07
1.222236818377836162e-07
1.235472470731809042e-07
1.248851452504926493e-07
1.262375315817313900e-07
1.276045629597069204e-07
1.289863979762278637e-07
1.303831969404992808e-07
1.317951218977218990e-07
1.332223366478902881e-07
1.346650067647958324e-07
1.361232996152355587e-07
1.375973843784274817e-07
1.390874320656391361e-07
1.405936155400258038e-07
1.421161095366848385e-07
1.436550906829274677e-07
1.452107375187683077e-07
1.467832305176400573e-07
1.483727521073292139e-07
1.499794866911402244e-07
1.516036206692887579e-07
1.532453424605251330e-07
1.549048425239948362e-07
1.565823133813329782e-07
1.582779496389996006e-07
1.599919480108550623e-07
1.617245073409831572e-07
1.634758286267579652e-07
1.652461150421624047e-07
1.670355719613586979e-07
1.688444069825145868e-07
1.706728299518858298e-07
1.725210529881628937e-07
1.743892905070777898e-07
1.762777592462793139e-07
1.781866782904774052e-07
1.801162690968581838e-07
1.820667555207777693e-07
1.840383638417307227e-07
1.860313227896013970e-07
1.880458635711999183e-07
1.900822198970830600e-07
1.921406280086700707e-07
1.942213267056476310e-07
1.963245573736741041e-07
1.984505640123832657e-07
2.005995932636897629e-07
2.025891473209872305e-07
2.045074865997716244e-07
2.064439908475940626e-07
2.083988320705766231e-07
2.103721839035865063e-07
2.123642216256589965e-07
2.143751221755660854e-07
2.164050641675331959e-07
2.184542279071020967e-07
2.205227954071509695e-07
2.226109504040551352e-07
2.247188783740120263e-07
2.268467665495134363e-07
2.289948039359765884e-07
2.311631813285320368e-07
2.333520913289708909e-07
2.355617283628519951e-07
2.377922886967721630e-07
2.400439704557969777e-07
2.423169736410619504e-07
2.446115001475351992e-07
2.469277537819508035e-07
2.492659402809116453e-07
2.516262673291634571e-07
2.540089445780420875e-07
2.564141836640953087e-07
2.588421982278809659e-07
2.612932039329437977e-07
2.637674184849691272e-07
2.662650616511233771e-07
2.687863552795722500e-07
2.713315233191866322e-07
2.739007918394341567e-07
2.764943890504596543e-07
2.791125453233551286e-07
2.817554932106224309e-07
2.844234674668294821e-07
2.871167050694596709e-07
2.898354452399645933e-07
2.925799294650097033e-07
2.953504015179248401e-07
2.981471074803566664e-07
3.009702957641264600e-07
3.038202171332948450e-07
3.066971247264353177e-07
3.096012740791195299e-07
3.125329231466120018e-07
3.154923323267865455e-07
3.184797644832526992e-07
3.214954849687050380e-07
3.245397616484925533e-07
3.276128649244109090e-07
3.307150677587207481e-07
3.338466456983929530e-07
3.370078768995832909e-07
3.400838603792433699e-07
3.426199571811112974e-07
3.451749663388354412e-07
3.477490288869392584e-07
3.503422869116786936e-07
3.529548835588857576e-07
3.555869630418672681e-07
3.582386706493696066e-07
3.609101527535957263e-07
3.636015568182854230e-07
3.663130314068552686e-07
3.690447261905991608e-07
3.717967919569501233e-07
3.745693806178036228e-07
3.773626452179029827e-07
3.801767399432872135e-07
3.830118201298022646e-07
3.858680422716751685e-07
3.887455640301524529e-07
3.916445442422030338e-07
3.945651429292858538e-07
3.975075213061827942e-07
4.004718417898977624e-07
4.034582680086219531e-07
4.064669648107660251e-07
4.094980982740595118e-07
4.125518357147181532e-07
4.156283456966799424e-07
4.187277980409101537e-07
4.218503638347712210e-07
4.249962154414762076e-07
4.281655265095899749e-07
4.313584719826285010e-07
4.345752281087023506e-07
4.378159724502552776e-07
4.410808838938609552e-07
4.443701426600983745e-07
4.476839303134998752e-07
4.510224297725733991e-07
4.543858253198992280e-07
4.577743026123024792e-07
4.611880486911011984e-07
4.646272519924307908e-07
4.680921023576456393e-07
4.715827910437980135e-07
4.750995107341956470e-07
4.786424555490373480e-07
4.822118210561286543e-07
4.858078042816766859e-07
4.894306037211658360e-07
4.930804193503149367e-07
4.967574526361154744e-07
5.004619065479524972e-07
5.041939855688081080e-07
5.079538957065493431e-07
5.117418445052991663e-07
5.150085208820734648e-07
5.180235624101233802e-07
5.210562550547030843e-07
5.241067021516742196e-07
5.271750076418633360e-07
5.302340972001568927e-07
5.331371892645059848e-07
5.360561760885055156e-07
5.389911446977769589e-07
5.419421825944135978e-07
5.449093777595935147e-07
5.477586525270441324e-07
5.505337176019788816e-07
5.533228417632195830e-07
5.561260962371698246e-07
5.589435526110814063e-07
5.617581560876167739e-07
5.643521208042861675e-07
5.669580633674321496e-07
5.695760390857534305e-07
5.722061035233360359e-07
5.748483125008428595e-07
5.773516666756106047e-07
5.797338082171437385e-07
5.821257784274958572e-07
5.845276178595600270e-07
5.869393672335494500e-07
5.893608673713204503e-07
5.914817007983436661e-07
5.936101661104719954e-07
5.957462907712814801e-07
5.978901023431767899e-07
6.000416284877466589e-07
6.020338728424956714e-07
6.038413933819593001e-07
6.056543407431483208e-07
6.074727312193183034e-07
6.092965811526428762e-07
6.111259069343597336e-07
6.125884745460471793e-07
6.140277586147672684e-07
6.154704242989053748e-07
6.169164795436082032e-07
6.183659323126906411e-07
6.196407257106588342e-07
6.206496888527959166e-07
6.216602948931155403e-07
6.226725465067547462e-07
6.236864463732062308e-07
6.247019971763256510e-07
6.252861218266584370e-07
6.258033797032736491e-07
6.263210654731402278e-07
6.268391794902235010e-07
6.273577221087866343e-07
6.276886530346679619e-07
6.276406140367818543e-07
6.275925787154721123e-07
6.275445470704575207e-07
6.274965191014565471e-07
6.274484948081867060e-07
6.268955977493505647e-07
6.262153507804267482e-07
6.255358419502623111e-07
6.248570704578985574e-07
6.241790355032496585e-07
6.233187552385996348e-07
6.219502856872445316e-07
6.205848205520031431e-07
6.192223532368114805e-07
6.178628771600830421e-07
6.165063857546811786e-07
6.145860312177200269e-07
6.124628873770308921e-07
6.103470781315628491e-07
6.082385781432861338e-07
6.061373621616997671e-07
6.038777234363105130e-07
6.009510526071005375e-07
5.980385657787406606e-07
5.951401942089993808e-07
5.922558694888053836e-07
5.893855235406260027e-07
5.859365955241905226e-07
5.822079465603682357e-07
5.785030251179220345e-07
5.748216802050918371e-07
5.711637617909639967e-07
5.674098560445601042e-07
5.628786917429653525e-07
5.583837119554556159e-07
5.539246277233931119e-07
5.495011523956798347e-07
5.451130016103242127e-07
5.401966403988724942e-07
5.349447283634581280e-07
5.297438765864107650e-07
5.245935886485277651e-07
5.194933729569046129e-07
5.143878576727326224e-07
5.084966244451620992e-07
5.026728629287203743e-07
4.969158003765784505e-07
4.912246728920989988e-07
4.855987253274781719e-07
4.796224067964260063e-07
4.733524824588667490e-07
4.671645224971207792e-07
4.610574554215582459e-07
4.550302237497333003e-07
4.490817838232716129e-07
4.425715039590276678e-07
4.361513908403537857e-07
4.298244103614631870e-07
4.235892115043235689e-07
4.174444628492917697e-07
4.111952285342408094e-07
4.048153500671495572e-07
3.985344582770185594e-07
3.923510173411419101e-07
3.862635152657921738e-07
3.802704635165004569e-07
3.742187118995383570e-07
3.682512948027293795e-07
3.623790361404793457e-07
3.566004184844757783e-07
3.509139486038227738e-07
3.453555682744868832e-07
3.399423695077237009e-07
3.346140187167290716e-07
3.293691859708467167e-07
3.242065621851195654e-07
3.191248587935532010e-07
3.143743591197147781e-07
3.097355798817171165e-07
3.051652485695590286e-07
3.006623551936911960e-07
2.962259046675563711e-07
2.919776553124456933e-07
2.880426057760036267e-07
2.841605898007691630e-07
2.803308926413271076e-07
2.765528091850496438e-07
2.728256438222727045e-07
2.693629084444897887e-07
2.660002171126213610e-07
2.626795051796936173e-07
2.594002485803787232e-07
2.561619297917118441e-07
2.529561886292686107e-07
2.497681145435058178e-07
2.466202206028948360e-07
2.435120004063867579e-07
2.404429539352381072e-07
2.374125874725750806e-07
2.340933304577767426e-07
2.306969160386824900e-07
2.273497795331608652e-07
2.240512059775865869e-07
2.208004907816020038e-07
2.174418237209320445e-07
2.134799363071093802e-07
2.095902362563763013e-07
2.057714082826467892e-07
2.020221610649367576e-07
1.983412268107076365e-07
1.941333807365262603e-07
1.897095187928959428e-07
1.853864666864098375e-07
1.811619271882228881e-07
1.770336554181536580e-07
1.729272577106519638e-07
1.684063207205226759e-07
1.640035771924265543e-07
1.597159371265479221e-07
1.555403913067164973e-07
1.514740091884369348e-07
1.475305680490290933e-07
1.437011626647604595e-07
1.399711559731904145e-07
1.363379679131545616e-07
1.327990853933412566e-07
1.293817595984093610e-07
1.265632781044264527e-07
1.238061950483427209e-07
1.211091729127086705e-07
1.184709033168590193e-07
1.158901063821873156e-07
1.136430344160502073e-07
1.116914277209675956e-07
1.097733362229389535e-07
1.078881843611017909e-07
1.060354064587746700e-07
1.042144465537164880e-07
1.023955005165359232e-07
1.006078960585805901e-07
9.885149931660869967e-08
9.712576547124893767e-08
9.543015921450047548e-08
9.352131954694378527e-08
9.136325541994504604e-08
8.925498999979536640e-08
8.719537414955596308e-08
8.518328524935692162e-08
8.321762658449782919e-08
8.095404780077033363e-08
7.872244948887224803e-08
7.655236794063166689e-08
7.444210737048030321e-08
7.239001873927390621e-08
7.046784357335883109e-08
6.871110095848747914e-08
6.699815342032644292e-08
6.532790916049396502e-08
6.369930359882082856e-08
6.211129869480863469e-08
6.081822618193817220e-08
5.959603101006958033e-08
5.839839691358779186e-08
5.722483031631255265e-08
5.607484756090701602e-08
5.491900469698268680e-08
5.372589830035501911e-08
5.255871194509616661e-08
5.141688252254564838e-08
5.029985915748707413e-08
4.920710294237734278e-08
4.801119164437551391e-08
4.681012114370275508e-08
4.563909718630831505e-08
4.449736811376551414e-08
4.338420107148733855e-08
4.232010487859461695e-08
4.134450032496330686e-08
4.039138636410809548e-08
3.946024452083176700e-08
3.855056827233550551e-08
3.766186277268085741e-08
3.683204334677459941e-08
3.603544932988110954e-08
3.525608384472516447e-08
3.449357427702661292e-08
3.374755607131242141e-08
3.301128041296313150e-08
3.226292291691571715e-08
3.153153049871091340e-08
3.081671856426405407e-08
3.011811123814239106e-08
2.943534116591571989e-08
2.878166894950510654e-08
2.814975345434479158e-08
2.753171197023375889e-08
2.692723988653328676e-08
2.633603928047901665e-08
2.575982520786498968e-08
2.521146758248762035e-08
2.467478302099482787e-08
2.414952303514811324e-08
2.363544442635735477e-08
2.313230917307848804e-08
2.264285061404363589e-08
2.216584929183749226e-08
2.169889662760577130e-08
2.124178093319921867e-08
2.079429497995687661e-08
2.035686066945007114e-08
1.994119708086108342e-08
1.953402086277992618e-08
1.913515871290132252e-08
1.874444086755292285e-08
1.836170102944060528e-08
1.800215855903616212e-08
1.766400798150292574e-08
1.733220918743560276e-08
1.700664286562824839e-08
1.668719194600358931e-08
1.637374155751577735e-08
1.606617898684423223e-08
1.576439363786302570e-08
1.546827699187176486e-08
1.517772256857345596e-08
1.489262588778541394e-08
1.461288443186910288e-08
1.433839760886627777e-08
1.406906671632697187e-08
1.380479490581724957e-08
1.354548714809358904e-08
1.329105019893130332e-08
1.304139256559511171e-08
1.279642447393923364e-08
1.255605783612562462e-08
1.232020621894861178e-08
1.208878481275424904e-08
1.186171040094400757e-08
1.163890133005079088e-08
1.142027748037730202e-08
1.120576023718589869e-08
1.099527246242949896e-08
1.078873846701373708e-08
1.058608398357988575e-08
1.038723613979917127e-08
1.019212343216868924e-08
1.000067570029947135e-08
9.812824101687625567e-09
9.628501086959364811e-09
9.447640375580927677e-09
9.270176932024853051e-09
9.096046942383914935e-09
8.925187791424377870e-09
8.757538040070097653e-09
8.593037403309928409e-09
8.431626728519742387e-09
8.273851101901865929e-09
8.120519923574018350e-09
7.970030281787929012e-09
7.822329517130190487e-09
7.677365946072622430e-09
7.535088842887284355e-09
7.395448421896464302e-09
7.258395820051652125e-09
7.123883079835354746e-09
6.991863132479776191e-09
6.862289781496491056e-09
6.735117686511345139e-09
6.610302347398902168e-09
6.487800088711041737e-09
6.367568044393865252e-09
6.249564142788089092e-09
6.133747091907284418e-09
6.020076364988960032e-09
5.908512186313420965e-09
5.799015517285421529e-09
5.691548042773768838e-09
5.586072157704061807e-09
5.482550953899892043e-09
5.380948207167997662e-09
5.281228364622542625e-09
5.183356532244522153e-09
5.087298462671609915e-09
4.993020543214298663e-09
4.900489784094132254e-09
4.809673806899906368e-09
4.720540833257797171e-09
4.633059673711437506e-09
4.547199716808162065e-09
4.462930918387317074e-09
4.380223791067268674e-09
4.299049393927146178e-09
4.219379322379817061e-09
4.141185698232538495e-09
4.064441159931793867e-09
3.989118852989000619e-09
3.915192420583413409e-09
3.841778708601460288e-09
3.755442752469844736e-09
3.671047016711794954e-09
3.588547898924929211e-09
3.507902776579890475e-09
3.429069984999600745e-09
3.352008795833674390e-09
3.276679396016346266e-09
3.203042867197428435e-09
3.131061165635377136e-09
3.060697102542292767e-09
2.991914324870671546e-09
2.924677296531884234e-09
2.858951280036668349e-09
2.794702318548324776e-09
2.731897218339169880e-09
2.670503531641250867e-09
2.610489539882460703e-09
2.551824237299382118e-09
2.494477314918401099e-09
2.438419144896811037e-09
2.383620765215816882e-09
2.330053864717532694e-09
2.277690768478242173e-09
2.226504423510364223e-09
2.176468384785734759e-09
2.127556801572990492e-09
2.079744404081987278e-09
2.033006490408351431e-09
1.987318913771473778e-09
1.942658070039179694e-09
1.899000885532920488e-09
1.856324805106887098e-09
1.814607780495107341e-09
1.773828258920342325e-09
1.733965171959012001e-09
1.694997924656387932e-09
1.656906384886366627e-09
1.619670872950329286e-09
1.583272151409806224e-09
1.547691415147595134e-09
1.512910281652245200e-09
1.471509189372569783e-09
1.429738436981283501e-09
1.389153403148842659e-09
1.349720429671331179e-09
1.311406813777908992e-09
1.274180781009529269e-09
1.238011458867559796e-09
1.202868851210468655e-09
1.168723813377221987e-09
1.135548028016890301e-09
1.103313981604355609e-09
1.071994941622631838e-09
1.041564934392900127e-09
1.011998723533881949e-09
9.832717890326780024e-10
9.553603069096654664e-10
9.282411294606939160e-10
9.018917660600905597e-10
8.762903645086032789e-10
8.514156929108228024e-10
8.272471220670365707e-10
8.037646083648997632e-10
7.809486771567500612e-10
7.587804066087922429e-10
7.372414120087481516e-10
7.163138305189239833e-10
6.959803063621271279e-10
6.762239764280574236e-10
6.570284562883080564e-10
6.383778266083466684e-10
6.202566199451992063e-10
6.026498079198973547e-10
5.855427887540764145e-10
5.689213751603415790e-10
5.527717825763730425e-10
5.370806177330650452e-10
5.218348675471286845e-10
5.070218883290071872e-10
4.926293952971555125e-10
4.786454523899435724e-10
4.650584623667820669e-10
4.505691467338394191e-10
4.356954725130158928e-10
4.213127910430961413e-10
4.074048942319915959e-10
3.939561090306471954e-10
3.809512797708063234e-10
3.683757510858283718e-10
3.562153513953044935e-10
3.444563769348531560e-10
3.330855763131202921e-10
3.220901355785514233e-10
3.114576637791301864e-10
3.011761789988017111e-10
2.912340948548393966e-10
2.816202074409578118e-10
2.723236827014334323e-10
2.633340442220166126e-10
2.546411614238877262e-10
2.462352381473238899e-10
2.381068016122450463e-10
2.302466917431703813e-10
2.226460508465719064e-10
2.152963136289877824e-10
2.081891975446416445e-10
2.013166934617039967e-10
1.946710566366598248e-10
1.882447979866242098e-10
1.820306756497662418e-10
1.760216868243270017e-10
1.702110598770464172e-10
1.645922467120871299e-10
1.591589153918770705e-10
1.539049430015376480e-10
1.488244087488632245e-10
1.439115872920821682e-10
1.391609422878676954e-10
1.345671201523376127e-10
1.301249440280087715e-10
1.258294079499047926e-10
1.216756712042510578e-10
1.176590528733884010e-10
1.136674468723053757e-10
1.096343256272858996e-10
1.057443066285520253e-10
1.019923123563253857e-10
9.837344545017314130e-11
9.488298231663750269e-11
9.151636696367776343e-11
8.826920505387526447e-11
8.513725816864489497e-11
8.211643827595871812e-11
7.920280239436640637e-11
7.639254744634550576e-11
7.368200529426240577e-11
7.106763795246928429e-11
6.854603296928104792e-11
6.611389897280961710e-11
6.376806137483962348e-11
6.150545822713698933e-11
5.932313622478548743e-11
5.721824685132945198e-11
5.518804266069483614e-11
5.322987369103404855e-11
5.134118400581406415e-11
4.951950835763183607e-11
4.776246897040541192e-11
4.606777243573660229e-11
4.443320671939708968e-11
4.285663827402976889e-11
4.133600925429555988e-11
3.986933483083352979e-11
3.845470059952463576e-11
3.709026008268030773e-11
3.577423231889314774e-11
3.450489953840328634e-11
3.328060492094831406e-11
3.209975043316712078e-11
3.096079474273728042e-11
2.986225120652238516e-11
2.880268593010293092e-11
2.778071589615965855e-11
2.679500715926391447e-11
2.584007993443036774e-11
2.489459826570254159e-11
2.398371152037147561e-11
2.310615387936906325e-11
2.226070583961122017e-11
2.144619251930785937e-11
2.066148202528204404e-11
1.990548388002752332e-11
1.917714750632117197e-11
1.847546076728137551e-11
1.779944855984647935e-11
1.714817145971742668e-11
1.652072441588057491e-11
1.591623549289902266e-11
1.533386465922202674e-11
1.477280261983058254e-11
1.423226969159557894e-11
1.371151471978661332e-11
1.320981403422568970e-11
1.272647044363471660e-11
1.226081226677932664e-11
1.181219239906340026e-11
1.137998741327610623e-11
1.096359669324313030e-11
1.056244159917642951e-11
1.017596466356427818e-11
9.803628816483461129e-12
9.444916639256510139e-12
9.099329645418238875e-12
8.766387587990886447e-12
8.445627792106294753e-12
8.136604512046895324e-12
7.838888311812591675e-12
7.552065468352660238e-12
7.275737396633093359e-12
7.009520095740424814e-12
6.753043615252788957e-12
6.505951541135986119e-12
6.267900500450926793e-12
6.038559684183145786e-12
5.817610387532251672e-12
5.604745567022028576e-12
5.397323766732214289e-12
5.197362003590305073e-12
5.004808487284613450e-12
4.819388754736137517e-12
4.640838511261196254e-12
4.468903253849261080e-12
4.303337908398204935e-12
4.143906480388892106e-12
3.990381718502068555e-12
3.842544790697413182e-12
3.700184972293409435e-12
3.563099345603485428e-12
3.431092510699819021e-12
3.303976306893159090e-12
3.181569544531106574e-12
3.063697746733050045e-12
2.950192900693124878e-12
2.840893218197237429e-12
2.735642905012396546e-12
2.634291938819733936e-12
2.536695855374896748e-12
2.442715542590613847e-12
2.352217042248426423e-12
