8.418108482084319361e-07
8.550017787824929119e-07
8.683994073930325918e-07
8.820069729380193957e-07
8.958277650680138746e-07
9.098651249814401103e-07
9.241224462323273448e-07
9.386031755507091414e-07
9.533108136758679065e-07
9.682489162026559048e-07
9.834210944410583660e-07
9.988310162892347895e-07
1.014482407120241845e-06
1.030379050682639880e-06
1.046524790015231970e-06
1.062923528376116752e-06
1.079579230186309816e-06
1.096495921988150044e-06
1.113677693418714114e-06
1.131128698198506810e-06
1.148853155135619217e-06
1.166855349145638339e-06
1.185139632287521388e-06
1.203710424815728647e-06
1.222572216248815888e-06
1.241729566454786392e-06
1.261187106753447999e-06
1.280949541036032062e-06
1.301021646902382184e-06
1.321408276815935527e-06
1.342114267783221732e-06
1.363144340070486518e-06
1.384503940141651585e-06
1.406198231486362104e-06
1.428232458502831521e-06
1.450611947765651675e-06
1.473342109313423059e-06
1.496428437956591055e-06
1.519876514605776135e-06
1.543692007620886429e-06
1.567880674181417984e-06
1.592448361678177544e-06
1.617401009126847126e-06
1.642744648603695764e-06
1.668485406703756892e-06
1.694629506021903567e-06
1.721183266657081362e-06
1.748153107740143624e-06
1.775545548985630656e-06
1.803367212267825497e-06
1.831624823221560643e-06
1.860325212868055013e-06
1.889475319266261011e-06
1.919082189190089495e-06
1.949152979831876682e-06
1.979694960532600984e-06
2.010715514539153651e-06
2.042222140789182674e-06
2.074222455723906345e-06
2.106724195129288864e-06
2.139735216006130274e-06
2.173263498469395963e-06
2.207317147677349453e-06
2.241904395790914512e-06
2.277033603963693097e-06
2.312713264363236682e-06
2.348952002223917007e-06
2.385758577932012027e-06
2.423141889143465307e-06
2.461110972934779657e-06
2.499675007987687050e-06
2.538843316807976840e-06
2.578625367979142537e-06
2.619030778451341384e-06
2.660069315866169036e-06
2.701750900917939232e-06
2.744085609751884793e-06
2.787083676399991444e-06
2.830755495254997245e-06
2.875111623583104819e-06
2.920162784076150067e-06
2.965919867443675030e-06
3.012393935045675693e-06
3.059596221566603265e-06
3.107538137731205067e-06
3.156231273063013533e-06
3.205686461077489943e-06
3.255916155458278577e-06
3.306932895680330986e-06
3.358749013914160675e-06
3.411377035562284488e-06
3.464829682286923671e-06
3.519119875085211196e-06
3.574260737412543167e-06
3.630265598354913721e-06
3.687147995850883518e-06
3.744921679964099149e-06
3.803600616207090242e-06
3.863198988917079030e-06
3.923731204684751940e-06
3.985211895836760166e-06
4.047655923972712840e-06
4.111078383557671618e-06
4.175494605570891629e-06
4.240920161211776973e-06
4.307370865663824933e-06
4.374862781917623631e-06
4.443412224653751010e-06
4.513035764186434874e-06
4.583750230469088687e-06
4.655572717162607430e-06
4.728520585767328997e-06
4.802611469819828338e-06
4.877863279155419337e-06
4.954294204237498600e-06
5.031922720554629858e-06
5.110767593086617504e-06
5.190847880840552685e-06
5.272182941457849213e-06
5.354792435893566972e-06
5.438696333168989269e-06
5.523914915198739934e-06
5.610468781693422725e-06
5.698378855139175559e-06
5.787666385855259344e-06
5.878352957130779179e-06
5.970460490442006659e-06
6.064011250751445944e-06
6.159027851889826900e-06
6.255533262022534709e-06
6.353550809201692311e-06
6.453104187005130626e-06
6.554217460263833915e-06
6.656915070879059672e-06
6.761221843730679728e-06
6.867162992677963991e-06
6.974764126654520364e-06
7.084051255858724929e-06
7.195050798041033214e-06
7.307789584889942848e-06
7.422294868517932360e-06
7.538592230886899504e-06
7.656703241647626253e-06
7.776664758502282779e-06
7.898505774283814311e-06
8.022255736070839683e-06
8.147944552304488218e-06
8.275602600016907754e-06
8.405260732172849865e-06
8.536950285126368565e-06
8.670703086194336698e-06
8.806551461348602862e-06
8.944528243028701436e-06
9.084666778076869092e-06
9.227000935797561592e-06
9.371565116143073466e-06
9.518394258027486565e-06
9.667523847770855019e-06
9.818989927675710283e-06
9.972829104737936115e-06
1.012907855949402601e-05
1.028777605500717612e-05
1.044895994599393313e-05
1.061266918809396527e-05
1.077894334728502664e-05
1.094782260944546795e-05
1.111934779006643992e-05
1.129356034411650504e-05
1.147050237606056863e-05
1.165021665003588700e-05
1.183274660018750755e-05
1.201813634116561419e-05
1.220643067878738514e-05
1.239767512086575689e-05
1.259191588820810808e-05
1.278919992578700958e-05
1.298957491408611568e-05
1.319308928062380336e-05
1.339979221165736854e-05
1.360973366407047446e-05
1.382296437744711851e-05
1.403953588633449072e-05
1.425950053269809516e-05
1.448291147857199562e-05
1.470982271890725000e-05
1.494028909462164718e-05
1.517436630585394303e-05
1.541211092542558062e-05
1.565358041251365860e-05
1.589883312653779925e-05
1.614792834126472089e-05
1.640092625913382149e-05
1.665788802580713460e-05
1.691887574494735385e-05
1.718395249322715186e-05
1.745318233557406897e-05
1.772663034065384186e-05
1.800362982738150594e-05
1.828463726574224078e-05
1.857003077408837276e-05
1.885987881185300448e-05
1.915425090700974812e-05
1.945321767275114976e-05
1.975685082442706132e-05
2.006522319674743589e-05
2.037840876125393064e-05
2.069648264406390536e-05
2.101952114389134317e-05
2.134760175034943006e-05
2.168080316253843877e-05
2.201920530792371813e-05
2.236288936150878861e-05
2.271193776530704421e-05
2.306643424811801336e-05
2.342646384561184166e-05
2.379211292072749530e-05
2.416346918438909983e-05
2.454062171654612675e-05
2.492366098754125994e-05
2.531267887981254521e-05
2.570776870993368574e-05
2.610902525099868332e-05
2.651654475535554544e-05
2.693042497769541064e-05
2.735076519850125303e-05
2.777766624786339941e-05
2.821123052966622983e-05
2.865156204615235328e-05
2.909876642287075361e-05
2.955295093401378789e-05
3.001422452814964421e-05
3.048269785435699772e-05
3.095848328876704220e-05
3.144169496151977484e-05
3.193244878414163595e-05
3.243086247734981947e-05
3.293705559929065396e-05
3.345114957421926405e-05
3.397326772162629591e-05
3.450353528581928252e-05
3.504207946596636024e-05
3.558902944660794051e-05
3.614451642864564747e-05
3.670867366081411842e-05
3.728163647164454427e-05
3.786354230192659064e-05
3.845453073767786102e-05
3.905474354362682460e-05
3.966432469721946791e-05
4.028342042315601296e-05
4.091217922846666672e-05
4.155075193813556367e-05
4.219072950004685766e-05
4.280558299741290634e-05
4.342939687132856642e-05
4.406230170305945989e-05
4.470442997685700041e-05
4.535591610769044855e-05
4.601689646938387579e-05
4.668750942316322812e-05
4.736789534661853051e-05
4.805819666308913364e-05
4.875855787147659700e-05
4.946912557649266911e-05
5.019004851934704727e-05
5.092147760888336000e-05
5.166356595316832573e-05
5.241646889154182606e-05
5.318034402713310474e-05
5.395535125985164381e-05
5.474165281985895809e-05
5.553941330152711495e-05
5.634879969789316153e-05
5.716998143561566624e-05
5.800313041043965619e-05
5.884842102317955261e-05
5.970603021622576911e-05
6.057613751058408684e-05
6.145892504345354618e-05
6.235457760635325635e-05
6.326328268380399813e-05
6.418523049257443156e-05
6.512061402149780414e-05
6.606962907187036724e-05
6.703247429843764709e-05
6.800935125097880220e-05
6.900046441649574887e-05
7.000602126201833030e-05
7.102623227803264445e-05
7.206131102254293905e-05
7.311147416577429715e-05
7.417694153552805304e-05
7.525793616319823270e-05
7.635468433045700120e-05
7.746741561662283219e-05
7.859636294671668499e-05
7.974176264022012127e-05
8.090385446054330313e-05
8.208288166521386360e-05
8.327909105679796604e-05
8.449273303456184643e-05
8.572406164688771652e-05
8.697333464445351444e-05
8.824081353418616587e-05
8.952676363400274839e-05
9.083145412834865294e-05
9.215515812454499371e-05
9.349815270995823636e-05
9.470401288801990876e-05
9.585714955212093187e-05
9.702432705911260581e-05
9.820571637335279494e-05
9.940149054089859719e-05
1.006118247148529173e-04
1.018368961810215691e-04
1.030768843838808123e-04
1.043319709528615701e-04
1.056023397289546539e-04
1.068881767916384277e-04
1.081896704861355152e-04
1.095070114510011245e-04
1.108403926460468908e-04
1.121900093806052148e-04
1.135560593421371697e-04
1.149387426251893867e-04
1.163382617607035632e-04
1.177548217456817387e-04
1.191886300732145071e-04
1.206398967628731283e-04
1.221088343914728837e-04
1.235956581242107527e-04
1.251005857461820860e-04
1.266238376942804757e-04
1.281656370894876276e-04
1.297262097695543043e-04
1.313057843220814748e-04
1.329045921180018060e-04
1.345228673454714158e-04
1.361608470441717799e-04
1.378187711400314969e-04
1.394968824803695352e-04
1.411954268694661180e-04
1.429146531045685353e-04
1.446548130123329946e-04
1.464161614857119168e-04
1.481989565212900913e-04
1.500034592570743800e-04
1.518299340107454000e-04
1.536786483183728109e-04
1.555498729736037487e-04
1.574438820673279820e-04
1.593609530278256210e-04
1.613013666614033397e-04
1.632654071935271906e-04
1.652533623104536096e-04
1.672655232013702409e-04
1.693021846010470133e-04
1.713636448330086370e-04
1.734502058532322072e-04
1.755621732943765537e-04
1.776998565105497347e-04
1.798635686226233749e-04
1.820536265640962880e-04
1.841879889343194887e-04
1.860123060868063396e-04
1.878546924580957675e-04
1.897153270174355057e-04
1.915943905067001734e-04
1.934920654579494687e-04
1.953370803697991847e-04
1.971633847309161073e-04
1.990067641277256110e-04
2.008673782033027681e-04
2.027453880933056723e-04
2.046244894897412589e-04
2.064111241289139206e-04
2.082133583834691484e-04
2.100313284580871537e-04
2.118651717466906185e-04
2.137150268428270159e-04
2.154968375009205816e-04
2.172363372115590963e-04
2.189898782384338812e-04
2.207575739236517409e-04
2.225395385242216403e-04
2.243258076936451115e-04
2.259771337423431363e-04
2.276406156715753625e-04
2.293163429642348634e-04
2.310044057619231248e-04
2.327048948697995180e-04
2.343204675049831236e-04
2.358602464714610876e-04
2.374101437143786328e-04
2.389702257234852293e-04
2.405405594254515170e-04
2.421212121867402189e-04
2.435024402599019540e-04
2.448907147143716649e-04
2.462869041037345523e-04
2.476910535532129412e-04
2.491032084453021194e-04
2.504166535017137850e-04
2.516122264819327793e-04
2.528135075280130584e-04
2.540205238921735501e-04
2.552333029567432974e-04
2.564518722347846583e-04
2.574333585902035919e-04
2.583998138171377879e-04
2.593698973062004962e-04
2.603436226785986354e-04
2.613210036066747062e-04
2.621841670862639284e-04
2.628688303622344073e-04
2.635552815562423575e-04
2.642435253372264628e-04
2.649335663863179656e-04
2.656254093968724332e-04
2.660388486787049656e-04
2.664075715566925173e-04
2.667768054749338575e-04
2.671465511417174489e-04
2.675168092663133363e-04
2.677718653515463688e-04
2.677889079463148980e-04
2.678059516257755507e-04
2.678229963899974447e-04
2.678400422390497522e-04
2.678570891730010489e-04
2.675641942689101780e-04
2.671909352813902532e-04
2.668181969998345690e-04
2.664459786978446917e-04
2.660742796500358085e-04
2.655948977852924707e-04
2.648081471638126603e-04
2.640237270710652493e-04
2.632416306035102694e-04
2.624618508780575399e-04
2.616843810320068739e-04
2.606002512660780856e-04
2.594042999389177496e-04
2.582138370929465301e-04
2.570288375403281269e-04
2.558492762088198096e-04
2.545922452614239541e-04
2.529939111594516760e-04
2.514056114239971622e-04
2.498272830591502752e-04
2.482588634644902368e-04
2.467002904326026430e-04
2.448725796984647777e-04
2.429145554152592750e-04
2.409721876792191670e-04
2.390453512991145668e-04
2.371339220847557667e-04
2.351895090964196576e-04
2.329232946930079307e-04
2.306789168406480012e-04
2.284561651289916261e-04
2.262548311751404933e-04
2.240747086041101725e-04
2.217203166801214281e-04
2.192566183172731716e-04
2.168202959284177037e-04
2.144110453188683048e-04
2.120285656740697705e-04
2.096576873005637134e-04
2.070675085304091764e-04
2.045093296651841381e-04
2.019827553677299185e-04
1.994873951850107286e-04
1.970228634877737271e-04
1.945018600408081561e-04
1.919347607008975594e-04
1.894015427800110527e-04
1.869017591000678299e-04
1.844349683849908243e-04
1.820007351828085713e-04
1.795134492706594532e-04
1.770592020900547600e-04
1.746385085470629852e-04
1.722509099076963753e-04
1.698959537096223556e-04
1.675704581300491657e-04
1.652735610970221855e-04
1.630081477517478434e-04
1.607737865456717338e-04
1.585700518454974265e-04
1.563965238521073883e-04
1.542779371487485774e-04
1.521901734277972338e-04
1.501306623360623531e-04
1.480990215452898911e-04
1.460948739010772769e-04
1.441218707712830800e-04
1.421817916554909576e-04
1.402678286798473618e-04
1.383796302850936457e-04
1.365168496444426846e-04
1.346791445998751671e-04
1.328288184827300876e-04
1.309975901696525883e-04
1.291916078624715837e-04
1.274105235102041282e-04
1.256539938602302907e-04
1.238808129735364041e-04
1.220469552638219326e-04
1.202402448904767401e-04
1.184602799805155657e-04
1.167066646100417142e-04
1.149790087161793877e-04
1.131401231956967988e-04
1.112939939988741566e-04
1.094779884479790748e-04
1.076916150096751543e-04
1.059343901710697210e-04
1.041674888321629609e-04
1.023182324195256608e-04
1.005018053408582833e-04
9.871762478613971877e-05
9.696511829181280492e-05
9.524372355710624826e-05
9.348570155885644944e-05
9.173426982122298134e-05
9.001565072852298467e-05
8.832922954388430802e-05
8.667440304738003437e-05
8.504656977725456456e-05
8.343191041713545993e-05
8.184790631866930145e-05
8.029397547360733799e-05
7.876954692347054663e-05
7.727406054976453543e-05
7.578528401309753886e-05
7.431377198768312109e-05
7.287083210089873530e-05
7.145590957161313645e-05
7.006846039080158006e-05
6.869896518820572506e-05
6.728963152332891008e-05
6.590920981329061092e-05
6.455710694011317628e-05
6.323274195341371318e-05
6.193554582078979296e-05
6.059935161667884122e-05
5.924610096409245517e-05
5.792306989768737044e-05
5.662958358062774038e-05
5.536498224593125938e-05
5.412707790641073201e-05
5.288766346270888186e-05
5.167662941977256617e-05
5.049332591657148070e-05
4.933711797274421606e-05
4.820738514785808575e-05
4.712676062187190625e-05
4.609173851481934269e-05
4.507944809456111029e-05
4.408939011612359333e-05
4.312107629920748078e-05
4.217402908737636713e-05
4.129286369943690506e-05
4.043094197381391647e-05
3.958701146978565755e-05
3.876069664970792025e-05
3.795162981467703099e-05
3.715446497119282522e-05
3.636802284688307149e-05
3.559822720679448277e-05
3.484472569767905342e-05
3.410717342448866803e-05
3.338523279250935614e-05
3.266681432916302943e-05
3.196277107397888759e-05
3.127390153301676793e-05
3.059987867863770637e-05
2.994038253138367283e-05
2.928812145557362724e-05
2.863893702987803933e-05
2.800414206986423971e-05
2.738341762653321448e-05
2.677645182053474071e-05
2.618293968546500026e-05
2.558957170597253944e-05
2.500734049867308668e-05
2.443835660878269044e-05
2.388231862439439869e-05
2.333893199152831051e-05
2.281453794003243950e-05
2.231619640248591334e-05
2.182874021745873059e-05
2.135193161448517050e-05
2.088553801675725171e-05
2.042933192767862129e-05
1.999927254212368865e-05
1.958277393352338434e-05
1.917494919496517069e-05
1.877561768713841255e-05
1.838460253267053542e-05
1.800229109734893500e-05
1.762962378256539600e-05
1.726467109292352745e-05
1.690727332715976334e-05
1.655727409000311930e-05
1.621452022373747487e-05
1.587716060857294711e-05
1.554614286644412518e-05
1.522202640523734210e-05
1.490466734239793704e-05
1.459392479513181822e-05
1.429144416343091476e-05
1.400334951974448435e-05
1.372106244335298154e-05
1.344446586218090403e-05
1.317344506415476810e-05
1.290788764962900338e-05
1.265491470127081298e-05
1.241083243208966071e-05
1.217145791128413610e-05
1.193670033793356440e-05
1.170647066244427317e-05
1.148098359381893681e-05
1.126224967677580735e-05
1.104768304436241323e-05
1.083720430211899279e-05
1.063073556819665732e-05
1.042820044453935149e-05
1.023285947573757380e-05
1.004359099359519280e-05
9.857823249288351017e-06
9.675491492652359363e-06
9.496532171151069560e-06
9.321525940846950891e-06
9.164211821545486535e-06
9.009552603629123781e-06
8.857503481829292403e-06
8.708020407030595160e-06
8.561060073509631327e-06
8.416579906389173285e-06
8.274538049304162326e-06
8.134893352275695093e-06
7.997605359789744666e-06
7.862634299077145134e-06
7.729941068591277060e-06
7.599487226680157160e-06
7.471234980449827837e-06
7.345147174815617776e-06
7.221187281738202258e-06
7.099319389641289359e-06
6.979508193007989443e-06
6.861718982152614501e-06
6.745917633165176488e-06
6.632070598025638694e-06
6.520144894884942816e-06
6.410108098509996195e-06
6.301928330890033238e-06
6.195574252001439753e-06
6.091015050728448296e-06
5.988220435937059228e-06
5.887160627699591346e-06
5.787806348667402284e-06
5.690128815589024992e-06
5.594099730971678946e-06
5.499691274883382887e-06
5.406876096893371115e-06
5.315627308148635584e-06
5.225918473584128114e-06
5.137723604264433973e-06
5.051017149854689129e-06
4.965773991218606658e-06
4.881969433141327012e-06
4.799579197175142267e-06
4.718579414605989488e-06
4.638946619538607482e-06
4.557213548089058508e-06
4.476143999145463780e-06
4.396516619127368769e-06
4.318305752887587531e-06
4.241486201665555491e-06
4.166033214968513567e-06
4.091922482597169848e-06
4.019130126813130028e-06
3.947632694645832471e-06
3.877407150336161358e-06
3.808430867914578410e-06
3.740681623911271470e-06
3.674137590195916063e-06
3.608777326944960743e-06
3.544579775733875617e-06
3.481524252752324845e-06
3.419590442140099354e-06
3.358758389441493127e-06
3.299008495176232502e-06
3.240321508524663019e-06
3.182678521125377761e-06
3.126060960983101025e-06
3.070450586485000667e-06
3.015829480523367463e-06
2.962180044722981816e-06
2.909484993771039200e-06
2.857727349848009337e-06
2.806890437157562640e-06
2.756957876553748752e-06
2.707913580263870744e-06
2.659741746705120782e-06
2.612426855393461072e-06
2.565953661943115299e-06
2.520307193154935855e-06
2.475472742192232292e-06
2.431435863842333073e-06
2.388182369862518568e-06
2.345698324408694776e-06
2.303970039545392801e-06
2.262984070835665976e-06
2.222727213009432400e-06
2.176284077519093523e-06
2.126024044140713805e-06
2.076924737425401780e-06
2.028959351056173961e-06
1.982101697792580755e-06
1.936326195173464979e-06
1.891607851549965174e-06
1.847922252441003849e-06
1.805245547203960917e-06
1.763554436013145141e-06
1.722826157138969478e-06
1.683038474520962993e-06
1.644169665627705664e-06
1.606198509597199905e-06
1.569104275651099706e-06
1.532866711776488888e-06
1.497466033669097991e-06
1.462882913931805659e-06
1.429098471522658786e-06
1.396094261446551854e-06
1.363852264684957250e-06
1.332354878358266299e-06
1.301584906115268950e-06
1.271525548744638047e-06
1.242160395003208300e-06
1.213473412656058373e-06
1.185448939723555958e-06
1.158071675930496008e-06
1.131326674352767688e-06
1.105199333256909579e-06
1.079675388128115734e-06
1.054740903882385006e-06
1.030382267258480849e-06
1.006586179385639038e-06
9.833396485228965297e-07
9.606299829660938910e-07
9.384447841187136999e-07
9.167719397227074785e-07
8.955996172456896748e-07
8.749162574208317796e-07
8.547105679359395905e-07
8.331495270314469426e-07
8.089311402773990394e-07
7.854167451094214095e-07
7.625858775652242658e-07
7.404186685387090313e-07
7.188958264884027028e-07
6.979986206485319409e-07
6.777088647281398626e-07
6.580089010840227941e-07
6.388815853537487452e-07
6.203102715353719431e-07
6.022787975008375528e-07
5.847714709305283201e-07
5.677730556566342069e-07
5.512687584035182178e-07
5.352442159135176857e-07
5.196854824469742430e-07
5.045790176456208111e-07
4.899116747487700928e-07
4.756706891520259316e-07
4.618436672985853336e-07
4.484185758934487715e-07
4.353837314311569290e-07
4.227277900279490741e-07
4.104397375494719274e-07
3.985088800254692748e-07
3.869248343430984101e-07
3.756775192107771473e-07
3.647571463847063921e-07
3.541542121504122569e-07
3.438594890519136526e-07
3.338640178613105477e-07
3.241590997817977250e-07
3.147362888773353450e-07
3.055873847223704087e-07
2.967044252652199531e-07
2.880796798989078089e-07
2.797056427334155758e-07
2.715750260635081050e-07
2.636807540264330112e-07
2.560159564439816170e-07
2.484439208013524062e-07
2.402344389853565308e-07
2.322962280117690836e-07
2.246203241150825744e-07
2.171980597248812268e-07
2.100210536784881928e-07
2.030812017570220167e-07
1.963706675341782196e-07
1.898818735273975158e-07
1.836074926414317356e-07
1.775404398946448458e-07
1.716738644187072213e-07
1.660011417226502491e-07
1.605158662125427711e-07
1.552118439583442865e-07
1.500830856997674271e-07
1.451238000832518894e-07
1.403283871224160456e-07
1.356914318745929333e-07
1.312076983263222842e-07
1.268721234808833903e-07
1.226798116411990839e-07
1.186260288816540577e-07
1.147061977025830006e-07
1.109158918613934913e-07
1.072508313744875541e-07
1.037068776843372880e-07
1.002800289862602070e-07
9.696641570961039417e-08
9.376229614829161102e-08
9.066405223565091912e-08
8.766818545898606830e-08
8.477131290905412113e-08
8.197016346011484273e-08
7.926157407620280475e-08
7.664248623945095504e-08
7.410994249643615826e-08
7.166108311864741771e-08
6.929314287330115561e-08
6.700344790086329533e-08
6.478941269574787098e-08
6.264853718678297605e-08
6.046536129759349022e-08
5.834601745146567628e-08
5.630095776145186688e-08
5.432757852742115788e-08
5.242336731035058241e-08
5.058589973357257762e-08
4.881283639614317696e-08
4.710191989439513645e-08
4.545097194788936725e-08
4.385789062610273929e-08
4.232064767232116105e-08
4.083728592133387521e-08
3.940591680763628217e-08
3.802471796097343420e-08
3.669193088616052198e-08
3.540585872422620025e-08
3.416486409203095511e-08
3.296736699760574344e-08
3.181184282856065075e-08
3.069682041100055173e-08
2.962088013647623725e-08
2.858265215458815848e-08
2.758081462893941441e-08
2.661409205421858772e-08
2.568125363227028595e-08
2.478111170508451666e-08
2.391252024271166254e-08
2.307437338417606658e-08
2.226560402953143825e-08
2.148518248126593781e-08
2.073211513332607977e-08
2.000544320609198847e-08
1.930424152569153953e-08
1.862761734610083873e-08
1.797470921253033418e-08
1.734468586464984585e-08
1.673674517825674805e-08
1.615011314403848073e-08
1.558404288213055741e-08
1.503781369121449873e-08
1.451073013094541570e-08
1.399348029871243965e-08
1.349057362361724352e-08
1.300574073134491001e-08
1.253833207468985763e-08
1.208772145029056058e-08
1.165330515968400925e-08
1.123450120050982698e-08
1.083074848678204464e-08
1.044150609718288573e-08
1.006625255037197407e-08
9.704485106340042795e-09
9.355719092870923369e-09
9.019487256209602048e-09
8.695339135066287209e-09
8.382840457118105183e-09
8.081572557199676888e-09
7.791131816403007174e-09
7.511129121335335553e-09
7.241189342810846006e-09
6.980950833277042411e-09
6.730064942303256192e-09
6.488195549481794734e-09
6.255018614115848469e-09
6.030221741091165982e-09
5.813503762349442369e-09
5.604574333403468408e-09
5.403153544352490329e-09
5.208971544877419909e-09
5.021768182713064189e-09
4.841292655113287221e-09
4.667303172842034655e-09
4.499566636239979313e-09
4.337858322932884370e-09
4.181961586763466586e-09
4.031667567543069812e-09
3.886774911234497957e-09
3.747089500191161417e-09
3.612424193091057806e-09
3.482598574217093309e-09
3.357438711748022660e-09
3.236776924735927466e-09
3.119921369389644745e-09
3.006639116743382152e-09
2.897470066721557350e-09
2.792264871695276488e-09
2.690879606747862739e-09
2.593175572779878017e-09
2.499019106763160667e-09
2.408281398884464135e-09
2.320838316328487282e-09
2.236570233459179833e-09
2.155361868167140794e-09
2.077102124159042330e-09
2.001683938973463311e-09
1.929004137515168149e-09
1.858963290907412514e-09
1.791465580469313096e-09
1.726418666632023077e-09
1.663733562614516229e-09
1.603324512686115630e-09
1.545108874849195985e-09
1.489007007781664478e-09
1.434942161884417851e-09
1.382840374284826745e-09
1.332630367652571615e-09
1.284243452689380238e-09
1.237613434159353227e-09
1.192676520331208978e-09
1.149371235708649098e-09
1.107638336929423842e-09
1.067420731718023492e-09
1.028663400781188017e-09
9.913133225392946221e-10
9.553194005907157114e-10
9.206323938099156823e-10
8.872048489835821687e-10
8.549910358927705764e-10
8.239468847521145598e-10
7.940299259206009165e-10
7.651992318014033189e-10
7.374153608512805535e-10
7.106403036229851475e-10
6.848187088190912748e-10
6.598688082885309392e-10
6.358279038593769128e-10
6.126628782087168500e-10
5.903418205722584282e-10
5.688339827859536464e-10
5.481097369291407406e-10
5.281405345108920361e-10
5.088988671432957743e-10
4.903582286475472128e-10
4.724930785406011699e-10
4.552788068521206761e-10
4.386917002232448142e-10
4.227089092404654789e-10
4.073084169596412609e-10
3.924690085767613357e-10
3.781702422036823387e-10
3.643924207086049915e-10
3.511165645824671176e-10
3.383243857939071359e-10
3.259982625967518789e-10
3.141212152553465001e-10
3.026768826542797329e-10
2.916494997602774924e-10
2.810238759052352075e-10
2.707853738604548193e-10
2.609198896732614254e-10
2.514138332382402143e-10
2.422541095763135129e-10
2.334281007958712097e-10
2.249236487111178890e-10
2.167290380936740794e-10
2.088329805343730276e-10
2.012245988930225955e-10
1.938934123146940340e-10
1.868293217919269552e-10
