6.931491121298138834e-10
7.023200268466082546e-10
7.116122800680172102e-10
7.210274771990859861e-10
7.305672448856350649e-10
7.402332312953167104e-10
7.500271064023412867e-10
7.599505622760202941e-10
7.700053133730771075e-10
7.801930968338753470e-10
7.905156727825193834e-10
8.009748246309572611e-10
8.115723593871068201e-10
8.223101079670265252e-10
8.331899255112655210e-10
8.441697280348170037e-10
8.552472445449088526e-10
8.664701244433765646e-10
8.778402752439393108e-10
8.893596294914269466e-10
9.010301450902689427e-10
9.128538056372582889e-10
9.248326207587001784e-10
9.369686264519851788e-10
9.492638854316246277e-10
9.617204874798672659e-10
9.743405498018750826e-10
9.871262173855831742e-10
1.000079663366277945e-09
1.013203089395942557e-09
1.026381691883389967e-09
1.039728462871143753e-09
1.053248791412786482e-09
1.066944934400601560e-09
1.080819178074861060e-09
1.094873838405431637e-09
1.109111261478383241e-09
1.123533823887624393e-09
1.138143933131590917e-09
1.152944028015132261e-09
1.167936579056626016e-09
1.183124088900342543e-09
1.198509092734215436e-09
1.214094158713043880e-09
1.229809332171073273e-09
1.245641667204108485e-09
1.261677824753404700e-09
1.277920428791861067e-09
1.294372137072911975e-09
1.311035641565427800e-09
1.327913668894160674e-09
1.345008980785940382e-09
1.362324374521535009e-09
1.379862683393381052e-09
1.397626777169207813e-09
1.415619562561574480e-09
1.433843983703536615e-09
1.452303022630349201e-09
1.470999699767431444e-09
1.489744765426646624e-09
1.508717743347915095e-09
1.527932355876369489e-09
1.547391680403636229e-09
1.567098833514152399e-09
1.587056971484319406e-09
1.607269290787984777e-09
1.627739028608422709e-09
1.648469463356773857e-09
1.669463915197117253e-09
1.690725746578231844e-09
1.712258362772095411e-09
1.734065212419308856e-09
1.756149788081401589e-09
1.778399377306199801e-09
1.800776975950049739e-09
1.823436151908557834e-09
1.846380448268975599e-09
1.869613452701189292e-09
1.893138798018765089e-09
1.916960162746928939e-09
1.941081271697820212e-09
1.965505896552856014e-09
1.990237856452551493e-09
2.015281018593632163e-09
2.040639298833792673e-09
2.066316662303928753e-09
2.092317124028210827e-09
2.118644749551831373e-09
2.144974501616021894e-09
2.171602533086402076e-09
2.198561128887254072e-09
2.225854392693167761e-09
2.253486479122383162e-09
2.281461594369179109e-09
2.309783996844162337e-09
2.338457997822453233e-09
2.367487962100007749e-09
2.396878308657996875e-09
2.426633511335479011e-09
2.456758099510424383e-09
2.487256658789142374e-09
2.518133831704368605e-09
2.549204898987919454e-09
2.580379730275127275e-09
2.611935805967678693e-09
2.643877788393802248e-09
2.676210396898487046e-09
2.708938408540668633e-09
2.742066658799111836e-09
2.775600042286754847e-09
2.809543513473951696e-09
2.843902087420448919e-09
2.878680840516313988e-09
2.913884911232039641e-09
2.949519500877644639e-09
2.985589874371249457e-09
3.022101361016858913e-09
3.058531155341801845e-09
3.095336354836658072e-09
3.132584454089958684e-09
3.170280782788752681e-09
3.208430734755565151e-09
3.247039768720076138e-09
3.286113409100293463e-09
3.325657246792913876e-09
3.365676939973410610e-09
3.406178214905532591e-09
3.447166866760761252e-09
3.488648760447408967e-09
3.530629831449919509e-09
3.573116086678038438e-09
3.615807506214920385e-09
3.658503976568212181e-09
3.701704618832603363e-09
3.745415386411606147e-09
3.789642303008179263e-09
3.834391463454857472e-09
3.879669034553667865e-09
3.925481255925969015e-09
3.971834440872320947e-09
4.018734977242508738e-09
4.066189328315840535e-09
4.114204033691843230e-09
4.162785710191469949e-09
4.211941052768955005e-09
4.261676835434430476e-09
4.311090669967251233e-09
4.360936163800652854e-09
4.411357978905329084e-09
4.462362778796500042e-09
4.513957304034029525e-09
4.566148373113115714e-09
4.618942883365468057e-09
4.672347811870804887e-09
4.726370216378896756e-09
4.781017236242358988e-09
4.836296093360043726e-09
4.892214093131529429e-09
4.948778625422547351e-09
5.005997165541573311e-09
5.063390243361543785e-09
5.120540568320286140e-09
5.178335947182839223e-09
5.236783660652098274e-09
5.295891071608105709e-09
5.355665626035411571e-09
5.416114853961244414e-09
5.477246370403923505e-09
5.539067876332325468e-09
5.601587159635830482e-09
5.664812096105568589e-09
5.728750650426381303e-09
5.793410877180350512e-09
5.858800921861275117e-09
5.924929021900979654e-09
5.990278085396862820e-09
6.056054623442021255e-09
6.122553423942339544e-09
6.189782417735642836e-09
6.257749622744700859e-09
6.326463144933398249e-09
6.395931179273622659e-09
6.466162010722548874e-09
6.537164015210643190e-09
6.608945660640763586e-09
6.681515507897983472e-09
6.754882211870505448e-09
6.829054522482033991e-09
6.904041285735235672e-09
6.979079968638193870e-09
7.053328567604745220e-09
7.128367077916812715e-09
7.204203903233788161e-09
7.280847536619298299e-09
7.358306561492533655e-09
7.436589652589428268e-09
7.515705576934060074e-09
7.595663194820667321e-09
7.676471460805831860e-09
7.758139424711217263e-09
7.840676232637257984e-09
7.924091127987318145e-09
8.008393452502932888e-09
8.093592647309875868e-09
8.177169347733185565e-09
8.261023670278867490e-09
8.345737892761904861e-09
8.431320833188028913e-09
8.517781399988965781e-09
8.605128592949641449e-09
8.693371504144857913e-09
8.782519318885918673e-09
8.872581316676594751e-09
8.963566872179114483e-09
9.055485456189834628e-09
9.148346636625282677e-09
9.242160079517991317e-09
9.336935550022532035e-09
9.431472886145130468e-09
9.524119331605156491e-09
9.617675853779603848e-09
9.712151392456956373e-09
9.807554975242270493e-09
9.903895718419805499e-09
1.000118282782413406e-08
1.009942559971980578e-08
1.019863342168964327e-08
1.029881577353177975e-08
1.039998222816547978e-08
1.050214245254595795e-08
1.060530620858798070e-08
1.070948335409875061e-08
1.081468384371984680e-08
1.091677994384173422e-08
1.101870919307155261e-08
1.112159014893118783e-08
1.122543169744220690e-08
1.133024280759436921e-08
1.143603253212036227e-08
1.154281000827754859e-08
1.165058445863734910e-08
1.175936519188162452e-08
1.186916160360687855e-08
1.197998317713557314e-08
1.209183948433542776e-08
1.220474018644597466e-08
1.231869503491309969e-08
1.243187002489471522e-08
1.254114597790985040e-08
1.265138246493020531e-08
1.276258792903542671e-08
1.287477088751971488e-08
1.298793993254414992e-08
1.310210373179478831e-08
1.321727102914651177e-08
1.333345064533273917e-08
1.345065147862099981e-08
1.356888250549446570e-08
1.368815278133946112e-08
1.380847144113902045e-08
1.392984770017254566e-08
1.405229085472160974e-08
1.416922711981442066e-08
1.428504425511639192e-08
1.440180806229511142e-08
1.451952627930437603e-08
1.463820670734686087e-08
1.475785721139109562e-08
1.487848572069268594e-08
1.500010022931978159e-08
1.512270879668284260e-08
1.524631954806874316e-08
1.537094067517923316e-08
1.549658043667379856e-08
1.562324715871697376e-08
1.575094923553011078e-08
1.587700622191870382e-08
1.599581074491958389e-08
1.611550425886044950e-08
1.623609341588609028e-08
1.635758491791807375e-08
1.647998551702700305e-08
1.660330201580804040e-08
1.672754126775872682e-08
1.685271017765998482e-08
1.697881570195995336e-08
1.710586484916041354e-08
1.723386468020638409e-08
1.736282230887865821e-08
1.749274490218891473e-08
1.762363968077831655e-08
1.774546834283796650e-08
1.786446847861762847e-08
1.798426662277005852e-08
1.810486812669548242e-08
1.822627837768048327e-08
1.834850279913832733e-08
1.847154685085155949e-08
1.859541602921555834e-08
1.872011586748439412e-08
1.884565193601771235e-08
1.897202984252968540e-08
1.909925523233962837e-08
1.922733378862389546e-08
1.935627123267006922e-08
1.948235948354057733e-08
1.959604791721847512e-08
1.971039977464460229e-08
1.982541892719836032e-08
1.994110926885053521e-08
2.005747471629500442e-08
2.017451920908121155e-08
2.029224670974779235e-08
2.041066120395659458e-08
2.052976670062748857e-08
2.064956723207439541e-08
2.077006685414143757e-08
2.089126964634058178e-08
2.101317971198958296e-08
2.113580117835080497e-08
2.124421756350768789e-08
2.134697857673313881e-08
2.145023665819880611e-08
2.155399421228771881e-08
2.165825365501319765e-08
2.176301741407514977e-08
2.186828792891651877e-08
2.197406765078029402e-08
2.208035904276630156e-08
2.218716457988873951e-08
2.229448674913377957e-08
2.240232804951745315e-08
2.251069099214386501e-08
2.261957810026364188e-08
2.272414170434784596e-08
2.280891753845971738e-08
2.289400964159261599e-08
2.297941919363567050e-08
2.306514737887996708e-08
2.315119538603456685e-08
2.323756440824338368e-08
2.332425564310134401e-08
2.341127029267137710e-08
2.349860956350069069e-08
2.358627466663789358e-08
2.367426681764940693e-08
2.376258723663668947e-08
2.385123714825278440e-08
2.394021778171968027e-08
2.400867500745448460e-08
2.406750941478912574e-08
2.412648799865518018e-08
2.418561111236414234e-08
2.424487911009335633e-08
2.430429234688795149e-08
2.436385117866325780e-08
2.442355596220674476e-08
2.448340705518021179e-08
2.454340481612196534e-08
2.460354960444878100e-08
2.466384178045835853e-08
2.472428170533131706e-08
2.478486974113321999e-08
2.483963203041431731e-08
2.486468646309169966e-08
2.488976616685994326e-08
2.491487116720862200e-08
2.494000148965301523e-08
2.496515715973429968e-08
2.499033820301924833e-08
2.501554464510048192e-08
2.504077651159637959e-08
2.506603382815132044e-08
2.509131662043538899e-08
2.511662491414461350e-08
2.514195873500089641e-08
2.516731810875222944e-08
2.519270306117242559e-08
2.519125883339878389e-08
2.517560399942561512e-08
2.515995889397884985e-08
2.514432351101285330e-08
2.512869784448559054e-08
2.511308188835894422e-08
2.509747563659848617e-08
2.508187908317354364e-08
2.506629222205719266e-08
2.505071504722625474e-08
2.503514755266129023e-08
2.501958973234660498e-08
2.500404158027024366e-08
2.498850309042397991e-08
2.496651843926406983e-08
2.490511015887437565e-08
2.484385291984471645e-08
2.478274635066999182e-08
2.472179008075871243e-08
2.466098374043111401e-08
2.460032696091649387e-08
2.453981937435139771e-08
2.447946061377696602e-08
2.441925031313713082e-08
2.435918810727597862e-08
2.429927363193594718e-08
2.423950652375521158e-08
2.417988642026587437e-08
2.412041295989137816e-08
2.403001663385604862e-08
2.392157372398268457e-08
2.381362019640489312e-08
2.370615384263309727e-08
2.359917246414421074e-08
2.349267387233681147e-08
2.338665588848603042e-08
2.328111634369935702e-08
2.317605307887189530e-08
2.307146394464256963e-08
2.296734680134977462e-08
2.286369951898797459e-08
2.276051997716377037e-08
2.265780606505286935e-08
2.254974649487500765e-08
2.239723144995548823e-08
2.224574793942297820e-08
2.209528898650213274e-08
2.194584766160515078e-08
2.179741708201232447e-08
2.164999041155515619e-08
2.150356086030166267e-08
2.135812168424334669e-08
2.121366618498492823e-08
2.107018770943554471e-08
2.092767964950246921e-08
2.078613544178688993e-08
2.064554856728132094e-08
2.050591255106970951e-08
2.033770084983020758e-08
2.015141323015378292e-08
1.996683195267901095e-08
1.978394138779124911e-08
1.960272604903871994e-08
1.942317059182119485e-08
1.924525981209066877e-08
1.906897864506392959e-08
1.889431216394695307e-08
1.872124557867098732e-08
1.854976423464002940e-08
1.837985361149013705e-08
1.821149932185992398e-08
1.804468711017197065e-08
1.787562946957747836e-08
1.766905758160834658e-08
1.746487285124794544e-08
1.726304769235420494e-08
1.706355483757223103e-08
1.686636733465038732e-08
1.667145854279893347e-08
1.647880212909075064e-08
1.628837206490367406e-08
1.610014262240391660e-08
1.591408837107013677e-08
1.573018417425769106e-08
1.554840518580255796e-08
1.536872684666453972e-08
1.519112488160924244e-08
1.499653703203029269e-08
1.479050011882401125e-08
1.458729393977408267e-08
1.438687960352002381e-08
1.418921875302843887e-08
1.399427355825190395e-08
1.380200670888873952e-08
1.361238140724222819e-08
1.342536136117796259e-08
1.324091077717793860e-08
1.305899435349007719e-08
1.287957727337187597e-08
1.270262519842687383e-08
1.252810426203267615e-08
1.235467841734873577e-08
1.216373345506644403e-08
1.197573959983766304e-08
1.179065124148893519e-08
1.160842347476470784e-08
1.142901208843244643e-08
1.125237355455647434e-08
1.107846501793736956e-08
1.090724428571456413e-08
1.073866981712985835e-08
1.057270071344892146e-08
1.040929670803858194e-08
1.024841815659765077e-08
1.009002602753852479e-08
9.934081892517596603e-09
9.774347331920835555e-09
9.612136063388351493e-09
9.452616790008586907e-09
9.295744836476544822e-09
9.141476268901216995e-09
8.989767882501260721e-09
8.840577189505235754e-09
8.693862407252095030e-09
8.549582446489697476e-09
8.407696899867155698e-09
8.268166030618169746e-09
8.130950761432465067e-09
7.996012663511615625e-09
7.863313945806496039e-09
7.732558111016140180e-09
7.596712055320096641e-09
7.463252551471867641e-09
7.332137672382048177e-09
7.203326227538915310e-09
7.076777750068187544e-09
6.952452484020140584e-09
6.830311371879933651e-09
6.710316042297626691e-09
6.592428798033487056e-09
6.476612604115200835e-09
6.362831076203151541e-09
6.251048469159953675e-09
6.141229665821070597e-09
6.033340165962440341e-09
5.922853269569351122e-09
5.810330855602433900e-09
5.699946143359422954e-09
5.591658520765852332e-09
5.485428147295679376e-09
5.381215939313585533e-09
5.278983555695403420e-09
5.178693383721951892e-09
5.080308525240851990e-09
4.983792783091039728e-09
4.889110647785485800e-09
4.796227284446623091e-09
4.705108519990166604e-09
4.615720830552420616e-09
4.527976073931837171e-09
4.434497569766694195e-09
4.342948897075559856e-09
4.253290215153312683e-09
4.165482505792461634e-09
4.079487556302952059e-09
3.995267942882517560e-09
3.912787014330430101e-09
3.832008876097308785e-09
3.752898374664363231e-09
3.675421082245119933e-09
3.599543281802835483e-09
3.525231952377374608e-09
3.452454754714933906e-09
3.381180017194435581e-09
3.310569143788222890e-09
3.240622979132776775e-09
3.172154646758582635e-09
3.105132922819954856e-09
3.039527243172955494e-09
2.975307689437125497e-09
2.912444975351702161e-09
2.850910433420108611e-09
2.790676001836616505e-09
2.731714211689215522e-09
2.673998174432927062e-09
2.617501569627609360e-09
2.562198632935120537e-09
2.508064144369749874e-09
2.455073416797219757e-09
2.404746824992104783e-09
2.355481772665673527e-09
2.307225993064139854e-09
2.259958809635148823e-09
2.213659969418321274e-09
2.168309634367279684e-09
2.123888372849514965e-09
2.080377151320290818e-09
2.037757326167252944e-09
1.996010635721988108e-09
1.955119192435321132e-09
1.915065475212912867e-09
1.875832321907797081e-09
1.837402921966834764e-09
1.799758178721282952e-09
1.762881764567929156e-09
1.726760935213077868e-09
1.691380208989073943e-09
1.656724421442225882e-09
1.622778718833182067e-09
1.589528551770489673e-09
1.556959668974626857e-09
1.525058111169805607e-09
1.493810205100905092e-09
1.463202557672996079e-09
1.433222050210970111e-09
1.403855832836784048e-09
1.375091318961890959e-09
1.346916179892514373e-09
1.320398546485703381e-09
1.294454070891170422e-09
1.269019377601129650e-09
1.244084449916764414e-09
1.219639467957100311e-09
1.195674804791759420e-09
1.172181022649631322e-09
1.149148869202131813e-09
1.126569273919441501e-09
1.104433344498324049e-09
1.082732363360175577e-09
1.061457784217859713e-09
1.040601228710006876e-09
1.020154483101445401e-09
1.000427468176036689e-09
9.814778399894336984e-10
9.628871467779622445e-10
9.446485897635613463e-10
9.267554989474380293e-10
9.092013306707894552e-10
8.919796652217312554e-10
8.750842044875522611e-10
8.585087696514403242e-10
8.422472989328354007e-10
8.262938453705833383e-10
8.106425746480841753e-10
7.952877629596183177e-10
7.802237949171214349e-10
7.654451614965742758e-10
7.514617932552167067e-10
7.377735200630516274e-10
7.243345859918735892e-10
7.111404491979816279e-10
6.981866505697725653e-10
6.854688122207030303e-10
6.729826360097467551e-10
6.607239020887845628e-10
6.486884674764583447e-10
6.368722646580018162e-10
6.252713002105773884e-10
6.138816534536520028e-10
6.026994751239579109e-10
5.917209860745893447e-10
5.810342321506850326e-10
5.706680187707055139e-10
5.604867486761525334e-10
5.504871222997136016e-10
5.406658989415521903e-10
5.310198957190552233e-10
5.215459865353177602e-10
5.122411010660311034e-10
5.031022237644455258e-10
4.941263928840854320e-10
4.853106995189006591e-10
4.766522866605419678e-10
4.681483482724559066e-10
4.597961283804983179e-10
4.515929201797728883e-10
4.435173867376691887e-10
4.355842408638062329e-10
4.277929942825931117e-10
4.201411088572586082e-10
4.126260918504014333e-10
4.052454951119304747e-10
3.979969142815462609e-10
3.908779880054714381e-10
3.838863971672009249e-10
3.770198641320024447e-10
3.702761520049460634e-10
3.636530639021896057e-10
3.571484422353063316e-10
3.507601680084138541e-10
3.444154884633740853e-10
3.380758746766055847e-10
3.318529533857080528e-10
3.257445766461770635e-10
3.197486360504603134e-10
3.138630620002054115e-10
3.080858229919037550e-10
3.024149249156835791e-10
2.968484103670096085e-10
2.913843579710526350e-10
2.860208817194948762e-10
2.807561303195432282e-10
2.755882865549245387e-10
2.705155666586435445e-10
2.655362196972858720e-10
2.604264038527788253e-10
2.553835535950379348e-10
2.504383521868203911e-10
2.455889087732890637e-10
2.408333691137791682e-10
2.361699148728083209e-10
2.315967629248198088e-10
2.271121646723799003e-10
2.227144053775825678e-10
2.184018035063995610e-10
2.141727100857265649e-10
2.100255080728790991e-10
2.059586117372978085e-10
2.019704660542259534e-10
1.979619292745304429e-10
1.938635403287239711e-10
1.898499999798809212e-10
1.859195516147314945e-10
1.820704749870200828e-10
1.783010854646047774e-10
1.746097332921371084e-10
1.709948028690136842e-10
1.674547120422726841e-10
1.639879114141294567e-10
1.605928836638516825e-10
1.572681428836667768e-10
1.540122339284247630e-10
1.508237317787216493e-10
1.477012409172081163e-10
1.444394591292907067e-10
1.412138414954616030e-10
1.380602582570969041e-10
1.349771007442563653e-10
1.319627962117659795e-10
1.290158070369515284e-10
1.261346299352803344e-10
1.233177951935243785e-10
1.205638659200486162e-10
1.178714373118364910e-10
1.152391359378919060e-10
1.126656190386368000e-10
1.101495738409594460e-10
1.076897168885588836e-10
1.052198101375053155e-10
1.026801429465871897e-10
1.002017751386677541e-10
9.778322714415163347e-11
9.542305510548741392e-11
9.311985001519238817e-11
9.087223687468450001e-11
8.867887387341754005e-11
8.653845158782734298e-11
8.444969219961664042e-11
8.241134873290425874e-11
8.042220430978928312e-11
7.848107142388148111e-11
7.658679123136963540e-11
7.473823285919820755e-11
7.281883689346227238e-11
7.092420223599337001e-11
6.907886307181221971e-11
6.728153680764945073e-11
6.553097422134993774e-11
6.382595859360625656e-11
6.216530486228474286e-11
6.054785879875442611e-11
5.897249620564583486e-11
5.743812213548404093e-11
5.594367012965160588e-11
5.448810147715144596e-11
5.307040449265667978e-11
5.168959381334318205e-11
5.031539364920333038e-11
4.891352458484932234e-11
4.755071388277911593e-11
4.622587331321194594e-11
4.493794496622671150e-11
4.368590040700077698e-11
4.246873985458631357e-11
4.128549138356525450e-11
4.013521014795032306e-11
3.901697762670581511e-11
3.792990089029376847e-11
3.687311188765107321e-11
3.584576675303578353e-11
3.484704513218423876e-11
3.387614952724186921e-11
3.288645759789596860e-11
3.191415564533094279e-11
3.097060020899215911e-11
3.005494138603518629e-11
2.916635440135078930e-11
2.830403886465244672e-11
2.746721804952948433e-11
2.665513819381417821e-11
2.586706782063436036e-11
2.510229707953938435e-11
2.436013710710547054e-11
2.363991940644604137e-11
2.294099524506606937e-11
2.226273507051963649e-11
2.159518528184967454e-11
2.092446670311072307e-11
2.027457977763132908e-11
1.964487750115159775e-11
1.903473296452900549e-11
1.844353872960982228e-11
1.787070622448481363e-11
1.731566515752900268e-11
1.677786294963876910e-11
1.625676418410442912e-11
1.575185007356795953e-11
1.526261794353700026e-11
1.478858073194023799e-11
1.432926650422532782e-11
1.388421798351815815e-11
1.343967012788530483e-11
1.300545318198082468e-11
1.258526517832838878e-11
1.217865286142387927e-11
1.178517761981457873e-11
1.140441501297057483e-11
1.103595431344159984e-11
1.067939806380707139e-11
1.033436164793971660e-11
1.000047287612156173e-11
9.677371583563808648e-12
9.364709241898205299e-12
9.062148583220764173e-12
8.769363236281720030e-12
8.483778127469872606e-12
8.201085501632492206e-12
7.927812631887448510e-12
7.663645637373658532e-12
7.408281096226356650e-12
7.161425697067216650e-12
6.922795902107311679e-12
6.692117621475862640e-12
6.469125898401176176e-12
6.253564604881414627e-12
6.045186147496500931e-12
5.843751183022553228e-12
5.649028343522504597e-12
5.460793970597336916e-12
5.278831858492237129e-12
5.099810772977299751e-12
4.925806530921935047e-12
4.757739269198016512e-12
4.595406419551787882e-12
4.438612325306652913e-12
4.287168005541884582e-12
4.140890927317506699e-12
3.999604785670872615e-12
3.863139291119714924e-12
3.731329964415377496e-12
3.604017938299240897e-12
3.481049766023014997e-12
3.362277236402217537e-12
3.247557195180239852e-12
3.136296890647308832e-12
3.027359306452321128e-12
2.922205610602097716e-12
2.820704371771900990e-12
2.722728723833273986e-12
2.628156207284472167e-12
2.536868616188600987e-12
2.448751850428383328e-12
2.363695773092673474e-12
2.281594072816627798e-12
2.202344130903460847e-12
2.125846893061569139e-12
2.052006745596846513e-12
1.980731395905390317e-12
1.911931757117187717e-12
1.845521836746722650e-12
1.781418629211166311e-12
1.719542012081925947e-12
1.659814645939841752e-12
1.602161877708825850e-12
1.546511647347221864e-12
1.492794397780123359e-12
1.440942987960176595e-12
1.390892608948171507e-12
1.342580702908496604e-12
1.295946884918302026e-12
1.250932867492521328e-12
1.207482387730505495e-12
1.165541136993177341e-12
1.125056693022788450e-12
1.085978454420508423e-12
1.048257577399846879e-12
1.011846914736957102e-12
9.767009568414234499e-13
9.427757748739479863e-13
9.100289658398300934e-13
8.784195995895599659e-13
8.479081676603383001e-13
8.184565338945563416e-13
7.900278867735007677e-13
7.625866934067549776e-13
7.360986551197196866e-13
7.105306645837946668e-13
6.858507644356191797e-13
6.620281073336375759e-13
6.390329174021060849e-13
6.168364530142934035e-13
5.954109708684009036e-13
5.747296913112857017e-13
5.547667648666338258e-13
5.354972399257834938e-13
5.168970315607653054e-13
4.989428914206179420e-13
4.816123786733379111e-13
4.648838319571351422e-13
4.487363423059667870e-13
4.331497270154662752e-13
4.181045044166438695e-13
4.035818695257931290e-13
3.895636705401838430e-13
3.760323861501971739e-13
3.629711036394637783e-13
3.503634977457148118e-13
3.381938102558795216e-13
3.264468303099313228e-13
3.151078753888826702e-13
3.041627729631377419e-13
2.935978427782871937e-13
2.833998797561953862e-13
2.735561374900038973e-13
2.640543123124383977e-13
2.548825279174830992e-13
2.460293205162184433e-13
2.374836245082619126e-13
2.292347586509045444e-13
2.212724127086501799e-13
2.135866345664853472e-13
2.061678177907532899e-13
1.990066896220990787e-13
1.920942993854731399e-13
1.854220073027031504e-13
1.789814736936623746e-13
1.727646485525252555e-13
1.667637614860831262e-13
1.609713120015537766e-13
1.553800601317323542e-13
1.499830173857794014e-13
1.447734380143222027e-13
1.397448105779610987e-13
1.348908498086394390e-13
1.302054887537014247e-13
1.256828711928274885e-13
1.213173443183578370e-13
1.171034516698637916e-13
1.130359263141328740e-13
1.091096842620410593e-13
1.053198181140912054e-13
1.016615909266655244e-13
9.813043029133286303e-14
9.472192261980790629e-14
9.143180762741740766e-14
8.825597300818402808e-14
8.519044929486450820e-14
8.223140489752344666e-14
7.937514131443958691e-14
7.661808850935704485e-14
7.395680044930818926e-14
7.138795079742603105e-14
6.890832875536318712e-14
6.651483505012527506e-14
6.420447806029513369e-14
6.197437007681750366e-14
5.982172369365535567e-14
5.774384832382012209e-14
5.573814683641414449e-14
5.380211231048275929e-14
5.193332490162182571e-14
5.012944881741972898e-14
4.838822939795690024e-14
4.670749029771254748e-14
4.508513076535543752e-14
4.351912301802152786e-14
4.200750970679279858e-14
4.054840147021223561e-14
3.913997457277612856e-14
3.778046862545126730e-14
3.646818438537037264e-14
3.520148163195225791e-14
3.397877711679469093e-14
3.279854258477653090e-14
3.165930286389521549e-14
3.055963402145384936e-14
2.949816158429148555e-14
2.847355882083216362e-14
2.748454508280737194e-14
2.652988420457613510e-14
2.560838295804614780e-14
2.471888956126066175e-14
2.386029223878885221e-14
2.303151783212121895e-14
2.223153045833109779e-14
2.145933021532794755e-14
2.071395193208198785e-14
1.999446396225959697e-14
1.929996701976111405e-14
1.862959305470521856e-14
1.798250416845617541e-14
1.735789156633623082e-14
1.675497454671537898e-14
1.617299952521447629e-14
1.561123909280218717e-14
1.506899110660811834e-14
1.454557781231669948e-14
1.404034499704360528e-14
1.355266117163687553e-14
1.308191678138036298e-14
1.262752344411264262e-14
1.218891321481024790e-14
