7.335002647035133863e-10
7.433049729123101208e-10
7.532407407916801553e-10
7.633093202180632081e-10
7.735124864852467915e-10
7.838520386173947232e-10
7.943297996862616893e-10
8.049476171326177420e-10
8.157073630920028821e-10
8.266109347248153432e-10
8.376602545508327373e-10
8.488572707881712312e-10
8.602039576968053831e-10
8.717023159266806924e-10
8.833543728704476084e-10
8.951212390966065318e-10
9.070010899582181424e-10
9.190386075696805712e-10
9.312358844491901011e-10
9.435950408863700997e-10
9.561182253108619763e-10
9.688076146657891632e-10
9.816654147861789080e-10
9.946938607824237669e-10
1.007895217428794690e-09
1.021271779557149626e-09
1.034825872455845927e-09
1.048559852273949592e-09
1.062476106430827819e-09
1.076577054031135788e-09
1.090749047890779900e-09
1.105104382537206243e-09
1.119648647564277288e-09
1.134384329482386376e-09
1.149313947526854306e-09
1.164440054088627187e-09
1.179765235150635713e-09
1.195292110729905626e-09
1.211023335325458854e-09
1.226961598372160629e-09
1.243109624700490459e-09
1.259470175002387500e-09
1.276046046303223276e-09
1.292840072439990649e-09
1.309787666528629692e-09
1.326877215595757370e-09
1.344189741787178894e-09
1.361728154413014400e-09
1.379495400742800978e-09
1.397494466500804901e-09
1.415728376367739141e-09
1.434200194489062540e-09
1.452913024989875344e-09
1.471870012496590991e-09
1.491074342665364116e-09
1.510529242717408543e-09
1.530237981981358934e-09
1.550203872442644244e-09
1.570430269300062810e-09
1.590734410952560458e-09
1.611290456204431206e-09
1.632112134105905605e-09
1.653202877258125033e-09
1.674566162619564569e-09
1.696205512079193468e-09
1.718124493037110460e-09
1.740326718992641247e-09
1.762815850140077907e-09
1.785595593972045115e-09
1.808669705890734915e-09
1.832041989826996816e-09
1.855716298867473251e-09
1.879696535889762620e-09
1.903874826353876132e-09
1.928216060268623607e-09
1.952868499342602795e-09
1.977836122365528051e-09
2.003122958996345738e-09
2.028733090413603330e-09
2.054670649974132924e-09
2.080939823880154613e-09
2.107544851854911411e-09
2.134490027826941180e-09
2.161779700623095160e-09
2.189418274670420578e-09
2.217410210707012778e-09
2.245760026501959727e-09
2.274472297584488076e-09
2.303246054285828168e-09
2.332356947217542944e-09
2.361835774823769255e-09
2.391687187457365635e-09
2.421915894247373447e-09
2.452526663841816386e-09
2.483524325160045237e-09
2.514913768154438867e-09
2.546699944581837419e-09
2.578887868784724233e-09
2.611482618482176360e-09
2.644489335570970382e-09
2.677913226936645402e-09
2.711759565274983557e-09
2.745855424454335892e-09
2.780116764097620474e-09
2.814805598715221383e-09
2.849927262364561641e-09
2.885487155658627646e-09
2.921490746596414245e-09
2.957943571403730673e-09
2.994851235384512502e-09
3.032219413782692141e-09
3.070053852654948413e-09
3.108360369754219412e-09
3.147144855424304951e-09
3.186413273505615682e-09
3.226171662252226887e-09
3.266426135260371340e-09
3.306658374872889361e-09
3.347322843283620220e-09
3.388487393288414241e-09
3.430158174767264369e-09
3.472341413229855638e-09
3.515043410745697515e-09
3.558270546885550974e-09
3.602029279674578376e-09
3.646326146557141295e-09
3.691167765373462177e-09
3.736560835348375248e-09
3.782512138092083122e-09
3.829028538613369088e-09
3.876116986345203051e-09
3.923495431613975846e-09
3.970975902766854017e-09
4.019030962365213011e-09
4.067667563833768069e-09
4.116892744744622424e-09
4.166713627835579580e-09
4.217137422040764030e-09
4.268171423533806023e-09
4.319823016783469610e-09
4.372099675622231859e-09
4.425008964327710658e-09
4.478558538717189281e-09
4.532756147255391549e-09
4.587609632175644913e-09
4.643126930614700294e-09
4.698471475582704347e-09
4.754344419254369662e-09
4.810881788761260377e-09
4.868091485274563358e-09
4.925981503923985640e-09
4.984559934915157140e-09
5.043834964660233531e-09
5.103814876921952375e-09
5.164508053971282317e-09
5.225922977758940785e-09
5.288068231100630491e-09
5.350952498876581179e-09
5.414584569245256027e-09
5.478973334871504751e-09
5.543663102152720193e-09
5.608256910731349583e-09
5.673603355253003205e-09
5.739711205302159271e-09
5.806589332645058506e-09
5.874246712420164294e-09
5.942692424342732033e-09
6.011935653923296637e-09
6.081985693700381754e-09
6.152851944487572142e-09
6.224543916635112174e-09
6.297071231306213261e-09
6.370443621768196758e-09
6.444670934698821435e-09
6.519763131507559743e-09
6.594283723226029336e-09
6.669377833921267924e-09
6.745327098215864287e-09
6.822141254392540152e-09
6.899830151631144118e-09
6.978403751271690279e-09
7.057872128091499449e-09
7.138245471597024496e-09
7.219534087330357300e-09
7.301748398190612561e-09
7.384898945770367119e-09
7.468996391707303682e-09
7.554051519051265749e-09
7.640075233646860233e-09
7.726339709386127521e-09
7.812039751072659037e-09
7.898690371871886091e-09
7.986302115543484577e-09
8.074885642797937217e-09
8.164451732593481627e-09
8.255011283447969133e-09
8.346575314764745961e-09
8.439154968173774397e-09
8.532761508887095607e-09
8.627406327069859999e-09
8.723100939226033412e-09
8.819856989600003387e-09
8.917686251593200409e-09
9.016600629196971594e-09
9.114194068035509813e-09
9.212283781605243077e-09
9.311429166344146031e-09
9.411641583704753766e-09
9.512932517414877164e-09
9.615313574793677025e-09
9.718796488081914425e-09
9.823393115786110940e-09
9.929115444037788367e-09
1.003597558796669939e-08
1.014398579308938424e-08
1.025315843671226257e-08
1.036350602935012412e-08
1.047504121615971051e-08
1.058661661956347924e-08
1.069664825288971838e-08
1.080782349618763363e-08
1.092015423552787453e-08
1.103365248051857455e-08
1.114833036558924788e-08
1.126420015128824869e-08
1.138127422559349509e-08
1.149956510523692256e-08
1.161908543704270999e-08
1.173984799927929979e-08
1.186186570302568852e-08
1.198515159355170672e-08
1.210971885171274309e-08
1.223558079535897568e-08
1.235875614089870299e-08
1.248207917287509101e-08
1.260663279553893595e-08
1.273242928845733875e-08
1.285948105373016256e-08
1.298780061721280917e-08
1.311740062975120964e-08
1.324829386842886186e-08
1.338049323782673094e-08
1.351401177129526266e-08
1.364886263223955417e-08
1.378505911541691583e-08
1.392261464824766461e-08
1.406154279213900680e-08
1.420006299028938764e-08
1.433513843064060633e-08
1.447149875082641168e-08
1.460915617302564567e-08
1.474812303567833992e-08
1.488841179459162808e-08
1.503003502405617327e-08
1.517300541797322322e-08
1.531733579099236241e-08
1.546303907966020953e-08
1.561012834357978064e-08
1.575861676658114155e-08
1.590851765790308174e-08
1.605984445338602125e-08
1.621261071667630622e-08
1.636034888238885091e-08
1.650737178100235421e-08
1.665571590649632662e-08
1.680539313212643950e-08
1.695641543784782743e-08
1.710879491127405188e-08
1.726254374864433347e-08
1.741767425580000227e-08
1.757419884916916367e-08
1.773213005676076105e-08
1.789148051916703261e-08
1.805226299057552058e-08
1.821449033978964993e-08
1.837817555125883628e-08
1.854064996103523174e-08
1.869631411793449329e-08
1.885328520473075021e-08
1.901157419418599732e-08
1.917119215118778267e-08
1.933215023352258511e-08
1.949445969265565030e-08
1.965813187451777521e-08
1.982317822029811767e-08
1.998961026724422894e-08
2.015743964946845221e-08
2.032667809876103789e-08
2.049733744541047841e-08
2.066942961903037785e-08
2.084296664939321691e-08
2.100781320354249884e-08
2.117025171364063460e-08
2.133394624545346916e-08
2.149890651090555692e-08
2.166514229701687219e-08
2.183266346648334100e-08
2.200147995826229312e-08
2.217160178816177529e-08
2.234303904943515839e-08
2.251580191337959277e-08
2.268990062993983678e-08
2.286534552831601287e-08
2.304214701757679988e-08
2.322031558727662892e-08
2.339605039044981540e-08
2.355953157971512936e-08
2.372415510278459702e-08
2.388992894177847706e-08
2.405686113459257610e-08
2.422495977528794012e-08
2.439423301448326557e-08
2.456468905975028848e-08
2.473633617601145973e-08
2.490918268594088286e-08
2.508323697036779621e-08
2.525850746868295349e-08
2.543500267924775399e-08
2.561273115980652257e-08
2.579170152790114558e-08
2.595661907044704506e-08
2.611621176767261542e-08
2.627678571091254763e-08
2.643834693329836199e-08
2.660090150505591763e-08
2.676445553373365813e-08
2.692901516443169424e-08
2.709458658003314313e-08
2.726117600143602351e-08
2.742878968778722860e-08
2.759743393671758776e-08
2.776711508457868495e-08
2.793783950668062683e-08
2.810961361753171009e-08
2.827730528860223407e-08
2.842449048537348748e-08
2.857244179058143491e-08
2.872116319186981577e-08
2.887065869763848502e-08
2.902093233715110216e-08
2.917198816064396503e-08
2.932383023943504545e-08
2.947646266603397448e-08
2.962988955425197800e-08
2.978411503931299357e-08
2.993914327796500231e-08
3.009497844859232031e-08
3.025162475132782390e-08
3.040908640816642888e-08
3.054510013685996917e-08
3.067122087653480153e-08
3.079786236883139582e-08
3.092502676393755498e-08
3.105271622091940999e-08
3.118093290775786876e-08
3.130967900138525028e-08
3.143895668772262031e-08
3.156876816171670338e-08
3.169911562737698691e-08
3.183000129781348691e-08
3.196142739527416964e-08
3.209339615118246590e-08
3.222590980617553975e-08
3.235250515763785045e-08
3.244725698207444540e-08
3.254228630923271680e-08
3.263759395184381496e-08
3.273318072501911231e-08
3.282904744625742968e-08
3.292519493545160740e-08
3.302162401489580436e-08
3.311833550929245956e-08
3.321533024575935290e-08
3.331260905383658664e-08
3.341017276549398362e-08
3.350802221513776435e-08
3.360615823961798494e-08
3.370458167823559799e-08
3.377286004077532809e-08
3.382513679671316548e-08
3.387749447144809431e-08
3.392993319023386758e-08
3.398245307851780516e-08
3.403505426194164084e-08
3.408773686634157527e-08
3.414050101774838844e-08
3.419334684238822055e-08
3.424627446668230732e-08
3.429928401724779390e-08
3.435237562089780773e-08
3.440554940464156433e-08
3.445880549568514163e-08
3.450462879161464950e-08
3.450448916140740502e-08
3.450434953176527047e-08
3.450420990268817970e-08
3.450407027417612607e-08
3.450393064622903681e-08
3.450379101884705748e-08
3.450365139203010207e-08
3.450351176577818381e-08
3.450337214009121668e-08
3.450323251496934625e-08
3.450309289041249312e-08
3.450295326642066390e-08
3.450281364299385199e-08
3.450267402013198458e-08
3.446474778385321632e-08
3.440443981761023134e-08
3.434423738095976402e-08
3.428414028924152471e-08
3.422414835811808230e-08
3.416426140357482448e-08
3.410447924191895191e-08
3.404480168977906794e-08
3.398522856410488741e-08
3.392575968216614482e-08
3.386639486155259430e-08
3.380713392017290449e-08
3.374797667625467179e-08
3.368892294834332849e-08
3.362247674398071638e-08
3.349796210811373795e-08
3.337390858921519163e-08
3.325031447962337105e-08
3.312717807800084868e-08
3.300449768931052735e-08
3.288227162479275044e-08
3.276049820194189601e-08
3.263917574448295768e-08
3.251830258234899897e-08
3.239787705165758857e-08
3.227789749468838046e-08
3.215836225986008522e-08
3.203926970170754712e-08
3.192061818085954271e-08
3.176114862068624530e-08
3.157519287281250568e-08
3.139032586201745595e-08
3.120654121394361363e-08
3.102383259155417821e-08
3.084219369491437749e-08
3.066161826097458745e-08
3.048210006335420651e-08
3.030363291212676724e-08
3.012621065360694725e-08
2.994982717013788457e-08
2.977447637988066674e-08
2.960015223660445196e-08
2.942684872947778134e-08
2.924863655638541595e-08
2.900992048838100009e-08
2.877315272866821689e-08
2.853831737590786085e-08
2.830539865854113600e-08
2.807438093373061331e-08
2.784524868630982707e-08
2.761798652774088510e-08
2.739257919508140942e-08
2.716901154995910039e-08
2.694726857755519452e-08
2.672733538559625048e-08
2.650919720335358145e-08
2.629283938065170054e-08
2.607824738688402545e-08
2.582973369124610292e-08
2.555738077282764704e-08
2.528789958793367382e-08
2.502125985653839998e-08
2.475743161789319700e-08
2.449638522716080644e-08
2.423809135208376083e-08
2.398252096968874724e-08
2.372964536302539805e-08
2.347943611793955536e-08
2.323186511988053248e-08
2.298690455074203840e-08
2.274452688573642103e-08
2.250470489030188196e-08
2.226433702936034399e-08
2.197938235071600069e-08
2.169807472290345239e-08
2.142036746839538648e-08
2.114621450707656665e-08
2.087557034859741830e-08
2.060839008482592281e-08
2.034462938239611973e-08
2.008424447535159260e-08
1.982719215788347825e-08
1.957342977716143476e-08
1.932291522625594661e-08
1.907560693715181829e-08
1.883146387385049711e-08
1.859044552556110625e-08
1.833235909328289502e-08
1.806142849543818628e-08
1.779450193157926091e-08
1.753152022681669949e-08
1.727242508079599847e-08
1.701715905477308163e-08
1.676566555888047984e-08
1.651788883958221726e-08
1.627377396731355916e-08
1.603326682430382806e-08
1.579631409257911176e-08
1.556286324214203767e-08
1.533286251932653559e-08
1.510626093532450506e-08
1.488231463417940885e-08
1.464222652743816401e-08
1.440601162862293949e-08
1.417360745342394193e-08
1.394495252555601126e-08
1.371998636049668165e-08
1.349864944948676642e-08
1.328088324378860809e-08
1.306663013919897256e-08
1.285583346081109191e-08
1.264843744802298852e-08
1.244438723978746502e-08
1.224362886010007079e-08
1.204610920372132431e-08
1.185177602212886536e-08
1.165381785494965556e-08
1.145304800277438905e-08
1.125573697705789810e-08
1.106182518976770858e-08
1.087125407944309450e-08
1.068396609350957930e-08
1.049990467089789424e-08
1.031901422496259616e-08
1.014124012669483069e-08
9.966528688224439930e-09
9.794827146605976718e-09
9.626083647884573927e-09
9.460247231435698249e-09
9.297267814575294430e-09
9.137015783421043413e-09
8.968734666082313206e-09
8.803552868600709045e-09
8.641413309208993963e-09
8.482259957444146176e-09
8.326037814784988267e-09
8.172692895646384164e-09
8.022172208723510533e-09
7.874423738679548738e-09
7.729396428170978994e-09
7.587040160203596221e-09
7.447305740813645092e-09
7.310144882067891119e-09
7.175510185376795312e-09
7.043355125115007948e-09
6.908163432325293245e-09
6.770073935312324605e-09
6.634744753594772309e-09
6.502120710343822936e-09
6.372147731678119697e-09
6.244772824616377419e-09
6.119944055471132126e-09
5.997610528673973660e-09
5.877722366024450300e-09
5.760230686353375969e-09
5.645087585593047439e-09
5.532246117245459487e-09
5.421660273241298373e-09
5.313284965181319406e-09
5.207076005952702853e-09
5.096854984575474790e-09
4.988848522429449536e-09
4.883130804205059619e-09
4.779653329575204166e-09
4.678368625973835002e-09
4.579230226816813071e-09
4.482192650184285319e-09
4.387211377954967716e-09
4.294242835382400804e-09
4.203244371104117664e-09
4.114174237574320086e-09
4.026991571911382508e-09
3.941656377151032618e-09
3.858129503896886371e-09
3.776537626953661575e-09
3.696855366175842537e-09
3.618854344487857729e-09
3.542499088939396461e-09
3.467754875034183700e-09
3.394587710938199722e-09
3.322964322020889589e-09
3.252852135722816568e-09
3.184219266742379368e-09
3.117034502535226403e-09
3.051267289119488649e-09
2.986887717180570587e-09
2.923866508469237880e-09
2.862175002486465003e-09
2.801785143449405980e-09
2.743571042975716853e-09
2.686609067154472516e-09
2.630829734916574556e-09
2.576208492235870678e-09
2.522721294876453369e-09
2.470344597808448029e-09
2.419055344843483329e-09
2.368830958485412977e-09
2.319649329991656293e-09
2.271488809640973271e-09
2.224328197203301682e-09
2.178146732607370156e-09
2.132924086802166832e-09
2.088640352808086320e-09
2.045496056249091862e-09
2.003516496153459032e-09
1.962398479379036359e-09
1.922124324537715753e-09
1.882676713115197323e-09
1.844038682023702007e-09
1.806193616307643528e-09
1.769125241998883153e-09
1.732817619118693408e-09
1.697255134823340618e-09
1.662422496690268084e-09
1.628304726142179167e-09
1.594887152005933853e-09
1.562155404203809310e-09
1.530095407574063668e-09
1.499916559253777111e-09
1.470426905985135325e-09
1.441517044735288525e-09
1.413175576293050709e-09
1.385391325565578042e-09
1.358153337171990149e-09
1.331450871123627810e-09
1.305273398589293541e-09
1.279610597743671809e-09
1.254452349697451319e-09
1.229788734507411670e-09
1.205610027264958185e-09
1.181906694261606439e-09
1.158669389229784073e-09
1.136209230986762189e-09
1.114629079077352346e-09
1.093458801461978966e-09
1.072690613351297615e-09
1.052316877813328301e-09
1.032330102965244099e-09
1.012722939218388209e-09
9.934881765756827896e-10
9.746187419803647497e-10
9.561076967150199192e-10
9.379482338501152907e-10
9.201336757408934106e-10
9.026574715718715312e-10
8.855131949479548718e-10
8.686945415313057896e-10
8.526245070323509262e-10
8.368981931668773915e-10
8.214619447941884206e-10
8.063104117736998609e-10
7.914383426460043241e-10
7.768405828127279733e-10
7.625120727499864564e-10
7.484478462547625248e-10
7.346430287236456454e-10
7.210928354633030885e-10
7.077925700321426519e-10
6.947376226125328856e-10
6.819234684130624820e-10
6.693456661002687011e-10
6.570476739526960838e-10
6.450498642035715628e-10
6.332711366374926508e-10
6.217074907740488402e-10
6.103549991823231840e-10
5.992098061469943851e-10
5.882681263588082463e-10
5.775262436289486440e-10
5.669805096268745810e-10
5.566273426412251361e-10
5.464632263633384963e-10
5.364847086929874076e-10
5.266884005659209666e-10
5.170709748028164319e-10
5.076291649792492812e-10
4.982485391074829974e-10
4.890255372403276777e-10
4.799732609383569884e-10
4.710885499269613236e-10
4.623683024308927444e-10
4.538094740913807115e-10
4.454090769033107226e-10
4.371641781720753202e-10
4.290718994897193461e-10
4.211294157300552386e-10
4.133339540623686981e-10
4.056827929833925317e-10
3.981732613671798083e-10
3.908027375325908425e-10
3.834715443207211180e-10
3.761091160178421187e-10
3.688880420118277515e-10
3.618056083832453536e-10
3.548591533183206826e-10
3.480460661085396867e-10
3.413637861694575119e-10
3.348098020783460827e-10
3.283816506303176920e-10
3.220769159125710847e-10
3.158932283964109118e-10
3.098282640467018264e-10
3.038797434484121305e-10
2.980454309499467583e-10
2.923231338229025871e-10
2.864429862118772991e-10
2.806339257406568503e-10
2.749426729490864851e-10
2.693668386987789879e-10
2.639040823030418103e-10
2.585521105442826634e-10
2.533086767113357388e-10
2.481715796563119245e-10
2.431386628705759193e-10
2.382078135794619344e-10
2.333769618553529590e-10
2.286440797487383843e-10
2.240071804368975267e-10
2.194643173898573457e-10
2.149107464137527586e-10
2.102511220316407562e-10
2.056925260985229628e-10
2.012327681486723327e-10
1.968697052093244053e-10
1.926012407709447169e-10
1.884253237798347173e-10
1.843399476525677566e-10
1.803431493118022903e-10
1.764330082429956881e-10
1.726076455715745039e-10
1.688652231601053015e-10
1.652039427250508935e-10
1.616220449726664543e-10
1.581178087536376843e-10
1.544798648853125573e-10
1.508809401519999951e-10
1.473658597387595527e-10
1.439326703204923603e-10
1.405794640788075600e-10
1.373043776418492132e-10
1.341055910488254832e-10
1.309813267386556652e-10
1.279298485621843924e-10
1.249494608174049313e-10
1.220385073071620145e-10
1.191953704188025672e-10
1.164184702252725901e-10
1.137062636071535895e-10
1.109960273014818767e-10
1.082159403511708286e-10
1.055054854736392540e-10
1.028629186135226247e-10
1.002865393983311593e-10
9.777469004433690191e-11
9.532575428986471455e-11
9.293815635530049076e-11
9.061035992914993727e-11
8.834086717948776761e-11
8.612821779017420853e-11
8.397098802120522443e-11
8.186778979260193687e-11
7.981726979124197598e-11
7.781810860006336605e-11
7.575890419698426694e-11
7.372643441474463359e-11
7.174849199743331642e-11
6.982361407777787032e-11
6.795037703450140587e-11
6.612739543942296038e-11
6.435332103281099833e-11
6.262684172622196501e-11
6.094668063209230405e-11
5.931159511936588124e-11
5.772037589445342050e-11
5.617184610685309542e-11
5.466486047876189187e-11
5.319830445803914518e-11
5.174533737865970857e-11
5.026796774646420621e-11
4.883277816643767860e-11
4.743856436528102429e-11
4.608415645263454861e-11
4.476841793941852185e-11
4.349024478419990258e-11
4.224856446678788863e-11
4.104233508827719816e-11
3.987054449678674061e-11
3.873220943815908956e-11
3.762637473090735280e-11
3.655211246471955828e-11
3.550852122184475564e-11
3.449472532070994580e-11
3.346768050186271755e-11
3.245882763489745633e-11
3.148038572237905205e-11
3.053143805367441211e-11
2.961109555156084697e-11
2.871849593924209098e-11
2.785280293247330652e-11
2.701320545603987852e-11
2.619891688385362734e-11
2.540917430195616676e-11
2.464323779373838156e-11
2.390038974670578548e-11
2.317993418014181866e-11
2.248119609303714110e-11
2.179549564441704229e-11
2.110790376966533887e-11
2.044200365150114300e-11
1.979711097075043311e-11
1.917256299675038841e-11
1.856771790628743333e-11
1.798195412402101730e-11
1.741466968371495801e-11
1.686528160962103698e-11
1.633322531737761466e-11
1.581795403380872143e-11
1.531893823502697548e-11
1.483566510226263214e-11
1.436763799486040173e-11
1.391437593990127786e-11
1.346319230220290862e-11
1.302250641515147370e-11
1.259624534256348101e-11
1.218393692211566697e-11
1.178512444660617197e-11
1.139936615806745366e-11
1.102623475843869696e-11
1.066531693625427921e-11
1.031621290882614576e-11
9.978535979410620436e-12
9.651912108871221887e-12
9.335979501361415780e-12
9.030388203569526304e-12
8.734799717081171534e-12
8.446961151851898301e-12
8.162291929887247863e-12
7.887216284177674981e-12
7.621410903672134690e-12
7.364563373155719443e-12
7.116371806051616736e-12
6.876544489597610344e-12
6.644799541980575103e-12
6.420864581025800314e-12
6.204476404051615636e-12
5.995380678513422421e-12
5.793331643073009470e-12
5.598091818742195169e-12
5.409431729761169706e-12
5.227129633883246027e-12
5.050971261749655254e-12
4.880749565047185090e-12
4.716264473153318170e-12
4.557322657982595559e-12
4.403737306757752616e-12
4.255327902438828342e-12
4.111920011551802742e-12
3.973345079167662893e-12
3.839440230790845672e-12
3.710048080924099151e-12
3.585016548085030467e-12
3.464198676056577187e-12
3.347452461161555981e-12
3.234640685358196781e-12
3.125630754960417462e-12
3.020294544793499899e-12
2.918508247601646007e-12
2.820152228530807849e-12
2.725110884515435005e-12
2.633272508404005558e-12
2.544529157663730407e-12
2.458776527509903635e-12
2.375913828310945405e-12
2.295843667124993930e-12
2.218471933228756623e-12
2.143707687504222982e-12
2.071463055553041858e-12
2.001653124413069558e-12
1.934195842755655194e-12
1.869011924446311461e-12
1.806024755355550511e-12
1.745160303310184132e-12
1.686347031079378935e-12
1.629515812293152253e-12
1.574599850194417221e-12
1.521534599129277810e-12
1.470257688683031971e-12
1.420708850372915734e-12
1.372829846811352461e-12
1.326564403256428792e-12
1.281858141469227874e-12
1.238658515800167355e-12
1.196914751429306415e-12
1.156577784688000558e-12
1.117600205391740865e-12
1.079936201116469632e-12
1.043541503352779180e-12
1.008373335474780932e-12
9.743903624624641133e-13
9.415526423184297282e-13
9.098215791219625199e-13
8.791598776651591624e-13
8.495314996179120006e-13
8.209016211701290200e-13
7.932365921014458143e-13
7.665038962303510908e-13
7.406721131961732791e-13
7.157108815290615678e-13
6.915908629645338860e-13
6.682837079606554245e-13
6.457620223773018150e-13
6.239993352783842087e-13
6.029700678191379157e-13
5.826495031819470859e-13
5.630137575253553772e-13
5.440397519121059676e-13
5.257051851832526315e-13
5.079885077464103049e-13
4.908688962473762830e-13
4.743262290953276941e-13
4.583410628128486048e-13
4.428946091829797236e-13
4.279687131664205616e-13
4.135458315629473629e-13
3.996090123919576469e-13
3.861418749678982639e-13
3.731285906471832641e-13
3.605538642239401420e-13
3.484029159527415165e-13
3.366614641771847128e-13
3.253157085438954476e-13
3.143523137822460097e-13
3.037583940306959879e-13
2.935214976913548167e-13
2.836295927949568657e-13
2.740710528590439287e-13
2.648346432227428882e-13
2.559095078420780033e-13
2.472851565302705215e-13
2.389514526280763335e-13
2.308986010896216911e-13
2.231171369697709174e-13
2.155979142994689365e-13
2.083320953359976089e-13
2.013111401755071870e-13
1.945267967156092520e-13
1.879710909562466112e-13
1.816363176274229286e-13
1.755150311327896863e-13
1.696000367984410824e-13
1.638843824166278732e-13
1.583613500744617956e-13
1.530244482579919433e-13
1.478674042223842996e-13
1.428841566192288020e-13
1.380688483723152021e-13
1.334158197935007732e-13
1.289196019305755738e-13
1.245749101393124374e-13
1.203766378721438731e-13
1.163198506761626383e-13
1.123997803933997281e-13
1.086118195565522972e-13
1.049515159735826783e-13
1.014145674948203724e-13
9.799681695641488997e-14
9.469424729420225148e-14
9.150297682223389502e-14
8.841925467042502597e-14
8.543945637595756118e-14
8.256007962325504081e-14
7.977774012752506260e-14
7.708916765703146388e-14
7.449120218941256329e-14
7.198079019754255576e-14
6.955498106055572435e-14
6.721092359582672002e-14
6.494586270782265446e-14
6.275713614989293767e-14
6.064217139518930020e-14
5.859848261303706825e-14
5.662366774720745149e-14
5.471540569265207282e-14
5.287145356738479499e-14
5.108964407630315886e-14
4.936788296385127386e-14
4.770414655252910793e-14
4.609647936435688833e-14
4.454299182249900378e-14
4.304185803034108492e-14
4.159131362541967904e-14
4.018965370566969431e-14
3.883523082556523581e-14
