7.743982497320442437e-10
7.848466171910871368e-10
7.954359565371363613e-10
8.061681697968008433e-10
8.170451846592866237e-10
8.280689548226562127e-10
8.392414603447262581e-10
8.505647079987331840e-10
8.620407316337805559e-10
8.736715925401532640e-10
8.854593798195569493e-10
8.974062107603707621e-10
9.095142312179274158e-10
9.217856159999589831e-10
9.342225692572271494e-10
9.467862711378468256e-10
9.594750525770033953e-10
9.723338884194806204e-10
9.853650577257407287e-10
9.985708701001022381e-10
1.011953666100070490e-09
1.025515817651196644e-09
1.039259728467452312e-09
1.053187834477262521e-09
1.067302604255240024e-09
1.081606539459709864e-09
1.096102175276098454e-09
1.110792080866245673e-09
1.125678859823780413e-09
1.140765150635556868e-09
1.155948276386984597e-09
1.171330562477432962e-09
1.186917541745082542e-09
1.202711938056619836e-09
1.218716511525433825e-09
1.234934058993934431e-09
1.251367414522312662e-09
1.268019449883800316e-09
1.284893075066525839e-09
1.301991238782020917e-09
1.319316928980547999e-09
1.336873173373230971e-09
1.354663039961161235e-09
1.372689637571539988e-09
1.390888192071904363e-09
1.409247241178087562e-09
1.427848620822415061e-09
1.446695529650375902e-09
1.465791208528045309e-09
1.485138941099339511e-09
1.504742054350687073e-09
1.524603919183123139e-09
1.544727950991939551e-09
1.565117610253989707e-09
1.585776403122740783e-09
1.606707882031184794e-09
1.627915646302705278e-09
1.649403342770000501e-09
1.671174666402210650e-09
1.693061733444325267e-09
1.715225668635863391e-09
1.737679752741331210e-09
1.760427784111135543e-09
1.783473610820032322e-09
1.806821131318069541e-09
1.830474295090052250e-09
1.854437103323640202e-09
1.878713609586192736e-09
1.903307920510471721e-09
1.928224196489325830e-09
1.953466652379461592e-09
1.979039558214435446e-09
2.004947239926974322e-09
2.031086066837962245e-09
2.057422636170765762e-09
2.084100705007469862e-09
2.111124701484106253e-09
2.138499111155170519e-09
2.166228477738212471e-09
2.194317403867996970e-09
2.222770551860439561e-09
2.251592644486540635e-09
2.280788465756217229e-09
2.310362861712446875e-09
2.340320741235560124e-09
2.370667076858109398e-09
2.401406905590157849e-09
2.432545329755417087e-09
2.463793130133244645e-09
2.495416439088147437e-09
2.527445639940802002e-09
2.559885942400062527e-09
2.592742623042503852e-09
2.626021026170674715e-09
2.659726564682414940e-09
2.693864720951226661e-09
2.728441047718055255e-09
2.763461168994454773e-09
2.798930780977354975e-09
2.834855652975616951e-09
2.871241628348376045e-09
2.908094625455534837e-09
2.945252123716105047e-09
2.982635519787782109e-09
3.020493414558784128e-09
3.058831830730053435e-09
3.097656867447302584e-09
3.136974701271274469e-09
3.176791587160313770e-09
3.217113859465526035e-09
3.257947932938453646e-09
3.299300303751540422e-09
3.341177550531665665e-09
3.383586335406682321e-09
3.426533405065230145e-09
3.470025591830146473e-09
3.514069814745286427e-09
3.558175641551264563e-09
3.602774994820225093e-09
3.647933371170769265e-09
3.693657777583586101e-09
3.739955308867123596e-09
3.786833148758555770e-09
3.834298571038401516e-09
3.882358940659110804e-09
3.931021714887949107e-09
3.980294444463983204e-09
4.030184774769807326e-09
4.080700447017712715e-09
4.131849299450979692e-09
4.183639268559958061e-09
4.235805598101218402e-09
4.288172080330279002e-09
4.341185959706714194e-09
4.394855239881897792e-09
4.449188023454810702e-09
4.504192513195425329e-09
4.559877013283041277e-09
4.616249930559941259e-09
4.673319775800698093e-09
4.731095164997021942e-09
4.789584820658477834e-09
4.848797573129465563e-09
4.908742361922279148e-09
4.969428237066774420e-09
5.030864360476593469e-09
5.092227626447787312e-09
5.154209934955141529e-09
5.216946688638501452e-09
5.280447070562154298e-09
5.344720375566127210e-09
5.409776011626741371e-09
5.475623501233610469e-09
5.542272482783622010e-09
5.609732711991668211e-09
5.678014063318653386e-09
5.747126531416866334e-09
5.817080232592940243e-09
5.887885406288625929e-09
5.959552416579582718e-09
6.031665084160831102e-09
6.103860698371072788e-09
6.176920453185711538e-09
6.250854691878234540e-09
6.325673881525277675e-09
6.401388614488429417e-09
6.478009609913924172e-09
6.555547715250025707e-09
6.634013907782807894e-09
6.713419296190322029e-09
6.793775122115120947e-09
6.875092761755879423e-09
6.957383727477894143e-09
7.040659669443041449e-09
7.124932377258948833e-09
7.208800984520598282e-09
7.293384973409843944e-09
7.378961422930415576e-09
7.465541978053455814e-09
7.553138420385486668e-09
7.641762669771851168e-09
7.731426785918514273e-09
7.822142970033203271e-09
7.913923566485800805e-09
8.006781064487911944e-09
8.100728099792606194e-09
8.195777456413591632e-09
8.291942068365093367e-09
8.389235021421627362e-09
8.486973242793058951e-09
8.584399746242997122e-09
8.682944660615525235e-09
8.782620824747553026e-09
8.883441224859969552e-09
8.985418996249325152e-09
9.088567424999266480e-09
9.192899949711607153e-09
9.298430163256944670e-09
9.405171814545700434e-09
9.513138810319513363e-09
9.622345216962820033e-09
9.732805262335610630e-09
9.844533337627201921e-09
9.957543999230951117e-09
1.006953084020735814e-08
1.018223930177047585e-08
1.029620931141458181e-08
1.041145498967278489e-08
1.052799061512954073e-08
1.064583062618985384e-08
1.076498962286808378e-08
1.088548236859678067e-08
1.100732379205596043e-08
1.113052898902265578e-08
1.125511322424116500e-08
1.138109193331444670e-08
1.150848072461647375e-08
1.163729538122599791e-08
1.176643621475644158e-08
1.189438152429097231e-08
1.202371807939324363e-08
1.215446100812255682e-08
1.228662560303697629e-08
1.242022732298207449e-08
1.255528179489900489e-08
1.269180481565247841e-08
1.282981235387836896e-08
1.296932055185154021e-08
1.311034572737396969e-08
1.325290437568329602e-08
1.339701317138235498e-08
1.354268897038945303e-08
1.368994881190997548e-08
1.383496189376510023e-08
1.398045827307946218e-08
1.412748477561039144e-08
1.427605749300951985e-08
1.442619268615758391e-08
1.457790678694402438e-08
1.473121640006543745e-08
1.488613830484291204e-08
1.504268945705848325e-08
1.520088699081090217e-08
1.536074822039090556e-08
1.552229064217622050e-08
1.568553193654651068e-08
1.585048996981841979e-08
1.601543394844429826e-08
1.617740403505834257e-08
1.634101218586981404e-08
1.650627496723600858e-08
1.667320911305586670e-08
1.684183152646462172e-08
1.701215928154525301e-08
1.718420962505723060e-08
1.735799997818311365e-08
1.753354793829227160e-08
1.771087128072299844e-08
1.788998796058211365e-08
1.807091611456330369e-08
1.825367406278328760e-08
1.843828031063710369e-08
1.861839549655476333e-08
1.879824640885409804e-08
1.897983465403267385e-08
1.916317701446593087e-08
1.934829043464453977e-08
1.953519202274042345e-08
1.972389905218786646e-08
1.991442896327995702e-08
2.010679936478039146e-08
2.030102803555089917e-08
2.049713292619433757e-08
2.069513216071370877e-08
2.089504403818716715e-08
2.109688703445921667e-08
2.129802293379440657e-08
2.149290042870060032e-08
2.168956105803852220e-08
2.188802113753720040e-08
2.208829713221503805e-08
2.229040565774580944e-08
2.249436348183711340e-08
2.270018752562167131e-08
2.290789486506089708e-08
2.311750273236176154e-08
2.332902851740640875e-08
2.354248976919488138e-08
2.375790419730105123e-08
2.397528967334188062e-08
2.419466423246011713e-08
2.440581970185803367e-08
2.461507412412722844e-08
2.482612268458868336e-08
2.503898076610406475e-08
2.525366388342722740e-08
2.547018768433462960e-08
2.568856795076623364e-08
2.590882059997566400e-08
2.613096168569020907e-08
2.635500739928132476e-08
2.658097407094436275e-08
2.680887817088920105e-08
2.703873631054058232e-08
2.727056524374869604e-08
2.750049898456814992e-08
2.771852058765929340e-08
2.793827064736654100e-08
2.815976286674595060e-08
2.838301105749039953e-08
2.860802914079064322e-08
2.883483114820343127e-08
2.906343122252655872e-08
2.929384361868054129e-08
2.952608270459785437e-08
2.976016296211865056e-08
2.999609898789388204e-08
3.023390549429556324e-08
3.047359731033393211e-08
3.071518938258255902e-08
3.094292722152846516e-08
3.116577289948514759e-08
3.139022347396077977e-08
3.161629050314603088e-08
3.184398562847170145e-08
3.207332057520823074e-08
3.230430715306928055e-08
3.253695725682022249e-08
3.277128286689046341e-08
3.300729604999046254e-08
3.324500895973286478e-08
3.348443383725877565e-08
3.372558301186782805e-08
3.396846890165323865e-08
3.420772130057818915e-08
3.442610464789320519e-08
3.464588216250639448e-08
3.486706274483297970e-08
3.508965535210870874e-08
3.531366899875262964e-08
3.553911275673226105e-08
3.576599575593067514e-08
3.599432718451666420e-08
3.622411628931656832e-08
3.645537237618885577e-08
3.668810481040073512e-08
3.692232301700783766e-08
3.715803648123562717e-08
3.739525474886366161e-08
3.761056725040155676e-08
3.781605953483671486e-08
3.802267456434192586e-08
3.823041847324236976e-08
3.843929742937929457e-08
3.864931763429288940e-08
3.886048532340680531e-08
3.907280676621303348e-08
3.928628826645815318e-08
3.950093616233019522e-08
3.971675682664729864e-08
3.993375666704657260e-08
4.015194212617454649e-08
4.037131968187806327e-08
4.058478762332296708e-08
4.076377748119805942e-08
4.094355673261438344e-08
4.112412885901032991e-08
4.130549735717838304e-08
4.148766573933279710e-08
4.167063753317758403e-08
4.185441628197511651e-08
4.203900554461426778e-08
4.222440889567964336e-08
4.241062992552073994e-08
4.259767224032146166e-08
4.278553946216996065e-08
4.297423522912876201e-08
4.316376319530523307e-08
4.332079039389005419e-08
4.346067896809053654e-08
4.360101926103894842e-08
4.374181273139489938e-08
4.388306084252821680e-08
4.402476506253441758e-08
4.416692686424932595e-08
4.430954772526510764e-08
4.445262912794500689e-08
4.459617255943900332e-08
4.474017951169956805e-08
4.488465148149650008e-08
4.502958997043325806e-08
4.517499648496187605e-08
4.531234083401735119e-08
4.539775917710220129e-08
4.548333854239869218e-08
4.556907923345005376e-08
4.565498155437145508e-08
4.574104580985163885e-08
4.582727230515361625e-08
4.591366134611585148e-08
4.600021323915334701e-08
4.608692829125872222e-08
4.617380681000332513e-08
4.626084910353827797e-08
4.634805548059563522e-08
4.643542625048941592e-08
4.652296172311673528e-08
4.656625608893654413e-08
4.658318261149517307e-08
4.660011528673150590e-08
4.661705411688201400e-08
4.663399910418396285e-08
4.665095025087552452e-08
4.666790755919540709e-08
4.668487103138342374e-08
4.670184066968008912e-08
4.671881647632675168e-08
4.673579845356556056e-08
4.675278660363948547e-08
4.676978092879231670e-08
4.678678143126873787e-08
4.679463884617487001e-08
4.673129930631870149e-08
4.666804550058524452e-08
4.660487731292788174e-08
4.654179462745715350e-08
4.647879732844018212e-08
4.641588530030104248e-08
4.635305842762013337e-08
4.629031659513409144e-08
4.622765968773556624e-08
4.616508759047301505e-08
4.610260018855049112e-08
4.604019736732742531e-08
4.597787901231842759e-08
4.591564500919306861e-08
4.580035291818918038e-08
4.565011634920402230e-08
4.550037259359741042e-08
4.535112003481868437e-08
4.520235706161976228e-08
4.505408206803815373e-08
4.490629345337903311e-08
4.475898962219835190e-08
4.461216898428552083e-08
4.446582995464621774e-08
4.431997095348532119e-08
4.417459040618981102e-08
4.402968674331172174e-08
4.388525840055151295e-08
4.373315263524231216e-08
4.349659979649311532e-08
4.326132647321784316e-08
4.302732574451097093e-08
4.279459072690219053e-08
4.256311457415400276e-08
4.233289047705998449e-08
4.210391166324500141e-08
4.187617139696563246e-08
4.164966297891214946e-08
4.142437974601140987e-08
4.120031507123085469e-08
4.097746236338359825e-08
4.075581506693451058e-08
4.053536666180737186e-08
4.026262522168938464e-08
3.995231262874778511e-08
3.964439168078232620e-08
3.933884394487789065e-08
3.903565113018563297e-08
3.873479508682842091e-08
3.843625780481374812e-08
3.814002141295625527e-08
3.784606817780736499e-08
3.755438050259396280e-08
3.726494092616520428e-08
3.697773212194682644e-08
3.669273689690414777e-08
3.640993819051307543e-08
3.612404961919073812e-08
3.575936372096092340e-08
3.539835946434576027e-08
3.504099968178531497e-08
3.468724758094018145e-08
3.433706674090349708e-08
3.399042110845110797e-08
3.364727499432994998e-08
3.330759306958322937e-08
3.297134036191334274e-08
3.263848225208123261e-08
3.230898447034201984e-08
3.198281309291703860e-08
3.165993453850075193e-08
3.134031556480361324e-08
3.098437856689130152e-08
3.060017268144910810e-08
3.022073094391743244e-08
2.984599427892505716e-08
2.947590434363449825e-08
2.911040351865888035e-08
2.874943489909078909e-08
2.839294228564295831e-08
2.804087017589855867e-08
2.769316375566992636e-08
2.734976889046483515e-08
2.701063211705765172e-08
2.667570063516642962e-08
2.634492229923179277e-08
2.601642233810706280e-08
2.564075619645405487e-08
2.527051451509574263e-08
2.490561896711844482e-08
2.454599235661580074e-08
2.419155860235791217e-08
2.384224272169547736e-08
2.349797081469710723e-08
2.315867004851518168e-08
2.282426864197747323e-08
2.249469585040173226e-08
2.216988195062882328e-08
2.184975822627274795e-08
2.153425695318289287e-08
2.122331138511688751e-08
2.090056649188542648e-08
2.056796752563338139e-08
2.024066133804329563e-08
1.991856370303877978e-08
1.960159173486613230e-08
1.928966386676537497e-08
1.898269982998070361e-08
1.868062063310459710e-08
1.838334854175098535e-08
1.809080705855189134e-08
1.780292090347204787e-08
1.751961599443713501e-08
1.724081942827010578e-08
1.696645946193105420e-08
1.669632783725159385e-08
1.641199405451556961e-08
1.613250239639482244e-08
1.585777040286444214e-08
1.558771701817075209e-08
1.532226256691671038e-08
1.506132873055508458e-08
1.480483852428141277e-08
1.455271627432100530e-08
1.430488759560221680e-08
1.406127936981043786e-08
1.382181972381534880e-08
1.358643800846600069e-08
1.335506477774657202e-08
1.312763176828750526e-08
1.289635523364094834e-08
1.266139142439879468e-08
1.243070851395737945e-08
1.220422850692410359e-08
1.198187482893542880e-08
1.176357230076642880e-08
1.154924711291228513e-08
1.133882680063288337e-08
1.113224021945187224e-08
1.092941752110232260e-08
1.073029012991063816e-08
1.053479071961054897e-08
1.034285319057973952e-08
1.015441264749110610e-08
9.969405377371298082e-09
9.772040056481469757e-09
9.578277705371405488e-09
9.388357320574485711e-09
9.202202722662356949e-09
9.019739242710506717e-09
8.840893692347856793e-09
8.665594334399845344e-09
8.493770854113791270e-09
8.325354330954778242e-09
8.160277210960792254e-09
7.998473279645866319e-09
7.839877635440818126e-09
7.684426663660329337e-09
7.532058010986202124e-09
7.377861939187774767e-09
7.221412590239912098e-09
7.068280787620263748e-09
6.918396181955576105e-09
6.771689915648093058e-09
6.628094591242200686e-09
6.487544240461463780e-09
6.349974293902908645e-09
6.215321551373282437e-09
6.083524152854732413e-09
5.954521550086167308e-09
5.828254478746857469e-09
5.704664931230518703e-09
5.583696129996105622e-09
5.465292501484081366e-09
5.348390091751017861e-09
5.233940582110112432e-09
5.121940162762215061e-09
5.012336425940095502e-09
4.905078085343573843e-09
4.800114952141348309e-09
4.697397911486446794e-09
4.596878899534229499e-09
4.498510880951992448e-09
4.402247826910103449e-09
4.308044693543917971e-09
4.215857400876605023e-09
4.125642812193071842e-09
4.037358713855262236e-09
3.951518242499561178e-09
3.868191740520627017e-09
3.786622362134657513e-09
3.706773054504392744e-09
3.628607546133539843e-09
3.552090330390542889e-09
3.477186649379704529e-09
3.403862478152435186e-09
3.332084509251428394e-09
3.261820137580823047e-09
3.193037445595278936e-09
3.125705188801506521e-09
3.059792781565464347e-09
2.995270283218838672e-09
2.932108384458567134e-09
2.870460290538023790e-09
2.810122307305776340e-09
2.751052647565955643e-09
2.693224650757569399e-09
2.636612216733050193e-09
2.581189793978210955e-09
2.526932368079772680e-09
2.473815450435316041e-09
2.421815067200590001e-09
2.370907748469152703e-09
2.321070517679409280e-09
2.272280881244366804e-09
2.224516818399325678e-09
2.177756771263027474e-09
2.132684450338018562e-09
2.089522180262023345e-09
2.047233448490215093e-09
2.005800575943908224e-09
1.965206241341920922e-09
1.925433473959297922e-09
1.886465646532591076e-09
1.848286468308723592e-09
1.810879978234541150e-09
1.774230538284161585e-09
1.738322826921441427e-09
1.703141832694677804e-09
1.668672847960974630e-09
1.634901462737651121e-09
1.601813558677986928e-09
1.570317304522738191e-09
1.539540009966462462e-09
1.509365932261637935e-09
1.479783248713141508e-09
1.450780368343731940e-09
1.422345927352490390e-09
1.394468784662305696e-09
1.367138017554623084e-09
1.340342917389723967e-09
1.314072985410938937e-09
1.288317928631042592e-09
1.263067655799303447e-09
1.238312273447546949e-09
1.214042082013765658e-09
1.190531159351535089e-09
1.167915418620760188e-09
1.145729294305132505e-09
1.123964625262973476e-09
1.102613405384486525e-09
1.081667780646667763e-09
1.061120046224275951e-09
1.040962643655570722e-09
1.021188158061960223e-09
1.001789315420461137e-09
9.827589798879160254e-10
9.640901511761192818e-10
9.457759619767631508e-10
9.278096754352868651e-10
9.101846826727471354e-10
8.931185506358230962e-10
8.764040843356938272e-10
8.600024246428164584e-10
8.439077174681771736e-10
8.281142182804165435e-10
8.126162900554882560e-10
7.974084012646900318e-10
7.824851239003467665e-10
7.678411315384438315e-10
7.534711974375196298e-10
7.393701926731222651e-10
7.255330843072093195e-10
7.119549335917769837e-10
6.986308942061222493e-10
6.855273614517474034e-10
6.726194452785565956e-10
6.599545745464422822e-10
6.475281729097237673e-10
6.353357501915413118e-10
6.233729007613789978e-10
6.116353019431104558e-10
6.001187124530448804e-10
5.888189708673803516e-10
5.777319941184920514e-10
5.668537760195681671e-10
5.561803858169916036e-10
5.457079667700035595e-10
5.354327347570987895e-10
5.253509769086726839e-10
5.152201786517807813e-10
5.052425851455710095e-10
4.954582146075194184e-10
4.858633251418090943e-10
4.764542473170121319e-10
4.672273827627604580e-10
4.581792027936139911e-10
4.493062470595478362e-10
4.406051222226037178e-10
4.320725006591475138e-10
4.237051191872678581e-10
4.154997778188196070e-10
4.074533385356263562e-10
3.995627240893993121e-10
3.917009436854777334e-10
3.837517789973144732e-10
3.759639343678801725e-10
3.683341359737786517e-10
3.608591764304620226e-10
3.535359134439320803e-10
3.463612684897891133e-10
3.393322255190968229e-10
3.324458296905022148e-10
3.256991861280990046e-10
3.190894587044859630e-10
3.126138688485280281e-10
3.062696943773127597e-10
3.000542683518049507e-10
2.939649779557366896e-10
2.876997379619997263e-10
2.815040791892803206e-10
2.754418448954982210e-10
2.695101617636681513e-10
2.637062183541369461e-10
2.580272637720431987e-10
2.524706063634726827e-10
2.470336124397026048e-10
2.417137050289048938e-10
2.365083626547421126e-10
2.314151181412654656e-10
2.264315574435452313e-10
2.215553185034843471e-10
2.167840901302756173e-10
2.120166347405085154e-10
2.071361998174776851e-10
2.023681081785815619e-10
1.977097737810421579e-10
1.931586701104905757e-10
1.887123288106806987e-10
1.843683383447382890e-10
1.801243426872272426e-10
1.759780400463307242e-10
1.719271816154354707e-10
1.679695703534644216e-10
1.641030597932772152e-10
1.603255528775042340e-10
1.566350008211755888e-10
1.530294020005346860e-10
1.493086832299792890e-10
1.456283777366663019e-10
1.420387879889550770e-10
1.385376779370087337e-10
1.351228666473198377e-10
1.317922269441457835e-10
1.285436840844416828e-10
1.253752144654445277e-10
1.222848443641167838e-10
1.192706487076660467e-10
1.163307498743630334e-10
1.134633165239231620e-10
1.106665624567174582e-10
1.079387455011008939e-10
1.052267497724782397e-10
1.024546685979629313e-10
9.975561480531275007e-11
9.712766456973134899e-11
9.456894474743717095e-11
9.207763154052983353e-11
8.965194919702502820e-11
8.729016874514308495e-11
8.499060676093362651e-11
8.275162416837009886e-11
8.057162507105215254e-11
7.844905561468736285e-11
7.638240287953950641e-11
7.437019380205268702e-11
7.241099412488393276e-11
7.040975760281785023e-11
6.843627650637250016e-11
6.651810915862654615e-11
6.465370519722780518e-11
6.284155771418104604e-11
6.108020203788861792e-11
5.936821454932479053e-11
5.770421153139510035e-11
5.608684805054235740e-11
5.451481686970332702e-11
5.298684739173116520e-11
5.150170463243226385e-11
5.005818822238948561e-11
4.865513143675960643e-11
4.727161561922125159e-11
4.587110196432492342e-11
4.451208125338342822e-11
4.319332417714171152e-11
4.191363784702479803e-11
4.067186471610440582e-11
3.946688153203402972e-11
3.829759832100449969e-11
3.716295740180351740e-11
3.606193242908394839e-11
3.499352746497793300e-11
3.395677607821628420e-11
3.295074046993747540e-11
3.197451062539765657e-11
3.102720349081149005e-11
3.007443860058029551e-11
2.913957685272700962e-11
2.823377521466352497e-11
2.735613035497955972e-11
2.650576702225659649e-11
2.568183717220301188e-11
2.488351912192273997e-11
2.411001673047286646e-11
2.336055860489410131e-11
2.263439733092166790e-11
2.193080872760903711e-11
2.124909112512208884e-11
2.058856466498246427e-11
1.994857062206375525e-11
1.932268366870034424e-11
1.869742349348838223e-11
1.809239602991260471e-11
1.750694657032276728e-11
1.694044159266700325e-11
1.639226807495027797e-11
1.586183283187545870e-11
1.534856187295029981e-11
1.485189978136533377e-11
1.437130911297027194e-11
1.390626981469947180e-11
1.345627866181585835e-11
1.302084871336533337e-11
1.259950878525203006e-11
1.219180294036401381e-11
1.179728999519843799e-11
1.141554304245125493e-11
1.104614898905562337e-11
1.068870810916887675e-11
1.034283361162405322e-11
1.000815122137886765e-11
9.684298774507648148e-12
9.370925826299521290e-12
9.067693272037883574e-12
8.774272980050869463e-12
8.490347436636266932e-12
8.215609402475886096e-12
7.949761580168156153e-12
7.692516292518989755e-12
7.443595171242628145e-12
7.202728855736096972e-12
6.969656701600649540e-12
6.744126498595304199e-12
6.525894197717066101e-12
6.314723647112396556e-12
6.110386336534553486e-12
5.912661150069740281e-12
5.721334126864881292e-12
5.536198229597983160e-12
5.357053120440409075e-12
5.183704944268974289e-12
5.015966118892925807e-12
4.853655132068846966e-12
4.696596345084132176e-12
4.544619802696078846e-12
4.397561049221353942e-12
4.255260950576391738e-12
4.117565522076475967e-12
3.984325761807030477e-12
3.855397489386755027e-12
3.730641189948361943e-12
3.609921863167757600e-12
3.493108877178550995e-12
3.380075827213718169e-12
3.270700398821398910e-12
3.164864235507006793e-12
3.062452810658157713e-12
2.963355303614029765e-12
2.867464479744964609e-12
2.774676574412557260e-12
2.684891180684667246e-12
2.598011140683843627e-12
2.513942440451590738e-12
2.432594108214721557e-12
2.353878115943642337e-12
2.277709284096201446e-12
2.204005189443820383e-12
2.132686075880315687e-12
2.063674768116844492e-12
1.996896588169543487e-12
1.932279274549615815e-12
1.869752904068253020e-12
1.809249816171900463e-12
1.750704539725942621e-12
1.694053722167590771e-12
1.639236060951268022e-12
1.586192237212414796e-12
1.534864851577781544e-12
1.485198362052894577e-12
1.437139023919355290e-12
1.390634831576992478e-12
1.345635462268051483e-12
1.302092221622237686e-12
1.259957990963975592e-12
1.219187176324709519e-12
1.179735659105091328e-12
1.141560748333731356e-12
1.104621134470753972e-12
1.068876844706242377e-12
1.034289199705173696e-12
1.000820771752018995e-12
9.684353442497774363e-13
9.370978725295357391e-13
9.067744459282045722e-13
8.774322510933777892e-13
8.490395364755861077e-13
8.215655779695771594e-13
7.949806456673692980e-13
7.692559716871564846e-13
7.443637190432299704e-13
7.202769515232345115e-13
6.969696045401615148e-13
6.744164569275397240e-13
6.525931036473010675e-13
6.314759293807916618e-13
6.110420829743350093e-13
5.912694527117337717e-13
5.721366423868992517e-13
5.536229481507570666e-13
5.357083361073593426e-13
5.183734206349514483e-13
5.015994434085657383e-13
4.853682531013986773e-13
4.696622857430396496e-13
4.544645457132842163e-13
4.397585873509577235e-13
4.255284971578743084e-13
4.117588765786359917e-13
3.984348253376752382e-13
3.855419253154750853e-13
3.730662249465456607e-13
3.609942241222713264e-13
3.493128595822710825e-13
3.380094907784855734e-13
3.270718861966861872e-13
3.164882101205978282e-13
3.062470098243329733e-13
2.963372031792510913e-13
2.867480666618521763e-13
2.774692237497216892e-13
2.684906336929633949e-13
2.598025806489876410e-13
2.513956631688738129e-13
2.432607840239485808e-13
2.353891403615636023e-13
2.277722141794167730e-13
2.204017631081231859e-13
2.132698114920421057e-13
2.063686417587228787e-13
1.996907860676250218e-13
1.932290182290763345e-13
1.869763458847241633e-13
1.809260029410186361e-13
1.750714422475396403e-13
1.694063285122456922e-13
1.639245314459737362e-13
1.586201191287822821e-13
1.534873515909449320e-13
1.485206746016595419e-13
1.437147136587467469e-13
1.390642681728357430e-13
1.345643058397402478e-13
1.302099571949439723e-13
1.259965103442908100e-13
1.219194058651868448e-13
1.179742318727932347e-13
1.141567192458714162e-13
1.104627370071145501e-13
