6.984214569848896959e-10
7.077000133659289064e-10
7.171018357315066703e-10
7.266285616750445644e-10
7.362818505454653697e-10
7.460633837362072901e-10
7.559748649780773213e-10
7.660180206360217344e-10
7.761946000098128466e-10
7.865063756387294186e-10
7.969551436103133991e-10
8.075427238731967078e-10
8.182709605541036260e-10
8.291417222790438910e-10
8.401569024988069234e-10
8.512758130590765798e-10
8.624963440473002330e-10
8.738647710684232578e-10
8.853830435165171418e-10
8.970531364803029085e-10
9.088770510818314305e-10
9.208568148196249342e-10
9.329944819163446302e-10
9.452921336710223128e-10
9.577518788159726640e-10
9.703758538783709605e-10
9.831662235466176733e-10
9.961251810415260492e-10
1.009254948492408047e-09
1.022557777318096477e-09
1.035922525666141218e-09
1.049458806205832428e-09
1.063171963767027870e-09
1.077064309581431896e-09
1.091138185081347111e-09
1.105395962294303015e-09
1.119840044242840253e-09
1.134472865349518711e-09
1.149296891847217923e-09
1.164314622194803389e-09
1.179528587498201631e-09
1.194941351937023138e-09
1.210555513196713986e-09
1.226373702906377164e-09
1.242328282438639474e-09
1.258406840196127817e-09
1.274693491114832160e-09
1.291190928394259801e-09
1.307901880090038715e-09
1.324829109565065777e-09
1.341975415946448992e-09
1.359343634588360126e-09
1.376936637540934653e-09
1.394757334025156345e-09
1.412808670913972202e-09
1.431093633219577306e-09
1.449615244587006731e-09
1.468376567794167048e-09
1.487380705258287378e-09
1.506444588734714959e-09
1.525742204676503462e-09
1.545287023856839318e-09
1.565082212959184935e-09
1.585130979232346103e-09
1.605436571010095902e-09
1.626002278237519437e-09
1.646831433004005397e-09
1.667927410083168347e-09
1.689293627479581815e-09
1.710933546982623279e-09
1.732850674727304066e-09
1.755048561762394580e-09
1.777530804625714556e-09
1.800188471153106290e-09
1.822985918441459947e-09
1.846072070835532587e-09
1.869450584474394562e-09
1.893125161798207111e-09
1.917099552134525290e-09
1.941377552292096607e-09
1.965963007162184100e-09
1.990859810327423802e-09
2.016071904678513107e-09
2.041603283038587795e-09
2.067457988795584655e-09
2.093640116542618239e-09
2.120153812726379212e-09
2.147003276303871915e-09
2.173873898002405208e-09
2.201052781570969778e-09
2.228571469445898199e-09
2.256434210034454317e-09
2.284645304859690768e-09
2.313209109224464495e-09
2.342130032883894054e-09
2.371412540726085003e-09
2.401061153461456732e-09
2.431080448320693059e-09
2.461475059761317841e-09
2.492249680183253772e-09
2.523409060653167067e-09
2.554958011638030675e-09
2.586717914710091656e-09
2.618601724574225909e-09
2.650878533352417147e-09
2.683553185137850812e-09
2.716630583731897355e-09
2.750115693380008506e-09
2.784013539516779115e-09
2.818329209520199803e-09
2.853067853475101238e-09
2.888234684946119675e-09
2.923834981760126688e-09
2.959874086798370821e-09
2.996357408798262930e-09
3.033290423165166274e-09
3.070678672794118976e-09
3.108016302733418588e-09
3.145746212362087538e-09
3.183934145997688534e-09
3.222585663844114932e-09
3.261706393603655917e-09
3.301302031296317659e-09
3.341378342089219527e-09
3.381941161135985958e-09
3.422996394426401982e-09
3.464550019646251745e-09
3.506608087047730069e-09
3.549176720330338103e-09
3.592262117532556313e-09
3.635870551934201335e-09
3.679711592135557989e-09
3.723591558096527835e-09
3.767994785558999195e-09
3.812927514331768531e-09
3.858396058632390094e-09
3.904406807974425159e-09
3.950966228065369731e-09
3.998080861715186728e-09
4.045757329755838817e-09
4.094002331971624245e-09
4.142822648040702764e-09
4.192225138487748786e-09
4.242216745648136267e-09
4.292804494643450175e-09
4.343995494368729860e-09
4.394914781282585177e-09
4.446293832337168482e-09
4.498273533692966690e-09
4.550860907293316825e-09
4.604063057172066670e-09
4.657887170413199400e-09
4.712340518121868350e-09
4.767430456406501111e-09
4.823164427372691780e-09
4.879549960128397452e-09
4.936594671801204943e-09
4.994306268567172243e-09
5.052692546691991653e-09
5.111761393584135466e-09
5.171047647841016333e-09
5.230146317777208864e-09
5.289920412313250117e-09
5.350377650715715089e-09
5.411525840472900297e-09
5.473372878303002266e-09
5.535926751173927000e-09
5.599195537334727953e-09
5.663187407358866076e-09
5.727910625199266275e-09
5.793373549255670746e-09
5.859584633453952506e-09
5.926552428337889582e-09
5.994285582173382468e-09
6.062792842065327450e-09
6.130598661612708268e-09
6.198877365670013969e-09
6.267916514454673621e-09
6.337724577315825011e-09
6.408310117928823589e-09
6.479681795345788314e-09
6.551848365057846321e-09
6.624818680069210402e-09
6.698601691983243159e-09
6.773206452100483850e-09
6.848642112529173927e-09
6.924917927307884231e-09
7.002043253540772408e-09
7.080027552545463096e-09
7.158127993565011038e-09
7.235523746837695763e-09
7.313756325413034285e-09
7.392834777288591486e-09
7.472768248291501349e-09
7.553565983136234080e-09
7.635237326493787443e-09
7.717791724072449512e-09
7.801238723710240389e-09
7.885587976479142075e-09
7.970849237801415102e-09
8.057032368577679326e-09
8.144147336327496736e-09
8.232204216342136967e-09
8.321213192849841519e-09
8.408710786807094430e-09
8.496555654486761367e-09
8.585318227742622927e-09
8.675008093742908914e-09
8.765634939811929876e-09
8.857208554476399363e-09
8.949738828522681597e-09
9.043235756065088614e-09
9.137709435625331111e-09
9.233170071223258653e-09
9.329627973478980234e-09
9.427093560726509113e-09
9.525577360139036164e-09
9.625090008865962413e-09
9.724454263335603970e-09
9.822047499035842043e-09
9.920620166526958272e-09
1.002018209524667927e-08
1.012074321327956678e-08
1.022231354834702712e-08
1.032490322880724185e-08
1.042852248466515366e-08
1.053318164859257692e-08
1.063889115695854214e-08
1.074566155086999338e-08
1.085350347722291976e-08
1.096242768976404012e-08
1.107244505016314176e-08
1.118356652909617586e-08
1.129172129940138424e-08
1.139980633237229789e-08
1.150892596175617979e-08
1.161909009077184764e-08
1.173030871743239693e-08
1.184259193545247915e-08
1.195594993516438444e-08
1.207039300444290396e-08
1.218593152963890414e-08
1.230257599652210246e-08
1.242033699123260310e-08
1.253922520124168377e-08
1.265925141632175923e-08
1.278042652952551673e-08
1.290093316986755338e-08
1.301767749181751873e-08
1.313547826732228293e-08
1.325434505653942100e-08
1.337428750613919737e-08
1.349531535008733688e-08
1.361743841043515431e-08
1.374066659811655444e-08
1.386500991375238914e-08
1.399047844846205057e-08
1.411708238468243129e-08
1.424483199699427105e-08
1.437373765295600448e-08
1.450380981394513450e-08
1.463505903600723556e-08
1.476092144425216965e-08
1.488577620215631085e-08
1.501168703983369817e-08
1.513866289009953895e-08
1.526671276132707439e-08
1.539584573808644916e-08
1.552607098178945900e-08
1.565739773133927794e-08
1.578983530378614782e-08
1.592339309498817648e-08
1.605808058027801885e-08
1.619390731513521270e-08
1.633088293586386453e-08
1.646901716027657242e-08
1.660561970504797174e-08
1.673505714122629855e-08
1.686550351595567130e-08
1.699696669370737328e-08
1.712945460025464594e-08
1.726297522315052135e-08
1.739753661220939019e-08
1.753314687999235163e-08
1.766981420229612341e-08
1.780754681864631944e-08
1.794635303279383418e-08
1.808624121321570061e-08
1.822721979361936594e-08
1.836929727345159296e-08
1.851248221841033931e-08
1.864665128352547834e-08
1.877808917534889587e-08
1.891045355628525586e-08
1.904375095703939388e-08
1.917798795435027192e-08
1.931317117131544160e-08
1.944930727771784674e-08
1.958640299035487577e-08
1.972446507336978325e-08
1.986350033858541421e-08
2.000351564584029757e-08
2.014451790332708544e-08
2.028651406793342098e-08
2.042951114558516549e-08
2.056974915600241643e-08
2.069753439252894599e-08
2.082611346793749226e-08
2.095549131378507490e-08
2.108567289226482330e-08
2.121666319639659860e-08
2.134846725021819159e-08
2.148109010897833369e-08
2.161453685933029696e-08
2.174881261952711198e-08
2.188392253961801998e-08
2.201987180164567266e-08
2.215666561984525446e-08
2.229430924084410436e-08
2.243280794386331968e-08
2.255691380468896635e-08
2.267535364014675420e-08
2.279441536895155624e-08
2.291410225648551579e-08
2.303441758527650316e-08
2.315536465508793086e-08
2.327694678300933319e-08
2.339916730354730650e-08
2.352202956871698873e-08
2.364553694813397905e-08
2.376969282910675044e-08
2.389450061672955535e-08
2.401996373397581768e-08
2.414608562179199129e-08
2.426787053711695338e-08
2.436936667838506994e-08
2.447128730958434173e-08
2.457363420606985935e-08
2.467640915062203582e-08
2.477961393347724203e-08
2.488325035235940839e-08
2.498732021251092827e-08
2.509182532672451767e-08
2.519676751537441321e-08
2.530214860644826487e-08
2.540797043557910818e-08
2.551423484607699233e-08
2.562094368896149494e-08
2.572809882299354867e-08
2.581400217932863683e-08
2.588997107236107135e-08
2.596616353679739744e-08
2.604258023059344587e-08
2.611922181364132505e-08
2.619608894777516160e-08
2.627318229677681129e-08
2.635050252638159627e-08
2.642805030428405571e-08
2.650582630014371283e-08
2.658383118559084209e-08
2.666206563423235202e-08
2.674053032165735383e-08
2.681922592544334542e-08
2.689187252402961425e-08
2.693334103845038554e-08
2.697487349924330780e-08
2.701647000501670429e-08
2.705813065453080168e-08
2.709985554669826946e-08
2.714164478058426616e-08
2.718349845540670083e-08
2.722541667053648444e-08
2.726739952549776483e-08
2.730944711996816163e-08
2.735155955377899785e-08
2.739373692691554475e-08
2.743597933951725342e-08
2.747828689187799306e-08
2.749208126819337356e-08
2.749075102414107543e-08
2.748942084445455619e-08
2.748809072913070234e-08
2.748676067816640036e-08
2.748543069155853343e-08
2.748410076930404431e-08
2.748277091139971029e-08
2.748144111784246749e-08
2.748011138862920903e-08
2.747878172375681809e-08
2.747745212322218447e-08
2.747612258702224429e-08
2.747479311515378148e-08
2.746650031654362043e-08
2.741564056239701790e-08
2.736487498532292449e-08
2.731420341093352867e-08
2.726362566516394689e-08
2.721314157427159164e-08
2.716275096483561560e-08
2.711245366375627633e-08
2.706224949825437381e-08
2.701213829587064161e-08
2.696211988446514807e-08
2.691219409221672050e-08
2.686236074762234637e-08
2.681261967949658762e-08
2.676297071697098513e-08
2.667934962711581674e-08
2.657581932080109715e-08
2.647269076807020855e-08
2.636996240990190629e-08
2.626763269332483220e-08
2.616570007139395652e-08
2.606416300316738045e-08
2.596301995368274492e-08
2.586226939393421517e-08
2.576190980084928986e-08
2.566193965726595439e-08
2.556235745190945693e-08
2.546316167936960734e-08
2.536435084007816858e-08
2.525943517385890342e-08
2.510469355525946536e-08
2.495089989802023824e-08
2.479804839484300565e-08
2.464613327400545115e-08
2.449514879914335166e-08
2.434508926903413407e-08
2.419594901738123588e-08
2.404772241260054702e-08
2.390040385760740751e-08
2.375398778960541837e-08
2.360846867987651969e-08
2.346384103357189590e-08
2.332009938950487628e-08
2.317723831994437133e-08
2.300152106470366822e-08
2.280489106876142631e-08
2.260994197710353808e-08
2.241665942041056129e-08
2.222502915220026803e-08
2.203503704777725437e-08
2.184666910319200305e-08
2.165991143420879698e-08
2.147475027528208326e-08
2.129117197854200559e-08
2.110916301278836411e-08
2.092870996249344251e-08
2.074979952681289524e-08
2.057241851860551204e-08
2.039213007233642507e-08
2.016755775992980312e-08
1.994545859394392109e-08
1.972580533837112841e-08
1.950857105714562878e-08
1.929372911084030641e-08
1.908125315339992844e-08
1.887111712891034951e-08
1.866329526840329500e-08
1.845776208669613079e-08
1.825449237926699654e-08
1.805346121916364500e-08
1.785464395394666554e-08
1.765801620266656913e-08
1.746355385287379515e-08
1.724826989783820814e-08
1.701881680379911439e-08
1.679241611575064486e-08
1.656902722764924625e-08
1.634861007363203919e-08
1.613112512083084883e-08
1.591653336228175820e-08
1.570479630992906274e-08
1.549587598772221650e-08
1.528973492480464828e-08
1.508633614879327982e-08
1.488564317914718589e-08
1.468762002062475616e-08
1.449223115682773909e-08
1.429783706599059094e-08
1.408150579621155706e-08
1.386844769411995943e-08
1.365861323554514292e-08
1.345195364563456878e-08
1.324842088751614958e-08
1.304796765113253356e-08
1.285054734224406427e-08
1.265611407159812760e-08
1.246462264426264129e-08
1.227602854912053020e-08
1.209028794852354650e-08
1.190735766810237393e-08
1.172719518673091364e-08
1.154975862664265704e-08
1.136746957061846783e-08
1.118192320669787413e-08
1.099940543704362270e-08
1.081986682720146469e-08
1.064325874961476082e-08
1.046953337045373778e-08
1.029864363665987943e-08
1.013054326320163450e-08
9.965186720538368707e-09
9.802529222288751163e-09
9.642526713100392278e-09
9.485135856717793184e-09
9.330314024244581703e-09
9.178019282597700548e-09
9.027905236553290997e-09
8.871696255768549064e-09
8.718190144036864173e-09
8.567340133873539849e-09
8.419100267007199514e-09
8.273425380378034086e-09
8.130271092378375441e-09
7.989593789331168684e-09
7.851350612202736695e-09
7.715499443545135291e-09
7.581998894664588412e-09
7.450808293011961760e-09
7.321887669791258072e-09
7.195197747782824503e-09
7.070699929376953391e-09
6.943304909378715348e-09
6.813640246747578909e-09
6.686397042622800749e-09
6.561530076809673286e-09
6.438994973590403427e-09
6.318748185953783503e-09
6.200746980119354206e-09
6.084949420350323050e-09
5.971314354050483710e-09
5.859801397139060609e-09
5.750370919698937514e-09
5.642984031892886044e-09
5.537602570142597726e-09
5.434189083566036278e-09
5.332632992301616304e-09
5.223082934169204675e-09
5.115783399418796987e-09
5.010688154797947015e-09
4.907751916839335441e-09
4.806930332349016013e-09
4.708179959295478689e-09
4.611458248091430846e-09
4.516723523259812973e-09
4.423934965476919393e-09
4.333052593983953502e-09
4.244037249360197417e-09
4.156850576649976702e-09
4.071455008836260092e-09
3.987813750653780458e-09
3.904593276046182332e-09
3.821808394586491217e-09
3.740778711713141324e-09
3.661467013842874218e-09
3.583836876391915986e-09
3.507852647047714697e-09
3.433479429395219056e-09
3.360683066890455865e-09
3.289430127173815266e-09
3.219687886716003202e-09
3.151424315789394331e-09
3.084608063758147258e-09
3.019208444680188773e-09
2.955195423214353300e-09
2.892539600826431909e-09
2.833142979180654482e-09
2.775003401312822776e-09
2.718056919077459474e-09
2.662279048685050563e-09
2.607645808783517518e-09
2.554133710147617342e-09
2.501719745579915154e-09
2.450381380018958065e-09
2.400096540850436700e-09
2.350843608417269590e-09
2.302601406724294220e-09
2.255349194333810970e-09
2.209066655447953655e-09
2.163733891173976179e-09
2.119194824850687165e-09
2.075420087830636996e-09
2.032549575178597647e-09
1.990564608959217635e-09
1.949446897054297310e-09
1.909178525193252721e-09
1.869741949148134249e-09
1.831119987089934907e-09
1.793295812102790258e-09
1.756252944852730622e-09
1.719975246407983519e-09
1.684446911207468831e-09
1.649652460174622567e-09
1.615576733973417525e-09
1.582204886403731623e-09
1.550769703974733248e-09
1.520018054518323641e-09
1.489876208014516411e-09
1.460332072115499920e-09
1.431373794263832665e-09
1.402989756937423440e-09
1.375168572988774529e-09
1.347899081076704922e-09
1.321170341188604322e-09
1.294971630251510209e-09
1.269292437830215484e-09
1.244122461910656148e-09
1.219451604766967068e-09
1.195269968910440820e-09
1.171946666134389705e-09
1.149550063177717601e-09
1.127581472722372042e-09
1.106032715193015515e-09
1.084895767330895602e-09
1.064162759206528512e-09
1.043825971289515784e-09
1.023877831574292660e-09
1.004310912760870328e-09
9.851179294894125179e-10
9.662917356276623272e-10
9.478253216102477457e-10
9.297118118287754481e-10
9.119444620718593098e-10
8.945166570140332286e-10
8.780845638897663490e-10
8.620052974838509470e-10
8.462204706100544127e-10
8.307246915648072476e-10
8.155126673760729915e-10
8.005792019954144025e-10
7.859191945231325927e-10
7.715276374659397980e-10
7.573996150265216146e-10
7.435303014244231179e-10
7.299149592476818017e-10
7.165489378346437175e-10
7.034276716854271111e-10
6.905466789024301289e-10
6.780342106269203129e-10
6.659328342283418274e-10
6.540474400153915579e-10
6.423741731947821375e-10
6.309092477725585491e-10
6.196489453261960692e-10
6.085896137986032979e-10
5.977276663136362280e-10
5.870595800127785217e-10
5.765818949125595156e-10
5.662912127823894207e-10
5.561841960424090890e-10
5.462575666810008279e-10
5.365081051916413873e-10
5.269326495287072039e-10
5.175553407027323676e-10
5.083478603713123684e-10
4.993041841539382173e-10
4.904213979213591028e-10
4.816966393876393561e-10
4.731270971878589953e-10
4.647100099722115229e-10
4.564426655162092052e-10
4.483223998467369245e-10
4.403465963836348485e-10
4.325126850965734464e-10
4.248181416769074014e-10
4.172604867242805316e-10
4.098372849476837795e-10
4.024800611807013195e-10
3.951523146641465240e-10
3.879579806422447613e-10
3.808946301426420361e-10
3.739598784160240923e-10
3.671513841309768034e-10
3.604668485834975337e-10
3.539040149208980476e-10
3.474606673798454848e-10
3.411346305382605767e-10
3.349237685808513661e-10
3.288259845780113734e-10
3.228392197778466706e-10
3.169614529110992697e-10
3.111906995087123122e-10
3.052842925751275395e-10
2.994559886815040285e-10
2.937389552564313757e-10
2.881310679911243913e-10
2.826302431328218406e-10
2.772344367105132854e-10
2.719416437754522446e-10
2.667498976561696757e-10
2.616572692276996597e-10
2.566618661947729102e-10
2.517618323886776838e-10
2.469553470775619102e-10
2.422406242898855815e-10
2.376159121508059549e-10
2.329695689735360893e-10
2.282232502658593548e-10
2.235736289138677292e-10
2.190187348900151546e-10
2.145566383023768985e-10
2.101854485769648193e-10
2.059033136566937260e-10
2.017084192166709585e-10
1.975989878954809527e-10
1.935732785421153831e-10
1.896295854782580538e-10
1.857662377755944640e-10
1.819815985478454222e-10
1.782740642572237948e-10
1.746420640350242034e-10
1.708476184266691092e-10
1.670940140239196257e-10
1.634228781164408288e-10
1.598323988317023245e-10
1.563208041048826323e-10
1.528863608042797752e-10
1.495273738759275569e-10
1.462421855070112236e-10
1.430291743076632090e-10
1.398867545107293775e-10
1.368133751891254188e-10
1.338075194903798320e-10
1.308677038880004710e-10
1.279924774492857514e-10
1.251031603499486599e-10
1.221287198565130701e-10
1.192249993690653194e-10
1.163903174556653072e-10
1.136230326619359532e-10
1.109215425605569218e-10
1.082842828233643920e-10
1.057097263155077394e-10
1.031963822111442056e-10
1.007427951301603562e-10
9.834754429541866912e-11
9.600924271003976787e-11
9.372653635424546058e-11
9.149810340129931131e-11
8.932265345208869571e-11
8.705971269313026498e-11
8.482451209127624429e-11
8.264669878804724110e-11
8.052479940246729398e-11
7.845737838164419512e-11
7.644303702955741064e-11
7.448041256078289862e-11
7.256817717851136863e-11
7.070503717623932596e-11
6.888973206252353982e-11
6.712103370820553688e-11
6.539774551553146219e-11
6.371870160860476007e-11
6.208276604462063058e-11
6.045286484080637836e-11
5.878696023811577931e-11
5.716696310651956250e-11
5.559160837003573444e-11
5.405966581448432634e-11
5.256993912680095512e-11
5.112126496081834166e-11
4.971251202879672078e-11
4.834258021798562827e-11
4.701039973153298033e-11
4.571493025306694409e-11
4.445516013430067446e-11
4.323010560502219331e-11
4.203881000485761398e-11
4.088034303620098717e-11
3.969695940852863780e-11
3.853354101249366204e-11
3.740421949401303883e-11
3.630799555905555636e-11
3.524389920039388140e-11
3.421098883928115892e-11
3.320835049228434545e-11
3.223509696253414998e-11
3.129036705467826172e-11
3.037332481284163733e-11
2.948315878092098130e-11
2.861908128455801785e-11
2.778032773415582726e-11
2.696615594832243648e-11
2.616415956287301646e-11
2.535700812277522761e-11
2.457475690718813976e-11
2.381663775644579290e-11
2.308190620822969864e-11
2.236984076651715495e-11
2.167974219308251747e-11
2.101093282085539703e-11
2.036275588846050332e-11
1.973457489528787556e-11
1.912577297645803477e-11
1.853575229706884528e-11
1.796393346513101975e-11
1.740975496261270482e-11
1.687267259403692658e-11
1.633535244211214064e-11
1.581021928022726412e-11
1.530196759296544272e-11
1.481005469095554354e-11
1.433395533068090214e-11
1.387316115364734677e-11
1.342718014357908787e-11
1.299553610106562062e-11
1.257776813509572823e-11
1.217343017093830112e-11
1.178209047384248292e-11
1.140333118805001848e-11
1.103674789062667829e-11
1.068194915963696882e-11
1.033569694499048186e-11
9.992557649443101300e-12
9.660810384522684686e-12
9.340076941252692026e-12
9.029991666980643233e-12
8.730201048515516045e-12
8.440363309104379650e-12
8.160148018789185245e-12
7.889235717699790581e-12
7.627317551853108792e-12
7.374094921043691006e-12
7.129279138424129571e-12
6.892591101387065207e-12
6.663760973374003667e-12
6.442527876247645645e-12
6.224675387908848004e-12
6.012850799905116395e-12
5.808234564672649241e-12
5.610581383258432392e-12
5.419654304188746386e-12
5.235224439406153023e-12
5.057070689872746556e-12
4.884979480511199632e-12
4.718744504165917358e-12
4.558166474276740150e-12
4.403052885969516297e-12
4.253217785276406703e-12
4.108481546209796198e-12
3.968670655422237843e-12
3.833038487662277981e-12
3.700144469756608102e-12
3.571857976678032133e-12
3.448019262447273357e-12
3.328474119585369224e-12
3.213073687090230424e-12
3.101674265070656904e-12
2.994137135807118297e-12
2.890328391016607460e-12
2.790118765106148360e-12
2.693383474207699072e-12
2.600002060793690992e-12
2.509858243679914181e-12
2.422839773228896121e-12
2.338838291573431519e-12
2.257749197686354511e-12
2.179471517128329444e-12
2.103907776311628548e-12
2.030963881123264137e-12
1.960548999756295133e-12
1.892575449603538753e-12
1.826958588072665170e-12
1.763616707186850533e-12
1.702470931839701064e-12
1.643445121577677180e-12
1.586465775787926681e-12
1.531461942173180627e-12
1.478365128399953750e-12
1.427109216809955025e-12
1.377630382088481317e-12
1.329867011787360435e-12
1.283759629603359427e-12
1.239250821316611652e-12
1.196285163296806746e-12
1.154809153488094140e-12
1.114771144786836121e-12
1.076121280729149849e-12
1.038811433408229037e-12
1.002795143544114374e-12
9.680275626312630947e-13
9.344653970919442958e-13
9.020668543658302041e-13
8.707915908687231106e-13
8.406006617555693076e-13
8.114564724252414529e-13
7.833227317066813472e-13
7.561644066680942604e-13
7.299476789929521826e-13
7.046399028684699654e-13
6.802095643341016919e-13
6.566262420394812212e-13
6.338605693628815745e-13
6.118841978430683058e-13
5.906697618789938629e-13
5.701908446533651377e-13
5.504219452376882722e-13
5.313384468377796471e-13
5.129165861402378057e-13
4.951334237216958514e-13
4.779668154839848013e-13
4.613953850796988061e-13
4.453984972937450805e-13
4.299562323477926823e-13
4.150493610956013753e-13
4.006593210783366607e-13
3.867681934100800068e-13
3.733586804647167444e-13
3.604140843364434689e-13
3.479182860470635314e-13
3.358557254741725526e-13
3.242113819752613775e-13
3.129707556835802103e-13
3.021198494524947297e-13
2.916451514258424850e-13
2.815336182125870384e-13
2.717726586448134153e-13
2.623501180988564432e-13
2.532542633600098916e-13
2.444737680120023437e-13
2.359976983330191100e-13
2.278154996807188454e-13
2.199169833492996876e-13
2.122923138822296524e-13
2.049319968248583932e-13
1.978268669016537243e-13
1.909680766033374166e-13
1.843470851697206400e-13
1.779556479545038364e-13
1.717858061588101992e-13
1.658298769206642985e-13
1.600804437480716344e-13
1.545303472837967807e-13
1.491726763903257580e-13
1.440007595439224600e-13
1.390081565270586040e-13
1.341886504088698989e-13
1.295362398036614486e-13
1.250451313978077181e-13
1.207097327357577127e-13
1.165246452561492780e-13
1.124846575693658410e-13
1.085847389681692747e-13
1.048200331633185442e-13
1.011858522363811964e-13
9.767767080220473027e-14
9.429112037377708497e-14
9.102198392246510441e-14
8.786619062684937309e-14
8.481981080362219159e-14
8.187905101423496442e-14
7.904024934119949077e-14
7.629987082816653591e-14
7.365450307809658343e-14
7.110085200404657175e-14
6.863573772728000181e-14
6.625609061758948096e-14
6.395894747090958952e-14
6.174144781944879947e-14
5.960083036975446243e-14
5.753442956427214216e-14
5.553967226211677401e-14
5.361407453492610965e-14
5.175523857380173754e-14
4.996084970348965967e-14
4.822867350008121064e-14
4.655655300864427609e-14
4.494240605732303015e-14
4.338422266455767293e-14
4.188006253619861056e-14
4.042805264939747415e-14
3.902638492026462144e-14
3.767331395239381743e-14
3.636715486344378649e-14
3.510628118707526069e-14
3.388912284762912570e-14
3.271416420502310801e-14
3.157994216743462331e-14
3.048504436941677823e-14
2.942810741318098272e-14
2.840781517085550020e-14
2.742289714560522008e-14
2.647212688957367773e-14
2.555432047667492346e-14
2.466833502833530364e-14
2.381306729034875533e-14
2.298745225907298078e-14
2.219046185525739677e-14
2.142110364384892678e-14
2.067841959818439614e-14
1.996148490702816868e-14
1.926940682297116478e-14
1.860132355075613032e-14
1.795640317414624255e-14
1.733384261999908135e-14
1.673286665825726415e-14
1.615272693661006968e-14
1.559270104862363113e-14
1.505209163418037599e-14
