7.899636271103287668e-10
8.006220058712670751e-10
8.114241900352841416e-10
8.223721198593726351e-10
8.334677617789375896e-10
8.447131087610125556e-10
8.561101806622066041e-10
8.676610245915328329e-10
8.793677152780759842e-10
8.912323554436776347e-10
9.032570761805922260e-10
9.154440373342971525e-10
9.277954278914078986e-10
9.403134663728876488e-10
9.530004012325014294e-10
9.658166322972474049e-10
9.787604569497677906e-10
9.918777540721466671e-10
1.005170848533471036e-09
1.018642096360603164e-09
1.032293885155755418e-09
1.046128634519662220e-09
1.060148796480422113e-09
1.074356855928087290e-09
1.088755331055078334e-09
1.103346773802500683e-09
1.118133770312442854e-09
1.133118941386336038e-09
1.148304942949456960e-09
1.163694466521655685e-09
1.179182776801457214e-09
1.194874250803122210e-09
1.210774532430877505e-09
1.226886400303521911e-09
1.243212670015143189e-09
1.259756194627166648e-09
1.276519865166905993e-09
1.293506611132792838e-09
1.310719401006330576e-09
1.328161242770813758e-09
1.345835184436997231e-09
1.363744314575760754e-09
1.381891762857812293e-09
1.400280700600624387e-09
1.418845046347824498e-09
1.437573106268469379e-09
1.456548367410477672e-09
1.475774092708943490e-09
1.495253588168100429e-09
1.514990203429819230e-09
1.534987332349603415e-09
1.555248413580193750e-09
1.575776931162844803e-09
1.596576415126468199e-09
1.617650442094623338e-09
1.639002635900548926e-09
1.660636668210314942e-09
1.682556259154165550e-09
1.704765177966262863e-09
1.727092180386703287e-09
1.749701616958811175e-09
1.772607034618611286e-09
1.795812308067012475e-09
1.819321362728789575e-09
1.843138175416626208e-09
1.867266775003805972e-09
1.891711243105784458e-09
1.916475714770611259e-09
1.941564379178430706e-09
1.966981480350098136e-09
1.992731317865149090e-09
2.018818247589087107e-09
2.045246682410235396e-09
2.071910898761769778e-09
2.098776819002256362e-09
2.125991102519745956e-09
2.153558266448664755e-09
2.181482886495901262e-09
2.209769597700331385e-09
2.238423095202153889e-09
2.267448135022207863e-09
2.296849534851386333e-09
2.326632174850333382e-09
2.356800998459415687e-09
2.387361013219292714e-09
2.418317291602078141e-09
2.449674971853289365e-09
2.481439258844702560e-09
2.513315146701689962e-09
2.545574093412987481e-09
2.578247090723654334e-09
2.611339453063236370e-09
2.644856563073106964e-09
2.678803872482024463e-09
2.713186902992870213e-09
2.748011247180772731e-09
2.783282569402813235e-09
2.819006606719294326e-09
2.855189169826935375e-09
2.891836144004047148e-09
2.928953490067733208e-09
2.966547245343492837e-09
3.004451614276554618e-09
3.042586409424428569e-09
3.081205240525518023e-09
3.120314251333897872e-09
3.159919663584911975e-09
3.200027777984884834e-09
3.240644975213518914e-09
3.281777716939017306e-09
3.323432546845958624e-09
3.365616091676420437e-09
3.408335062284096882e-09
3.451596254702021334e-09
3.495406551223612883e-09
3.539772921497672795e-09
3.584702423637053456e-09
3.629694785527075578e-09
3.675190596145611923e-09
3.721256666498423578e-09
3.767900144412061435e-09
3.815128267306391991e-09
3.862948363317466078e-09
3.911367852434691202e-09
3.960394247652111028e-09
4.010035156134106357e-09
4.060298280395866224e-09
4.111191419498424833e-09
4.162722470258924401e-09
4.214899428475791237e-09
4.267730390169538924e-09
4.320945265766225626e-09
4.374364297821413376e-09
4.428443739303307310e-09
4.483191754729179584e-09
4.538616609552710545e-09
4.594726671411804745e-09
4.651530411391957956e-09
4.709036405305040342e-09
4.767253334984067386e-09
4.826189989593980067e-09
4.885855266958430151e-09
4.946258174903265442e-09
5.007407832616327848e-09
5.069313472024279799e-09
5.131984439186333268e-09
5.194581119733872516e-09
5.257809291492674303e-09
5.321807073276173540e-09
5.386583832737664795e-09
5.452149051553031748e-09
5.518512326808560222e-09
5.585683372405860610e-09
5.653672020483558911e-09
5.722488222856631525e-09
5.792142052473030614e-09
5.862643704888035101e-09
5.934003499756766570e-09
6.006231882344654147e-09
6.079339425056280998e-09
6.152901566371499746e-09
6.226548290261238736e-09
6.301076523448882960e-09
6.376496817098140762e-09
6.452819848664161636e-09
6.530056423405144274e-09
6.608217475912041669e-09
6.687314071656708220e-09
6.767357408558305182e-09
6.848358818568731281e-09
6.930329769276885742e-09
7.013281865532143420e-09
7.097226851087394402e-09
7.182176610261471070e-09
7.268143169621754238e-09
7.353697497729143938e-09
7.439981584322292697e-09
7.527278079108970777e-09
7.615598861108685410e-09
7.704955948722570284e-09
7.795361501368878775e-09
7.886827821137532943e-09
7.979367354464057507e-09
8.072992693823472028e-09
8.167716579443572211e-09
8.263551901038849361e-09
8.360511699564204273e-09
8.458609168989788965e-09
8.557857658096132539e-09
8.657560385688322209e-09
8.756945173741470083e-09
8.857470853183917317e-09
8.959150520921011705e-09
9.061997424204516888e-09
9.166024962358516426e-09
9.271246688525135469e-09
9.377676311430301703e-09
9.485327697169777185e-09
9.594214871015682751e-09
9.704352019243779694e-09
9.815753490981710543e-09
9.928433800078463646e-09
1.004240762699530143e-08
1.015768982071838726e-08
1.027192764324428709e-08
1.038690159848516499e-08
1.050316246021945531e-08
1.062072463282521290e-08
1.073960268190916093e-08
1.085981133611115234e-08
1.098136548892918168e-08
1.110428020056448759e-08
1.122857069978753498e-08
1.135425238582489008e-08
1.148134083026696360e-08
1.160985177899748734e-08
1.173980115414418468e-08
1.187120505605166750e-08
1.200294166463641047e-08
1.213345865423189570e-08
1.226539485297202382e-08
1.239876569298257404e-08
1.253358677419432623e-08
1.266987386616791570e-08
1.280764290993814155e-08
1.294691001987870472e-08
1.308769148558698702e-08
1.323000377378929956e-08
1.337386353026710508e-08
1.351928758180393485e-08
1.366629293815347958e-08
1.381489679402935589e-08
1.396511653111608658e-08
1.411304427921568548e-08
1.426146501819703921e-08
1.441144663343751487e-08
1.456300553999283386e-08
1.471615832554870743e-08
1.487092175223622686e-08
1.502731275846659965e-08
1.518534846078493242e-08
1.534504615574347573e-08
1.550642332179489322e-08
1.566949762120507876e-08
1.583428690198632387e-08
1.600080919985058889e-08
1.616908274018365888e-08
1.633734201236931723e-08
1.650256780874720020e-08
1.666946459687931666e-08
1.683804927614516575e-08
1.700833891683425341e-08
1.718035076187436046e-08
1.735410222857759188e-08
1.752961091040411117e-08
1.770689457874337449e-08
1.788597118471373494e-08
1.806685886098005609e-08
1.824957592358988423e-08
1.843414087382786487e-08
1.862057240008921420e-08
1.880888937977216602e-08
1.899262490367272620e-08
1.917609080227257446e-08
1.936132895384537599e-08
1.954835647808809168e-08
1.973719066007153148e-08
1.992784895183752432e-08
2.012034897401216519e-08
2.031470851743398117e-08
2.051094554479848235e-08
2.070907819231799893e-08
2.090912477139793298e-08
2.111110377032923946e-08
2.131503385599681227e-08
2.152093387560501607e-08
2.172611263469697583e-08
2.192490734805024484e-08
2.212552104019285013e-08
2.232797035484624554e-08
2.253227208802253913e-08
2.273844318941795504e-08
2.294650076381904387e-08
2.315646207252182677e-08
2.336834453476365177e-08
2.358216572916866534e-08
2.379794339520600949e-08
2.401569543466160758e-08
2.423543991312337053e-08
2.445719506147998514e-08
2.468097927743348004e-08
2.489637862647912175e-08
2.510983849984543401e-08
2.532512856378769848e-08
2.554226451023663599e-08
2.576126216566452594e-08
2.598213749223874941e-08
2.620490658898523855e-08
2.642958569296188847e-08
2.665619118044204101e-08
2.688473956810808977e-08
2.711524751425536541e-08
2.734773182000628788e-08
2.758220943053497758e-08
2.781869743630233523e-08
2.805325229131607181e-08
2.827565608809781308e-08
2.849982308325346244e-08
2.872576725526968117e-08
2.895350269345343557e-08
2.918304359881034355e-08
2.941440428493056526e-08
2.964759917888112255e-08
2.988264282210560341e-08
3.011954987133091408e-08
3.035833509948131694e-08
3.059901339659937038e-08
3.084159977077480300e-08
3.108610934908015416e-08
3.133255737851408409e-08
3.156487346651965572e-08
3.179219938994696144e-08
3.202116248374084509e-08
3.225177453857937203e-08
3.248404743005573342e-08
3.271799311928925466e-08
3.295362365354182372e-08
3.319095116683805814e-08
3.342998788059005144e-08
3.367074610422682445e-08
3.391323823582838243e-08
3.415747676276400732e-08
3.440347426233510942e-08
3.465124340242339292e-08
3.489530579896591570e-08
3.511807869638861628e-08
3.534227378406555434e-08
3.556790014131088956e-08
3.579496690540143144e-08
3.602348327194670677e-08
3.625345849526134302e-08
3.648490188873978120e-08
3.671782282523371507e-08
3.695223073743127073e-08
3.718813511823923681e-08
3.742554552116748517e-08
3.766447156071583986e-08
3.790492291276343442e-08
3.814690931496056385e-08
3.836654935983381080e-08
3.857617166347607590e-08
3.878693927496908189e-08
3.899885845190094978e-08
3.921193548604947154e-08
3.942617670356865590e-08
3.964158846517631964e-08
3.985817716634348552e-08
4.007594923748360146e-08
4.029491114414414870e-08
4.051506938719789915e-08
4.073643050303653523e-08
4.095900106376443514e-08
4.118278767739357645e-08
4.140054582294677643e-08
4.158313254146872809e-08
4.176652451289539669e-08
4.195072528859263973e-08
4.213573843558875457e-08
4.232156753664357124e-08
4.250821619031755179e-08
4.269568801104195502e-08
4.288398662918849175e-08
4.307311569113972116e-08
4.326307885935965898e-08
4.345387981246468996e-08
4.364552224529492383e-08
4.383800986898533943e-08
4.403134641103823914e-08
4.419152938442582536e-08
4.433422949478748879e-08
4.447739040208867790e-08
4.462101359430183469e-08
4.476510056420426172e-08
4.490965280939336209e-08
4.505467183230273969e-08
4.520015914021754505e-08
4.534611624528987415e-08
4.549254466455504067e-08
4.563944591994695501e-08
4.578682153831413842e-08
4.593467305143524097e-08
4.608300199603548588e-08
4.622310686356444669e-08
4.631024286640928929e-08
4.639754313088652163e-08
4.648500796664885682e-08
4.657263768393246810e-08
4.666043259355835862e-08
4.674839300693374453e-08
4.683651923605251154e-08
4.692481159349705458e-08
4.701327039243865501e-08
4.710189594663934013e-08
4.719068857045231990e-08
4.727964857882340969e-08
4.736877628729241999e-08
4.745807201199359310e-08
4.750223706973006524e-08
4.751950410286007996e-08
4.753677741254562595e-08
4.755405700106841145e-08
4.757134287071060130e-08
4.758863502375556472e-08
4.760593346248712751e-08
4.762323818919032650e-08
4.764054920615064187e-08
4.765786651565476478e-08
4.767519011998984964e-08
4.769252002144424196e-08
4.770985622230676376e-08
4.772719872486742153e-08
4.773521431089599107e-08
4.767060147013056850e-08
4.760607608721470837e-08
4.754163804376819770e-08
4.747728722157134286e-08
4.741302350256419538e-08
4.734884676884659818e-08
4.728475690267827168e-08
4.722075378647801968e-08
4.715683730282389478e-08
4.709300733445278148e-08
4.702926376426059474e-08
4.696560647530145938e-08
4.690203535078779612e-08
4.683855027409038776e-08
4.672094053426524335e-08
4.656768386242332947e-08
4.641492991178503892e-08
4.626267703329603303e-08
4.611092358331099974e-08
4.595966792357622998e-08
4.580890842121217400e-08
4.565864344869525668e-08
4.550887138384061259e-08
4.535959060978484095e-08
4.521079951496796646e-08
4.506249649311637290e-08
4.491467994322569045e-08
4.476734826954298813e-08
4.461218495155191783e-08
4.437087813709975516e-08
4.413087654853518830e-08
4.389217312590584175e-08
4.365476084744655649e-08
4.341863272937279338e-08
4.318378182567526736e-08
4.295020122791554117e-08
4.271788406502286984e-08
4.248682350309204434e-08
4.225701274518237345e-08
4.202844503111775092e-08
4.180111363728777475e-08
4.157501187644999148e-08
4.135013309753315958e-08
4.107190957166162245e-08
4.075535925973609732e-08
4.044124867123764912e-08
4.012955900267706522e-08
3.982027159548771233e-08
3.951336793490867720e-08
3.920882964887639098e-08
3.890663850692486938e-08
3.860677641909437032e-08
3.830922543484846227e-08
3.801396774199951005e-08
3.772098566564239928e-08
3.743026166709621508e-08
3.714177834285478142e-08
3.685014300226464021e-08
3.647812573706137025e-08
3.610986413830424777e-08
3.574532029100444524e-08
3.538445666294044184e-08
3.502723610079386582e-08
3.467362182632427377e-08
3.432357743258260243e-08
3.397706688016283605e-08
3.363405449349149920e-08
3.329450495715455796e-08
3.295838331226172287e-08
3.262565495284680376e-08
3.229628562230505611e-08
3.197024140986616889e-08
3.160715036065547315e-08
3.121522316152318784e-08
3.082815584148999966e-08
3.044588813828044225e-08
3.006836053686830588e-08
2.969551426021110943e-08
2.932729126009898476e-08
2.896363420811700061e-08
2.860448648672007565e-08
2.824979218041807869e-08
2.789949606707017294e-08
2.755354360928769959e-08
2.721188094594306954e-08
2.687445488378403140e-08
2.653935293542937510e-08
2.615613579497421574e-08
2.577845214951776560e-08
2.540622209771004211e-08
2.503936689194287329e-08
2.467780892169072176e-08
2.432147169709153670e-08
2.397027983276468239e-08
2.362415903186304488e-08
2.328303607035466810e-08
2.294683878153213586e-08
2.261549604074487910e-08
2.228893775035267121e-08
2.196709482489566933e-08
2.164989917647932072e-08
2.132066708356655917e-08
2.098138289238145384e-08
2.064749786445600715e-08
2.031892608077397612e-08
1.999558298958251245e-08
1.967738538463401356e-08
1.936425138377490319e-08
1.905610040787447582e-08
1.875285316008965918e-08
1.845443160545934534e-08
1.816075895082344975e-08
1.787175962506190724e-08
1.758735925964756973e-08
1.730748466950915785e-08
1.703192341041224050e-08
1.674187451886257670e-08
1.645676507880424056e-08
1.617651097275992284e-08
1.590102951574951792e-08
1.563023943089500584e-08
1.536406082544076757e-08
1.510241516718259041e-08
1.484522526129760775e-08
1.459241522756929048e-08
1.434391047799996746e-08
1.409963769480461342e-08
1.385952480877969544e-08
1.362350097803993947e-08
1.339149656711765167e-08
1.315557138530185533e-08
1.291588482355538340e-08
1.268056520613991674e-08
1.244953296996832510e-08
1.222271000154487878e-08
1.200001961055453962e-08
1.178138650393344948e-08
1.156673676041195223e-08
1.135599780552118760e-08
1.114909838705526634e-08
1.094596855098051006e-08
1.074653961778339455e-08
1.055074415924965932e-08
1.035851597566636458e-08
1.016979007343932020e-08
9.968457711327405328e-09
9.770800738527407368e-09
9.577062955639010717e-09
9.387166652023738032e-09
9.201035657908197134e-09
9.018595313831660506e-09
8.839772440699078129e-09
8.664495310428098648e-09
8.492693617177904553e-09
8.324298449148874795e-09
8.159242260941093908e-09
7.997458846460954334e-09
7.838883312365264009e-09
7.683452052031591366e-09
7.526156643823962001e-09
7.366562670148645130e-09
7.210352925321946269e-09
7.057455645951858739e-09
6.907800590406442650e-09
6.761319006544572012e-09
6.617943600130915714e-09
6.477608503920721401e-09
6.340249247400028304e-09
6.205802727167812760e-09
6.074207177945919158e-09
5.945402144203867307e-09
5.819328452385340242e-09
5.695928183723627100e-09
5.575144647633420630e-09
5.455892500794022908e-09
5.339142557204162265e-09
5.224890930677250760e-09
5.113084160046970014e-09
5.003669928155724567e-09
4.896597037373998383e-09
4.791815385643782387e-09
4.689275943034637262e-09
4.588930728801235317e-09
4.490732788932121080e-09
4.394636174178720552e-09
4.300595918554428094e-09
4.208568018294123564e-09
4.118509411263590491e-09
4.030943547868071874e-09
3.945942184326032507e-09
3.862733262607636840e-09
3.781278985111120882e-09
3.701542351280722444e-09
3.623487140799312012e-09
3.547077897135285634e-09
3.472279911436431125e-09
3.399059206763480949e-09
3.327382522656137950e-09
3.257217300024501933e-09
3.188531666359081966e-09
3.121294421252824931e-09
3.055475022228241375e-09
2.991043570863596436e-09
2.928156353791660294e-09
2.866605580719024314e-09
2.806348624372044503e-09
2.747358288313740152e-09
2.689607947784876441e-09
2.633071537687069130e-09
2.577723540818550346e-09
2.523538976357217516e-09
2.470493388585722800e-09
2.418562835853665162e-09
2.367723879771700306e-09
2.317953574632844869e-09
2.269229457056135858e-09
2.221529535847995761e-09
2.175551263512497802e-09
2.131521433212490386e-09
2.088382699338828965e-09
2.046117027462688577e-09
2.004706748144478372e-09
1.964134549547065801e-09
1.924383470198416927e-09
1.885436891900751091e-09
1.847278532783202118e-09
1.809892440495047077e-09
1.773262985536765664e-09
1.737374854725997648e-09
1.702213044795773529e-09
1.667762856122307941e-09
1.634009886579699521e-09
1.601880560692793611e-09
1.570484645596162975e-09
1.539704071935686905e-09
1.509526779381794559e-09
1.479940943980268626e-09
1.450934973519439148e-09
1.422497502988148633e-09
1.394617390122766883e-09
1.367283711041454142e-09
1.340485755964018208e-09
1.314213025015658618e-09
1.288455224112929074e-09
1.263202260930357826e-09
1.238444240946090496e-09
1.214460750926851113e-09
1.191390435861597460e-09
1.168758372453970235e-09
1.146556235524400350e-09
1.124775858041323454e-09
1.103409228116889525e-09
1.082448486059863720e-09
1.061885921484393148e-09
1.041713970473789841e-09
1.021925212798121611e-09
1.002512369184701936e-09
9.834682986404304276e-10
9.647859958249560965e-10
9.464585884738048091e-10
9.284793348703950856e-10
9.110701749530172705e-10
8.940197492084973448e-10
8.772884174548230233e-10
8.608702079364264778e-10
8.447592606574791317e-10
8.289498252903497655e-10
8.134362591232049105e-10
7.982130250459853585e-10
7.832746895741212340e-10
7.686159209092002244e-10
7.542314870359324947e-10
7.401162538547443395e-10
7.262651833493211462e-10
7.126733317884147640e-10
6.993064189707723687e-10
6.861390545225295326e-10
6.732196207121436126e-10
6.605434492097123041e-10
6.481059595861441098e-10
6.359026576580608205e-10
6.239291338638515143e-10
6.121810616703297568e-10
6.006541960093664831e-10
5.893443717439721628e-10
5.782475021632599775e-10
5.673595775057483085e-10
5.566766635104579413e-10
5.461948999953136739e-10
5.359104994622901234e-10
5.255760728533362865e-10
5.153979304059051578e-10
5.054168946934091463e-10
4.956291486082397835e-10
4.860309489637110430e-10
4.766186250625176182e-10
4.673885772929365275e-10
4.583372757522018094e-10
4.494612588965500536e-10
4.407571322173901061e-10
4.322215669431281933e-10
4.238512987661240868e-10
4.156431265943001964e-10
4.075939113269358739e-10
3.995741097228705103e-10
3.914651675295817093e-10
3.835207879090289511e-10
3.757376312344490633e-10
3.681124256533467779e-10
3.606419657120742669e-10
3.533231110083460653e-10
3.461527848710840955e-10
3.391279730670551725e-10
3.322457225337694279e-10
3.255031401380722547e-10
3.188973914599502689e-10
3.124256996010049853e-10
3.060853440171072586e-10
2.998736593747537046e-10
2.934824886963740888e-10
2.871622978355010105e-10
2.809782132639513344e-10
2.749273039116986719e-10
2.690067018297637027e-10
2.632136008308917313e-10
2.575452551595083518e-10
2.519989781903088493e-10
2.465721411548785285e-10
2.412621718957398187e-10
2.360665536472269656e-10
2.309828238426096971e-10
2.260085729469147280e-10
2.211414433148778138e-10
2.162781624976779853e-10
2.112996312639983471e-10
2.064357013981058535e-10
2.016837348782872611e-10
1.970411544077439547e-10
1.925054420167640898e-10
1.880741376970593443e-10
1.837448380675499386e-10
1.795151950708541355e-10
1.753829146997836909e-10
1.713457557531608662e-10
1.674015286202687122e-10
1.635480940932823387e-10
1.597833622070440103e-10
1.561052911055353151e-10
1.523097860522430549e-10
1.485555065558762598e-10
1.448937661858660807e-10
1.413222839479724686e-10
1.378388350721167258e-10
1.344412496265115787e-10
1.311274111659571190e-10
1.278952554134491686e-10
1.247427689742875457e-10
1.216679880818800305e-10
1.186689973744587163e-10
1.157439287019538543e-10
1.128909599622719520e-10
1.101083139662612327e-10
1.073418071765296522e-10
1.045140071619785099e-10
1.017607023802977187e-10
9.907993033778399201e-11
9.646978024044027838e-11
9.392839163200190650e-11
9.145395306784685856e-11
8.904470082383803631e-11
8.669891763918181747e-11
8.441493149240066840e-11
8.219111440955706351e-11
8.002588130386607844e-11
7.791768884588604581e-11
7.586503436346430640e-11
7.386645477066762749e-11
7.182499336633219571e-11
6.981184526574023866e-11
6.785512272239473016e-11
6.595324421156348836e-11
6.410467253630840430e-11
6.230791358504321750e-11
6.056151512391401872e-11
5.886406562302999941e-11
5.721419311559067671e-11
5.561056408899137798e-11
5.405188240700932603e-11
5.253688826219821167e-11
5.106435715764772975e-11
4.963309891728073640e-11
4.822177442046221817e-11
4.679311043307962453e-11
4.540677339889139051e-11
4.406150929947012915e-11
4.275610126912661888e-11
4.148936849418823961e-11
4.026016514488675570e-11
3.906737933889267842e-11
3.790993213555611084e-11
3.678677655994518454e-11
3.569689665580000343e-11
3.463930656654316451e-11
3.361304964351865402e-11
3.261719758065011676e-11
3.165084957473662571e-11
3.067893411271343599e-11
2.972528164672435072e-11
2.880127339922546336e-11
2.790598788181167917e-11
2.703853225047910114e-11
2.619804141521518050e-11
2.538367717726890263e-11
2.459462739323664971e-11
2.383010516513456597e-11
2.308934805564636520e-11
2.237161732776474297e-11
2.167619720806937151e-11
2.100239417290534132e-11
2.034953625675072276e-11
1.971106898121362542e-11
1.907324107703450831e-11
1.845605256261843442e-11
1.785883557065048818e-11
1.728094384524665616e-11
1.672175204263281269e-11
1.618065505445218111e-11
1.565706735297019488e-11
1.515042235746782910e-11
1.466017182113709155e-11
1.418578523781714819e-11
1.372674926792654496e-11
1.328256718297222740e-11
1.285275832803356342e-11
1.243685760163949440e-11
1.203441495247681811e-11
1.164499489238388723e-11
1.126817602510358325e-11
1.090355059028509194e-11
1.055072402224147746e-11
1.020931452298537944e-11
9.878952649080545473e-12
9.559280911862576718e-12
9.249953390596065662e-12
8.950635358149383858e-12
8.661002918782392340e-12
8.380742657654937806e-12
8.109551301676667088e-12
7.847135391331536329e-12
7.593210963121524312e-12
7.347503242286410533e-12
7.109746345466486389e-12
6.879682992986918954e-12
6.657064230452289442e-12
6.441649159349752151e-12
6.233204676370105140e-12
6.031505221163600624e-12
5.836332532258357481e-12
5.647475410876953560e-12
5.464729492395521424e-12
5.287897025198410675e-12
5.116786656688644366e-12
4.951213226222852954e-12
4.790997564746799338e-12
4.635966300914168641e-12
4.485951673479434878e-12
4.340791349761262364e-12
4.200328249980328950e-12
4.064410377281388222e-12
3.932890653255459964e-12
3.805626758784673406e-12
3.682480980036851014e-12
3.563320059443707630e-12
3.448015051501202003e-12
3.336441183235958408e-12
3.228477719186974807e-12
3.124007830756234864e-12
3.022918469787062680e-12
2.925100246233279872e-12
2.830447309786911391e-12
2.738857235336284062e-12
2.650230912130509799e-12
2.564472436530530661e-12
2.481489008230617529e-12
2.401190829837970853e-12
2.323491009701925472e-12
2.248305467887340840e-12
2.175552845190733532e-12
2.105154415100448540e-12
2.037033998605702806e-12
1.971117881762389492e-12
1.907334735926273961e-12
1.845615540567393531e-12
1.785893508582100211e-12
1.728104014021884869e-12
1.672184522160858892e-12
1.618074521826166128e-12
1.565715459918075395e-12
1.515050678048954091e-12
1.466025351232534157e-12
1.418586428557097639e-12
1.372682575778444241e-12
1.328264119770481364e-12
1.285282994773304069e-12
1.243692690380653112e-12
1.203448201210409248e-12
1.164505978203744983e-12
1.126823881500128490e-12
1.090361134837265684e-12
1.055078281426611746e-12
1.020937141256657971e-12
9.879007697779224643e-13
9.559334179247612238e-13
9.250004934308715375e-13
8.950685233965774280e-13
8.661051180673762086e-13
8.380789357846074384e-13
8.109596490702455682e-13
7.847179118091516358e-13
7.593253274933025890e-13
7.347544184935535129e-13
7.109785963257780878e-13
6.879721328791284443e-13
6.657101325753319336e-13
6.441685054288811882e-13
6.233239409789524890e-13
6.031538830648866985e-13
5.836365054178684487e-13
5.647506880424689078e-13
5.464759943624298232e-13
5.287926491059856037e-13
5.116815169068111368e-13
4.951240815973960137e-13
4.791024261724738252e-13
4.635992134008126253e-13
4.485976670643682722e-13
4.340815538045540583e-13
4.200351655559078831e-13
4.064433025482041631e-13
3.932912568585965721e-13
3.805647964959864274e-13
3.682501500004206148e-13
3.563339915408122162e-13
3.448034264949046057e-13
3.336459774958368515e-13
3.228495709302270481e-13
3.124025238731741751e-13
3.022935314460153864e-13
2.925116545831784375e-13
2.830463081948850689e-13
2.738872497128908146e-13
2.650245680068781614e-13
2.564486726595018729e-13
2.481502835884766680e-13
2.401204210044877571e-13
2.323503956940456308e-13
2.248317996167872669e-13
2.175564968070273835e-13
2.105166145697314631e-13
2.037045349613726779e-13
1.971128865464629101e-13
1.907345364208328595e-13
1.845625824930258734e-13
1.785903460154604622e-13
1.728113643572755882e-13
1.672193840110358770e-13
1.618083538257356532e-13
1.565724184587747591e-13
1.515059120398181205e-13
1.466033520396880124e-13
1.418594333376522667e-13
1.372690224806850761e-13
1.328271521284977758e-13
1.285290156783165927e-13
1.243699620635969044e-13
1.203454907210504509e-13
1.164512467205259759e-13
1.126830160524891565e-13
