6.576880583496948265e-10
6.663274273331440018e-10
6.750802827870960649e-10
6.839481154661377608e-10
6.929324357073681490e-10
7.020347736876253045e-10
7.112566796840920509e-10
7.205997243383505205e-10
7.300654989238799564e-10
7.396556156170672408e-10
7.493717077718049057e-10
7.592154301976661826e-10
7.691884594417524240e-10
7.792924940742237531e-10
7.895292549776121008e-10
7.998559004085067672e-10
8.102699756087978245e-10
8.208196414351311833e-10
8.315066632692086178e-10
8.423328294779079147e-10
8.532999517125213536e-10
8.644098652119444915e-10
8.756644291097579699e-10
8.870655267453626097e-10
8.986150659791094789e-10
9.103149795115900576e-10
9.221672252070251876e-10
9.341737864209237197e-10
9.463366723319477902e-10
9.586579182781587402e-10
9.710208799476640907e-10
9.835399859180202769e-10
9.962204972891596154e-10
1.009064495016660548e-09
1.022074086885290889e-09
1.035251407854909526e-09
1.048598620410827246e-09
1.062117914918685629e-09
1.075811509983909616e-09
1.089681652815795197e-09
1.103730619596291963e-09
1.117960715853539875e-09
1.132374276840224787e-09
1.146973667916791569e-09
1.161687667880689351e-09
1.176502921432628018e-09
1.191507117110649586e-09
1.206702664534457335e-09
1.222092004054168811e-09
1.237677607142208768e-09
1.253461976790222891e-09
1.269447647911049942e-09
1.285637187745824069e-09
1.302033196276244110e-09
1.318638306642152355e-09
1.335455185564386793e-09
1.352486533773051395e-09
1.369735086441244129e-09
1.387203613624316338e-09
1.404699549213188676e-09
1.422405019549001068e-09
1.440333657664705036e-09
1.458488276468228283e-09
1.476871724322684270e-09
1.495486885493229242e-09
1.514336680599605918e-09
1.533424067074391420e-09
1.552752039626966181e-09
1.572323630713392245e-09
1.592141911012177151e-09
1.612209989906072934e-09
1.632531015969882317e-09
1.653108177464473306e-09
1.673826617690611236e-09
1.694648432299117877e-09
1.715729262960427756e-09
1.737072331743167664e-09
1.758680900797365764e-09
1.780558272853049587e-09
1.802707791725046446e-09
1.825132842824072489e-09
1.847836853674139959e-09
1.870823294436477680e-09
1.894095678439891965e-09
1.917657562717764418e-09
1.941512548551721555e-09
1.965664282022074908e-09
1.990116454565068616e-09
2.014538540329253932e-09
2.039230944584709600e-09
2.064226006156315265e-09
2.089527434745657854e-09
2.115138985524505016e-09
2.141064459692147842e-09
2.167307705039574024e-09
2.193872616520511160e-09
2.220763136829556939e-09
2.247983256987311813e-09
2.275537016932730478e-09
2.303428506122683478e-09
2.331661864138959293e-09
2.360241281302613448e-09
2.388978534641607811e-09
2.417781613162703395e-09
2.446931960326143658e-09
2.476433763028464661e-09
2.506291258646147562e-09
2.536508735644271759e-09
2.567090534192408346e-09
2.598041046788033878e-09
2.629364718887464040e-09
2.661066049544292734e-09
2.693149592055629833e-09
2.725619954616128069e-09
2.758481800979799082e-09
2.791739851129915143e-09
2.825398881956925032e-09
2.858926531588403312e-09
2.892787228472342332e-09
2.927048966369670040e-09
2.961716495149988301e-09
2.996794620939642282e-09
3.032288206787979273e-09
3.068202173341610492e-09
3.104541499526548056e-09
3.141311223238418548e-09
3.178516442040966173e-09
3.216162313872716049e-09
3.254254057762003604e-09
3.292796954550592178e-09
3.331796347625743992e-09
3.370946935630687086e-09
3.410045043025222071e-09
3.449596631898708145e-09
3.489606961980207532e-09
3.530081354004030094e-09
3.571025190417306105e-09
3.612443916095763835e-09
3.654343039067814511e-09
3.696728131247028598e-09
3.739604829173113036e-09
3.782978834761479142e-09
3.826855916061510393e-09
3.871241908023615286e-09
3.916142713275186024e-09
3.961564302905552389e-09
4.006590336498729115e-09
4.051984825305839473e-09
4.097893631635096230e-09
4.144322582680924967e-09
4.191277571659667337e-09
4.238764558557474764e-09
4.286789570886943779e-09
4.335358704452048813e-09
4.384478124122001094e-09
4.434154064613705257e-09
4.484392831283093256e-09
4.535200800925494399e-09
4.586584422585082039e-09
4.638550218373410145e-09
4.690611481409637539e-09
4.742344933938956967e-09
4.794648962420092763e-09
4.847529859820184486e-09
4.900993988512442474e-09
4.955047781041640630e-09
5.009697740898046460e-09
5.064950443299888435e-09
5.120812535984458296e-09
5.177290740007931012e-09
5.234391850554012410e-09
5.292122737751498853e-09
5.350490347500840772e-09
5.409501702309923479e-09
5.469163902138851833e-09
5.527942752944326940e-09
5.587057045499667452e-09
5.646803489967662632e-09
5.707188846406193124e-09
5.768219947163403030e-09
5.829903697650607545e-09
5.892247077123707325e-09
5.955257139472812615e-09
6.018941014020458481e-09
6.083305906328113347e-09
6.148359099011553265e-09
6.214107952564809072e-09
6.280559906193078542e-09
6.347722478654287531e-09
6.414825905914533907e-09
6.481021286044178891e-09
6.547899744470040791e-09
6.615468329961405316e-09
6.683734164024597598e-09
6.752704441653672583e-09
6.822386432088688196e-09
6.892787479581974020e-09
6.963915004172018323e-09
7.035776502465632670e-09
7.108379548428008671e-09
7.181731794181107745e-09
7.255840970809995127e-09
7.330714889177783999e-09
7.406361440748850596e-09
7.480251587163940900e-09
7.554291828012795422e-09
7.629064926199547171e-09
7.704578135615778009e-09
7.780838781952687769e-09
7.857854263411956726e-09
7.935632051423336357e-09
8.014179691369501101e-09
8.093504803318070108e-09
8.173615082760721241e-09
8.254518301359934996e-09
8.336222307702814115e-09
8.418735028062521541e-09
8.502064467167260602e-09
8.585010819094255679e-09
8.665924436093649197e-09
8.747600662896790547e-09
8.830046687091310846e-09
8.913269764007765278e-09
8.997277217358102374e-09
9.082076439880165098e-09
9.167674893988251851e-09
9.254080112429826745e-09
9.341299698948397325e-09
9.429341328952617663e-09
9.518212750191888120e-09
9.607921783437932318e-09
9.698476323173183467e-09
9.789884338285470491e-09
9.878052709433142329e-09
9.965894956675579288e-09
1.005451835589480588e-08
1.014392985361630594e-08
1.023413645813873147e-08
1.032514524008318868e-08
1.041696333294753830e-08
1.050959793366540590e-08
1.060305630317036372e-08
1.069734576696511864e-08
1.079247371569558710e-08
1.088844760573023913e-08
1.098527495974463055e-08
1.108296336731090642e-08
1.117970670438198665e-08
1.127243857378627661e-08
1.136593962254657240e-08
1.146021623074432225e-08
1.155527483138165069e-08
1.165112191082017958e-08
1.174776400922372186e-08
1.184520772100452902e-08
1.194345969527323432e-08
1.204252663629265891e-08
1.214241530393513359e-08
1.224313251414383728e-08
1.234468513939795041e-08
1.244708010918146287e-08
1.255032441045610464e-08
1.264802145662133386e-08
1.274444499927056011e-08
1.284160363709726159e-08
1.293950297417799459e-08
1.303814865731269608e-08
1.313754637635018259e-08
1.323770186451654419e-08
1.333862089874562804e-08
1.344030930001245989e-08
1.354277293366878175e-08
1.364601770978158040e-08
1.375004958347376182e-08
1.385487455526785460e-08
1.396049867143190216e-08
1.406433856376396176e-08
1.416099975142290878e-08
1.425832527072871731e-08
1.435631968749049529e-08
1.445498759889727105e-08
1.455433363373356983e-08
1.465436245259647093e-08
1.475507874811443011e-08
1.485648724516733272e-08
1.495859270110806072e-08
1.506139990598585785e-08
1.516491368277094727e-08
1.526913888758070587e-08
1.537408040990765344e-08
1.547974317284874716e-08
1.557651326976239930e-08
1.567037596698565154e-08
1.576480427255635555e-08
1.585980159478066308e-08
1.595537136250278667e-08
1.605151702522885512e-08
1.614824205325147027e-08
1.624554993777492898e-08
1.634344419104111001e-08
1.644192834645647944e-08
1.654100595871937380e-08
1.664068060394856056e-08
1.674095587981205330e-08
1.684183540565722387e-08
1.693979349635531335e-08
1.702576626022905987e-08
1.711217535268787057e-08
1.719902298818468588e-08
1.728631139241112750e-08
1.737404280235467980e-08
1.746221946635592408e-08
1.755084364416633198e-08
1.763991760700593987e-08
1.772944363762170480e-08
1.781942403034594310e-08
1.790986109115525876e-08
1.800075713772942548e-08
1.809211449951094030e-08
1.818393551776463360e-08
1.826222964673892606e-08
1.833504064495814453e-08
1.840814193858839813e-08
1.848153468502935629e-08
1.855522004629522137e-08
1.862919918903309871e-08
1.870347328454149894e-08
1.877804350878881065e-08
1.885291104243210711e-08
1.892807707083558583e-08
1.900354278408949770e-08
1.907930937702894724e-08
1.915537804925281507e-08
1.923175000514275009e-08
1.930393846682561772e-08
1.935765777516619221e-08
1.941152657445620610e-08
1.946554528070142571e-08
1.951971431106531947e-08
1.957403408387220456e-08
1.962850501861063831e-08
1.968312753593642255e-08
1.973790205767599835e-08
1.979282900682968195e-08
1.984790880757487089e-08
1.990314188526949835e-08
1.995852866645507055e-08
2.001406957886011113e-08
2.006976505140344667e-08
2.010663791504717440e-08
2.013465359013567935e-08
2.016270830099207207e-08
2.019080210200697514e-08
2.021893504764692319e-08
2.024710719245417424e-08
2.027531859104714321e-08
2.030356929812023641e-08
2.033185936844405344e-08
2.036018885686564853e-08
2.038855781830836184e-08
2.041696630777206426e-08
2.044541438033338573e-08
2.047390209114553327e-08
2.049709300370285552e-08
2.049369567167563715e-08
2.049029890274607204e-08
2.048690269682086416e-08
2.048350705380661819e-08
2.048011197361007117e-08
2.047671745613798331e-08
2.047332350129699900e-08
2.046993010899390821e-08
2.046653727913551086e-08
2.046314501162850098e-08
2.045975330637971155e-08
2.045636216329599211e-08
2.045297158228407971e-08
2.044958156325086028e-08
2.042276101918963752e-08
2.038359299408232182e-08
2.034450008781859981e-08
2.030548215633094545e-08
2.026653905582812424e-08
2.022767064279472675e-08
2.018887677399045055e-08
2.015015730644983888e-08
2.011151209748157585e-08
2.007294100466801995e-08
2.003444388586465146e-08
1.999602059919961587e-08
1.995767100307301911e-08
1.991939495615666946e-08
1.987571361426341954e-08
1.979870096863224059e-08
1.972198672474416528e-08
1.964556972637860727e-08
1.956944882179515253e-08
1.949362286371589742e-08
1.941809070930846827e-08
1.934285122016847199e-08
1.926790326230266451e-08
1.919324570611154036e-08
1.911887742637262688e-08
1.904479730222319617e-08
1.897100421714370163e-08
1.889749705894063545e-08
1.882427471973007102e-08
1.872591826803972023e-08
1.861305764182468812e-08
1.850087722369170536e-08
1.838937291404424451e-08
1.827854063799383844e-08
1.816837634521137301e-08
1.805887600977892916e-08
1.795003563004272342e-08
1.784185122846673664e-08
1.773431885148755702e-08
1.762743456936980220e-08
1.752119447606238832e-08
1.741559468905601677e-08
1.731063134924113068e-08
1.720176177949686039e-08
1.705849486372602931e-08
1.691642116347681546e-08
1.677553074091205044e-08
1.663581374096305203e-08
1.649726039064014602e-08
1.635986099834926607e-08
1.622360595321390722e-08
1.608848572440288935e-08
1.595449086046371920e-08
1.582161198866135531e-08
1.568983981432278989e-08
1.555916512018676903e-08
1.542957876575909803e-08
1.530107168667326720e-08
1.515200618449093355e-08
1.499015993960169228e-08
1.483004245634745869e-08
1.467163526895044081e-08
1.451492010887515393e-08
1.435987890272168096e-08
1.420649377014113755e-08
1.405474702177370276e-08
1.390462115720863612e-08
1.375609886296586102e-08
1.360916301049933600e-08
1.346379665422177717e-08
1.331998302955020255e-08
1.317770555097263061e-08
1.303440901854618752e-08
1.286640239304486367e-08
1.270056128392195957e-08
1.253685777881880729e-08
1.237526432515227760e-08
1.221575372547744004e-08
1.205829913290999003e-08
1.190287404660781122e-08
1.174945230731052806e-08
1.159800809293679239e-08
1.144851591423817718e-08
1.130095061050923262e-08
1.115528734535260260e-08
1.101150160249894858e-08
1.086956918168066164e-08
1.071768097831069864e-08
1.055929388208389974e-08
1.040324744819830058e-08
1.024950708608234789e-08
1.009803871634769577e-08
9.948808763235169089e-09
9.801784147171937850e-09
9.656932277438701708e-09
9.514221044945640433e-09
9.373618815114521434e-09
9.235094420866626836e-09
9.098617155713682749e-09
8.964156766951506165e-09
8.831683448953639802e-09
8.700503131066172507e-09
8.561114695824746167e-09
8.423959365449402158e-09
8.289001363963864463e-09
8.156205488549315326e-09
8.025537100361848385e-09
7.896962115497224476e-09
7.770446996100350948e-09
7.645958741617055900e-09
7.523464880186319347e-09
7.402933460170097597e-09
7.284333041819026941e-09
7.167632689071478782e-09
7.052801961484287028e-09
6.939810906292489192e-09
6.824719443711430338e-09
6.708356245351133937e-09
6.593977069051277592e-09
6.481548086732264131e-09
6.371036047091838455e-09
6.262408265770884471e-09
6.155632615686906432e-09
6.050677517532314422e-09
5.947511930434728891e-09
5.846105342776519936e-09
5.746427763170882238e-09
5.648449711591763940e-09
5.552142210655041370e-09
5.457476777048339765e-09
5.364190793708510282e-09
5.265931252380589632e-09
5.169471598087502620e-09
5.074778861070849424e-09
4.981820675501780039e-09
4.890565268418385814e-09
4.800981448865832134e-09
4.713038597235217934e-09
4.626706654797921151e-09
4.541956113431553125e-09
4.458758005534109820e-09
4.377083894122967307e-09
4.296905863115048001e-09
4.218196507785230255e-09
4.140928925399432033e-09
4.061417981908080183e-09
3.980131871034170404e-09
3.900472638223646642e-09
3.822407722781901886e-09
3.745905215691172503e-09
3.670933846567810758e-09
3.597462970880534071e-09
3.525462557424345867e-09
3.454903176045436260e-09
3.385755985611539489e-09
3.317992722223139046e-09
3.251585687660607877e-09
3.186507738062565011e-09
3.122732272830829615e-09
3.060214205775549383e-09
2.996401770120664081e-09
2.933919969078401485e-09
2.872741055886608156e-09
2.812837862366383777e-09
2.754183786857196564e-09
2.696752782403698554e-09
2.640519345188914585e-09
2.585458503208525877e-09
2.531545805181376138e-09
2.478757309691207729e-09
2.427069574554817023e-09
2.376459646411907817e-09
2.326905050532022568e-09
2.278383780834016878e-09
2.231483485484008136e-09
2.186160075898819261e-09
2.141757224977770141e-09
2.098256235357571184e-09
2.055638789434972294e-09
2.013886941653524095e-09
1.972983110946925701e-09
1.932910073335942275e-09
1.893650954675638685e-09
1.855189223549929062e-09
1.817508684310478886e-09
1.780593470256919713e-09
1.744428036955652641e-09
1.708997155694311454e-09
1.674285907069211403e-09
1.640125309701326790e-09
1.606658707069793903e-09
1.573874987316223218e-09
1.541760216279726664e-09
1.510300744124684047e-09
1.479483199539061182e-09
1.449294484051206559e-09
1.419721766462544698e-09
1.390752477393904475e-09
1.362374303943103854e-09
1.334575184451570685e-09
1.307343303377752713e-09
1.280667086275105558e-09
1.254535194872583260e-09
1.229221002780142385e-09
1.204735417786705376e-09
1.180737575738690744e-09
1.157217760993976838e-09
1.134166451442116946e-09
1.111574314649236345e-09
1.089432204079772353e-09
1.067731155393445014e-09
1.046462382816018705e-09
1.025617275582312177e-09
1.005187394450107283e-09
9.851644682834718049e-10
9.655403907041662798e-10
9.463072168097143406e-10
9.274571599568816440e-10
9.097908898455979012e-10
8.924993824414652452e-10
8.755365178404695091e-10
8.588960498496367458e-10
8.425718509912863054e-10
8.265579102467244880e-10
8.108483308428230654e-10
7.954373280806644858e-10
7.803192272054573949e-10
7.654884613169354097e-10
7.509395693194749340e-10
7.366671939111572573e-10
7.226660796110809334e-10
7.089310708241373750e-10
6.956378241169356010e-10
6.828189740258395354e-10
6.702363430015613221e-10
6.578855781226560561e-10
6.457624066810287141e-10
6.338626347038225775e-10
6.221821455025200363e-10
6.107168982487814886e-10
5.994629265765394710e-10
5.884163372098516057e-10
5.775733086160282585e-10
5.669300896835794412e-10
5.564829984245454468e-10
5.462284207007063281e-10
5.361628089733004703e-10
5.265429863843828980e-10
5.171157914251140441e-10
5.078573804153006616e-10
4.987647314569428058e-10
4.898348767559260342e-10
4.810649016533491717e-10
4.724519436741919537e-10
4.639931915930281203e-10
4.556858845164361349e-10
4.475273109818752417e-10
4.395148080726757261e-10
4.316457605488672543e-10
4.239175999935855042e-10
4.163278039747520153e-10
4.088880717951784429e-10
4.016009918722516661e-10
3.944437800904276121e-10
3.874141219788549350e-10
3.805097443144837491e-10
3.737284143869601445e-10
3.670679392766206592e-10
3.605261651453550957e-10
3.541009765401063322e-10
3.477902957087840454e-10
3.415920819283689052e-10
3.355043308449920181e-10
3.295250738257748103e-10
3.236523773222214195e-10
3.178843422449504398e-10
3.121188575353216269e-10
3.064470954440708737e-10
3.008783994907463653e-10
2.954108967778905914e-10
2.900427484419726025e-10
2.847721490349207308e-10
2.795973259169119469e-10
2.745165386601817947e-10
2.695280784636758735e-10
2.646302675783308997e-10
2.598214587428107127e-10
2.551000346294859811e-10
2.504644073004818859e-10
2.459130176736202806e-10
2.413677449206691913e-10
2.367876626724885564e-10
2.322944899382821421e-10
2.278865775634692383e-10
2.235623076870608134e-10
2.193200931478466119e-10
2.151583769018505970e-10
2.110756314508401115e-10
2.070703582816788594e-10
2.031410873163233495e-10
1.992863763722433919e-10
1.955048106330981087e-10
1.917950021294430090e-10
1.881555892292995123e-10
1.845852361383836674e-10
1.808890598543236280e-10
1.772395886576281757e-10
1.736637462366377895e-10
1.701600471167947408e-10
1.667270357932737586e-10
1.633632861263343793e-10
1.600674007488786823e-10
1.568380104859558399e-10
1.536737737859781496e-10
1.505733761634190043e-10
1.475355296527448548e-10
1.445589722733736967e-10
1.416424675054212587e-10
1.387848037760277100e-10
1.359086475127286523e-10
1.329600776320071513e-10
1.300754776641691096e-10
1.272534597669990224e-10
1.244926662078442530e-10
1.217917687103774237e-10
1.191494678155390853e-10
1.165644922563344743e-10
1.140355983462068485e-10
1.115615693806681510e-10
1.091412150519186706e-10
1.067733708761664587e-10
1.044568976333645881e-10
1.021906808191144025e-10
9.997363010844861926e-11
9.765839424896437379e-11
9.537107697231352563e-11
9.313733235947950989e-11
9.095590565217621711e-11
8.882557148058104129e-11
8.674513317501120266e-11
8.471342209372148461e-11
8.272929696644116258e-11
8.079164325329309317e-11
7.889937251872427028e-11
7.705142182009875202e-11
7.524675311061377579e-11
7.348435265619874117e-11
7.176323046607182366e-11
7.003855108517293465e-11
6.827008219907587396e-11
6.654626703800102876e-11
6.486597809827870778e-11
6.322811634563397685e-11
6.163161049633677294e-11
6.007541631650198946e-11
5.855851593908205002e-11
5.707991719810653409e-11
5.563865297973234867e-11
5.423378058967746562e-11
5.286438113663018567e-11
5.152955893122524354e-11
5.022844090019463191e-11
4.896017601531519372e-11
4.765085818729682189e-11
4.636104406501352405e-11
4.510614265014698067e-11
4.388520892502481133e-11
4.269732345172729169e-11
4.154159167969349535e-11
4.041714327207008169e-11
3.932313145029447903e-11
3.825873235641806109e-11
3.722314443269163928e-11
3.621558781794265691e-11
3.523530376029212779e-11
3.428155404576794424e-11
3.335362044238468535e-11
3.243338825300228515e-11
3.150044071943883509e-11
3.059432945390857485e-11
2.971428251023454448e-11
2.885955014729788350e-11
2.802940419030925368e-11
2.722313741045219199e-11
2.644006292237155404e-11
2.567951359899328480e-11
2.494084150317633906e-11
2.422341733571423688e-11
2.352662989921380182e-11
2.284988557739599646e-11
2.219260782937463700e-11
2.155423669848178649e-11
2.090828486850386775e-11
2.027517477586982632e-11
1.966123547567114373e-11
1.906588646968677299e-11
1.848856483738220885e-11
1.792872470365137904e-11
1.738583672267503187e-11
1.685938757740849784e-11
1.634887949422436629e-11
1.585382977225305635e-11
1.537377032697370022e-11
1.490824724762695902e-11
1.445682036802787395e-11
1.401906285037593811e-11
1.358945355940778809e-11
1.316034243779029257e-11
1.274478126164275782e-11
1.234234216738152614e-11
1.195261080197538602e-11
1.157518589632554268e-11
1.120967885211742373e-11
1.085571334171807456e-11
1.051292492070778446e-11
1.018096065264621969e-11
9.859478745687891306e-12
9.548148200671493784e-12
9.246648470321867437e-12
8.954669129213252680e-12
8.671909554153656442e-12
8.390887813163648816e-12
8.116866946143394171e-12
7.851794766941904083e-12
7.595379038641121650e-12
7.347337067891493352e-12
7.107395393248325615e-12
6.875289483685509099e-12
6.650763446955622945e-12
6.433569747473363770e-12
6.223468933412635767e-12
6.020229372715379381e-12
5.823626997721822395e-12
5.633445058140315066e-12
5.449473882084186022e-12
5.270286693868796609e-12
5.093520841550635573e-12
4.922683730563001173e-12
4.757576510430513273e-12
4.598007000139249473e-12
4.443789464442355064e-12
4.294744397668579377e-12
4.150698314781686752e-12
4.011483549448033260e-12
3.876938058876624113e-12
3.746905235205103625e-12
3.621233723211852044e-12
3.499777244141831257e-12
3.382394425441625407e-12
3.268948636204944285e-12
3.157600087221027124e-12
3.049467747370639456e-12
2.945038410623411970e-12
2.844185267257089765e-12
2.746785850161437019e-12
2.652721886124962389e-12
2.561879152214525168e-12
2.474147337073016872e-12
2.389419906967136387e-12
2.307593976422256827e-12
2.228570183287378532e-12
2.152252568078630156e-12
2.078548457454476735e-12
2.007368351681558842e-12
1.938373515182574956e-12
1.870923538586151042e-12
1.805820632514183437e-12
1.742983125477292601e-12
1.682332187925490532e-12
1.623791733356658657e-12
1.567288322866107393e-12
1.512751073017644300e-12
1.460111566920372029e-12
1.409303768399832008e-12
1.360263939155746947e-12
1.312930558802387614e-12
1.267244247691388984e-12
1.223147692420065610e-12
1.180585573931806696e-12
1.139504498118476232e-12
1.099852928837530853e-12
1.061581123260052894e-12
1.024641069468441072e-12
9.889864262255098462e-13
9.545724648395376342e-13
9.213560130521466377e-13
8.892954008788067271e-13
8.583504083339000069e-13
8.284822149747890719e-13
7.996533512016821372e-13
7.718276512520388419e-13
7.449702078307075399e-13
7.190473283187729384e-13
6.940264925062002771e-13
6.698763117953236659e-13
6.465664898238664227e-13
6.240677844582268892e-13
6.023519711092627717e-13
5.813918073245739984e-13
5.611609986129221926e-13
5.416341654578052774e-13
5.227868114789145139e-13
5.045952927014602213e-13
4.870367878948292766e-13
4.700892699434162941e-13
4.537314782136180555e-13
4.379428918824191933e-13
4.227037041940491762e-13
4.079947976124273294e-13
3.937977198382662526e-13
3.800946606606797102e-13
3.668684296142996484e-13
3.541024344138777084e-13
3.417806601392723866e-13
3.298876491447773663e-13
3.184084816675193486e-13
3.073287571106378601e-13
2.966345759777701302e-13
2.863125224361408296e-13
2.763496474864374563e-13
2.667334527183034945e-13
2.574518746311006209e-13
2.484932695002758913e-13
2.398463987703155680e-13
2.315004149560089561e-13
2.234448480342886313e-13
2.156695923096019566e-13
2.081648937363390156e-13
2.009213376823918415e-13
1.939298371185167311e-13
1.871816212186730970e-13
1.806682243570310678e-13
1.743814754878637727e-13
1.683134878949786522e-13
1.624566492978471072e-13
1.568036123020130416e-13
1.513472851817937243e-13
1.460808229837261949e-13
1.409976189395828076e-13
1.360912961781873435e-13
1.313556997256475051e-13
1.267848887839460564e-13
1.223731292782184160e-13
1.181148866633693970e-13
1.140048189809892256e-13
1.100377701578819665e-13
1.062087635377765998e-13
1.025129956381190214e-13
9.894583012411455681e-14
9.550279199244844198e-14
9.217956195740688305e-14
8.897197103233721682e-14
8.587599529966031727e-14
8.288775086287547233e-14
8.000348897421435496e-14
7.721959133184754449e-14
7.453256554072834042e-14
7.193904073138835243e-14
6.943576333118964902e-14
6.701959298271971031e-14
6.468749860422189751e-14
6.243655458710633239e-14
6.026393712577818343e-14
5.816692067518026064e-14
5.614287453159815595e-14
5.418925953244996826e-14
5.230362487090919769e-14
5.048360502137122409e-14
4.872691677190703254e-14
4.703135635997503230e-14
4.539479670780726859e-14
4.381518475399232455e-14
4.229053887791285676e-14
4.081894641380715813e-14
3.939856125133105443e-14
3.802760151961765432e-14
3.670434735192208071e-14
3.542713872805116278e-14
3.419437339187202422e-14
3.300450484128263231e-14
3.185604038812928655e-14
3.074753928563076569e-14
2.967761092096360355e-14
2.864491307074147769e-14
2.764815021719727125e-14
2.668607192295854534e-14
2.575747126237620978e-14
2.486118330743750290e-14
2.399608366636655257e-14
2.316108707307600293e-14
2.235514602570280360e-14
2.157724947251908788e-14
2.082642154356880222e-14
2.010172032644114743e-14
1.940223668464238895e-14
1.872709311708588372e-14
1.807544265726860741e-14
1.744646781075253630e-14
1.683937952961980729e-14
1.625341622261287814e-14
1.568784279971975640e-14
1.514194975000498550e-14
1.461505225152886085e-14
1.410648931223995191e-14
1.361562294076114390e-14
1.314183734603098230e-14
1.268453816479433011e-14
1.224315171597507768e-14
1.181712428099378867e-14
1.140592140912882097e-14
1.100902724704889683e-14
1.062594389167561565e-14
1.025619076556521783e-14
9.899304014024623007e-15
9.554835923206799662e-15
9.222354358454201485e-15
8.901442222186658665e-15
8.591696930653260569e-15
8.292729908891436817e-15
8.004166103260587705e-15
7.725643510937659798e-15
7.456812725785304006e-15
