7.485674511760261944e-10
7.586337145786578747e-10
7.688353427486621640e-10
7.791741559861326831e-10
7.896519990694211640e-10
8.002707415842867813e-10
8.110322782575030562e-10
8.219385292949318465e-10
8.329914407241636827e-10
8.441929847417318974e-10
8.555451600650292748e-10
8.670499922889407690e-10
8.787095342472714897e-10
8.905258663790526768e-10
9.025010970997380696e-10
9.145981131373763112e-10
9.268153250243083250e-10
9.391957345651016746e-10
9.517415217558573327e-10
9.644548957130763235e-10
9.773380950626748036e-10
9.903933883341553723e-10
1.003623074360066859e-09
1.017029482680777296e-09
1.030614973954693261e-09
1.044381940373918749e-09
1.058332806085491529e-09
1.072470027618219089e-09
1.086796094315261839e-09
1.101313528772454255e-09
1.115913434584838697e-09
1.130703798624495220e-09
1.145690194777078900e-09
1.160875221260537468e-09
1.176261510729709304e-09
1.191851730732747221e-09
1.207648584173614996e-09
1.223654809780665545e-09
1.239873182581478574e-09
1.256306514383967437e-09
1.272957654263861278e-09
1.289829489058675994e-09
1.306924943868178772e-09
1.324246982561537897e-09
1.341734010179254541e-09
1.359375143610306479e-09
1.377248222856522772e-09
1.395356297544021856e-09
1.413702457395439848e-09
1.432289832757102884e-09
1.451121595133187888e-09
1.470200957726819464e-09
1.489531175988376697e-09
1.509115548170910606e-09
1.528957415892958661e-09
1.549060164708695149e-09
1.569427224685578280e-09
1.590062070989656779e-09
1.610968224478474746e-09
1.631970962585611329e-09
1.653237358653447980e-09
1.674780879506027872e-09
1.696605136387403920e-09
1.718713787600153706e-09
1.741110539118604238e-09
1.763799145210048936e-09
1.786783409064057749e-09
1.810067183429989389e-09
1.833654371262802252e-09
1.857548926377320167e-09
1.881754854110946957e-09
1.906276211995093907e-09
1.931117110435317441e-09
1.956174643406885905e-09
1.981415538758980465e-09
2.006982122208662362e-09
2.032878596171718462e-09
2.059109217288502961e-09
2.085678297123613066e-09
2.112590202874597492e-09
2.139849358089763947e-09
2.167460243395334581e-09
2.195427397231900190e-09
2.223755416600418014e-09
2.252448957817836676e-09
2.281512737282424365e-09
2.310951532249065786e-09
2.340770181614469146e-09
2.370681411622361538e-09
2.400949162821027150e-09
2.431603358506975220e-09
2.462648932622620759e-09
2.494090882104677739e-09
2.525934267688368897e-09
2.558184214722059259e-09
2.590845913992121475e-09
2.623924622558502802e-09
2.657425664600789419e-09
2.691354432275244960e-09
2.725716386582618091e-09
2.760517058247205140e-09
2.795762048606956404e-09
2.831286589316218550e-09
2.867010825216523895e-09
2.903185817686466995e-09
2.939817254223063332e-09
2.976910894086280751e-09
3.014472569204521401e-09
3.052508185091527451e-09
3.091023721774855353e-09
3.130025234736068759e-09
3.169518855862789495e-09
3.209510794412766636e-09
3.250007337990105555e-09
3.291014853533815756e-09
3.332539788318833416e-09
3.374588670969674154e-09
3.416666372652494542e-09
3.459208171569415573e-09
3.502279669455359475e-09
3.545887461729520408e-09
3.590038225932412043e-09
3.634738722748276864e-09
3.679995797040450354e-09
3.725816378899374432e-09
3.772207484703906573e-09
3.819176218195609464e-09
3.866729771566573740e-09
3.914875426560787472e-09
3.963620555589054856e-09
4.012972622858045642e-09
4.062662831448497583e-09
4.112512169353458104e-09
4.162973164339645260e-09
4.214053321509482862e-09
4.265760238053810070e-09
4.318101604381864703e-09
4.371085205265139190e-09
4.424718920995111662e-09
4.479010728555355912e-09
4.533968702807926016e-09
4.589601017694417621e-09
4.645915947451565277e-09
4.702921867841938293e-09
4.760627257399726027e-09
4.819040698691645689e-09
4.877363918802811870e-09
4.936267542255644351e-09
4.995882541138635270e-09
5.056217506689051205e-09
5.117281133899923532e-09
5.179082222773257660e-09
5.241629679588059552e-09
5.304932518183980240e-09
5.368999861260258225e-09
5.433840941690341073e-09
5.499465103852609754e-09
5.565881804976837590e-09
5.633100616507268108e-09
5.701131225481797258e-09
5.769538758910459794e-09
5.837944231577975882e-09
5.907160741121447311e-09
5.977197903450124582e-09
6.048065448482443673e-09
6.119773221497820319e-09
6.192331184504489100e-09
6.265749417623322847e-09
6.340038120488285810e-09
6.415207613663503235e-09
6.491268340076886965e-09
6.568230866471024293e-09
6.646105884871110876e-09
6.724904214070449655e-09
6.804636801133289965e-09
6.883929390087414586e-09
6.963879422906935647e-09
7.044757996300515116e-09
7.126575894348777689e-09
7.209344026378783818e-09
7.293073428418550715e-09
7.377775264668738188e-09
7.463460828991156843e-09
7.550141546414561878e-09
7.637828974658213897e-09
7.726534805672823743e-09
7.816270867199577849e-09
7.907049124347086943e-09
7.998881681186962848e-09
8.091071980398950439e-09
8.182848577799118485e-09
8.275666192242642572e-09
8.369536631930188437e-09
8.464471839002309090e-09
8.560483891058624872e-09
8.657585002694213841e-09
8.755787527053763369e-09
8.855103957403019749e-09
8.955546928718070155e-09
9.057129219292963204e-09
9.159863752365224736e-09
9.263763597760008321e-09
9.368841973552683624e-09
9.475112247750656717e-09
9.580263001173125626e-09
9.686042041880058460e-09
9.792989026040305983e-09
9.901116849326703579e-09
1.001043854979786681e-08
1.012096730947008438e-08
1.023271645590699054e-08
1.034569946382643291e-08
1.045992995672542575e-08
1.057542170852270240e-08
1.069218864521974521e-08
1.081024484657983480e-08
1.092960454782584818e-08
1.105028214135681902e-08
1.117117323269513116e-08
1.129075092739095109e-08
1.141160859732042866e-08
1.153375994350534145e-08
1.165721881362500805e-08
1.178199920358604696e-08
1.190811525910915047e-08
1.203558127733263228e-08
1.216441170843323156e-08
1.229462115726426978e-08
1.242622438501131719e-08
1.255923631086560238e-08
1.269367201371534679e-08
1.282954673385507889e-08
1.296687587471350530e-08
1.310180511672640216e-08
1.323707983862805278e-08
1.337375125741402691e-08
1.351183379382871526e-08
1.365134201750910320e-08
1.379229064852219008e-08
1.393469455891799279e-08
1.407856877429886117e-08
1.422392847540486897e-08
1.437078899971559282e-08
1.451916584306839184e-08
1.466907466129356672e-08
1.482053127186608221e-08
1.497355165557465384e-08
1.512640453935925945e-08
1.527613224127378443e-08
1.542734201281448644e-08
1.558004852414820304e-08
1.573426659065356988e-08
1.589001117435814442e-08
1.604729738539012115e-08
1.620614048344438680e-08
1.636655587926278318e-08
1.652855913612936522e-08
1.669216597138039932e-08
1.685739225792905901e-08
1.702425402580547980e-08
1.719276746371208035e-08
1.736294892059396494e-08
1.752845617567473215e-08
1.769351762979433220e-08
1.786013342979374066e-08
1.802831821259183617e-08
1.819808675294001059e-08
1.836945396472006168e-08
1.854243490225451008e-08
1.871704476162886734e-08
1.889329888202673195e-08
1.907121274707728303e-08
1.925080198621548959e-08
1.943208237605511778e-08
1.961506984177470182e-08
1.979978045851651819e-08
1.998357804023656965e-08
2.016092164226437236e-08
2.033983907421977022e-08
2.052034430300437956e-08
2.070245141946861288e-08
2.088617463951168018e-08
2.107152830519126166e-08
2.125852688584329852e-08
2.144718497921123016e-08
2.163751731258574319e-08
2.182953874395437047e-08
2.202326426316136380e-08
2.221870899307785669e-08
2.241588819078239998e-08
2.261481724875197949e-08
2.280536020686208231e-08
2.299379331660232148e-08
2.318378338648374450e-08
2.337534328115029203e-08
2.356848597154237213e-08
2.376322453577481656e-08
2.395957216002256623e-08
2.415754213941369864e-08
2.435714787892930782e-08
2.455840289431159638e-08
2.476132081297864466e-08
2.496591537494756412e-08
2.517220043376446014e-08
2.538018995744287499e-08
2.558605247585829059e-08
2.577987173873494277e-08
2.597515921976276803e-08
2.617192604097633115e-08
2.637018340866173521e-08
2.656994261399485099e-08
2.677121503368438705e-08
2.697401213061979048e-08
2.717834545452411416e-08
2.738422664261177085e-08
2.759166742025136633e-08
2.780067960163326385e-08
2.801127509044274710e-08
2.822346588053775569e-08
2.843726405663200073e-08
2.863714315409217043e-08
2.883194542826374790e-08
2.902807283203420073e-08
2.922553437951019055e-08
2.942433914611606017e-08
2.962449626901119258e-08
2.982601494750983149e-08
3.002890444350413468e-08
3.023317408188947048e-08
3.043883325099321503e-08
3.064589140300638170e-08
3.085435805441772550e-08
3.106424278645132824e-08
3.127555524550687695e-08
3.148304098279027036e-08
3.166985528512424217e-08
3.185777810755243381e-08
3.204681602781954971e-08
3.223697566270154600e-08
3.242826366823687059e-08
3.262068673995962215e-08
3.281425161313409885e-08
3.300896506299016767e-08
3.320483390496060564e-08
3.340186499491984403e-08
3.360006522942350662e-08
3.379944154595029717e-08
3.400000092314439642e-08
3.420175038105989727e-08
3.438158765204771026e-08
3.455146320981465504e-08
3.472217810360699421e-08
3.489373648048956058e-08
3.506614250801758232e-08
3.523940037433749310e-08
3.541351428828895327e-08
3.558848847950696361e-08
3.576432719852489236e-08
3.594103471687729708e-08
3.611861532720389130e-08
3.629707334335408694e-08
3.647641310049129848e-08
3.665663895519850441e-08
3.683095301935049643e-08
3.697204081472356499e-08
3.711366907305982867e-08
3.725583986470273400e-08
3.739855526792680142e-08
3.754181736896774787e-08
3.768562826205279466e-08
3.782999004943170333e-08
3.797490484140722912e-08
3.812037475636610382e-08
3.826640192080970104e-08
3.841298846938558155e-08
3.856013654491839015e-08
3.870784829844135469e-08
3.885612588922737485e-08
3.897243138371223972e-08
3.907181025075787012e-08
3.917144253179045439e-08
3.927132887301009124e-08
3.937146992226498716e-08
3.947186632905501655e-08
3.957251874453653261e-08
3.967342782152629152e-08
3.977459421450550225e-08
3.987601857962459118e-08
3.997770157470684831e-08
4.007964385925323146e-08
4.018184609444640962e-08
4.028430894315481274e-08
4.037885016136615463e-08
4.042344686979063867e-08
4.046809283336703515e-08
4.051278810649572410e-08
4.055753274363681459e-08
4.060232679931091238e-08
4.064717032809858389e-08
4.069206338464068048e-08
4.073700602363864942e-08
4.078199829985401779e-08
4.082704026810913361e-08
4.087213198328663642e-08
4.091727350032978819e-08
4.096246487424278430e-08
4.100770616009030361e-08
4.101090081615926169e-08
4.098908383063199450e-08
4.096727845130815546e-08
4.094548467201346334e-08
4.092370248657694564e-08
4.090193188883089886e-08
4.088017287261088853e-08
4.085842543175578889e-08
4.083668956010772337e-08
4.081496525151211085e-08
4.079325249981763263e-08
4.077155129887624567e-08
4.074986164254318252e-08
4.072818352467694478e-08
4.069794462498632423e-08
4.060108481121834387e-08
4.050445552072640772e-08
4.040805620487244616e-08
4.031188631632414377e-08
4.021594530905179611e-08
4.012023263832517959e-08
4.002474776071073912e-08
3.992949013406802128e-08
3.983445921754694794e-08
3.973965447158463986e-08
3.964507535790236609e-08
3.955072133950238744e-08
3.945659188066525651e-08
3.936268644694627083e-08
3.922018275557113190e-08
3.904586385767768677e-08
3.887231974144071961e-08
3.869954696324842524e-08
3.852754209479454636e-08
3.835630172301027341e-08
3.818582244999684589e-08
3.801610089295763091e-08
3.784713368413132672e-08
3.767891747072506692e-08
3.751144891484787547e-08
3.734472469344445251e-08
3.717874149822921169e-08
3.701349603562065497e-08
3.684167776132382032e-08
3.659457557901867775e-08
3.634913074491834620e-08
3.610533214296132549e-08
3.586316873164286203e-08
3.562262954351529207e-08
3.538370368469111785e-08
3.514638033434944552e-08
3.491064874424630745e-08
3.467649823822768443e-08
3.444391821174577708e-08
3.421289813137915508e-08
3.398342753435548057e-08
3.375549602807746083e-08
3.352909328965258625e-08
3.325767541312724202e-08
3.295421949707865679e-08
3.265353243038111862e-08
3.235558894898036012e-08
3.206036401934107830e-08
3.176783283634383784e-08
3.147797082120052957e-08
3.119075361938942992e-08
3.090615709860910016e-08
3.062415734675037778e-08
3.034473066988750551e-08
3.006785359028729286e-08
2.979350284443642934e-08
2.952165538108708167e-08
2.924798886798220722e-08
2.891082991962945947e-08
2.857755760283164517e-08
2.824812711407725253e-08
2.792249416633146492e-08
2.760061498308227032e-08
2.728244629245569000e-08
2.696794532139829667e-08
2.665706978992706516e-08
2.634977790544551663e-08
2.604602835712510751e-08
2.574578031035191606e-08
2.544899340123683982e-08
2.515562773118935372e-08
2.486564386155354817e-08
2.454920783429319136e-08
2.421248605106345212e-08
2.388038281031649968e-08
2.355283476321145608e-08
2.322977942981265738e-08
2.291115518717158244e-08
2.259690125757223589e-08
2.228695769693778174e-08
2.198126538339618090e-08
2.167976600600262580e-08
2.138240205361691913e-08
2.108911680393275275e-08
2.079985431265836064e-08
2.051455940284487653e-08
2.023197091400129028e-08
1.991938656135941777e-08
1.961163164317705008e-08
1.930863154459589859e-08
1.901031280355861035e-08
1.871660309299806731e-08
1.842743120330190182e-08
1.814272702504754650e-08
1.786242153200445014e-08
1.758644676439869859e-08
1.731473581243619235e-08
1.704722280008059247e-08
1.678384286908151848e-08
1.652453216324988459e-08
1.626922781297596717e-08
1.600811977967158839e-08
1.574237420603159898e-08
1.548104018795720753e-08
1.522404449065381910e-08
1.497131509507373418e-08
1.472278117773397406e-08
1.447837309086912097e-08
1.423802234291350020e-08
1.400166157930765668e-08
1.376922456362317701e-08
1.354064615900098485e-08
1.331586230989777425e-08
1.309481002413533507e-08
1.287742735524813823e-08
1.266355522744400540e-08
1.244005010273392653e-08
1.222048972654626254e-08
1.200480447613329940e-08
1.179292595755239607e-08
1.158478698397829151e-08
1.138032155439796952e-08
1.117946483268178654e-08
1.098215312702384784e-08
1.078832386974537550e-08
1.059791559745432807e-08
1.041086793155537100e-08
1.022712155910386154e-08
1.004661821399753341e-08
9.869300658500360709e-09
9.687658750380443564e-09
9.501869689166577122e-09
9.319643674108287946e-09
9.140912373422006112e-09
8.965608765785166247e-09
8.793667115204185773e-09
8.625022946364434677e-09
8.459613020453301305e-09
8.297375311446375073e-09
8.138248982848952409e-09
7.982174364883230902e-09
7.829092932113025764e-09
7.678947281497879044e-09
7.531681110867720706e-09
7.387239197810545122e-09
7.232939824204522317e-09
7.081619339600246514e-09
6.933464634003898592e-09
6.788409476086907435e-09
6.646389020147816366e-09
6.507339777123355592e-09
6.371199586206270657e-09
6.237907587056902792e-09
6.107404192596024125e-09
5.979631062366880672e-09
5.854531076454630171e-09
5.732048309951430426e-09
5.612128007955503343e-09
5.494716561093582612e-09
5.378450990915340113e-09
5.263183710668544949e-09
5.150386759874957254e-09
5.040007196124604016e-09
4.931993211633004326e-09
4.826294108924653412e-09
4.722860277037640376e-09
4.621643168238233544e-09
4.522595275234500553e-09
4.425670108878272732e-09
4.330822176345002307e-09
4.238006959781164439e-09
4.147180895409454092e-09
4.058301353081605902e-09
3.971326616269512232e-09
3.888164745818644404e-09
3.806836370745562928e-09
3.727209133619139394e-09
3.649247451897505591e-09
3.572916487315417976e-09
3.498182130316354592e-09
3.425010984810168758e-09
3.353370353249566297e-09
3.283228222018804983e-09
3.214553247127881294e-09
3.147314740206085828e-09
3.081482654788452209e-09
3.017027572889121853e-09
2.953920691855434815e-09
2.891973951848565356e-09
2.831127667045414338e-09
2.771561570250854159e-09
2.713248726684211196e-09
2.656162768264662540e-09
2.600277881688125193e-09
2.545568796754840548e-09
2.492010774942661700e-09
2.439579598220690086e-09
2.388251558098333506e-09
2.338003444904658267e-09
2.288812537293445413e-09
2.240656591968916819e-09
2.193513833627723111e-09
2.147362945112544648e-09
2.103810723043613441e-09
2.061266774821610294e-09
2.019583164229076876e-09
1.978742493237207580e-09
1.938727715645822338e-09
1.899522129968567394e-09
1.861109372462027699e-09
1.823473410295735476e-09
1.786598534860369226e-09
1.750469355211233159e-09
1.715070791644369045e-09
1.680388069402499640e-09
1.646406712508327321e-09
1.613112537722499599e-09
1.580934307755741547e-09
1.550012130848845799e-09
1.519694774154896476e-09
1.489970407734129523e-09
1.460827433033682558e-09
1.432254478361809528e-09
1.404240394450594189e-09
1.376774250105449712e-09
1.349845327939767643e-09
1.323443120192910900e-09
1.297557324630092678e-09
1.272177840522363874e-09
1.247294764705311499e-09
1.222898387714792427e-09
1.198979189998255104e-09
1.176324178370898737e-09
1.154183381492376102e-09
1.132459319129244450e-09
1.111144147496242811e-09
1.090230170443977820e-09
1.069709836680145075e-09
1.049575737043004109e-09
1.029820601826215495e-09
1.010437298153987484e-09
9.914188274056487533e-10
9.727583226887164819e-10
9.544490463594898790e-10
9.364843875903304070e-10
9.188578599827277962e-10
9.017126130791733432e-10
8.851193415578441332e-10
8.688314186096523944e-10
8.528432252250426726e-10
8.371492457952133868e-10
8.217440662093166634e-10
8.066223719867083980e-10
7.917789464435681885e-10
7.772086688932234661e-10
7.629065128796411905e-10
7.488675444433772857e-10
7.350869204194689987e-10
7.215598867666477287e-10
7.082817769272690014e-10
6.952480102174656585e-10
6.824688447015155421e-10
6.699266558251243143e-10
6.576149631875439397e-10
6.455295308044048336e-10
6.336662005388627498e-10
6.220208906709528952e-10
6.105895944932230548e-10
5.993683789321755795e-10
5.883533831950564625e-10
5.775408174414893020e-10
5.669269614795449038e-10
5.565081634857627247e-10
5.462808387486954722e-10
5.362414684355552041e-10
5.263038699264025411e-10
5.164066029239933338e-10
5.066954563355014381e-10
4.971669301231417823e-10
4.878175900681561605e-10
4.786440665330709323e-10
4.696430532472305505e-10
4.608113061151707355e-10
4.521456420473983687e-10
4.436429378131607943e-10
4.353001289147879395e-10
4.271142084832029169e-10
4.190822261942031322e-10
4.112012872051204344e-10
4.034685511114783048e-10
3.955907422429812574e-10
3.878155044307565794e-10
3.801930869871109616e-10
3.727204862656474149e-10
3.653947576558899551e-10
3.582130144229548096e-10
3.511724265700125694e-10
3.442702197231159611e-10
3.375036740379517822e-10
3.308701231280739416e-10
3.243669530141960016e-10
3.179916010941478285e-10
3.117415551330647714e-10
3.056143522734373956e-10
2.994827818427625293e-10
2.932306829096636490e-10
2.871091048059397041e-10
2.811153227367500567e-10
2.752466687909517773e-10
2.695005307535734115e-10
2.638743509430805907e-10
2.583656250729260619e-10
2.529719011368503489e-10
2.476907783174697701e-10
2.425199059176330160e-10
2.374569823141019362e-10
2.324997539330658618e-10
2.276460142470432769e-10
2.228936027927342694e-10
2.179662625823551831e-10
2.130893729049931409e-10
2.083216012748159446e-10
2.036605062283070115e-10
1.991037009285149223e-10
1.946488519428102100e-10
1.902936780479889477e-10
1.860359490621158281e-10
1.818734847024928377e-10
1.778041534691955672e-10
1.738258715535785631e-10
1.699366017712059008e-10
1.661343525186607304e-10
1.624171767536849347e-10
1.586990091717261801e-10
1.548809291177681328e-10
1.511547068225605297e-10
1.475181323146724353e-10
1.439690487915458669e-10
1.405053513403317527e-10
1.371249856894889445e-10
1.338259469904269462e-10
1.306062786284574873e-10
1.274640710623509838e-10
1.243974606918167048e-10
1.214046287522265185e-10
1.184838002359282577e-10
1.156332428395153001e-10
1.128512659364188112e-10
1.099767921960322287e-10
1.071353092068287485e-10
1.043672419394040003e-10
1.016706935433365473e-10
9.904381617734725883e-11
9.648480974304393952e-11
9.399192065138300600e-11
9.156344062100163168e-11
8.919770550759953753e-11
8.689309416356245418e-11
8.464802732705320850e-11
8.246096653980383189e-11
8.033041309286866085e-11
7.825490699961789113e-11
7.619400800975268968e-11
7.409020429876038377e-11
7.204448901453513123e-11
7.005525826917359698e-11
6.812095245995107834e-11
6.624005504655825651e-11
6.441109136209835527e-11
6.263262745691434863e-11
6.090326897433907165e-11
5.922166005748859244e-11
5.758648228623757589e-11
5.599645364354861186e-11
5.445032751034103241e-11
5.294689168811265300e-11
5.148496744854906970e-11
4.999658679629860838e-11
4.853159963375639291e-11
4.710953914929218536e-11
4.572914751639571075e-11
4.438920376506589495e-11
4.308852270185184433e-11
4.182595386153662471e-11
4.060038048954055056e-11
3.941071855413999927e-11
3.825591578763087106e-11
3.713495075558758751e-11
3.604683195339365963e-11
3.499059692924701164e-11
3.396531143286126969e-11
3.295683674300771919e-11
3.194067371414901441e-11
3.095584219047302439e-11
3.000137612303950291e-11
2.907633924923864452e-11
2.817982417438400830e-11
2.731095148162403782e-11
2.646886886929722686e-11
2.565275031488532625e-11
2.486179526474506899e-11
2.409522784882182590e-11
2.335229611957778782e-11
2.263227131438427301e-11
2.193444714065934291e-11
2.125813908304448534e-11
2.058184989001084084e-11
1.992002715105570729e-11
1.927948575173422196e-11
1.865954137676074225e-11
1.805953171545191929e-11
1.747881575415391081e-11
1.691677309142316435e-11
1.637280327522690370e-11
1.584632516145712884e-11
1.533677629307192524e-11
1.484361229920028610e-11
1.436630631357006909e-11
1.390434841163580559e-11
1.345724506580669349e-11
1.302114808718848230e-11
1.258812198548390621e-11
1.216949642691894043e-11
1.176479251278093145e-11
1.137354727042129861e-11
1.099531312362521019e-11
1.062965738059367305e-11
1.027616173895335502e-11
9.934421807227797383e-12
9.604046642221772850e-12
9.284658301791018863e-12
8.975891412484279169e-12
8.677392751563870592e-12
8.388820842926578936e-12
8.109845566461926225e-12
7.840147780402156030e-12
7.579418956230678419e-12
7.327360825732035115e-12
7.083685039779561582e-12
6.848112838469847469e-12
6.620374732227639532e-12
6.400210193515369653e-12
6.187367358795210115e-12
5.981602740402684048e-12
5.782680948001714905e-12
5.590374419303354814e-12
5.404463159739252781e-12
5.224734490792559974e-12
5.050982806698351840e-12
4.883009339234801543e-12
4.720621930336786381e-12
4.563634812271051880e-12
4.411868395121889894e-12
4.265149061344192930e-12
4.123308967148505771e-12
3.986185850491489100e-12
3.853622845451510639e-12
3.725468302777395531e-12
3.601575616404916087e-12
3.481803055742577518e-12
3.366013603534847468e-12
3.254074799117334098e-12
3.145858586884613247e-12
3.041241169797342874e-12
2.940102867761092858e-12
2.842327980714867370e-12
2.747804656272701954e-12
2.656424761766919691e-12
2.568083760546664935e-12
2.482680592390202939e-12
2.400117557894182298e-12
2.320300206707599340e-12
2.243137229482612187e-12
2.168540353418591430e-12
2.096424241279921453e-12
2.026706393772019335e-12
1.959307055163903148e-12
1.894149122049336351e-12
1.831158055142173256e-12
1.770261794005006694e-12
1.711390674613563298e-12
1.654477349662545973e-12
1.599456711521751946e-12
1.546265817754332071e-12
1.494843819111985730e-12
1.445131889924717803e-12
1.397073160805526605e-12
1.350612653593037667e-12
1.305697218457659498e-12
1.262275473099312388e-12
1.220297743967171333e-12
1.179716009434184373e-12
1.140483844861354918e-12
1.102556369488939286e-12
1.065890195093838235e-12
1.030443376354349248e-12
9.961753628656577050e-13
9.630469527510163971e-13
9.310202478156348619e-13
9.000586101919717263e-13
8.701266204267572170e-13
8.411900369619322338e-13
8.132157569630167796e-13
7.861717784501736532e-13
7.600271636886425071e-13
7.347520037965979758e-13
7.103173845300594600e-13
6.866953532055961245e-13
6.638588867230536708e-13
6.417818606517175112e-13
6.204390193444939275e-13
5.998059470460152787e-13
5.798590399615234658e-13
5.605754792546316863e-13
5.419332049430743495e-13
5.239108906625340729e-13
5.064879192697592265e-13
4.896443592569799604e-13
4.733609419506883518e-13
4.576190394686971004e-13
4.424006434102194894e-13
4.276883442546626911e-13
4.134653114454974166e-13
3.997152741364607363e-13
3.864225025780627813e-13
3.735717901230725863e-13
3.611484358304541114e-13
3.491382276477949928e-13
3.375274261530234889e-13
3.263027488368022095e-13
3.154513549076208776e-13
3.049608306022047622e-13
2.948191749844337960e-13
2.850147862165280543e-13
2.755364482867921502e-13
2.663733181787375804e-13
2.575149134669026350e-13
2.489511003251813326e-13
2.406720819339424687e-13
2.326683872726768285e-13
2.249308602853517179e-13
2.174506494060779275e-13
2.102191974331072540e-13
2.032282317395761374e-13
1.964697548097968710e-13
1.899360350902702088e-13
1.836195981449530659e-13
1.775132181046629162e-13
1.716099094008377427e-13
1.659029187741943499e-13
1.603857175491438411e-13
1.550519941651259678e-13
1.498956469563183406e-13
1.449107771714609152e-13
1.400916822258103102e-13
1.354328491775044022e-13
1.309289484208744748e-13
1.265748275894899106e-13
1.223655056619608352e-13
1.182961672637559597e-13
1.143621571585166775e-13
1.105589749225659810e-13
1.068822697965197694e-13
1.033278357081108232e-13
9.989160646053185195e-14
9.656965108079301846e-14
9.335816932277271426e-14
9.025348731981695004e-14
8.725205338191429411e-14
8.435043393263789166e-14
8.154530958120890630e-14
7.883347132518090081e-14
7.621181687941279612e-14
7.367734712711917871e-14
7.122716268894466290e-14
6.885846060613721379e-14
6.656853113402014087e-14
6.435475464210494663e-14
