7.860385089865311661e-10
7.966686426961712608e-10
8.074425349384951684e-10
8.183621298579777743e-10
8.294293978910828802e-10
8.406463361218275141e-10
8.520149686421550552e-10
8.635373469171820030e-10
8.752155501553834286e-10
8.870516856837859706e-10
8.990478893282371346e-10
9.112063257988003216e-10
9.235291890803970758e-10
9.360187028286965531e-10
9.486771207713772173e-10
9.614674382995182452e-10
9.743882024166512017e-10
9.874826033505043641e-10
1.000752974534608335e-09
1.014201680760526927e-09
1.027831118599294518e-09
1.041643716828474719e-09
1.055641936864957400e-09
1.069828273203615880e-09
1.084205253861793045e-09
1.098775440829826307e-09
1.113541430527584712e-09
1.128505854267138353e-09
1.143671378721692852e-09
1.159040706400755816e-09
1.174508250333676150e-09
1.190179207031587425e-09
1.206059254541553716e-09
1.222151182672037652e-09
1.238457818454726413e-09
1.254982026641156700e-09
1.271726710206012782e-09
1.288694810857112914e-09
1.305889309552228267e-09
1.323313227022747608e-09
1.340969624304380248e-09
1.358861603274913607e-09
1.376992307199146563e-09
1.395364921281119987e-09
1.413918434604787756e-09
1.432642250714998606e-09
1.451614016976469195e-09
1.470837016869288700e-09
1.490314577355052693e-09
1.510050069452630676e-09
1.530046908821618137e-09
1.550308556353486137e-09
1.570838518770557061e-09
1.591640349232946530e-09
1.612717647953476650e-09
1.634074062820797367e-09
1.655713290030727524e-09
1.677639074725955191e-09
1.699855211644244314e-09
1.722191178186985026e-09
1.744810698261691432e-09
1.767727306542923602e-09
1.790944905032220394e-09
1.814467446980621249e-09
1.838298937561764980e-09
1.862443434553825944e-09
1.886905049030482413e-09
1.911687946060846613e-09
1.936796345418703445e-09
1.962234522300987779e-09
1.988006808055693876e-09
2.014117590919422300e-09
2.040571316764537838e-09
2.067265928447521682e-09
2.094168639468250415e-09
2.121421453419773875e-09
2.149028926425147865e-09
2.176995673899304772e-09
2.205326371320652200e-09
2.234025755012718108e-09
2.263098622935959531e-09
2.292549835489922634e-09
2.322384316325748722e-09
2.352607053169345512e-09
2.383223098655227376e-09
2.414237571171211915e-09
2.445655655714103979e-09
2.477482604756561090e-09
2.509437380014689366e-09
2.541779123387293538e-09
2.574537688623131330e-09
2.607718447741360268e-09
2.641326841996007915e-09
2.675368382768189136e-09
2.709848652469993247e-09
2.744773305459847449e-09
2.780148068969840479e-09
2.815978744044891069e-09
2.852271206494013925e-09
2.889031407853964454e-09
2.926265376365129089e-09
2.963979217960177753e-09
3.002010465046793980e-09
3.040280606792788532e-09
3.079038622837140789e-09
3.118290732684656179e-09
3.158043235127449530e-09
3.198302509255750264e-09
3.239075015481480503e-09
3.280367296574995687e-09
3.322185978715044363e-09
3.364537772551992229e-09
3.407429474284721133e-09
3.450867966751257605e-09
3.494860220533180164e-09
3.539413295074245021e-09
3.584534339813187592e-09
3.629739982807453308e-09
3.675456493272789642e-09
3.721748802373572357e-09
3.768624162283380467e-09
3.816089916516742707e-09
3.864153501079669242e-09
3.912822445634534148e-09
3.962104374679627103e-09
4.012007008743705592e-09
4.062538165595450419e-09
4.113705761468150448e-09
4.165517812299960668e-09
4.217982434989635156e-09
4.271107848668071591e-09
4.324635053592874027e-09
4.378391766929511398e-09
4.432816694853743159e-09
4.487918143504570627e-09
4.543704522269233328e-09
4.600184345066554073e-09
4.657366231646320589e-09
4.715258908904816192e-09
4.773871212216615316e-09
4.833212086783117868e-09
4.893290588997661108e-09
4.954115887827711983e-09
5.015697266214121719e-09
5.078044122487976189e-09
5.141165971804855135e-09
5.204269481346851890e-09
5.268022669881344948e-09
5.332556845846040275e-09
5.397881576470124592e-09
5.464006546182973999e-09
5.530941558049876470e-09
5.598696535225363376e-09
5.667281522424231916e-09
5.736706687410818466e-09
5.806982322506282122e-09
5.878118846114472525e-09
5.950126804266460515e-09
6.023016872183998835e-09
6.096799855862123775e-09
6.171041098248060581e-09
6.245361653442145172e-09
6.320577283687005779e-09
6.396698768764123248e-09
6.473737018280696807e-09
6.551703073233030311e-09
6.630608107588989140e-09
6.710463429889518639e-09
6.791280484869172010e-09
6.873070855096574071e-09
6.955846262634222019e-09
7.039618570718551299e-09
7.124399785460245050e-09
7.210202057564759033e-09
7.297037684073823020e-09
7.383589496645380589e-09
7.470912052813734712e-09
7.559267335519669099e-09
7.648667558378373728e-09
7.739125079450342966e-09
7.830652402949470447e-09
7.923262180971643145e-09
8.016967215243773412e-09
8.111780458893225996e-09
8.207715018238465542e-09
8.304784154600881569e-09
8.403001286137708218e-09
8.502379989697120700e-09
8.602934002694773925e-09
8.703974819765940610e-09
8.804739111535731430e-09
8.906669932702276756e-09
9.009780787958652962e-09
9.114085338339249458e-09
9.219597403029697769e-09
9.326330961197766344e-09
9.434300153845432829e-09
9.543519285682423346e-09
9.654002827021412312e-09
9.765765415695183910e-09
9.878821858995980194e-09
9.993187135637305500e-09
1.010887639773842703e-08
1.022590497283187602e-08
1.034201809436489664e-08
1.045892355019797824e-08
1.057715049720218501e-08
1.069671387342217693e-08
1.081762878576117642e-08
1.093991051188980672e-08
1.106357450217642703e-08
1.118863638163928870e-08
1.131511195192076387e-08
1.144301719328389808e-08
1.157236826663152178e-08
1.170318151554819031e-08
1.183547346836520720e-08
1.196926084024898726e-08
1.210345903058668066e-08
1.223656623134906129e-08
1.237113727206413821e-08
1.250718825124041892e-08
1.264473544442904539e-08
1.278379530617067121e-08
1.292438447196397767e-08
1.306651976025570825e-08
1.321021817445273249e-08
1.335549690495598387e-08
1.350237333121701111e-08
1.365086502381701064e-08
1.380098974656887617e-08
1.395276545864207677e-08
1.410621031671120393e-08
1.425752306591503309e-08
1.440941374879643787e-08
1.456292257947529113e-08
1.471806679668042457e-08
1.487486382279121687e-08
1.503333126579420338e-08
1.519348692126024622e-08
1.535534877434305724e-08
1.551893500179882401e-08
1.568426397402756916e-08
1.585135425713589728e-08
1.602022461502206908e-08
1.619089401148311828e-08
1.636338161234440495e-08
1.653598012935739292e-08
1.670576767334706399e-08
1.687729855579439479e-08
1.705059067688743731e-08
1.722566212060925593e-08
1.740253115662498779e-08
1.758121624218827571e-08
1.776173602406760315e-08
1.794410934049206446e-08
1.812835522311714313e-08
1.831449289901098749e-08
1.850254179266070419e-08
1.869252152799949003e-08
1.888445193045434734e-08
1.907835302901520017e-08
1.926794345529547154e-08
1.945741180587024177e-08
1.964874326425169446e-08
1.984195615102304872e-08
2.003706896692027457e-08
2.023410039460343395e-08
2.043306930044569052e-08
2.063399473633965034e-08
2.083689594152189072e-08
2.104179234441506170e-08
2.124870356448808284e-08
2.145764941413501456e-08
2.166864990057205122e-08
2.188172522775312592e-08
2.209423999154309029e-08
2.230064443203197509e-08
2.250897710327556333e-08
2.271925601880997334e-08
2.293149936045386708e-08
2.314572547988034810e-08
2.336195290020404649e-08
2.358020031758251078e-08
2.380048660283284641e-08
2.402283080306336921e-08
2.424725214332052861e-08
2.447377002825124618e-08
2.470240404378051073e-08
2.493317395880540117e-08
2.516609972690374387e-08
2.539099547771683202e-08
2.561416376011274491e-08
2.583929352851306118e-08
2.606640202294537713e-08
2.629550663496451510e-08
2.652662490898435053e-08
2.675977454362137157e-08
2.699497339304981606e-08
2.723223946836920283e-08
2.747159093898340733e-08
2.771304613399206203e-08
2.795662354359418933e-08
2.820234182050419913e-08
2.845021978138004586e-08
2.869637824843444486e-08
2.893075799481215984e-08
2.916705205473273697e-08
2.940527606349065446e-08
2.964544578408261138e-08
2.988757710825095973e-08
3.013168605753477308e-08
3.037778878433038144e-08
3.062590157295998274e-08
3.087604084074897279e-08
3.112822313911268190e-08
3.138246515465107238e-08
3.163878371025338857e-08
3.189719576621076772e-08
3.215771842133894906e-08
3.240447295464244985e-08
3.264648563311945402e-08
3.289030578233130986e-08
3.313594690136599052e-08
3.338342259012958555e-08
3.363274655009881028e-08
3.388393258507980172e-08
3.413699460197258570e-08
3.439194661154059961e-08
3.464880272918661436e-08
3.490757717573445311e-08
3.516828427821579883e-08
3.543093847066401642e-08
3.569555429491277241e-08
3.595672128078010225e-08
3.619706066807399907e-08
3.643900651499560992e-08
3.668256955932951461e-08
3.692776061063284229e-08
3.717459055071518833e-08
3.742307033412181361e-08
3.767321098861933846e-08
3.792502361568541373e-08
3.817851939100163443e-08
3.843370956494906724e-08
3.869060546310778817e-08
3.894921848675974881e-08
3.920956011339432269e-08
3.947164189721788820e-08
3.971162395436550218e-08
3.994179765083873510e-08
4.017330546375620953e-08
4.040615512582914421e-08
4.064035441458820933e-08
4.087591115264398904e-08
4.111283320794759637e-08
4.135112849405414016e-08
4.159080497038637063e-08
4.183187064250122354e-08
4.207433356235652957e-08
4.231820182858056945e-08
4.256348358674231046e-08
4.281018702962324447e-08
4.305109492095422363e-08
4.325715129593730416e-08
4.346419392294833796e-08
4.367222752250646641e-08
4.388125683772474655e-08
4.409128663441830659e-08
4.430232170121291170e-08
4.451436684965449600e-08
4.472742691431832387e-08
4.494150675291958075e-08
4.515661124642404986e-08
4.537274529915936472e-08
4.558991383892686378e-08
4.580812181711392161e-08
4.602737420880683579e-08
4.621389074089044538e-08
4.638320694074090893e-08
4.655314347302969451e-08
4.672370261050073017e-08
4.689488663422433741e-08
4.706669783362849855e-08
4.723913850652870810e-08
4.741221095915945187e-08
4.758591750620432303e-08
4.776026047082771298e-08
4.793524218470512595e-08
4.811086498805513455e-08
4.828713122966989291e-08
4.846404326694734368e-08
4.863273199376488796e-08
4.874755471824373591e-08
4.886264854116835655e-08
4.897801410260697196e-08
4.909365204413873897e-08
4.920956300885787840e-08
4.932574764137698381e-08
4.944220658783027726e-08
4.955894049587781804e-08
4.967595001470881138e-08
4.979323579504489066e-08
4.991079848914437249e-08
5.002863875080555878e-08
5.014675723537007194e-08
5.026515459972712975e-08
5.033766204595140036e-08
5.038280246339831022e-08
5.042798336062128408e-08
5.047320477392065344e-08
5.051846673962932086e-08
5.056376929411273349e-08
5.060911247376898894e-08
5.065449631502880222e-08
5.069992085435555867e-08
5.074538612824534704e-08
5.079089217322698595e-08
5.083643902586204376e-08
5.088202672274488490e-08
5.092765530050268308e-08
5.096373230314900841e-08
5.092514474082919087e-08
5.088658639536414715e-08
5.084805724463203026e-08
5.080955726652803314e-08
5.077108643896379307e-08
5.073264473986764976e-08
5.069423214718498946e-08
5.065584863887757000e-08
5.061749419292384500e-08
5.057916878731924182e-08
5.054087240007554616e-08
5.050260500922118660e-08
5.046436659280155221e-08
5.042615712887833084e-08
5.033163722920312892e-08
5.019991574437244376e-08
5.006853898406347065e-08
4.993750604610744596e-08
4.980681603069675673e-08
4.967646804037853496e-08
4.954646118004892032e-08
4.941679455694629709e-08
4.928746728064546420e-08
4.915847846305185161e-08
4.902982721839477047e-08
4.890151266322176847e-08
4.877353391639234326e-08
4.864589009907231762e-08
4.850980110968029956e-08
4.828250714342269704e-08
4.805627816910321890e-08
4.783110919667355771e-08
4.760699525946669172e-08
4.738393141408706181e-08
4.716191274030122480e-08
4.694093434092990967e-08
4.672099134173971650e-08
4.650207889133529841e-08
4.628419216105294643e-08
4.606732634485377736e-08
4.585147665921745091e-08
4.563663834303732299e-08
4.542280665751464593e-08
4.515109575162408810e-08
4.483759498582591030e-08
4.452627097185445323e-08
4.421710859571629269e-08
4.391009284836004638e-08
4.360520882494772699e-08
4.330244172413115778e-08
4.300177684733339076e-08
4.270319959803514766e-08
4.240669548106609820e-08
4.211225010190149184e-08
4.181984916596283946e-08
4.152947847792428604e-08
4.124112394102337062e-08
4.094883525771012686e-08
4.056724917090153496e-08
4.018921893472279421e-08
3.981471141360080157e-08
3.944369378073983797e-08
3.907613351524392607e-08
3.871199839926678940e-08
3.835125651518755334e-08
3.799387624281287618e-08
3.763982625660580805e-08
3.728907552293964390e-08
3.694159329737794855e-08
3.659734912197933752e-08
3.625631282262825125e-08
3.591845450638981675e-08
3.553721916403630413e-08
3.512198765075879128e-08
3.471160787359562638e-08
3.430602314286252936e-08
3.390517743126110600e-08
3.350901536613889916e-08
3.311748222184037020e-08
3.273052391214713655e-08
3.234808698280630070e-08
3.197011860414665888e-08
3.159656656378067178e-08
3.122737925939166137e-08
3.086250569160585659e-08
3.050189545694721007e-08
3.014326061602852458e-08
2.972587494294340488e-08
2.931426869771494823e-08
2.890836185415046497e-08
2.850807549415832361e-08
2.811333179240485233e-08
2.772405400118280340e-08
2.734016643548991493e-08
2.696159445831408573e-08
2.658826446612181831e-08
2.622010387454806042e-08
2.585704110428422918e-08
2.549900556716107926e-08
2.514592765242509494e-08
2.479773871320409141e-08
2.443305670520776471e-08
2.405441363895941377e-08
2.368163846608796606e-08
2.331464025089240145e-08
2.295332946691695568e-08
2.259761797511205666e-08
2.224741900233349158e-08
2.190264712017435544e-08
2.156321822412584025e-08
2.122904951306055514e-08
2.090005946903344092e-08
2.057616783739649698e-08
2.025729560722106070e-08
1.994336499202371823e-08
1.963412098650145251e-08
1.930568062093869256e-08
1.898273441902121011e-08
1.866519047415856488e-08
1.835295841717742676e-08
1.804594939060377287e-08
1.774407602337472552e-08
1.744725240597435669e-08
1.715539406598427716e-08
1.686841794404437498e-08
1.658624237021469680e-08
1.630878704073337661e-08
1.603597299516310451e-08
1.576772259391993817e-08
1.550395949617801832e-08
1.523603138538422646e-08
1.496410271017069733e-08
1.469702734633025338e-08
1.443471867323983158e-08
1.417709161625834536e-08
1.392406261913458139e-08
1.367554961690726222e-08
1.343147200928895162e-08
1.319175063452483448e-08
1.295630774371832426e-08
1.272506697561466390e-08
1.249795333183458071e-08
1.227489315255022157e-08
1.205581409259484343e-08
1.184064509799925786e-08
1.161190216631149653e-08
1.138724111233613201e-08
1.116692668378444407e-08
1.095087478440459122e-08
1.073900294499537319e-08
1.053123029192678250e-08
1.032747751626994991e-08
1.012766684352389573e-08
9.931722003928320354e-09
9.739568203350648460e-09
9.551132094736348387e-09
9.366341750111614665e-09
9.185126633127733041e-09
9.007417572136639404e-09
8.826401187277338083e-09
8.641494032144731334e-09
8.460460557269092546e-09
8.283219611660259831e-09
8.109691744386510498e-09
7.939799168959722407e-09
7.773465728466129463e-09
7.610616861428069839e-09
7.451179568380550611e-09
7.295082379148157260e-09
7.142255320807504821e-09
6.992629886320726900e-09
6.846139003826220899e-09
6.702717006572732134e-09
6.562299603483147389e-09
6.420725095853532295e-09
6.282011578124570940e-09
6.146294830964897177e-09
6.013510112062501366e-09
5.883594077799997278e-09
5.756484753037312314e-09
5.632121501546821385e-09
5.510444997087689579e-09
5.391397195104739501e-09
5.274921305038989718e-09
5.160961763236181103e-09
5.049464206440691447e-09
4.940375445862181654e-09
4.833643441802407829e-09
4.729940505470983386e-09
4.629360857249040817e-09
4.530919981306491057e-09
4.434572397797873012e-09
4.340273593982176522e-09
4.247980003657956085e-09
4.157648987035746843e-09
4.069238811038218969e-09
3.982708630019668793e-09
3.898018466895078470e-09
3.815129194670702365e-09
3.734002518367381410e-09
3.654600957328103545e-09
3.576887827901943739e-09
3.500827226496126683e-09
3.426410011191488121e-09
3.353576678548998658e-09
3.282291524415962423e-09
3.212521640004424437e-09
3.144234816050676183e-09
3.077399527945783304e-09
3.011984921182265025e-09
2.947960797110124660e-09
2.885297598995594715e-09
2.823966398376347245e-09
2.763938881706619855e-09
2.705187337286280540e-09
2.647684642467725948e-09
2.591404251134708244e-09
2.536923426918281284e-09
2.484423997126941607e-09
2.433010997497090811e-09
2.382661945298926116e-09
2.333354823063198265e-09
2.285068068953124078e-09
2.237780567335392294e-09
2.191471639546436136e-09
2.146121034849691964e-09
2.101708921580000088e-09
2.058215878471342313e-09
2.015622886163920922e-09
1.973911318887117767e-09
1.933062936314480039e-09
1.893059875587274699e-09
1.855105453762517472e-09
1.818043891649692845e-09
1.781722750726116692e-09
1.746127238751358826e-09
1.711242859006463128e-09
1.677055404390041256e-09
1.643550951632179828e-09
1.610715855624050737e-09
1.578536743860762075e-09
1.547000510995237378e-09
1.516094313500898067e-09
1.485805564440971752e-09
1.456121928342326586e-09
1.427031316171665509e-09
1.398884588151005872e-09
1.371855432938856257e-09
1.345348533270638412e-09
1.319353798159377936e-09
1.293861331595481937e-09
1.268861428779397876e-09
1.244344572427066571e-09
1.220301429146760071e-09
1.196722845885926087e-09
1.173599846446686978e-09
1.150923628068664203e-09
1.128685558077832257e-09
1.106877170600119550e-09
1.085490163338512565e-09
1.064516394412433686e-09
1.044323925809004744e-09
1.024567632473728598e-09
1.005185084407232700e-09
9.861692111776561219e-10
9.675130761100325929e-10
9.492098737558951652e-10
9.312529274107900468e-10
9.136356866786928156e-10
8.963517250825609416e-10
8.793947377200492341e-10
8.627585389635758174e-10
8.464370602039293432e-10
8.304243476365299785e-10
8.147145600895705473e-10
7.993151645221618061e-10
7.842297841752060760e-10
7.694291084232717070e-10
7.549077640702930417e-10
7.406604793278839807e-10
7.266820819015052955e-10
7.129674971127189365e-10
6.995117460568858922e-10
6.863099437956440987e-10
6.733572975834998979e-10
6.606491051278771934e-10
6.481807528820045399e-10
6.359477143700319806e-10
6.239455485437596254e-10
6.121698981703534497e-10
6.004232142525447422e-10
5.888678174830483824e-10
5.775348091744425155e-10
5.664199093674557161e-10
5.555189204724269475e-10
5.448277256840768859e-10
5.343422874267650916e-10
5.240586458296908059e-10
5.139729172314271254e-10
5.040812927132475744e-10
4.943800366606590202e-10
4.848654853526391406e-10
4.755340455780145159e-10
4.663821932784670078e-10
4.572847354287090447e-10
4.481269720143008328e-10
4.391526055608160491e-10
4.303579632888046770e-10
4.217394459713381780e-10
4.132935264610159909e-10
4.050167482464794767e-10
3.969057240378168004e-10
3.889571343803136382e-10
3.811677262959558460e-10
3.735343119521472488e-10
3.660537673570723139e-10
3.587230310812022284e-10
3.515391030043964271e-10
3.444990430880949383e-10
3.372847403400410964e-10
3.301541835132659154e-10
3.231743742139601773e-10
3.163421254796493849e-10
3.096543177236217252e-10
3.031078973105353586e-10
2.966998751621318261e-10
2.904273253924382892e-10
2.842873839718105088e-10
2.782772474192271946e-10
2.723941715222231991e-10
2.666354700838962817e-10
2.609985136963920790e-10
2.554807285403256849e-10
2.499708288965918745e-10
2.443402737828860235e-10
2.388365460715142447e-10
2.334567889944239386e-10
2.281982101318242959e-10
2.230580799627644710e-10
2.180337304483365095e-10
2.131225536468062320e-10
2.083220003599325494e-10
2.036295788097792666e-10
1.990428533453304614e-10
1.945594431782434566e-10
1.901770211470703755e-10
1.858933125093238893e-10
1.817060937607470995e-10
1.773880096758451296e-10
1.731156182279591211e-10
1.689461273578366680e-10
1.648770587043453497e-10
1.609059935976998473e-10
1.570305716217915109e-10
1.532484892111500919e-10
1.495574982816976389e-10
1.459554048944744071e-10
1.424400679515586895e-10
1.390093979233831145e-10
1.356613556067185101e-10
1.323939509125567801e-10
1.292052416831997181e-10
1.260333499822828107e-10
1.227896468204142873e-10
1.196294264050071664e-10
1.165505401519876932e-10
1.135508947750958643e-10
1.106284508626968210e-10
1.077812214912138676e-10
1.050072708742517344e-10
1.023047130464872773e-10
9.967171058142827210e-11
9.710647334217950757e-11
9.460725726435400876e-11
9.217236317031238187e-11
8.980013561391983753e-11
8.748896175503178797e-11
8.512482514007369141e-11
8.279146836976388644e-11
8.052207124704913206e-11
7.831488057388767103e-11
7.616819120915311202e-11
7.408034475134656409e-11
7.204972825741539873e-11
7.007477299669348042e-11
6.815395323899410777e-11
6.628578507592411787e-11
6.446882527450686400e-11
6.270167016222723864e-11
6.098295454264130451e-11
5.931135064070764937e-11
5.766112345023892449e-11
5.598716246242630188e-11
5.436179826255389666e-11
5.278362003650181962e-11
5.125125792751723246e-11
4.976338184717973760e-11
4.831870032088775506e-11
4.691595936685850955e-11
4.555394140767498972e-11
4.423146421342870596e-11
4.294737987554692617e-11
4.170057381040882448e-11
4.048996379188783876e-11
3.931449901198186988e-11
3.817315916871192930e-11
3.702235377360537775e-11
3.589180595036833650e-11
3.479578155015410265e-11
3.373322633473167968e-11
3.270311825903478603e-11
3.170446648808298431e-11
3.073631044392180878e-11
2.979771888166701004e-11
2.888778899376466071e-11
2.800564554160211081e-11
2.715044001363853453e-11
2.632134980924352343e-11
2.551757744745716455e-11
2.473834979991422261e-11
2.397533399931731313e-11
2.321092832785344209e-11
2.247089420552347611e-11
2.175445459412729098e-11
2.106085722977659565e-11
2.038937383301596798e-11
1.973929934412675162e-11
1.910995118281216274e-11
1.850066853148586636e-11
1.791081164141110687e-11
1.733976116096292624e-11
1.678691748530666991e-11
1.625170012681106710e-11
1.573354710553441919e-11
1.523191435914361285e-11
1.474627517164729166e-11
1.427611962034214571e-11
1.382095404039248006e-11
1.338030050648062621e-11
1.295369633098359506e-11
1.254069357814993123e-11
1.214085859376550825e-11
1.175377154981527619e-11
1.137902600366254284e-11
1.101622847128271589e-11
1.066499801410409825e-11
1.032496583902098057e-11
9.995774911159740757e-12
9.677079578991131064e-12
9.368545211394888886e-12
9.069847846296248867e-12
8.780673850504546838e-12
8.500719590397416903e-12
8.229691113104543901e-12
7.967303837856072963e-12
7.713282257172088598e-12
7.467359647578750663e-12
7.229277789547818089e-12
6.998786696365349024e-12
6.775644351644733217e-12
6.559616455208885810e-12
6.350476177074192172e-12
6.148003919278328594e-12
5.951987085301721378e-12
5.762219856840424977e-12
5.578502977696385250e-12
5.400643544557701199e-12
5.228454804449546632e-12
5.061755958642974058e-12
4.900371972815586022e-12
4.744133393265056926e-12
4.592876168982125261e-12
4.446441479396521327e-12
4.304675567614885508e-12
4.167429578975458601e-12
4.034559404750321940e-12
3.905925530830697930e-12
3.781392891236707998e-12
3.660830726297673389e-12
3.544112445353982703e-12
3.431115493836585018e-12
3.321721224584238756e-12
3.215814773263627267e-12
3.113284937761451941e-12
3.014024061421808076e-12
2.917927920006426441e-12
2.824895612258838987e-12
2.734829453957747075e-12
2.647634875348289168e-12
2.563220321843449544e-12
2.481497157891515745e-12
2.402379573908420339e-12
2.325784496177413792e-12
2.251631499621395866e-12
2.179842723356335665e-12
2.110342788937057956e-12
2.043058721209688445e-12
1.977919871687472081e-12
1.914857844369644257e-12
1.853806423925418583e-12
1.794701506167647544e-12
1.737481030743264808e-12
1.682084915969687078e-12
1.628454995748860592e-12
1.576534958492679079e-12
1.526270287995610113e-12
1.477608206192542831e-12
1.430497617741624881e-12
1.384889056373996342e-12
1.340734632954053788e-12
1.297987985195683078e-12
1.256604228981742661e-12
1.216539911235575809e-12
1.177752964295144900e-12
1.140202661741857516e-12
1.103849575637676628e-12
1.068655535125688175e-12
1.034583586350559707e-12
1.001597953656878975e-12
9.696640020246043359e-13
9.387482007021672723e-13
9.088180879991002692e-13
8.798422372011408102e-13
8.517902235720850991e-13
8.246325924077209075e-13
7.983408281082802711e-13
7.728873242369887133e-13
7.482453545332043219e-13
7.243890448497620289e-13
7.012933459850391325e-13
6.789340073812014019e-13
6.572875516610574487e-13
6.363312499767255391e-13
6.160430981442732472e-13
5.964017935392568454e-13
5.773867127288867391e-13
5.589778898173724359e-13
5.411559954816574749e-13
5.239023166755714231e-13
5.071987369810728854e-13
4.910277175859444029e-13
4.753722788679960277e-13
4.602159825663992126e-13
4.455429145214622572e-13
4.313376679647134046e-13
4.175853273417374777e-13
4.042714526508067825e-13
3.913820642808256232e-13
3.789036283326957978e-13
3.668230424086806290e-13
3.551276218548392526e-13
3.438050864421085644e-13
3.328435474720171539e-13
3.222314952935140603e-13
3.119577872178046892e-13
3.020116358184802793e-13
2.923825976046923456e-13
2.830605620554606777e-13
2.740357410035774296e-13
2.652986583580185187e-13
2.568401401540021016e-13
2.486513049203027755e-13
2.407235543536845494e-13
2.330485642906406242e-13
2.256182759670106289e-13
2.184248875562392560e-13
2.114608459774390338e-13
2.047188389646364116e-13
1.981917873888568025e-13
1.918728378250301219e-13
1.857553553558608267e-13
1.798329166051486372e-13
1.740993029932272223e-13
1.685484942074253127e-13
1.631746618807305488e-13
1.579721634719756845e-13
1.529355363411565916e-13
1.480594920136463776e-13
