7.768860170950216619e-10
7.873679688288361183e-10
7.979913458293337084e-10
8.087580562436384720e-10
8.196700339641005992e-10
8.307292389756574869e-10
8.419376577078822214e-10
8.532973033917810077e-10
8.648102164214059278e-10
8.764784647203453759e-10
8.883041441131563814e-10
9.002893787018266025e-10
9.124363212472787107e-10
9.247471535560592326e-10
9.372240868722260145e-10
9.498281755540756156e-10
9.625577450801633326e-10
9.754579159260410801e-10
9.885309744856164934e-10
1.001779237794993693e-09
1.015205053943123375e-09
1.028810802487975787e-09
1.042598894878287236e-09
1.056571774880965142e-09
1.070731919014195671e-09
1.085081836986403047e-09
1.099624072141046492e-09
1.114361201907399948e-09
1.129295838257369190e-09
1.144430628168431522e-09
1.159662570388388778e-09
1.175094313848769948e-09
1.190731409031546614e-09
1.206576588572211292e-09
1.222632621469700012e-09
1.238902313570303517e-09
1.255388508057969475e-09
1.272094085951172296e-09
1.289021966606397495e-09
1.306175108228277629e-09
1.323556508386564458e-09
1.341169204539979536e-09
1.359016274566989746e-09
1.377100837303691831e-09
1.395357909854206133e-09
1.413775992977905808e-09
1.432437186334159031e-09
1.451344698866299261e-09
1.470501781874243728e-09
1.489911729573574053e-09
1.509577879661997395e-09
1.529503613893315075e-09
1.549692358658906155e-09
1.570147585576947203e-09
1.590872812089372422e-09
1.611871602066753186e-09
1.633147566421094121e-09
1.654704363726786219e-09
1.676545700849713467e-09
1.698503157733537004e-09
1.720738374000741309e-09
1.743264672942820922e-09
1.766085865142182973e-09
1.789205811065790803e-09
1.812628421718262549e-09
1.836357659303405123e-09
1.860397537894517535e-09
1.884752124113395958e-09
1.909425537818226428e-09
1.934421952800559992e-09
1.959745597491294196e-09
1.985400755676026117e-09
2.011391767219637765e-09
2.037614668452979808e-09
2.064035949279996962e-09
2.090799828779536081e-09
2.117910749349814957e-09
2.145373210992573345e-09
2.173191772060074130e-09
2.201371050011658845e-09
2.229915722180202059e-09
2.258830526548496900e-09
2.288120262535668892e-09
2.317789791793781082e-09
2.347844039014857500e-09
2.378287992748243070e-09
2.409126706228654002e-09
2.440365298214969955e-09
2.471713651863577808e-09
2.503438726641694813e-09
2.535571000841523998e-09
2.568115700971430461e-09
2.601078120623377969e-09
2.634463621333890379e-09
2.668277633456221370e-09
2.702525657043562063e-09
2.737213262743686899e-09
2.772346092705088226e-09
2.807929861494638478e-09
2.843970357027133562e-09
2.880473441506765012e-09
2.917445052380562281e-09
2.954722131266740755e-09
2.992225814437076488e-09
3.030205524180784147e-09
3.068667302605679190e-09
3.107617268510862421e-09
3.147061618360087415e-09
3.187006627267554244e-09
3.227458649996202334e-09
3.268424121968676127e-09
3.309909560291123221e-09
3.351921564789985030e-09
3.394466819061947887e-09
3.437552091537224994e-09
3.481184236556326378e-09
3.525370195460504617e-09
3.569617984568633524e-09
3.614360893526481832e-09
3.659664626614732224e-09
3.705536213409941934e-09
3.751982771600018186e-09
3.799011508088581647e-09
3.846629720113240587e-09
3.894844796377889053e-09
3.943664218199113436e-09
3.993095560667131364e-09
4.043146493821119398e-09
4.093824783839355533e-09
4.145138294244279906e-09
4.197094987122572962e-09
4.249429256746075669e-09
4.301964330005779465e-09
4.355148886703293607e-09
4.408990956307500723e-09
4.463498667554452733e-09
4.518680249674504873e-09
4.574544033634914680e-09
4.631098453397340982e-09
4.688352047191353807e-09
4.746313458803388561e-09
4.804991438881750012e-09
4.864394846257732221e-09
4.924532649283063713e-09
4.985413927183897917e-09
5.047047871431532502e-09
5.108608704338899596e-09
5.170790571536262523e-09
5.233729314985466673e-09
5.297434147366729722e-09
5.361914393496889143e-09
5.427179491694148479e-09
5.493238995159770055e-09
5.560102573376360112e-09
5.627780013523177318e-09
5.696281221908891478e-09
5.765616225421440071e-09
5.835795172995901603e-09
5.906828337099865491e-09
5.978726115237254687e-09
6.051071018304602206e-09
6.123499194166019995e-09
6.196794297657753503e-09
6.270966705453016641e-09
6.346026918428489377e-09
6.421985563150886195e-09
6.498853393381327148e-09
6.576641291597944101e-09
6.655360270536449193e-09
6.735021474749309088e-09
6.815636182183406704e-09
6.897215805776872850e-09
6.979771895074751944e-09
7.063316137864166860e-09
7.147860361828895214e-09
7.231999041682534698e-09
7.316855380521454655e-09
7.402707377434916107e-09
7.489566714932676768e-09
7.577445212600583148e-09
7.666354828709187043e-09
7.756307661840752715e-09
7.847315952535844279e-09
7.939392084958771151e-09
8.032548588582882512e-09
8.126798139895639673e-09
8.222153564123380295e-09
8.318627836976790251e-09
8.416234086416350240e-09
8.514287089140984550e-09
8.612027475521608212e-09
8.710889879873918833e-09
8.810887182485878964e-09
8.912032411505805448e-09
9.014338744639494226e-09
9.117819510867189212e-09
9.222488192180256259e-09
9.328358425337426564e-09
9.435444003641755987e-09
9.543758878737388730e-09
9.653317162427556392e-09
9.764133128512809861e-09
9.876221214651014336e-09
9.989596024238063560e-09
1.010194370123777519e-08
1.021501532397455692e-08
1.032935256372985162e-08
1.044496958662596730e-08
1.056188071734741730e-08
1.068010044091571236e-08
1.079964340448402160e-08
1.092052441915191910e-08
1.104275846180045103e-08
1.116636067694773169e-08
1.129134637862531836e-08
1.141773105227558167e-08
1.154553035667031627e-08
1.167476012585082842e-08
1.180431705964974047e-08
1.193267445952566437e-08
1.206242758793206160e-08
1.219359162169654584e-08
1.232618190267602597e-08
1.246021393955119507e-08
1.259570340964053743e-08
1.273266616073405568e-08
1.287111821294695935e-08
1.301107576059339108e-08
1.315255517408078110e-08
1.329557300182453539e-08
1.344014597218368299e-08
1.358629099541754528e-08
1.373402516566366546e-08
1.387950506216851777e-08
1.402546973271048413e-08
1.417296944970773884e-08
1.432202035657089267e-08
1.447263876648381680e-08
1.462484116418895835e-08
1.477864420779160488e-08
1.493406473058294416e-08
1.509111974288259413e-08
1.524982643390022574e-08
1.541020217361691748e-08
1.557226451468613718e-08
1.573603119435499800e-08
1.590152013640548263e-08
1.606699490910637270e-08
1.622948603387515905e-08
1.639362048807664564e-08
1.655941489127465520e-08
1.672688603111249115e-08
1.689605086501275410e-08
1.706692652189437029e-08
1.723953030390699739e-08
1.741387968818297982e-08
1.758999232860698257e-08
1.776788605760357812e-08
1.794757888794286591e-08
1.812908901456437252e-08
1.831243481641939132e-08
1.849763485833193042e-08
1.867832858597805356e-08
1.885875691468969595e-08
1.904092813927400954e-08
1.922485909570159715e-08
1.941056678257451242e-08
1.959806836269737028e-08
1.978738116466362792e-08
1.997852268445678146e-08
2.017151058706762643e-08
2.036636270812653336e-08
2.056309705555208150e-08
2.076173181121505844e-08
2.096228533261890394e-08
2.116477615459642946e-08
2.136655724123644559e-08
2.156205873029814548e-08
2.175934903502133679e-08
2.195844452285921388e-08
2.215936171102524017e-08
2.236211726786344226e-08
2.256672801423123761e-08
2.277321092489496096e-08
2.298158312993792097e-08
2.319186191618182410e-08
2.340406472862071201e-08
2.361820917186827291e-08
2.383431301161834469e-08
2.405239417611877542e-08
2.427247075765878016e-08
2.448429904208590940e-08
2.469421906534297992e-08
2.490593887123176029e-08
2.511947389047419666e-08
2.533483968609003990e-08
2.555205195453099294e-08
2.577112652682495300e-08
2.599207936972941903e-08
2.621492658689564583e-08
2.643968442004193029e-08
2.666636925013757480e-08
2.689499759859666114e-08
2.712558612848241219e-08
2.735815164572129122e-08
2.758881481543202736e-08
2.780752412183221674e-08
2.802796723814865073e-08
2.825015790909526498e-08
2.847410998834652673e-08
2.869983743940139854e-08
2.892735433645413448e-08
2.915667486527140917e-08
2.938781332407727206e-08
2.962078412444417642e-08
2.985560179219201878e-08
3.009228096829342197e-08
3.033083640978676050e-08
3.057128299069647843e-08
3.081363570296005442e-08
3.104208438128780613e-08
3.126562277955677616e-08
3.149077090914684606e-08
3.171754036195875666e-08
3.194594281336816046e-08
3.217599002282672383e-08
3.240769383446756371e-08
3.264106617771507818e-08
3.287611906789909834e-08
3.311286460687353998e-08
3.335131498363946911e-08
3.359148247497264747e-08
3.383337944605562429e-08
3.407701835111442047e-08
3.431700891565468429e-08
3.453605122265500340e-08
3.475649165652519017e-08
3.497833914138020431e-08
3.520160265829680656e-08
3.542629124567736596e-08
3.565241399961524207e-08
3.587998007426361489e-08
3.610899868220549266e-08
3.633947909482724014e-08
3.657143064269341721e-08
3.680486271592470109e-08
3.703978476457828357e-08
3.727620629902988951e-08
3.751413689035940178e-08
3.773007783696070883e-08
3.793616025023333970e-08
3.814336828962430575e-08
3.835170810332511337e-08
3.856118587310904157e-08
3.877180781451410110e-08
3.898358017702768104e-08
3.919650924427224750e-08
3.941060133419126739e-08
3.962586279923697175e-08
3.984230002655901918e-08
4.005991943819356941e-08
4.027872749125407749e-08
4.049873067812311368e-08
4.071279926163684473e-08
4.089225216644354322e-08
4.107249605948065672e-08
4.125353442724724054e-08
4.143537077161003562e-08
4.161800860987123786e-08
4.180145147483652542e-08
4.198570291488347646e-08
4.217076649402985461e-08
4.235664579200309209e-08
4.254334440430916410e-08
4.273086594230221758e-08
4.291921403325447126e-08
4.310839232042631427e-08
4.329840446313684148e-08
4.345578315420843193e-08
4.359595269270016937e-08
4.373657435742438503e-08
4.387764960674470998e-08
4.401917990372852793e-08
4.416116671616246666e-08
4.430361151656785636e-08
4.444651578221538727e-08
4.458988099514115038e-08
4.473370864216126860e-08
4.487800021488807641e-08
4.502275720974489659e-08
4.516798112798189567e-08
4.531367347569187971e-08
4.545126849288950487e-08
4.553671976390387565e-08
4.562233168873418190e-08
4.570810456941960093e-08
4.579403870856746404e-08
4.588013440935391823e-08
4.596639197552509749e-08
4.605281171139821470e-08
4.613939392186260056e-08
4.622613891238089472e-08
4.631304698898976046e-08
4.640011845830148614e-08
4.648735362750472633e-08
4.657475280436568633e-08
4.666231629722916774e-08
4.670544405094953760e-08
4.672208821247732280e-08
4.673873830539316478e-08
4.675539433181079456e-08
4.677205629384470416e-08
4.678872419361014000e-08
4.680539803322309624e-08
4.682207781480042073e-08
4.683876354045942452e-08
4.685545521231845759e-08
4.687215283249655154e-08
4.688885640311345926e-08
4.690556592628970788e-08
4.692228140414658553e-08
4.692981163675662105e-08
4.686581910920187261e-08
4.680191384054386080e-08
4.673809571179794846e-08
4.667436460414213538e-08
4.661072039891605904e-08
4.654716297762153728e-08
4.648369222192160213e-08
4.642030801364100273e-08
4.635701023476528551e-08
4.629379876744125743e-08
4.623067349397607936e-08
4.616763429683776903e-08
4.610468105865422164e-08
4.604181366221375248e-08
4.592563704459622895e-08
4.577435261877093174e-08
4.562356654155808459e-08
4.547327717133901429e-08
4.532348287190271774e-08
4.517418201242808083e-08
4.502537296746607756e-08
4.487705411692212793e-08
4.472922384603833005e-08
4.458188054537625485e-08
4.443502261079888701e-08
4.428864844345350569e-08
4.414275644975420782e-08
4.399734504136454391e-08
4.384422108582404474e-08
4.360623641838430361e-08
4.336954352214116560e-08
4.313413538541257838e-08
4.290000503457559236e-08
4.266714553385982366e-08
4.243554998514195596e-08
4.220521152774142685e-08
4.197612333821714660e-08
4.174827863016541461e-08
4.152167065401883507e-08
4.129629269684641064e-08
4.107213808215464845e-08
4.084920016968980444e-08
4.062747235524115330e-08
4.035318898026021625e-08
4.004115047420172993e-08
3.973152486367195841e-08
3.942429349050959348e-08
3.911943784083067896e-08
3.881693954391355131e-08
3.851678037109153599e-08
3.821894223465427292e-08
3.792340718675820715e-08
3.763015741834472261e-08
3.733917525806713665e-08
3.705044317122547673e-08
3.676394375871033621e-08
3.647965975595412842e-08
3.619227714762789309e-08
3.582569699788244941e-08
3.546282982274874400e-08
3.510363801467892708e-08
3.474808434704043127e-08
3.439613197025726009e-08
3.404774440799117299e-08
3.370288555336142363e-08
3.336151966520219774e-08
3.302361136435894831e-08
3.268912563002114003e-08
3.235802779609322917e-08
3.203028354760141760e-08
3.170585891713745101e-08
3.138472028133841624e-08
3.102709465171865142e-08
3.064107484401002561e-08
3.025985765458119698e-08
2.988338333224349538e-08
2.951159286919552012e-08
2.914442799177406623e-08
2.878183115132064433e-08
2.842374551516136389e-08
2.807011495769904837e-08
2.772088405161645730e-08
2.737599805918837515e-08
2.703540292370235879e-08
2.669904526098595289e-08
2.636687235103936101e-08
2.603700144627348660e-08
2.565978915288149452e-08
2.528804174048120630e-08
2.492168003635015456e-08
2.456062601478424931e-08
2.420480278048067897e-08
2.385413455216083276e-08
2.350854664643097128e-08
2.316796546187671132e-08
2.283231846338745036e-08
2.250153416670864288e-08
2.217554212321712094e-08
2.185427290491749046e-08
2.153765808965587076e-08
2.122563024654744378e-08
2.090181087969184421e-08
2.056814972627348867e-08
2.023981489438494263e-08
1.991672135854227296e-08
1.959878545054590374e-08
1.928592483781394360e-08
1.897805850206133745e-08
1.867510671831942285e-08
1.837699103429032908e-08
1.808363425003118310e-08
1.779496039796201770e-08
1.751089472319380849e-08
1.723136366416936056e-08
1.695629483361439773e-08
1.668547982600962988e-08
1.640055286922097718e-08
1.612049142253756735e-08
1.584521240084582740e-08
1.557463413782184387e-08
1.530867636170390773e-08
1.504726017147820622e-08
1.479030801347174900e-08
1.453774365834444190e-08
1.428949217847457952e-08
1.404547992573004867e-08
1.380563450961941632e-08
1.356988477581610565e-08
1.333816078504903471e-08
1.311039379235409934e-08
1.287883522436193261e-08
1.264364088360109003e-08
1.241274168110098642e-08
1.218605917869589689e-08
1.196351637066428127e-08
1.174503765756937581e-08
1.153054882057750666e-08
1.131997699624542793e-08
1.111325065176797082e-08
1.091029956067794891e-08
1.071105477898971834e-08
1.051544862177820233e-08
1.032341464018603790e-08
1.013488759885030332e-08
9.949803453741605063e-09
9.752361609954782538e-09
9.558533312013868536e-09
9.368557353699523664e-09
9.182357169717847999e-09
8.999857716511025131e-09
8.820985442012804756e-09
8.645668256005090793e-09
8.473835501063692213e-09
8.305417924081526987e-09
8.140347648357837614e-09
7.978558146241966722e-09
7.819984212321167704e-09
7.664561937140987326e-09
7.512228681448097259e-09
7.358055625646935036e-09
7.201616007007163354e-09
7.048502451056435544e-09
6.898644242376772319e-09
6.751972169030766575e-09
6.608418490595988501e-09
6.467916906879032889e-09
6.330402527294966242e-09
6.195811840897564023e-09
6.064082687046735878e-09
5.935154226699842744e-09
5.808966914313016636e-09
5.685462470340254925e-09
5.564583854316963197e-09
5.446275238515783031e-09
5.329484879154285898e-09
5.215151933622562057e-09
5.103271762182567207e-09
4.993791745698911986e-09
4.886660393869563766e-09
4.781827321009249965e-09
4.679243222352080149e-09
4.578859850862740279e-09
4.480629994545151727e-09
4.384507454237743269e-09
4.290447021885366060e-09
4.198404459276970850e-09
4.108336477239871524e-09
4.020200715279911937e-09
3.934533769971419360e-09
3.851410474416064861e-09
3.770043290935944022e-09
3.690395118865156352e-09
3.612429641348410850e-09
3.536111308781916109e-09
3.461405322603863425e-09
3.388277619427529344e-09
3.316694855509500933e-09
3.246624391546118869e-09
3.178034277790969997e-09
3.110893239486999703e-09
3.045170662606191943e-09
2.980836579890657355e-09
2.917861657188619112e-09
2.856412771007772129e-09
2.796272969757232931e-09
2.737399370552559507e-09
2.679765314382775256e-09
2.623344703523999110e-09
2.568111989721950795e-09
2.514042162623227373e-09
2.461110738450150131e-09
2.409293748914096334e-09
2.358567730362253900e-09
2.308909713152839636e-09
2.260297211254011931e-09
2.212708212061861405e-09
2.166121166432637613e-09
2.121228098095811555e-09
2.078254137890867872e-09
2.036150787149071404e-09
1.994900408193240439e-09
1.954485720667896542e-09
1.914889794300284000e-09
1.876096041808044252e-09
1.838088211950566223e-09
1.800850382721153394e-09
1.764366954676999164e-09
1.728622644404433131e-09
1.693602478116476770e-09
1.659291785380082415e-09
1.625676192970520454e-09
1.592741618850194962e-09
1.561407758800671076e-09
1.530791221282005149e-09
1.500775021736785230e-09
1.471347388563388949e-09
1.442496780981200670e-09
1.414211884504587925e-09
1.386481606505626467e-09
1.359295071863884017e-09
1.332641618701453246e-09
1.306510794201613332e-09
1.280892350509530678e-09
1.255776240713285267e-09
1.231152614903727757e-09
1.207011816311597712e-09
1.183631168970545621e-09
1.161148264510515141e-09
1.139092419599273871e-09
1.117455522301887602e-09
1.096229614768464174e-09
1.075406890307315705e-09
1.054979690513758441e-09
1.034940502453403738e-09
1.015281955898978810e-09
9.959968206196099499e-10
9.770780037216391049e-10
9.585185470398910278e-10
9.403116245785530636e-10
9.224505400006204689e-10
9.049287241650545434e-10
8.879676545381275568e-10
8.713567062897819719e-10
8.550564941367234400e-10
8.390612052307309551e-10
8.233651354628195068e-10
8.079626874290835294e-10
7.928483684345963469e-10
7.780167885346477230e-10
7.634626586126378166e-10
7.491807884938974533e-10
7.351660850948223903e-10
7.214135506066172326e-10
7.079182807130141385e-10
6.946754628413478930e-10
6.816524800004418210e-10
6.688251427540873205e-10
6.562391903565487694e-10
6.438900804274330510e-10
6.317733560648643807e-10
6.198846442369521952e-10
6.082196542035257880e-10
5.967741759675685533e-10
5.855440787557928739e-10
5.745253095278085736e-10
5.637138915133443734e-10
5.531059227769974017e-10
5.426975748099900474e-10
5.324850911484278200e-10
5.224647860175585966e-10
5.123956546480867505e-10
5.024786842939083312e-10
4.927536482391575772e-10
4.832168317631141291e-10
4.738645920402247790e-10
4.646933567486487818e-10
4.556996227057147639e-10
4.468799545297863039e-10
4.382309833280454592e-10
4.297494054096450438e-10
4.214319810237939912e-10
4.132755331222481114e-10
4.052769461457519670e-10
3.974331648339848277e-10
3.896176991182762721e-10
3.817147841690304695e-10
3.739721701117537562e-10
3.663866054403683003e-10
3.589549046015952495e-10
3.516739466571773437e-10
3.445406739732442176e-10
3.375520909362624626e-10
3.307052626950239883e-10
3.239973139281652635e-10
3.174254276366724255e-10
3.109868439608854634e-10
3.046788590214970496e-10
2.984988237840598963e-10
2.924441429465275241e-10
2.862137734629599218e-10
2.800524080343237293e-10
2.740236792132339902e-10
2.681247317121944146e-10
2.623527717099003160e-10
2.567050655280391960e-10
2.511789383365924054e-10
2.457717728869921655e-10
2.404810082725613819e-10
2.353041387156315349e-10
2.302387123807765208e-10
2.252823302135833177e-10
2.204326448044350678e-10
2.156873592767396209e-10
2.109455921963730078e-10
2.060909978215937407e-10
2.013481246081738284e-10
1.967144014622314337e-10
1.921873164597277904e-10
1.877644154847663567e-10
1.834433008992218987e-10
1.792216302429935073e-10
1.750971149641619768e-10
1.710675191783744999e-10
1.671306584567835848e-10
1.632843986418728423e-10
1.595266546905415792e-10
1.558553895438072103e-10
1.522686130225233804e-10
1.485669848892063124e-10
1.449054736547016524e-10
1.413342022842577228e-10
1.378509467691142761e-10
1.344535379123711212e-10
1.311398599781236018e-10
1.279078493738872071e-10
1.247554933654975797e-10
1.216808288236771407e-10
1.186819410015010485e-10
1.157569623419828965e-10
1.129040713150606845e-10
1.101214912832334964e-10
1.074074893951648826e-10
1.047091596330134365e-10
1.019508935195864442e-10
9.926528611127275233e-11
9.665042342036758017e-11
9.410444187774885316e-11
9.162552700474171667e-11
8.921191211997068300e-11
8.686187708027622624e-11
8.457374705479483148e-11
8.234589133133744848e-11
8.017672215420694781e-11
7.806469359263041033e-11
7.600830043900073122e-11
7.400607713614074758e-11
7.205659673282441155e-11
7.006521156401251084e-11
6.810142315788058063e-11
6.619267583159375619e-11
6.433742689325045688e-11
6.253417688953221700e-11
6.078146839381218838e-11
5.907788482823069025e-11
5.742204931878557309e-11
5.581262358251211724e-11
5.424830684585305612e-11
5.272783479334482049e-11
5.124997854576882220e-11
4.981354366694538524e-11
4.841736919836306051e-11
4.704062978095589341e-11
4.564694911040748163e-11
4.429455925208875686e-11
4.298223687614349585e-11
4.170879489651519434e-11
4.047308139714630306e-11
3.927397858999019677e-11
3.811040180389521035e-11
3.698129850344509850e-11
3.588564733686771407e-11
3.482245721215222573e-11
3.379076640053763848e-11
3.278964166656313719e-11
3.181817742389255073e-11
3.087549491614862840e-11
2.992737252531104069e-11
2.899706360611574178e-11
2.809567385396043150e-11
2.722230430055100861e-11
2.637608392251963499e-11
2.555616877274104673e-11
2.476174113865333304e-11
2.399200872674121008e-11
2.324620387237169889e-11
2.252358277419093136e-11
2.182342475232158239e-11
2.114503152961872097e-11
2.048772653526829418e-11
1.985085423003403945e-11
1.922801953561160041e-11
1.860580552410344174e-11
1.800372620589534358e-11
1.742113002723450091e-11
1.685738651848805934e-11
1.631188561186656440e-11
1.578403698122500680e-11
1.527326940322812047e-11
1.477903013918818108e-11
1.430078433690609326e-11
1.383801445186934262e-11
1.339021968717926202e-11
1.295691545160239050e-11
1.253763283515917114e-11
1.213191810168219293e-11
1.173933219779565281e-11
1.135945027778360512e-11
1.099186124383355987e-11
1.063616730115796477e-11
1.029198352751090306e-11
9.958937456636669695e-12
9.636668675196321721e-12
9.324828432738497037e-12
9.023079264291217548e-12
8.731094625166388867e-12
8.448558537582302112e-12
8.175165248720980333e-12
7.910618899850892862e-12
7.654633206156760127e-12
7.406931146929844114e-12
7.167244665783915037e-12
6.935314380571834041e-12
6.710889302689336932e-12
6.493726565462057511e-12
6.283591161321762553e-12
6.080255687487750738e-12
5.883500099877686502e-12
5.693111474981945618e-12
5.508883779443641723e-12
5.330617647094883140e-12
5.158120163208299178e-12
4.991204655729911845e-12
4.829690493267775790e-12
4.673402889617647304e-12
4.522172714614066302e-12
4.375836311102436707e-12
4.234235317833657015e-12
4.097216498089931502e-12
3.964631573856207063e-12
3.836337065357700312e-12
3.712194135790111573e-12
3.592068441074171058e-12
3.475829984472170129e-12
3.363352975909066548e-12
3.254515695845854224e-12
3.149200363558092198e-12
3.047293009676776181e-12
2.948683352853820196e-12
2.853264680418613588e-12
2.760933732896443599e-12
2.671590592263980600e-12
2.585138573820721977e-12
2.501484121559405975e-12
2.420536706922314490e-12
2.342208730833695757e-12
2.266415428902503768e-12
2.193074779692654982e-12
2.122107415961685687e-12
2.053436538771702751e-12
1.986987834379645076e-12
1.922689393817033147e-12
1.860471635072019909e-12
1.800267227789651041e-12
1.742011020408798585e-12
1.685639969656931907e-12
1.631093072326386489e-12
1.578311299258404823e-12
1.527237531463369837e-12
1.477816498308203861e-12
1.429994717704009866e-12
1.383720438229195187e-12
1.338943583125535705e-12
1.295615696106455433e-12
1.253689888918965957e-12
1.213120790602487739e-12
1.173864498389618673e-12
1.135878530195792199e-12
1.099121778646307541e-12
1.063554466591059613e-12
1.029138104058800892e-12
9.958354466043310168e-13
9.636104550036040425e-13
9.324282562530491171e-13
9.022551058309658081e-13
8.730583511801297290e-13
8.448063963720752499e-13
8.174686679148683645e-13
7.910155816672959278e-13
7.654185108237223596e-13
7.406497549349468487e-13
7.166825099315237903e-13
6.934908391171512094e-13
6.710496451006757265e-13
6.493346426363859625e-13
6.283223323431849392e-13
6.079899752742030050e-13
5.883155683093322797e-13
5.692778203440523941e-13
5.508561292487803211e-13
5.330305595738119529e-13
5.157818209757153207e-13
4.990912473418626358e-13
4.829407765904653629e-13
4.673129311242858446e-13
4.521907989168622936e-13
4.375580152107690842e-13
4.233987448081357859e-13
4.096976649342219718e-13
3.964399486555319611e-13
3.836112488345147174e-13
3.711976826034782637e-13
3.591858163409398805e-13
3.475626511341223269e-13
3.363156087118880817e-13
3.254325178328798513e-13
3.149016011141312693e-13
3.047114622859135075e-13
2.948510738589987713e-13
2.853097651910148136e-13
2.760772109389690498e-13
2.671434198854404590e-13
2.584987241263646741e-13
2.501337686086881477e-13
2.420395010065871823e-13
2.342071619252896592e-13
2.266282754218939733e-13
2.192946398329416162e-13
2.121983188987975777e-13
2.053316331752484385e-13
1.986871517230189630e-13
1.922576840662097835e-13
1.860362724109654797e-13
1.800161841159402678e-13
1.741909044064141477e-13
1.685541293241864722e-13
1.630997589055987254e-13
1.578218905803293024e-13
1.527148127837878148e-13
1.477729987762176620e-13
1.429911006618097027e-13
1.383639436013557679e-13
1.338865202121793684e-13
1.295539851492832769e-13
1.253616498618498328e-13
1.213049775194196741e-13
1.173795781022583740e-13
1.135812036505955110e-13
1.099057436676017870e-13
