2.958958156605287417e-07
3.004927819386276384e-07
3.051611655800135977e-07
3.099020761076774246e-07
3.147166402818948307e-07
3.196060023680158481e-07
3.245713244084239206e-07
3.296137864987138027e-07
3.347345870681596263e-07
3.399349431645474638e-07
3.452160907434226277e-07
3.505792849618413844e-07
3.560258004766755768e-07
3.615569317475621632e-07
3.671739933445517251e-07
3.728783202605370990e-07
3.786712682285429185e-07
3.845542140439329775e-07
3.905270994971628140e-07
3.965919789675758023e-07
4.027510459170087830e-07
4.090057630754711290e-07
4.153576158891451613e-07
4.218081128731683310e-07
4.283587859698933214e-07
4.350111909127126805e-07
4.417669075955330045e-07
4.486275404479874518e-07
4.555947188164751025e-07
4.626700973511181135e-07
4.698553563987278313e-07
4.771522024018752069e-07
4.845623683041532853e-07
4.920876139617441622e-07
4.997297265613661102e-07
5.074905210447182946e-07
5.153718405395147698e-07
5.233755567972126844e-07
5.315035706375388770e-07
5.397578123999193678e-07
5.481402424019199537e-07
5.566528514048061152e-07
5.652976610863335140e-07
5.740767245208798312e-07
5.829921266670346250e-07
5.920459848627613444e-07
6.012404493282437331e-07
6.105777036765536281e-07
6.200599654322368238e-07
6.296894865579590889e-07
6.394685539893295458e-07
6.493994901780298426e-07
6.594846536433786097e-07
6.697264395324604770e-07
6.801272801889569794e-07
6.906896457308014273e-07
7.014160446368279966e-07
7.123090243424964590e-07
7.233711718449032526e-07
7.346051143171659243e-07
7.460135197323576576e-07
7.575990974971298449e-07
7.693645990951748541e-07
7.813128187406817713e-07
7.934465940419404466e-07
8.057688066752509646e-07
8.182823830692993730e-07
8.309902951001613447e-07
8.438955607970992635e-07
8.570012450593224563e-07
8.703104603838698162e-07
8.838263676048132322e-07
8.975521766439245504e-07
9.114903693687330095e-07
9.256407255426175696e-07
9.400107577400509433e-07
9.546038763031304498e-07
9.694235445175225717e-07
9.844732794343851868e-07
9.997566527050372225e-07
1.015277291428606655e-06
1.031038879012817153e-06
1.047045156048150223e-06
1.063299921195565803e-06
1.079807032088025265e-06
1.096570406245989189e-06
1.113594022007136821e-06
1.130881919470521930e-06
1.148438201455371336e-06
1.166267034474793533e-06
1.184372649724580184e-06
1.202759344087371085e-06
1.221431481152394381e-06
1.240393492251063020e-06
1.259649877508621643e-06
1.279205206912133787e-06
1.299064121395048921e-06
1.319231333938592186e-06
1.339711630690280084e-06
1.360509872099775144e-06
1.381630994072386824e-06
1.403080009140466830e-06
1.424862007653015435e-06
1.446982158983728339e-06
1.469445712757814413e-06
1.492258000097842676e-06
1.515424434888957945e-06
1.538950515063710392e-06
1.562841823906845417e-06
1.587104031380349691e-06
1.611742895469051719e-06
1.636764263547144750e-06
1.662174073765891445e-06
1.687978356462891670e-06
1.714183235593207980e-06
1.740794930182742226e-06
1.767819755804141761e-06
1.795264126075637800e-06
1.823134554183131643e-06
1.851437654425947221e-06
1.880180143786541541e-06
1.909368843524606086e-06
1.939010680795912578e-06
1.969112690296273489e-06
1.999682015931059648e-06
2.030725912510602334e-06
2.062251747471929613e-06
2.094267002627235047e-06
2.126779275939468813e-06
2.159789825462963108e-06
2.193309300417913873e-06
2.227348990436395066e-06
2.261916969144630384e-06
2.297021435469810770e-06
2.332670715584699103e-06
2.368873264882493866e-06
2.405637669982263506e-06
2.442972650765577013e-06
2.480887062444697074e-06
2.519389897662864751e-06
2.558490288627238136e-06
2.598197509274850044e-06
2.638520977472269138e-06
2.679470257249312214e-06
2.721055061067503462e-06
2.763285252123688990e-06
2.806170846689402060e-06
2.849722016486563079e-06
2.893949091100046272e-06
2.938862560427669544e-06
2.984473077168195790e-06
3.030791459348014387e-06
3.077828692886939097e-06
3.125595934203927474e-06
3.174104512863143179e-06
3.223365934261181562e-06
3.273391882355898531e-06
3.324194222437692290e-06
3.375785003943722454e-06
3.428176463315809369e-06
3.481381026902754400e-06
3.535411313907599108e-06
3.590280139380738994e-06
3.646000517259375021e-06
3.702585663454251601e-06
3.760048998984185020e-06
3.818404153159347090e-06
3.877664966813882113e-06
3.937845495588688094e-06
3.998960013265228737e-06
4.061023015150960656e-06
4.124049221517438412e-06
4.188053581091642021e-06
4.253051274601620450e-06
4.319057718377033858e-06
4.386088568005705888e-06
4.454159722046793343e-06
4.523287325801706558e-06
4.593487775143473361e-06
4.664777720405526625e-06
4.737174070330941173e-06
4.810693996082819688e-06
4.885354935317073611e-06
4.961174596318256322e-06
5.038168912232265950e-06
5.116346841321568879e-06
5.195737867610093594e-06
5.276360814886507589e-06
5.358234799030681574e-06
5.441379232546070446e-06
5.525813829162544537e-06
5.611558608510463105e-06
5.698633900867456289e-06
5.787060351978743073e-06
5.876858927952249040e-06
5.968050920229800386e-06
6.060657950635275117e-06
6.154701976501281817e-06
6.250205295875196092e-06
6.347190552806161501e-06
6.445680742714008742e-06
6.545699217841482216e-06
6.647269692791182598e-06
6.750416250148317230e-06
6.855163346190691518e-06
6.961535816687429575e-06
7.069558882787548117e-06
7.179258156999905732e-06
7.290659649266082677e-06
7.403789773127283022e-06
7.518675351987145492e-06
7.635343625471590403e-06
7.753822255887340848e-06
7.874139334780839319e-06
7.996323389598673599e-06
8.120403390451625279e-06
8.246408756983486928e-06
8.374369365346483451e-06
8.504315555285083163e-06
8.636278137329492856e-06
8.770288400101012040e-06
8.906378117730594823e-06
9.044579557392501559e-06
9.184925486955052785e-06
9.327449182749811933e-06
9.472184437461607441e-06
9.619165568140803754e-06
9.768427424339879483e-06
9.920005396376486222e-06
1.007393542372439918e-05
1.023025400353499218e-05
1.038899819929073803e-05
1.055020564959297036e-05
1.071391457708623290e-05
1.088016379752077819e-05
1.104899272895602776e-05
1.122044140110660493e-05
1.139455046483341183e-05
1.157136120178216975e-05
1.175091553417132028e-05
1.193327973762619137e-05
1.211848671856125884e-05
1.230656815032132525e-05
1.249756864498048105e-05
1.269153350700139173e-05
1.288850874398142699e-05
1.308854107756542494e-05
1.329167795452783410e-05
1.349796755802697930e-05
1.370745881903373336e-05
1.392020142793783014e-05
1.413624584633415020e-05
1.435564331899209247e-05
1.457844588601044461e-05
1.480470639516116190e-05
1.503447851442457568e-05
1.526781674471930920e-05
1.550477643282948098e-05
1.574541378453279058e-05
1.598978587793239026e-05
1.623795067699534462e-05
1.648996704530157113e-05
1.674589476000594161e-05
1.700579452601729189e-05
1.726972799039716200e-05
1.753775775698231227e-05
1.780994740123404096e-05
1.808636148531810842e-05
1.836706557341839810e-05
1.865212624728859061e-05
1.894161112204501170e-05
1.923558886220460139e-05
1.953412919797199214e-05
1.983730294177895879e-05
2.014518200508096671e-05
2.045783941541417917e-05
2.077534933371740988e-05
2.109778707192252735e-05
2.142522911081827809e-05
2.175775311819108963e-05
2.209543796724770844e-05
2.243836375532330495e-05
2.278661182288032767e-05
2.314026477280225019e-05
2.349940648998630717e-05
2.386412216124082688e-05
2.423449829549104286e-05
2.461062274429884320e-05
2.499258472270044846e-05
2.538047483036803232e-05
2.577438507309950990e-05
2.617440888464183001e-05
2.658064114885328052e-05
2.699317822220917749e-05
2.741211795665735178e-05
2.783401802458909953e-05
2.824291591313166943e-05
2.865782074911197105e-05
2.907882077807615582e-05
2.950600554194887653e-05
2.993946589807753569e-05
3.037929403855655274e-05
3.082558350983611586e-05
3.127842923261784063e-05
3.173792752204363779e-05
3.220417610818079841e-05
3.267727415680795884e-05
3.315732229050685130e-05
3.364442261006317402e-05
3.413867871618250349e-05
3.464019573152496884e-05
3.514908032306359457e-05
3.566544072477121740e-05
3.618938676064055145e-05
3.672102986804249729e-05
3.726048312142785177e-05
3.780786125637654533e-05
3.836328069400087118e-05
3.892685956570689443e-05
3.949871773831959727e-05
4.007897683957726973e-05
4.066776028400019398e-05
4.126519329913989724e-05
4.187140295221309315e-05
4.248651817712779938e-05
4.311066980190599539e-05
4.374399057650921722e-05
4.438661520107327590e-05
4.503868035455692428e-05
4.570032472381229885e-05
4.637168903308192729e-05
4.705291607392917980e-05
4.774415073560840504e-05
4.844554003588125586e-05
4.915723315228556788e-05
4.987938145386413630e-05
5.061213853335860856e-05
5.135566023987729546e-05
5.211010471204240960e-05
5.287563241162436816e-05
5.365240615767015979e-05
5.444059116113303984e-05
5.524035506001142112e-05
5.605186795500294365e-05
5.687530244568338639e-05
5.771083366721650590e-05
5.855863932760323865e-05
5.941889974547870303e-05
6.029179788846276809e-05
6.117751941207625721e-05
6.207625269922765218e-05
6.290288960607977548e-05
6.369519146137077076e-05
6.449747286185973769e-05
6.530985950625792225e-05
6.613247867653225954e-05
6.696545925784649445e-05
6.780893175875490789e-05
6.866302833165032914e-05
6.952788279346849420e-05
7.040363064665451003e-05
7.129040910039321360e-05
7.218835709210591944e-05
7.309761530921900371e-05
7.401832621120679149e-05
7.495063405191073941e-05
7.589468490214125625e-05
7.685062667256320501e-05
7.781860913687075145e-05
7.879878395525220965e-05
7.979130469815297528e-05
8.079632687033530005e-05
8.181400793524264549e-05
8.284450733967113709e-05
8.388798653874988053e-05
8.494460902123859673e-05
8.601454033514126121e-05
8.709794811364432649e-05
8.819500210138053037e-05
8.930587418102463272e-05
9.043073840022234115e-05
9.156977099886000142e-05
9.272315043667789865e-05
9.389105742122950027e-05
9.507367493619473171e-05
9.627118827004977838e-05
9.748378504509635492e-05
9.871165524685818009e-05
9.995499125384799143e-05
1.012139878677074982e-04
1.024888423437288247e-04
1.037797544217604248e-04
1.050869263575003278e-04
1.064105629541859592e-04
1.077508715946816451e-04
1.091080622739703225e-04
1.104823476320555646e-04
1.118739429872764036e-04
1.132830663700435411e-04
1.147099385569991438e-04
1.161547831056071342e-04
1.176178263891800637e-04
1.190992976323460213e-04
1.205994289469630612e-04
1.221184553684851598e-04
1.236566148927874947e-04
1.251754166038121507e-04
1.265004460439633056e-04
1.278395014251891375e-04
1.291927312174154805e-04
1.305602854621792279e-04
1.319423157892640329e-04
1.332978235612341232e-04
1.346419829435993587e-04
1.359996966691407079e-04
1.373711014182411655e-04
1.387563352495522378e-04
1.401488921431220057e-04
1.414859180302164394e-04
1.428356991963246553e-04
1.441983573273050647e-04
1.455740152699037894e-04
1.469627970428297875e-04
1.483170488396854932e-04
1.496450071999502794e-04
1.509848554502875415e-04
1.523367000469614933e-04
1.537006483993936612e-04
1.550747933103516273e-04
1.563636233752085426e-04
1.576631649354711491e-04
1.589735070146165675e-04
1.602947393759980696e-04
1.616269525289941032e-04
1.629149049971652938e-04
1.641542922800410859e-04
1.654031082940511372e-04
1.666614247689701830e-04
1.679293139802625365e-04
1.692068487532339880e-04
1.703702889207479865e-04
1.715355507046437827e-04
1.727087823935835283e-04
1.738900384983965318e-04
1.750793739027439939e-04
1.762156364902641868e-04
1.772738669454306817e-04
1.783384524081239831e-04
1.794094310421681616e-04
1.804868412405724208e-04
1.815707216269087662e-04
1.825119268317692655e-04
1.834385582852732775e-04
1.843698943400903301e-04
1.853059588819556643e-04
1.862467759178747023e-04
1.871255825714528381e-04
1.878846943732317976e-04
1.886468856616297241e-04
1.894121689291911872e-04
1.901805567191385883e-04
1.909520616255789454e-04
1.915529670916352601e-04
1.921168765593934448e-04
1.926824461104836329e-04
1.932496806319960688e-04
1.938185850254085492e-04
1.943211499609039225e-04
1.946529273535109233e-04
1.949852712116740812e-04
1.953181825025571909e-04
1.956516621949760189e-04
1.959857112594002280e-04
1.961184117325593778e-04
1.961838426318509611e-04
1.962492953608246764e-04
1.963147699267634892e-04
1.963802663369529128e-04
1.963818720057891392e-04
1.961517139138790086e-04
1.959218255655392402e-04
1.956922066446319846e-04
1.954628568353907045e-04
1.952337758224183316e-04
1.947869411475927355e-04
1.942398854811465988e-04
1.936943662108284051e-04
1.931503790216973070e-04
1.926079196109300702e-04
1.920155070354595680e-04
1.911306726692787799e-04
1.902499157438615192e-04
1.893732174697891157e-04
1.885005591442273393e-04
1.876319221505273315e-04
1.865463004002914738e-04
1.853293032404239012e-04
1.841202455684150957e-04
1.829190755883615535e-04
1.817257418422676680e-04
1.805109708498593994e-04
1.789742287167786006e-04
1.774505693141957519e-04
1.759398812650402825e-04
1.744420541404266740e-04
1.729569784515824673e-04
1.712942290445865505e-04
1.694914859837747011e-04
1.677077154392081330e-04
1.659427177394085472e-04
1.641962953142891339e-04
1.624641675097585817e-04
1.604464582821483565e-04
1.584538078141993175e-04
1.564859048908826737e-04
1.545424421622763553e-04
1.526231160955638863e-04
1.506067324905590807e-04
1.484874932895021446e-04
1.463980746330986412e-04
1.443380569061940982e-04
1.423070263981846006e-04
1.403045752199294450e-04
1.381748310102629581e-04
1.360685909501228603e-04
1.339944569338873386e-04
1.319519395595769205e-04
1.299405568853115929e-04
1.279351659615397319e-04
1.259260207079950249e-04
1.239484278788323813e-04
1.220018919621012113e-04
1.200859252275692960e-04
1.182000476045156256e-04
1.163788271129624738e-04
1.145904698823029606e-04
1.128295937808470283e-04
1.110957765146316134e-04
1.093886022789536150e-04
1.077498908407927767e-04
1.062150904071400520e-04
1.047021518273858295e-04
1.032107636990537672e-04
1.017406190553158508e-04
1.002914153018112707e-04
9.899329215962383779e-05
9.774215711121314555e-05
9.650683463833370761e-05
9.528712489241980858e-05
9.408283055070866411e-05
9.292817765393935876e-05
9.187676969118617910e-05
9.083725756812391795e-05
8.980950669284614839e-05
8.879338399624670778e-05
8.778875791478929925e-05
8.680132132040014898e-05
8.582698742293250996e-05
8.486359030072737012e-05
8.391100718985976790e-05
8.296911670441502358e-05
8.200365918443011139e-05
8.092165990982739187e-05
7.985393710095646698e-05
7.880030238664347995e-05
7.776056988118201297e-05
7.673455615153972553e-05
7.550336526959779734e-05
7.418849668593562768e-05
7.289652614643534075e-05
7.162705488848798469e-05
7.037969109381711356e-05
6.910026965935979579e-05
6.752358407947765167e-05
6.598287429867782743e-05
6.447731944427922859e-05
6.300611737374620634e-05
6.156848424731599693e-05
6.000448690241347879e-05
5.838012303505032150e-05
5.679973184556182971e-05
5.526212296248141109e-05
5.376613823853863768e-05
5.231024779197306936e-05
5.088883450044766446e-05
4.950604491709803919e-05
4.816082952955385243e-05
4.685216734358153547e-05
4.557906510816901063e-05
4.446222659800823596e-05
4.347426101128807415e-05
4.250824835124816331e-05
4.156370081649495295e-05
4.064014144474560912e-05
3.973854382356691934e-05
3.909792369520857992e-05
3.846763092435692434e-05
3.784749902496437540e-05
3.723736419488447158e-05
3.663706527260473969e-05
3.605234531735554751e-05
3.548345474740335399e-05
3.492354102702166979e-05
3.437246250536861415e-05
3.383007976679186523e-05
3.329625559555830989e-05
3.255068758152321697e-05
3.180768449610191847e-05
3.108164122400452686e-05
3.037217063996377467e-05
2.967889445524677335e-05
2.892386509882583805e-05
2.807704761617139776e-05
2.725502280373855488e-05
2.645706479496301919e-05
2.568246897481429731e-05
2.493055135760473097e-05
2.426766241205714867e-05
2.363211473527314531e-05
2.301321146546192659e-05
2.241051670096963250e-05
2.182360595600423320e-05
2.130589588138126668e-05
2.090437219294017952e-05
2.051041548376519909e-05
2.012388314913113712e-05
1.974463527179321455e-05
1.937253457133965149e-05
1.897522720633122020e-05
1.857832977206611734e-05
1.818973408679264652e-05
1.780926650606172090e-05
1.743675701747759773e-05
1.704504021070606234e-05
1.659064676835889999e-05
1.614836672661952588e-05
1.571787716165011002e-05
1.529886375824461486e-05
1.489102058033632114e-05
1.453155352596171845e-05
1.419396395617248225e-05
1.386421709345701263e-05
1.354213074008244640e-05
1.322752693103987022e-05
1.292676945396236802e-05
1.265820754303929654e-05
1.239522517774484063e-05
1.213770643944660068e-05
1.188553781779600369e-05
1.163860816069460746e-05
1.137511164561829460e-05
1.110703894551732352e-05
1.084528380736901962e-05
1.058969734772118018e-05
1.034013419179829080e-05
1.009905085562458995e-05
9.880031919941984191e-06
9.665762865696109603e-06
9.456140681822645656e-06
9.251064591266619099e-06
9.050436002533273030e-06
8.856578515691194270e-06
8.668452591528942182e-06
8.484322721066082934e-06
8.304104022619086445e-06
8.127713417508185026e-06
7.955204829068403971e-06
7.788225763264913573e-06
7.624751573704770186e-06
7.464708693336831924e-06
7.308025099275964019e-06
7.154630280391244320e-06
7.007774413200101678e-06
6.866790044543563001e-06
6.728642038908090966e-06
6.593273333547881006e-06
6.460628013721474184e-06
6.330651289595854667e-06
6.216016532425927670e-06
6.103475880189849572e-06
5.992972770540675694e-06
5.884470313877097893e-06
5.777932288482072290e-06
5.673323128430836956e-06
5.570607911717850341e-06
5.469752348598632979e-06
5.370722770142732994e-06
5.273486116993893664e-06
5.178009928333762142e-06
5.084262331045415801e-06
4.992212029073025829e-06
4.901828292974208114e-06
4.813080949661535225e-06
4.725940372329679892e-06
4.640377470565127127e-06
4.556363680634746665e-06
4.473870955950294994e-06
4.392871757705541012e-06
4.313339045682872807e-06
4.235246269226398078e-06
4.158567358378466019e-06
4.083276715176633330e-06
4.009349205108215626e-06
3.936760148719576521e-06
3.865485313377239746e-06
3.795500905178331478e-06
3.726783561007322623e-06
3.659310340736659556e-06
3.593058719568606679e-06
3.528006580515661038e-06
3.464132207017260463e-06
3.401414275690012479e-06
3.339831849209259913e-06
3.279364369319520440e-06
3.219991649971404247e-06
3.161693870582925262e-06
3.104451569422675856e-06
3.048245637112873649e-06
2.993057310250026045e-06
2.940005098011403054e-06
2.888226970964895401e-06
2.837360738405325403e-06
2.787390340432446202e-06
2.738299999986192201e-06
2.690074217865393072e-06
2.642697767834275115e-06
2.596155691815088067e-06
2.550433295165428013e-06
2.505516142038712251e-06
2.461390050826385635e-06
2.418041089680399383e-06
2.375455572114517314e-06
2.333620052683114586e-06
2.292521322736074723e-06
2.252146406248431368e-06
2.212482555723502854e-06
2.173517248168110966e-06
2.135238181138756087e-06
2.097633268857371004e-06
2.060690638395491273e-06
2.024398625925662629e-06
1.988745773038824638e-06
1.953720823126574537e-06
1.919312717827146580e-06
1.885510593533943505e-06
1.852303777965640085e-06
1.819681786796610260e-06
1.787634320346739105e-06
1.756151260329527822e-06
1.725222666657451802e-06
1.694838774303616949e-06
1.664989990218655043e-06
1.635666890301917935e-06
1.606860216426048169e-06
1.578560873513900671e-06
1.550759926666994341e-06
1.523448598344500154e-06
1.496618265591927664e-06
1.470260457318619438e-06
1.444366851623176348e-06
1.415456818449317833e-06
1.384249389296492585e-06
1.353730009133668753e-06
1.323883508130288742e-06
1.294695050914171224e-06
1.266150129197530502e-06
1.238234554565546581e-06
1.210934451423918024e-06
1.184236250101941710e-06
1.158126680107604930e-06
1.132592763531433417e-06
1.107621808595745703e-06
1.083201403346121557e-06
1.059319409481977165e-06
1.035963956323162151e-06
1.013123434909549456e-06
9.907864922307561536e-07
9.689420255830619385e-07
9.475791770507356833e-07
9.266873281090651703e-07
9.062560943463376727e-07
8.862753203022266855e-07
8.667350744199610154e-07
8.476256441097786480e-07
8.289375309212370536e-07
8.106614458219524424e-07
7.927883045804336508e-07
7.753092232507121299e-07
7.582155137565323986e-07
7.414986795728866988e-07
7.251504115027682249e-07
7.091625835470509664e-07
6.935272488653991229e-07
6.782366358262591861e-07
6.632831441439168440e-07
6.486593411007330008e-07
6.343579578526744757e-07
6.203718858162939076e-07
6.066941731353601912e-07
5.933180212254106505e-07
5.802367813944623793e-07
5.662841964523306683e-07
5.501888805293538151e-07
5.345510366606623839e-07
5.193576622633050644e-07
5.045961243226097833e-07
4.902541488880793149e-07
4.763198108678093075e-07
4.627815241129972539e-07
4.496280317842714466e-07
4.368483969918252910e-07
4.244319937016067865e-07
4.123684978999517343e-07
4.006478790093593036e-07
3.892603915482498788e-07
3.781965670277670893e-07
3.674472060789141960e-07
3.570033708034349201e-07
3.468563773421179410e-07
3.369977886543266881e-07
3.274194075027478520e-07
3.181132696375450044e-07
3.090716371742269049e-07
3.002869921597343648e-07
2.917520303214031120e-07
2.834596549935880046e-07
2.754029712169220360e-07
2.675752800052773813e-07
2.599700727756836176e-07
2.525810259365572508e-07
2.454019956297478183e-07
2.384270126220377150e-07
2.316502773418282840e-07
2.250661550569045121e-07
2.186691711892556377e-07
2.124540067630612769e-07
2.064154939820647699e-07
2.005486119326403667e-07
1.948484824089974557e-07
1.893103658570393111e-07
1.839296574335085836e-07
1.787018831771481861e-07
1.735528817066295972e-07
1.678170415768940395e-07
1.622707682332029569e-07
1.569077965835114871e-07
1.517220685940826996e-07
1.467077264463127553e-07
1.418591059197145783e-07
1.371707299935911679e-07
1.326373026601733321e-07
1.282537029422261453e-07
1.240149791083763492e-07
1.199163430796150090e-07
1.159531650206654027e-07
1.121209681101032502e-07
1.084154234833201041e-07
1.048323453426236520e-07
1.013676862289424019e-07
9.801753244980061504e-08
9.477809965839638571e-08
9.164572857878704093e-08
8.861688087235923914e-08
8.568813514090616028e-08
8.285618306180311018e-08
8.011782565091377450e-08
7.746996964900381575e-08
7.490962402758520257e-08
7.243389661023721581e-08
7.003999080559367411e-08
6.772520244830164779e-08
6.548691674438530823e-08
6.332260531756588727e-08
6.122982335319687651e-08
5.920620683659212837e-08
5.724946988262580036e-08
5.535740215358670704e-08
5.352786636237360373e-08
5.175879585820636197e-08
5.004819229212941549e-08
4.839412335966917413e-08
4.679472061809452635e-08
4.524817737581785412e-08
4.375274665154832419e-08
4.221798757880923142e-08
4.072263877872503121e-08
3.928025479677027678e-08
3.788895963454315803e-08
3.654694374095760968e-08
3.525246165869876635e-08
3.400382975404093192e-08
3.279942402707294407e-08
3.163767799948723246e-08
3.051708067718058712e-08
2.943617458501982106e-08
2.839355387121595210e-08
2.738786247883975806e-08
2.641779238210289731e-08
2.548208188510881083e-08
2.457951398086139941e-08
2.370891476839716770e-08
2.286915192598209206e-08
2.205913323838763108e-08
2.127780517632995657e-08
2.052415152622502943e-08
1.979719206847736964e-08
1.909598130258343731e-08
1.841960721739169673e-08
1.776719010491950674e-08
1.713788141618420186e-08
1.653086265756057736e-08
1.594534432622846826e-08
1.538056488332754857e-08
1.483578976348149843e-08
1.431031041940535949e-08
1.380344340035224028e-08
1.331452946320123033e-08
1.284293271503030317e-08
1.238803978605932589e-08
1.194925903188665771e-08
1.152601976398278577e-08
1.111777150743941657e-08
1.072398328500867017e-08
1.034414292650206023e-08
9.977756402649583760e-09
9.617801653239668717e-09
9.267082891276427020e-09
8.929153294075304946e-09
8.603546497263939498e-09
8.289813142719501294e-09
7.987520258425941531e-09
7.696250660944915933e-09
7.415602379676142420e-09
7.145188102112421617e-09
6.884634639323602446e-09
6.633582410932121649e-09
6.391684948869200183e-09
6.158608419226752895e-09
5.934031161545390342e-09
5.717643244902537441e-09
5.509146040187937384e-09
5.308251807976507095e-09
5.114683301429507664e-09
4.928173383676380776e-09
4.748464659148757981e-09
4.575309118358199721e-09
4.408467795627341198e-09
4.247710439301885105e-09
4.092815193988872344e-09
3.943568294381957338e-09
3.799763770251705849e-09
3.661203162193566917e-09
3.527695247741198322e-09
3.399055777467380033e-09
3.275107220707952348e-09
3.155678520558289867e-09
3.040604857803829025e-09
2.929727423459018333e-09
2.822893199600875993e-09
2.719954748194457627e-09
2.620770007618987574e-09
2.525202096613792413e-09
2.433119125373358413e-09
2.344394013531123486e-09
2.258904314780390595e-09
2.176532047890645558e-09
2.096787687476111067e-09
2.019418711167269598e-09
1.944904558229839921e-09
1.873139889070718967e-09
1.804023251002750879e-09
1.737456934822495737e-09
1.673346836680074631e-09
1.611602325045996013e-09
1.552136112586572909e-09
1.494864132767120711e-09
1.439705421008284624e-09
1.386582000227529262e-09
1.335418770604129527e-09
1.286143403411555802e-09
1.238686238767434083e-09
1.192980187156351751e-09
1.148960634586335833e-09
1.106565351245039173e-09
1.065734403526286209e-09
1.026410069302828271e-09
9.885367563253862223e-10
9.520609236326549415e-10
9.169310058612640588e-10
8.830973403485127200e-10
8.505120969250075027e-10
8.191292102978065683e-10
7.889043149286008979e-10
7.597946823147635963e-10
7.317591605846865622e-10
7.047581163219764112e-10
6.787533785362392001e-10
6.537081847013202701e-10
6.295871287846263482e-10
6.063561111941321015e-10
