6.711569851481609693e-10
6.799910347051163207e-10
6.889413617251685684e-10
6.980094967010309374e-10
7.071969902703947235e-10
7.165054134810943425e-10
7.259363580597630824e-10
7.354914366839986857e-10
7.451722832581370938e-10
7.549805531926573078e-10
7.649179236872355630e-10
7.749860940175533522e-10
7.851867858258802882e-10
7.955217434154538289e-10
8.059927340487614328e-10
8.165575751233915383e-10
8.272139137169180146e-10
8.380093209513822516e-10
8.489456117172106524e-10
8.600246245897321883e-10
8.712482221382747011e-10
8.826182912392936064e-10
8.941367433935919366e-10
9.058055150476609838e-10
9.176265679192516608e-10
9.296018893271579701e-10
9.417334925253220774e-10
9.540234170412970761e-10
9.664737290191254486e-10
9.790865215666926783e-10
9.917432211449447358e-10
1.004560189446106122e-09
1.017542800095946382e-09
1.030693193802543308e-09
1.044013538939804519e-09
1.057506031905000360e-09
1.071172897480915772e-09
1.085016389202724747e-09
1.099038789729543526e-09
1.113242411220848229e-09
1.127629595717716202e-09
1.142202715528991351e-09
1.156964173622482882e-09
1.171916404021177984e-09
1.186989853829798060e-09
1.202171573320117856e-09
1.217547468528064255e-09
1.233120022980570041e-09
1.248891751969141659e-09
1.264865202956102093e-09
1.281042955986073100e-09
1.297427624102722038e-09
1.314021853770791484e-09
1.330828325303579139e-09
1.347849753295853770e-09
1.365088887062340749e-09
1.382548511081759641e-09
1.400231445446593529e-09
1.418140546318607864e-09
1.436083104373965874e-09
1.454241530574321763e-09
1.472629559393822417e-09
1.491250094022536494e-09
1.510106074359681617e-09
1.529200477477754177e-09
1.548536318092580295e-09
1.568116649039313808e-09
1.587944561754394911e-09
1.608023186763658686e-09
1.628355694176617907e-09
1.648945294186935646e-09
1.669795237579285774e-09
1.690908816242622873e-09
1.712170213140563867e-09
1.733541242781010724e-09
1.755179022131496694e-09
1.777086880718441796e-09
1.799268189626871579e-09
1.821726362019146627e-09
1.844464853660163320e-09
1.867487163449113089e-09
1.890796833957875874e-09
1.914397451976138144e-09
1.938292649063309309e-09
1.962486102107333094e-09
1.986981533890468328e-09
2.011782713662136329e-09
2.036893457718914311e-09
2.061995546789738038e-09
2.087378674106676655e-09
2.113074267254780921e-09
2.139086172682694794e-09
2.165418284188774735e-09
2.192074543503962531e-09
2.219058940881836385e-09
2.246375515695922589e-09
2.274028357044360823e-09
2.302021604362014094e-09
2.330359448040113035e-09
2.359046130053527233e-09
2.388085944595757870e-09
2.417483238721750530e-09
2.447053607922586655e-09
2.476706996142437523e-09
2.506719724031051921e-09
2.537096146065449107e-09
2.567840669490197817e-09
2.598957754956812400e-09
2.630451917170999728e-09
2.662327725547646449e-09
2.694589804873795563e-09
2.727242835979643749e-09
2.760291556417687262e-09
2.793740761150034154e-09
2.827595303244162438e-09
2.861860094576996367e-09
2.896540106547570099e-09
2.931093151033884185e-09
2.965992358757904536e-09
3.001307095650397882e-09
3.037042309230264435e-09
3.073203005924288455e-09
3.109794251768524124e-09
3.146821173118039676e-09
3.184288957365106209e-09
3.222202853665942442e-09
3.260568173676108471e-09
3.299390292294656888e-09
3.338674648417147964e-09
3.378426745697622376e-09
3.418652153319655958e-09
3.459058319899264092e-09
3.499450153650431582e-09
3.540313647629021682e-09
3.581654309467352660e-09
3.623477711111075943e-09
3.665789489570053042e-09
3.708595347678237569e-09
3.751901054862190143e-09
3.795712447918794421e-09
3.840035431801902968e-09
3.884875980418166487e-09
3.930240137432315645e-09
3.976134017081605592e-09
4.022563805000028648e-09
4.069535759051892327e-09
4.116166418595744319e-09
4.163193145266392919e-09
4.210757146866280809e-09
4.258864561699550888e-09
4.307521598199713489e-09
4.356734535730932096e-09
4.406509725398382417e-09
4.456853590867884141e-09
4.507772629194898045e-09
4.559273411662993481e-09
4.611362584631898759e-09
4.664046870395214647e-09
4.717333068048028404e-09
4.771228054364249655e-09
4.825250933089975640e-09
4.878983353578608191e-09
4.933314120775340322e-09
4.988249897673944941e-09
5.043797421465117996e-09
5.099963504362716932e-09
5.156755034439188290e-09
5.214178976470307711e-09
5.272242372789320849e-09
5.330952344150601816e-09
5.390316090602919342e-09
5.450340892372440493e-09
5.511034110755553028e-09
5.572403189021642052e-09
5.634455653325911945e-09
5.695753483145970214e-09
5.757440267662716069e-09
5.819795139271937509e-09
5.882825333564963691e-09
5.946538164496855001e-09
6.010941025235011776e-09
6.076041389017212061e-09
6.141846810018703690e-09
6.208364924228829619e-09
6.275603450337002051e-09
6.343570190628519192e-09
6.412273031889832538e-09
6.481719946323750257e-09
6.551918992474545237e-09
6.622126895906752581e-09
6.691523442131135814e-09
6.761647229120269408e-09
6.832505877990142877e-09
6.904107089722191927e-09
6.976458646000332449e-09
7.049568410056487168e-09
7.123444327525392434e-09
7.198094427307939862e-09
7.273526822443846087e-09
7.349749710993476930e-09
7.426771376928612555e-09
7.504600191032994869e-09
7.583244611811830799e-09
7.662713186411313562e-09
7.740625764465787768e-09
7.818777646749656480e-09
7.897718575925869732e-09
7.977456518469229983e-09
8.057999521286665815e-09
8.139355712529204007e-09
8.221533302412436748e-09
8.304540584044967836e-09
8.388385934265229946e-09
8.473077814487051811e-09
8.558624771553419458e-09
8.645035438599071729e-09
8.732318535921579374e-09
8.820482871861595912e-09
8.908403521226995397e-09
8.994532231944438336e-09
9.081493656940278358e-09
9.169295847107925206e-09
9.257946931178871380e-09
9.347455116475256102e-09
9.437828689669691918e-09
9.529076017552492914e-09
9.621205547806109330e-09
9.714225809787451820e-09
9.808145415317384067e-09
9.902973059478045477e-09
9.998717521417836889e-09
1.009538766516419996e-08
1.019299244044424985e-08
1.028771488871497440e-08
1.038227224136798470e-08
1.047769869790243821e-08
1.057400224650255875e-08
1.067119094877436042e-08
1.076927294042031098e-08
1.086825643192055816e-08
1.096814970922004537e-08
1.106896113442231442e-08
1.117069914648932517e-08
1.127337226194805300e-08
1.137698907560324228e-08
1.148155826125705180e-08
1.158708857243496866e-08
1.169191050942109351e-08
1.179318582934700638e-08
1.189533839601696850e-08
1.199837580814160623e-08
1.210230573025160100e-08
1.220713589326771599e-08
1.231287409507601918e-08
1.241952820110783624e-08
1.252710614492487821e-08
1.263561592880928769e-08
1.274506562435904335e-08
1.285546337308827313e-08
1.296681738703292243e-08
1.307913594936150790e-08
1.319242741499141994e-08
1.330079320441926011e-08
1.340817198643705890e-08
1.351641764929800823e-08
1.362553719142751580e-08
1.373553766775005392e-08
1.384642619014528508e-08
1.395820992790786690e-08
1.407089610821097100e-08
1.418449201657350936e-08
1.429900499733128817e-08
1.441444245411166219e-08
1.453081185031232516e-08
1.464812070958380752e-08
1.476637661631591154e-08
1.488319340890015942e-08
1.499358022811626638e-08
1.510478577282504212e-08
1.521681611541303087e-08
1.532967737330492488e-08
1.544337570929751376e-08
1.555791733189637677e-08
1.567330849565483499e-08
1.578955550151535190e-08
1.590666469715381586e-08
1.602464247732603949e-08
1.614349528421686626e-08
1.626322960779212592e-08
1.638385198615293249e-08
1.650536900589258626e-08
1.661898551952113006e-08
1.673016792326821063e-08
1.684209414659970098e-08
1.695476916573092747e-08
1.706819799016837737e-08
1.718238566293266376e-08
1.729733726078262199e-08
1.741305789444092483e-08
1.752955270882156044e-08
1.764682688325826331e-08
1.776488563173505934e-08
1.788373420311796584e-08
1.800337788138824315e-08
1.812382198587753237e-08
1.824184315534636373e-08
1.834913840335519892e-08
1.845706474275905057e-08
1.856562588552433314e-08
1.867482556545046986e-08
1.878466753829841672e-08
1.889515558191995742e-08
1.900629349638737554e-08
1.911808510412444350e-08
1.923053425003759358e-08
1.934364480164846207e-08
1.945742064922659875e-08
1.957186570592357606e-08
1.968698390790730670e-08
1.980277921449753250e-08
1.990667524105430378e-08
2.000587825480790692e-08
2.010557563730057339e-08
2.020576985217166609e-08
2.030646337533790994e-08
2.040765869505439488e-08
2.050935831197631989e-08
2.061156473922061464e-08
2.071428050242808725e-08
2.081750813982588633e-08
2.092125020229003253e-08
2.102550925340873095e-08
2.113028786954553463e-08
2.123558863990306396e-08
2.133731256731392316e-08
2.142237759643412640e-08
2.150778175257210703e-08
2.159352638771871965e-08
2.167961285925459868e-08
2.176604252997195955e-08
2.185281676809602266e-08
2.193993694730655981e-08
2.202740444675993688e-08
2.211522065111064700e-08
2.220338695053334336e-08
2.229190474074496790e-08
2.238077542302672458e-08
2.247000040424614854e-08
2.255958109687968480e-08
2.263244543724310907e-08
2.269750338956423283e-08
2.276274835380909899e-08
2.282818086755164424e-08
2.289380146991108451e-08
2.295961070155636524e-08
2.302560910471060167e-08
2.309179722315554891e-08
2.315817560223609522e-08
2.322474478886473867e-08
2.329150533152610690e-08
2.335845778028147348e-08
2.342560268677327434e-08
2.349294060422967714e-08
2.355561452448121474e-08
2.359418860122840948e-08
2.363282584590507100e-08
2.367152636195340393e-08
2.371029025298499963e-08
2.374911762278112073e-08
2.378800857529298241e-08
2.382696321464207331e-08
2.386598164512025150e-08
2.390506397119029374e-08
2.394421029748600132e-08
2.398342072881252436e-08
2.402269537014662979e-08
2.406203432663699914e-08
2.410143770360450316e-08
2.411969976688926092e-08
2.412674346876607784e-08
2.413378922762268596e-08
2.414083704405988309e-08
2.414788691867850015e-08
2.415493885207958642e-08
2.416199284486432354e-08
2.416904889763421408e-08
2.417610701099078379e-08
2.418316718553579664e-08
2.419022942187112579e-08
2.419729372059898187e-08
2.420436008232159871e-08
2.421142850764143178e-08
2.421333888155776372e-08
2.418368739988435980e-08
2.415407222920341196e-08
2.412449332504878745e-08
2.409495064300865624e-08
2.406544413872572601e-08
2.403597376789702701e-08
2.400653948627368380e-08
2.397714124966121967e-08
2.394777901391906690e-08
2.391845273496087119e-08
2.388916236875425675e-08
2.385990787132063106e-08
2.383068919873539665e-08
2.380150630712775258e-08
2.374768293012831852e-08
2.367935421418471836e-08
2.361122209903944656e-08
2.354328601901709698e-08
2.347554541006988031e-08
2.340799970977291573e-08
2.334064835731958882e-08
2.327349079351682666e-08
2.320652646078065423e-08
2.313975480313128427e-08
2.307317526618868029e-08
2.300678729716791772e-08
2.294059034487457819e-08
2.287458385970019671e-08
2.280410055738278388e-08
2.269763799753470026e-08
2.259167246569352904e-08
2.248620164144873842e-08
2.238122321522294764e-08
2.227673488822100243e-08
2.217273437238003647e-08
2.206921939031901667e-08
2.196618767528903624e-08
2.186363697112378973e-08
2.176156503218991904e-08
2.165996962333796160e-08
2.155884851985354010e-08
2.145819950740833714e-08
2.135802038201196657e-08
2.123373515993140592e-08
2.109393446022436259e-08
2.095505419375675385e-08
2.081708830049204384e-08
2.068003076029238628e-08
2.054387559265576633e-08
2.040861685645529973e-08
2.027424864967986202e-08
2.014076510917643175e-08
2.000816041039449822e-08
1.987642876713178296e-08
1.974556443128164180e-08
1.961556169258248219e-08
1.948641487836844761e-08
1.935470458108310606e-08
1.918841227728861501e-08
1.902354872846097097e-08
1.886010165898234926e-08
1.869805889870504576e-08
1.853740838204518485e-08
1.837813814708419931e-08
1.822023633467842677e-08
1.806369118757578987e-08
1.790849104954060951e-08
1.775462436448559453e-08
1.760207967561125295e-08
1.745084562455310846e-08
1.730091095053564687e-08
1.715226448953416374e-08
1.698486504876444401e-08
1.680438495968339869e-08
1.662582264047934967e-08
1.644915771305223135e-08
1.627437001583848660e-08
1.610143960151002571e-08
1.593034673469769954e-08
1.576107188973923088e-08
1.559359574845077001e-08
1.542789919792216056e-08
1.526396332833594219e-08
1.510176943080902131e-08
1.494129899525781055e-08
1.478253370828567398e-08
1.462369196118434979e-08
1.443950868246158344e-08
1.425764516541398916e-08
1.407807219297980442e-08
1.390076091608192776e-08
1.372568284899318945e-08
1.355280986476002930e-08
1.338211419068378272e-08
1.321356840385889497e-08
1.304714542676733069e-08
1.288281852292846256e-08
1.272056129260376390e-08
1.256034766855557734e-08
1.240215191185932774e-08
1.224594860776845789e-08
1.207966528850775855e-08
1.190581577832435083e-08
1.173446829542968627e-08
1.156558683086096196e-08
1.139913589389319554e-08
1.123508050458097772e-08
1.107338618640719078e-08
1.091401895903789572e-08
1.075694533118112483e-08
1.060213229354880887e-08
1.044954731191966656e-08
1.029915832030214818e-08
1.015093371419577564e-08
1.000484234394925600e-08
9.860338964468489030e-09
9.703481122977613737e-09
9.549118569176689190e-09
9.397211608138270380e-09
9.247721176399810819e-09
9.100608831918889065e-09
8.955836744187263861e-09
8.813367684502801651e-09
8.673165016395937974e-09
8.535192686208465834e-09
8.399415213822197604e-09
8.265797683535113242e-09
8.134305735082627414e-09
8.004905554801838098e-09
7.877563866936017041e-09
7.747165787704486015e-09
7.614326278164643056e-09
7.483764548109337693e-09
7.355441540789639663e-09
7.229318869156843369e-09
7.105358804379336514e-09
6.983524264556221083e-09
6.863778803624457373e-09
6.746086600456360474e-09
6.630412448143755021e-09
6.516721743466158607e-09
6.404980476539408028e-09
6.295155220641782771e-09
6.187213122214711592e-09
6.081071988184069665e-09
5.970052422747087186e-09
5.861059694672647832e-09
5.754056800846202969e-09
5.649007413703456718e-09
5.545875868897194834e-09
5.444627153189071981e-09
5.345226892562685524e-09
5.247641340553547673e-09
5.151837366792109559e-09
5.057782445756067808e-09
4.965444645727787914e-09
4.874792617953555541e-09
4.785795586000604234e-09
4.698423335308574416e-09
4.610210666193134736e-09
4.521207110835147284e-09
4.433921835495149832e-09
4.348321667495828081e-09
4.264374074583142212e-09
4.182047152562536023e-09
4.101309613173671045e-09
4.022130772199426475e-09
3.944480537804363150e-09
3.868329399098418043e-09
3.793648414921205356e-09
3.720409202843089384e-09
3.648583928378360551e-09
3.578145294406816297e-09
3.509066530799563339e-09
3.437917106057250438e-09
3.368144450464851190e-09
3.299787833513954943e-09
3.232818516647628090e-09
3.167208344559033154e-09
3.102929733354318706e-09
3.039955658955825115e-09
2.978259645740502819e-09
2.917815755409107786e-09
2.858598576081106442e-09
2.800583211611039182e-09
2.743745271121633319e-09
2.688060858749411715e-09
2.633506563598291827e-09
2.579465896848129939e-09
2.525871625443526165e-09
2.473390896935884115e-09
2.422000574938592477e-09
2.371678003776089016e-09
2.322400998496044273e-09
2.274147835088919044e-09
2.226897240910915632e-09
2.180628385305816415e-09
2.135320870421643709e-09
2.090954722218208928e-09
2.047510381661408527e-09
2.004968696100614297e-09
1.963310910825045697e-09
1.922518660795708791e-09
1.882707593404109426e-09
1.843727235216318472e-09
1.805553942517499596e-09
1.768171005489315316e-09
1.731562060280460178e-09
1.695711081843565331e-09
1.660602376920491249e-09
1.626220577172810500e-09
1.592550632454563508e-09
1.559577804224222819e-09
1.527287659093163885e-09
1.495666062507577855e-09
1.464699172561358090e-09
1.434373433936933925e-09
1.404931788900650019e-09
1.376413046207190100e-09
1.348473206127532070e-09
1.321100517504210553e-09
1.294283467716769907e-09
1.268010777839707411e-09
1.242271397898677649e-09
1.217054502223018984e-09
1.192349484892617899e-09
1.168145955277171490e-09
1.144433733666025822e-09
1.121202846986693002e-09
1.098443524610331416e-09
1.076146194242301275e-09
1.054301477896205022e-09
1.033284671182668194e-09
1.012716342448454846e-09
9.925574421696532883e-10
9.727998203569106660e-10
9.534354892527020155e-10
9.344566201019910956e-10
9.158555399871368909e-10
8.976247287258596086e-10
8.797568158309000797e-10
8.622445775302355023e-10
8.450809338466102386e-10
8.282589457351653995e-10
8.117718122780981907e-10
7.956128679351096269e-10
7.799532712141619333e-10
7.648484814090710012e-10
7.500362151223453067e-10
7.355108072629837055e-10
7.212667024516973832e-10
7.072984528962025673e-10
6.936007163076607177e-10
6.801682538574699325e-10
6.669959281736282598e-10
6.540787013758861970e-10
6.414116331489785539e-10
6.289898788531431347e-10
6.168086876712452655e-10
6.048634007917830376e-10
5.931494496270810213e-10
5.818696603151082638e-10
5.708267944154974024e-10
5.599935027480471534e-10
5.493658079612972488e-10
5.389398081869445709e-10
5.287116756073110878e-10
5.186776550499781583e-10
5.088340626091236745e-10
4.991772842929924245e-10
4.897037746970559970e-10
4.804100557023533046e-10
4.712927151985147961e-10
4.623484058310506175e-10
4.535738437723841290e-10
4.449863485125689464e-10
4.365933073515169840e-10
4.283585702376956187e-10
4.202791513438083702e-10
4.123521211592853168e-10
4.045746054280617996e-10
3.969437841064091229e-10
3.894568903404220643e-10
3.821112094627772630e-10
3.749040780084306839e-10
3.678328827488707075e-10
3.608950597445953007e-10
3.540880934154447609e-10
3.474095156284912123e-10
3.408569048031097820e-10
3.343593685230239940e-10
3.279760104591558073e-10
3.217145190573510662e-10
3.155725677234921439e-10
3.095478742811888117e-10
3.036382001237859170e-10
2.978413493825597621e-10
2.921551681107955228e-10
2.865775434834407370e-10
2.811064030120404381e-10
2.757397137746538212e-10
2.704754816604849023e-10
2.653117506289210084e-10
2.602466019827287234e-10
2.552220864149634269e-10
2.501971848867013264e-10
2.452712153737799195e-10
2.404422300681477468e-10
2.357083195108780927e-10
2.310676118371354539e-10
2.265182720360162139e-10
2.220585012249483691e-10
2.176865359383906481e-10
2.134006474305260536e-10
2.091991409916895237e-10
2.050803552782497116e-10
2.010426616556887162e-10
1.970844635546151178e-10
1.932041958394522382e-10
1.892481394080380221e-10
1.853462677059250421e-10
1.815248438371560177e-10
1.777822091480426931e-10
1.741167391826108995e-10
1.705268429775232520e-10
1.670109623715319201e-10
1.635675713291761472e-10
1.601951752784197788e-10
1.568923104619455687e-10
1.536575433018273739e-10
1.504894697772950938e-10
1.473867148153349702e-10
1.443479316938512202e-10
1.413133653888031656e-10
1.382286633724504084e-10
1.352112967175012351e-10
1.322597955734262176e-10
1.293727221747754788e-10
1.265486701408036789e-10
1.237862637903772155e-10
1.210841574718392268e-10
1.184410349075007250e-10
1.158556085524428074e-10
1.133266189673155909e-10
1.108528342048257312e-10
1.084330492096186466e-10
1.060660852312577374e-10
1.037507892500226429e-10
1.013665850875974907e-10
9.901171338357266108e-11
9.671154827479976174e-11
9.446481885910611865e-11
9.227028375895546348e-11
9.012673043555470694e-11
8.803297451889288277e-11
8.598785915334651933e-11
8.399025435848336926e-11
8.203905640472257440e-11
8.013318720349192051e-11
7.827159371155644080e-11
7.645324734918311440e-11
7.467714343182394497e-11
7.290706118559672407e-11
7.110151923268375755e-11
6.934069149113408909e-11
6.762347061437282050e-11
6.594877667924068492e-11
6.431555650685522807e-11
6.272278300028831279e-11
6.116945449864724850e-11
5.965459414715187471e-11
5.817724928281166985e-11
5.673649083531654690e-11
5.533141274276461319e-11
5.396113138185932888e-11
5.262478501221814701e-11
5.132153323444170363e-11
4.998592898359705598e-11
4.866878397132584307e-11
4.738634614602959418e-11
4.613770096237256788e-11
4.492195797357683112e-11
4.373825019641896091e-11
4.258573349295650633e-11
4.146358596854888740e-11
4.037100738573862285e-11
3.930721859357811364e-11
3.827146097199274120e-11
3.726299589078690425e-11
3.628110418290369596e-11
3.532508563156527273e-11
3.437870086657223379e-11
3.341893596511030278e-11
3.248596523105025308e-11
3.157904064015663096e-11
3.069743505110621723e-11
2.984044162249175185e-11
2.900737324609946464e-11
2.819756199601007009e-11
2.741035859307747645e-11
2.664513188435966642e-11
2.590126833708133494e-11
2.517817154672396737e-11
2.447526175884917724e-11
2.379197540427148872e-11
2.312776464720741145e-11
2.245542723596498845e-11
2.179479928207496824e-11
2.115360668734667359e-11
2.053127767278782582e-11
1.992725728087116975e-11
1.934100688065542255e-11
1.877200368746406822e-11
1.821974029669663953e-11
1.768372423135380785e-11
1.716347750287455891e-11
1.665853618489325747e-11
1.616844999953656341e-11
1.569278191589131207e-11
1.523110776028524454e-11
1.477766862845049708e-11
1.432252128040804159e-11
1.388139232143884187e-11
1.345384998975618123e-11
1.303947582169491071e-11
1.263786424213337753e-11
1.224862216753079495e-11
1.187136862119038510e-11
1.150573436037280669e-11
1.115136151489410658e-11
1.080790323685450940e-11
1.047502336115590244e-11
1.015239607647484162e-11
9.839705606369893097e-12
9.536645900210552420e-12
9.234242795619548785e-12
8.938492544437145021e-12
8.652214451720759523e-12
8.375105147361270695e-12
8.106870977453292414e-12
7.847227693109166819e-12
7.595900149239139302e-12
7.352622012978724496e-12
7.117135481455042363e-12
6.889191008591653425e-12
6.668547040663789543e-12
6.454969760322644315e-12
6.248232838818228574e-12
6.048117196157905877e-12
5.852954108532950801e-12
5.659307402890162354e-12
5.472067555375927910e-12
5.291022593207445743e-12
5.115967556783625263e-12
4.946704267652037044e-12
4.783041104152530295e-12
4.624792784483859290e-12
4.471780156947606531e-12
4.323829997131858021e-12
4.180774811805294824e-12
4.042452649299330686e-12
3.908706916163899232e-12
3.779386199889232864e-12
3.654344097492874028e-12
3.533439049778082339e-12
3.416534181075714473e-12
3.303497144288299069e-12
3.194199971061007773e-12
3.088518926909562636e-12
2.986334371141475840e-12
2.887530621411696433e-12
2.791995822759533077e-12
2.699621820978530999e-12
2.610304040175887481e-12
2.523941364382958955e-12
2.440436023082609655e-12
2.359693480523979179e-12
2.281622328699295744e-12
2.206134183861544703e-12
2.133143586465965656e-12
2.062567904421925967e-12
1.994327239545780492e-12
1.928344337108770955e-12
1.864544498377481818e-12
1.802855496048077659e-12
1.743207492478267937e-12
1.685532960624668139e-12
1.629766607595962091e-12
1.575845300735299454e-12
1.523707996148343170e-12
1.473295669595921541e-12
1.424551249673150908e-12
1.377419553199345125e-12
1.331847222745540888e-12
1.287782666228999989e-12
1.245175998506187610e-12
1.203978984898194166e-12
1.164144986584632540e-12
1.125628907804170888e-12
1.088387144801999798e-12
1.052377536466343310e-12
1.017559316598178260e-12
9.838930677601652206e-13
9.513406766524399379e-13
9.198652909648692528e-13
8.894312776568202246e-13
8.600041826172743815e-13
8.315506916595984945e-13
8.040385928067980887e-13
7.774367398246078455e-13
7.517150169610674389e-13
7.268443048527146576e-13
7.027964475587825757e-13
6.795442206860649561e-13
6.570613005684090653e-13
6.353222344658847940e-13
6.143024117499382245e-13
5.939780360418936735e-13
5.743260982732381638e-13
5.553243506372627787e-13
5.369512814024723298e-13
5.191860905593264810e-13
5.020086662727089109e-13
4.853995621134770200e-13
4.693399750433014542e-13
4.538117241279043467e-13
4.387972299545561236e-13
4.242794947305601598e-13
4.102420830401849649e-13
3.966691032382504895e-13
3.835451894593297672e-13
3.708554842221645640e-13
3.585856216096275821e-13
3.467217110051816797e-13
3.352503213674089215e-13
3.241584660248497648e-13
3.134335879738810993e-13
3.030635456630326277e-13
2.930365992476314596e-13
2.833413972992100461e-13
2.739669639546490648e-13
2.649026864904828589e-13
2.561383033083184375e-13
2.476638923177604003e-13
2.394698597036852026e-13
2.315469290651631159e-13
2.238861309137127426e-13
2.164787925190131908e-13
2.093165280905743381e-13
2.023912292842454497e-13
1.956950560228234708e-13
1.892204276203637556e-13
1.829600142001417815e-13
1.769067283965577859e-13
1.710537173315823402e-13
1.653943548566703044e-13
1.599222340513465179e-13
1.546311599699813931e-13
1.495151426285415307e-13
1.445683902233726003e-13
1.397853025743470607e-13
1.351604647849410050e-13
1.306886411120722774e-13
1.263647690387568470e-13
1.221839535428703504e-13
1.181414615555346031e-13
1.142327166028447771e-13
1.104532936248797002e-13
1.067989139661239681e-13
1.032654405316382908e-13
9.984887310348271633e-14
9.654534381210396774e-14
9.335111275754844387e-14
9.026256377555127974e-14
8.727620034370322314e-14
8.438864162306697353e-14
8.159661863075398581e-14
7.889697053913465401e-14
7.628664109749014560e-14
7.376267517205331248e-14
7.132221540052650901e-14
6.896249895728257782e-14
6.668085442559168000e-14
6.447469877333129025e-14
6.234153442875450137e-14
6.027894645300994779e-14
5.828459980620712732e-14
5.635623670393637634e-14
5.449167406124780270e-14
5.268880102119826589e-14
5.094557656516698336e-14
4.926002720223343362e-14
4.763024473500380132e-14
4.605438409935565800e-14
4.453066127565437497e-14
4.305735126907946282e-14
4.163278615677047771e-14
4.025535319958468748e-14
3.892349301632752312e-14
3.763569781838939153e-14
3.639050970278919424e-14
3.518651900169460088e-14
3.402236268654737554e-14
3.289672282498943529e-14
3.180832508884208078e-14
3.075593731144790121e-14
2.973836809274599645e-14
