7.859733266554797296e-10
7.966024361088278669e-10
8.073752883126448827e-10
8.182938271718716311e-10
8.293600228798355109e-10
8.405758722737745544e-10
8.519433991951529589e-10
8.634646548548494370e-10
8.751417182033016188e-10
8.869766963056200516e-10
8.989717247218122122e-10
9.111289678921250084e-10
9.234506195276219904e-10
9.359389030060047832e-10
9.485960717728249456e-10
9.613851181991365082e-10
9.743045887582337876e-10
9.873976762335610115e-10
1.000666713757378850e-09
1.014114065815494556e-09
1.027742128668616187e-09
1.041553330779331454e-09
1.055550133244865451e-09
1.069735030235629281e-09
1.084110549439688597e-09
1.098679252513159517e-09
1.113443735536703552e-09
1.128406629478128149e-09
1.143570600661232669e-09
1.158938351240908461e-09
1.174404286420156159e-09
1.190073609448702278e-09
1.205951998202745572e-09
1.222042242112157822e-09
1.238347167824370208e-09
1.254869639700956506e-09
1.271612560320845105e-09
1.288578870990198102e-09
1.305771552259143378e-09
1.323193624445372065e-09
1.340848148164753200e-09
1.358738224868973409e-09
1.376866997390399538e-09
1.395237650494211576e-09
1.413789168034596282e-09
1.432510952116077253e-09
1.451480655199292789e-09
1.470701560295676350e-09
1.490176993891217402e-09
1.509910326522139827e-09
1.529904973358233421e-09
1.550164394793902559e-09
1.570692097047050753e-09
1.591491632765861675e-09
1.612566601643680563e-09
1.633920651041972410e-09
1.655557476621564176e-09
1.677480822982244410e-09
1.699694484310798463e-09
1.722027923941753988e-09
1.744644877681230256e-09
1.767558880376390567e-09
1.790773833440437429e-09
1.814293689527368484e-09
1.838122453204992153e-09
1.862264181636706034e-09
1.886722985272342429e-09
1.911503028547967070e-09
1.936608530594990872e-09
1.962043765958477854e-09
1.987813065324968129e-09
2.013920816259856893e-09
2.040371463954381945e-09
2.067062942138403704e-09
2.093962460743976038e-09
2.121212033567279779e-09
2.148816216004161925e-09
2.176779622731662196e-09
2.205106928479461938e-09
2.233802868811382865e-09
2.262872240917009650e-09
2.292319904413704816e-09
2.322150782158970815e-09
2.352369861073427330e-09
2.382982192974492276e-09
2.413992895420907161e-09
2.445407152568257308e-09
2.477230216035632983e-09
2.509181021940982832e-09
2.541518733386569717e-09
2.574273205349799949e-09
2.607449808938304903e-09
2.641053984481236536e-09
2.675091242421412688e-09
2.709567164218856815e-09
2.744487403266084908e-09
2.779857685815186370e-09
2.815683811916742662e-09
2.851971656371013873e-09
2.888727169691215358e-09
2.925956379079321198e-09
2.963665389414446187e-09
3.001691717038348899e-09
3.039956842673108493e-09
3.078709766515636521e-09
3.117956706945908021e-09
3.157703961614933067e-09
3.197957908455214133e-09
3.238725006704213769e-09
3.280011797940807364e-09
3.321824907134943487e-09
3.364171043710756274e-09
3.407057002623094251e-09
3.450489665447906928e-09
3.494476001486464737e-09
3.539023068883652630e-09
3.584138015760595820e-09
3.629337423008914027e-09
3.675047597968244756e-09
3.721333475831778788e-09
3.768202307366671375e-09
3.815661434660773145e-09
3.863718292272904145e-09
3.912380408397363262e-09
3.961655406043362870e-09
4.011551004229058257e-09
4.062075019190877404e-09
4.113235365607811989e-09
4.165040057841405790e-09
4.217497211191079847e-09
4.270615043165547944e-09
4.324134525409718101e-09
4.377883355545795624e-09
4.432300281626628024e-09
4.487393608059756370e-09
4.543171742476254535e-09
4.599643197013660685e-09
4.656816589615138051e-09
4.714700645344504329e-09
4.773304197717793122e-09
4.832636190051368906e-09
4.892705676826626157e-09
4.953521825071822681e-09
5.015093915761095152e-09
5.077431345230678345e-09
5.140543626612917027e-09
5.203637338976001039e-09
5.267380570259051790e-09
5.331904639880694658e-09
5.397219112911586076e-09
5.463333671592057986e-09
5.530258116767398627e-09
5.598002369340818441e-09
5.666576471744000183e-09
5.735990589425873481e-09
5.806255012359529459e-09
5.877380156567607135e-09
5.949376565666367484e-09
6.022254912428684289e-09
6.096026000366179267e-09
6.170255120874467143e-09
6.244563283350034253e-09
6.319766336377529408e-09
6.395875057091917889e-09
6.472900352416922447e-09
6.550853260627853682e-09
6.629744952933683130e-09
6.709586735077749417e-09
6.790390048958161235e-09
6.872166474267290003e-09
6.954927730151439101e-09
7.038685676890062707e-09
7.123452317595649250e-09
7.209239799933630081e-09
7.296060417863453214e-09
7.382596835159913646e-09
7.469903736765184623e-09
7.558243133471886963e-09
7.647627235610582310e-09
7.738068397911843594e-09
7.829579121213712987e-09
7.922172054189672268e-09
8.015859995097042912e-09
8.110655893545749693e-09
8.206572852288481813e-09
8.303624129031500447e-09
8.401823138267396354e-09
8.501183453128976998e-09
8.601718807265631464e-09
8.702740601224191181e-09
8.803485403459875177e-09
8.905396449255212350e-09
9.008487239297187119e-09
9.112771430559651912e-09
9.218262838112529979e-09
9.324975436951975664e-09
9.432923363851713798e-09
9.542120919235809699e-09
9.652582569073122874e-09
9.764322946793687633e-09
9.877356855227278679e-09
9.991699268564426387e-09
1.010736533434013488e-08
1.022437037544048158e-08
1.034045930007432990e-08
1.045734013345543219e-08
1.057554210053238121e-08
1.069508013441432482e-08
1.081596933700313310e-08
1.093822498090130029e-08
1.106186251134141802e-08
1.118689754813745805e-08
1.131334588765811242e-08
1.144122350482243298e-08
1.157054655511803121e-08
1.170133137664209184e-08
1.183359449216545650e-08
1.196735261122002883e-08
1.210152095873183279e-08
1.223459749164785887e-08
1.236913742438552987e-08
1.250515684948193481e-08
1.264267203643861205e-08
1.278169943366750001e-08
1.292225567045851029e-08
1.306435755896850665e-08
1.320802209623214961e-08
1.335326646619510477e-08
1.350010804176936330e-08
1.364856438691115268e-08
1.379865325872199205e-08
1.395039260957242051e-08
1.410380058924950190e-08
1.425507529706212258e-08
1.440692722586155818e-08
1.456039675455433660e-08
1.471550111459372487e-08
1.487225772099073393e-08
1.503068417426946110e-08
1.519079826244326096e-08
1.535261796301197956e-08
1.551616144498044714e-08
1.568144707089848755e-08
1.584849339892265266e-08
1.601731918489991347e-08
1.618794338447355612e-08
1.636038515521151755e-08
1.653293687955175573e-08
1.670267612081225636e-08
1.687415802946655586e-08
1.704740049701467936e-08
1.722242159864400185e-08
1.739923959511490897e-08
1.757787293466616785e-08
1.775834025493967714e-08
1.794066038492501972e-08
1.812485234692397364e-08
1.831093535853521291e-08
1.849892883465935029e-08
1.868885238952459339e-08
1.888072583873317959e-08
1.907456920132884123e-08
1.926409979510763864e-08
1.945350708514621855e-08
1.964477665382233609e-08
1.983792681131677891e-08
2.003297604783860478e-08
2.022994303539504007e-08
2.042884662957918914e-08
2.062970587137490932e-08
2.083253998897964238e-08
2.103736839964511637e-08
2.124421071153617268e-08
2.145308672560787372e-08
2.166401643750087155e-08
2.187702003945586444e-08
2.208946149496277448e-08
2.229578974829373972e-08
2.250404522597697391e-08
2.271424592939455930e-08
2.292641002807168893e-08
2.314055586124735024e-08
2.335670193945969282e-08
2.357486694614578249e-08
2.379506973925676074e-08
2.401732935288780418e-08
2.424166499892362167e-08
2.446809606869881427e-08
2.469664213467416335e-08
2.492732295212864179e-08
2.516015846086670812e-08
2.538496004757849824e-08
2.560803196467634417e-08
2.583306414013590449e-08
2.606007379984980728e-08
2.628907832108390886e-08
2.652009523380808840e-08
2.675314222203787863e-08
2.698823712518818666e-08
2.722539793943890294e-08
2.746464281911246140e-08
2.770599007806353599e-08
2.794945819108093975e-08
2.819506579530184224e-08
2.844283169163841792e-08
2.868887546985418809e-08
2.892313478245123454e-08
2.915930694191451894e-08
2.939740756761512730e-08
2.963745240646428206e-08
2.987945733395477907e-08
3.012343835521090806e-08
3.036941160604697914e-08
3.061739335403444534e-08
3.086739999957780984e-08
3.111944807699922514e-08
3.137355425563197293e-08
3.162973534092320173e-08
3.188800827554474440e-08
3.214839014051416624e-08
3.239499807910317537e-08
3.263686076037309714e-08
3.288052920055827137e-08
3.312601688154538420e-08
3.337333738587754092e-08
3.362250439750582237e-08
3.387353170254635381e-08
3.412643319004310432e-08
3.438122285273633764e-08
3.463791478783682014e-08
3.489652319780580577e-08
3.515706239114075845e-08
3.541954678316732781e-08
3.568399089683647341e-08
3.594498791239788530e-08
3.618517089230101907e-08
3.642695876532515052e-08
3.667036225530230777e-08
3.691539215772071370e-08
3.716205934020364416e-08
3.741037474299144921e-08
3.766034937942651264e-08
3.791199433644216859e-08
3.816532077505411967e-08
3.842033993085552107e-08
3.867706311451541314e-08
3.893550171228001932e-08
3.919566718647825274e-08
3.945757107602978380e-08
3.969736178872775260e-08
3.992733684501155476e-08
4.015864419452929035e-08
4.039129155553201549e-08
4.062528669098449089e-08
4.086063740882382474e-08
4.109735156222023307e-08
4.133543704983872666e-08
4.157490181610315364e-08
4.181575385146100327e-08
4.205800119265014840e-08
4.230165192296670652e-08
4.254671417253525643e-08
4.279319611857978954e-08
4.303387946117308806e-08
4.323970416553365076e-08
4.344651329912669306e-08
4.365431157033201101e-08
4.386310371004922740e-08
4.407289447180490174e-08
4.428368863186099676e-08
4.449549098932392071e-08
4.470830636625312620e-08
4.492213960777163483e-08
4.513699558217569482e-08
4.535287918104590775e-08
4.556979531935886491e-08
4.578774893559838650e-08
4.600674499186869984e-08
4.619300309577175192e-08
4.636205912848037028e-08
4.653173386835846445e-08
4.670202957973554381e-08
4.687294853522803149e-08
4.704449301576963845e-08
4.721666531064176401e-08
4.738946771750417431e-08
4.756290254242526395e-08
4.773697209991340274e-08
4.791167871294744219e-08
4.808702471300783732e-08
4.826301244010770895e-08
4.843964424282423026e-08
4.860805184767288787e-08
4.872259718907343007e-08
4.883741245767190078e-08
4.895249828955453418e-08
4.906785532230619733e-08
4.918348419501426142e-08
4.929938554827238026e-08
4.941556002418340205e-08
4.953200826636368384e-08
4.964873091994596361e-08
4.976572863158324463e-08
4.988300204945268657e-08
5.000055182325857671e-08
5.011837860423622098e-08
5.023648304515590124e-08
5.030870715192722412e-08
5.035357004319320506e-08
5.039847294103303469e-08
5.044341588112275475e-08
5.048839889917011116e-08
5.053342203091481870e-08
5.057848531212814416e-08
5.062358877861354817e-08
5.066873246620633452e-08
5.071391641077386851e-08
5.075914064821516669e-08
5.080440521446159167e-08
5.084971014547644186e-08
5.089505547725517644e-08
5.093085303141665455e-08
5.089201934210247201e-08
5.085321526264835136e-08
5.081444077047729775e-08
5.077569584302964744e-08
5.073698045776281628e-08
5.069829459215172990e-08
5.065963822368818179e-08
5.062101132988112448e-08
5.058241388825695408e-08
5.054384587635892134e-08
5.050530727174748236e-08
5.046679805200010007e-08
5.042831819471165452e-08
5.038986767749378774e-08
5.029515041513853317e-08
5.016326136197639772e-08
5.003171816168865391e-08
4.990051990734495566e-08
4.976966569439280331e-08
4.963915462065211080e-08
4.950898578630827052e-08
4.937915829390627705e-08
4.924967124834479791e-08
4.912052375686934437e-08
4.899171492906690471e-08
4.886324387685907529e-08
4.873510971449628353e-08
4.860731155855195133e-08
4.847108078937412753e-08
4.824376639083732372e-08
4.801751802662326341e-08
4.779233069736022837e-08
4.756819942712198857e-08
4.734511926331789297e-08
4.712308527658330456e-08
4.690209256067106757e-08
4.668213623234253146e-08
4.646321143126001737e-08
4.624531331987933102e-08
4.602843708334286448e-08
4.581257792937320750e-08
4.559773108816724194e-08
4.538389181229067954e-08
4.511230477303549867e-08
4.479902406761318480e-08
4.448791892827821151e-08
4.417897424689371244e-08
4.387217502024063668e-08
4.356750634928930700e-08
4.326495343847552434e-08
4.296450159498260153e-08
4.266613622802756593e-08
4.236984284815231865e-08
4.207560706652053095e-08
4.178341459421851124e-08
4.149325124156147850e-08
4.120510291740413694e-08
4.091304212886155481e-08
4.053203316681797984e-08
4.015457240900474167e-08
3.978062681222720265e-08
3.941016364101077375e-08
3.904315046473473378e-08
3.867955515479348443e-08
3.831934588178420902e-08
3.796249111272004806e-08
3.760895960826989021e-08
3.725872042002392491e-08
3.691174288778381193e-08
3.656799663687932072e-08
3.622745157550873958e-08
3.589007789210495391e-08
3.550963526430931010e-08
3.509543929327699396e-08
3.468607463918562779e-08
3.428148494797815481e-08
3.388161452292962835e-08
3.348640831697986962e-08
3.309581192515557353e-08
3.270977157708078372e-08
3.232823412957477099e-08
3.195114705933618318e-08
3.157845845571266614e-08
3.121011701355440034e-08
3.084607202615200347e-08
3.048627337825526494e-08
3.012845987650880138e-08
2.971262080116403271e-08
2.930252122054586011e-08
2.889808191699150712e-08
2.849922476621591701e-08
2.810587272222158293e-08
2.771794980241514669e-08
2.733538107293036587e-08
2.695809263415333987e-08
2.658601160644751986e-08
2.621906611607578962e-08
2.585718528131684774e-08
2.550029919877318142e-08
2.514833892986807423e-08
2.480123648752887499e-08
2.443802285660933690e-08
2.406117670297622688e-08
2.369014169962893295e-08
2.332482823581432342e-08
2.296514808262049202e-08
2.261101437166810224e-08
2.226234157413032418e-08
2.191904548007627519e-08
2.158104317813296801e-08
2.124825303546113756e-08
2.092059467803919254e-08
2.059798897125206244e-08
2.028035800077875936e-08
1.996762505377482313e-08
1.965953892381097522e-08
1.933258219299843323e-08
1.901106306193014644e-08
1.869489109817816747e-08
1.838397737329151968e-08
1.807823443778338039e-08
1.777757629653463374e-08
1.748191838460644783e-08
1.719117754345478557e-08
1.690527199754100928e-08
1.662412133133094250e-08
1.634764646667682059e-08
1.607576964057539330e-08
1.580841438329557532e-08
1.554550549687039051e-08
1.527815121096538557e-08
1.500652153554706904e-08
1.473972115390579755e-08
1.447766420620924732e-08
1.422026635912379784e-08
1.396744477867507679e-08
1.371911810359073964e-08
1.347520641911747027e-08
1.323563123130334013e-08
1.300031544173741801e-08
1.276918332273862156e-08
1.254216049298527576e-08
1.231917389357860866e-08
1.210015176453115665e-08
1.188502362167357081e-08
1.165530427717784390e-08
1.142966860283164837e-08
1.120840102187256514e-08
1.099141697214126954e-08
1.077863352852195753e-08
1.056996937125059983e-08
1.036534475483706805e-08
1.016468147758844103e-08
9.967902851722757438e-09
9.774933674060931429e-09
9.585700197286345655e-09
9.400130101760802739e-09
9.218152467885908024e-09
9.039697748999694441e-09
8.857912615116399032e-09
8.672210512837883570e-09
8.490401570527077551e-09
8.312404169859000989e-09
8.138138403599627902e-09
7.967526039733829232e-09
7.800490486344827556e-09
7.636956757230583700e-09
7.476851438240687431e-09
7.320102654318844808e-09
7.166640037236604795e-09
7.016394694003363096e-09
6.869299175938678762e-09
6.725287448392963908e-09
6.584294861102974990e-09
6.443638340352978998e-09
6.305862974949798507e-09
6.171033468750612226e-09
6.039086834541188704e-09
5.909961431875477450e-09
5.783596938279364838e-09
5.659934321070411550e-09
5.538915809779977697e-09
5.420484869165153349e-09
5.304586172797484589e-09
5.191165577216749132e-09
5.080170096637039602e-09
4.971547878193909787e-09
4.865248177720644353e-09
4.761740651428905642e-09
4.661080422358615361e-09
4.562548087782821879e-09
4.466098665338383730e-09
4.371688123561276953e-09
4.279273361785123513e-09
4.188812190464837628e-09
4.100263311915946883e-09
4.013586301461353572e-09
3.928741588976367788e-09
3.845690440824118472e-09
3.764394942172671095e-09
3.684817979685973492e-09
3.606923224580762102e-09
3.530675116041636602e-09
3.455014805099990673e-09
3.380897369981758856e-09
3.308369911896446006e-09
3.237398322446181903e-09
3.167949224931002141e-09
3.099989958652291990e-09
3.033488563553067293e-09
2.968413765187756981e-09
2.904734960014300223e-09
2.842422201001885781e-09
2.781446183547360839e-09
2.721778231693834965e-09
2.663390284644807580e-09
2.606254883567711868e-09
2.551384537182182663e-09
2.499110068347105540e-09
2.447906633710192657e-09
2.397752289208133365e-09
2.348625540382228963e-09
2.300505333166583487e-09
2.253371044865079033e-09
2.207202475313129171e-09
2.161979838220607659e-09
2.117683752692101932e-09
2.074295234920910091e-09
2.031795690053252218e-09
1.990166904219096969e-09
1.949391036726342674e-09
1.909450612414892055e-09
1.870967880077278386e-09
1.833329782624296015e-09
1.796448847490862363e-09
1.760309842908717350e-09
1.724897843525753346e-09
1.690198224241867119e-09
1.656196654168817299e-09
1.622879090711583325e-09
1.590231773768828249e-09
1.558241220049932803e-09
1.526894217506477763e-09
1.496177819875680239e-09
1.466079341333576576e-09
1.436586351255821650e-09
1.408118469717006935e-09
1.380884236783449416e-09
1.354176737544130464e-09
1.327985784512391941e-09
1.302301387236412454e-09
1.277113748488360832e-09
1.252413260527308269e-09
1.228190501434366574e-09
1.204436231518733370e-09
1.181141389793247970e-09
1.158297090518088327e-09
1.135894619811364974e-09
1.113925432325219601e-09
1.092381147986239614e-09
1.071253548798890832e-09
1.050880921135780563e-09
1.030944680674622164e-09
1.011386650223499990e-09
9.921996547680405236e-10
9.733766554109384602e-10
9.549107467896483447e-10
9.367951545431325735e-10
9.190232328266026212e-10
9.015884618734672568e-10
8.844844456034933771e-10
8.677049092763444179e-10
8.512436971896688509e-10
8.350947704208042607e-10
8.192522046113771465e-10
8.037207386689984414e-10
7.885020599205144486e-10
7.735715511441410500e-10
7.589237557602271445e-10
7.445533205109949406e-10
7.304549935041030215e-10
7.166236222932835422e-10
7.030541519952796267e-10
6.897416234424824334e-10
6.766811713705168084e-10
6.638680226401629984e-10
6.512974944929318971e-10
6.389649928396870882e-10
6.268660105816699298e-10
6.149961259633047126e-10
6.031602411778517849e-10
5.915184738165042769e-10
5.801014075180588071e-10
5.689047052633994746e-10
5.579241137434384114e-10
5.471554617434249414e-10
5.365946585584041885e-10
5.262376924392809551e-10
5.160806290688767554e-10
5.061196100673794707e-10
4.963508515266715350e-10
4.867706425729159538e-10
4.773753439569070543e-10
4.681613866716290665e-10
4.590047563280478340e-10
4.497918521694288342e-10
4.407638646197699266e-10
4.319170821293019802e-10
4.232478676445533524e-10
4.147526571130914788e-10
4.064279580182860517e-10
3.982703479434813649e-10
3.902764731649795655e-10
3.824430472732812756e-10
3.747668498219834615e-10
3.672447250038042783e-10
3.598735803531817640e-10
3.526503854749060783e-10
3.455721707982843771e-10
3.383236662904443719e-10
3.311604847794430032e-10
3.241489662304893258e-10
3.172858995488959500e-10
3.105681416271118591e-10
3.039926159052454395e-10
2.975563109620860742e-10
2.912562791359495781e-10
2.850896351747250737e-10
2.790535549145029728e-10
2.731452739861851343e-10
2.673620865494682899e-10
2.617013440536435275e-10
2.561604540246273779e-10
2.506290818779371621e-10
2.449798032649059220e-10
2.394578616257347256e-10
2.340603867346792477e-10
2.287845730620184680e-10
2.236276783157806690e-10
2.185870220163395487e-10
2.136599841031396053e-10
2.088440035728270882e-10
2.041365771480740801e-10
1.995352579764160009e-10
1.950376543584095874e-10
1.906414285044627890e-10
1.863442953196861304e-10
1.821440212161302920e-10
1.778153815682825180e-10
1.735332295133559302e-10
1.693542002932470397e-10
1.652758105026663313e-10
1.612956365417216067e-10
1.574113131756763125e-10
1.536205321294085604e-10
1.499210407157017305e-10
1.463106404965792606e-10
1.427871859768730347e-10
1.393485833292542071e-10
1.359927891499675748e-10
1.327178092445300504e-10
1.295216974426745966e-10
1.263432136192725268e-10
1.230946496322232413e-10
1.199296134237993913e-10
1.168459573097216775e-10
1.138415888274346510e-10
1.109144693162304077e-10
1.080626125338858338e-10
1.052840833088662506e-10
1.025769962271865969e-10
9.993951435303157031e-11
9.736984798227782179e-11
9.486625342805958837e-11
9.242703183756471120e-11
9.005052803925093140e-11
8.773512941970519838e-11
8.536820656901394700e-11
8.303244095232587527e-11
8.076058438603725800e-11
7.855088825004028319e-11
7.640165176834819834e-11
7.431122070002782373e-11
7.227798606594982624e-11
7.030038291037898759e-11
6.837688909644580338e-11
6.650602413457669298e-11
6.468634804297969412e-11
6.291646023930725394e-11
6.119499846264580066e-11
5.952063772500076641e-11
5.786799630247051675e-11
5.619258762720253521e-11
5.456568580215389058e-11
5.298588644488812528e-11
5.145182583299940249e-11
4.996217972691281489e-11
4.851566222676903253e-11
4.711102466240184904e-11
4.574705451545546222e-11
4.442257437270857148e-11
4.313644090970139034e-11
4.188754390378893077e-11
4.067480527576942916e-11
3.949717815925977691e-11
3.835364599701309601e-11
3.720130081137043064e-11
3.606937075949460995e-11
3.497188212806348585e-11
3.390778696235573203e-11
3.287606919393921496e-11
3.187574367046170926e-11
3.090585521496291352e-11
2.996547771380704468e-11
2.905371323236959406e-11
2.816969115762929596e-11
2.731256736684938907e-11
2.648152342155341141e-11
2.567576578602600227e-11
2.489452506959254558e-11
2.412959153080782335e-11
2.336362790321500656e-11
2.262197883055563523e-11
2.190387247777072251e-11
2.120856151073745413e-11
2.053532231851786165e-11
1.988345426029586103e-11
1.925227893621932633e-11
1.864113948138911960e-11
1.804939988225838885e-11
1.747644431473314639e-11
1.692167650328281151e-11
1.638451910039607131e-11
1.586441308573443550e-11
1.536081718435898636e-11
1.487320730342505063e-11
1.440107598675828998e-11
1.394393188674426653e-11
1.350129925298252633e-11
1.307271743717243667e-11
1.265774041371607382e-11
1.225593631553896895e-11
1.186688698464536418e-11
1.149018753694085754e-11
1.112544594086866204e-11
1.077228260942248514e-11
1.043033000510950075e-11
1.009923225745378636e-11
9.778644792641375792e-12
9.468233974921975026e-12
9.167676759393925610e-12
8.876660355810911959e-12
8.594881903060673393e-12
8.322048153977355611e-12
8.057875170158545432e-12
7.802088026470495292e-12
7.554420524933099279e-12
7.314614917687262221e-12
7.082421638756609896e-12
6.857599044323647165e-12
6.639913161250985078e-12
6.429137443585000637e-12
6.225052536789385480e-12
6.027446049462543306e-12
5.836112332301555567e-12
5.650852264082771320e-12
5.471473044436154245e-12
5.297787993197646147e-12
5.129616356130963363e-12
4.966783116816283110e-12
4.809118814510706969e-12
4.656459367790094836e-12
4.508645903789397018e-12
4.365524592863419285e-12
4.226946488496172511e-12
4.092767372292092834e-12
3.962847603887748930e-12
3.837051975627905232e-12
3.715249571854874835e-12
3.597313632664305599e-12
3.483121421986131310e-12
3.372554099852873879e-12
3.265496598722855981e-12
3.161837503729227829e-12
3.061468936730349711e-12
2.964286444040971535e-12
2.870188887727061962e-12
2.779078340351525183e-12
2.690859983060968059e-12
2.605442006907582738e-12
2.522735517303495218e-12
2.442654441508080267e-12
2.365115439051929078e-12
2.290037815004344793e-12
2.217343435994004489e-12
2.146956648895490181e-12
2.078804202097007047e-12
2.012815169267320429e-12
1.948920875542654150e-12
1.887054826056657882e-12
1.827152636739137475e-12
1.769151967311492439e-12
1.712992456409098738e-12
1.658615658763145520e-12
1.605964984376624982e-12
1.554985639631000150e-12
1.505624570262476337e-12
1.457830406148314432e-12
1.411553407845927989e-12
1.366745414828967995e-12
1.323359795366595472e-12
1.281351397993797207e-12
1.240676504522212685e-12
1.201292784542548619e-12
1.163159251371286968e-12
1.126236219395756936e-12
1.090485262773329901e-12
1.055869175441560716e-12
1.022351932397808303e-12
9.898986522079618272e-13
9.584755607052992176e-13
9.280499558416799850e-13
8.985901736544778557e-13
8.700655553138457198e-13
8.424464152160623431e-13
8.157040100896604616e-13
7.898105090822984600e-13
7.647389647971328028e-13
7.404632852486537186e-13
7.169582067087148474e-13
6.941992674145334532e-13
6.721627821113260724e-13
6.508258174030123799e-13
6.301661678854234319e-13
6.101623330371025391e-13
5.907934948436824613e-13
5.720394961325590192e-13
5.538808195953025795e-13
5.362985674759648778e-13
5.192744419041688876e-13
5.027907258524767042e-13
4.868302646982842844e-13
4.713764483709680785e-13
4.564131940657694304e-13
4.419249295064046148e-13
4.278965767389637337e-13
4.143135364402889420e-13
4.011616727244265758e-13
3.884272984313993889e-13
3.760971608829584951e-13
3.641584280905088673e-13
3.525986754008467817e-13
3.414058725658052132e-13
3.305683712223566608e-13
3.200748927701577286e-13
3.099145166338856680e-13
3.000766688981934813e-13
2.905511113034133647e-13
2.813279305905968906e-13
2.723975281847707840e-13
2.637506102056866995e-13
2.553781777956713745e-13
2.472715177545070996e-13
2.394221934715907239e-13
2.318220361459451015e-13
2.244631362849355499e-13
2.173378354728536301e-13
2.104387184007966495e-13
2.037586051495450809e-13
1.972905437174097415e-13
1.910278027852813945e-13
1.849638647113325516e-13
1.790924187481062340e-13
1.734073544749076435e-13
1.679027554386873533e-13
1.625728929967795147e-13
1.574122203550952346e-13
1.524153667955691103e-13
