3.870472964454547228e-09
3.922925806106940586e-09
3.976089491271935021e-09
4.029973653336063476e-09
4.084588056237995703e-09
4.139942596237830453e-09
4.196047303710224514e-09
4.252912344961968254e-09
4.310548024074200392e-09
4.368964784769424120e-09
4.428173212303987986e-09
4.488184035386215166e-09
4.549008128120361443e-09
4.610656511977081030e-09
4.673140357790604519e-09
4.736470987782802698e-09
4.800659877614860818e-09
4.865718658466750272e-09
4.930521007913192680e-09
4.995580893457518454e-09
5.061499266106988392e-09
5.128287453888178489e-09
5.195956934304706315e-09
5.264519336309801177e-09
5.333986442304583053e-09
5.404370190162923810e-09
5.475682675283026341e-09
5.547936152665861445e-09
5.621143039021353297e-09
5.695315914902029799e-09
5.770467526865044402e-09
5.846610789662738964e-09
5.923758788461865934e-09
6.001924781092458350e-09
6.081122200326008490e-09
6.161364656183952778e-09
6.242665938276621741e-09
6.325040018172796485e-09
6.408501051800918057e-09
6.493063381881566724e-09
6.578741540392457708e-09
6.665550251065568772e-09
6.753504431917479913e-09
6.842619197813104701e-09
6.932909863062983629e-09
7.024391944055253713e-09
7.117081161921936154e-09
7.210993445240681926e-09
7.306144932772179605e-09
7.402551976233382594e-09
7.500231143107778330e-09
7.599199219492287521e-09
7.699473212982032551e-09
7.801070355593180168e-09
7.904008106724023917e-09
8.008304156155629782e-09
8.113976427091585977e-09
8.221043079238191932e-09
8.329522511925281706e-09
8.439433367267918392e-09
8.550794533370281351e-09
8.663625147571349227e-09
8.777944599733732012e-09
8.893772535575915205e-09
9.011128860048114586e-09
9.130033740753213988e-09
9.250507611412259979e-09
9.372571175376288587e-09
9.496245409183905039e-09
9.621551566166212967e-09
9.748511180099293271e-09
9.877146068904498981e-09
1.000747833839816258e-08
1.013880350094638650e-08
1.026785901597972926e-08
1.039855726192890031e-08
1.053091914890271018e-08
1.066496585317203391e-08
1.080071882055774599e-08
1.093819976986180266e-08
1.107743069634196795e-08
1.121843387523079052e-08
1.136123186529936907e-08
1.150584751246647040e-08
1.165230395345360064e-08
1.180062461948659385e-08
1.195083324004431841e-08
1.210295384665510355e-08
1.225701077674148473e-08
1.241302867751389337e-08
1.257103250991390785e-08
1.273104755260769292e-08
1.289309940603027765e-08
1.305721399648131209e-08
1.322341758027294623e-08
1.339173674793052947e-08
1.356219842844675582e-08
1.373482989358997621e-08
1.390965876226734464e-08
1.408671300494350449e-08
1.426602094811551487e-08
1.444761127884474325e-08
1.463151304934643902e-08
1.481775568163773749e-08
1.500636897224480886e-08
1.519738309696994648e-08
1.539082861571931380e-08
1.558673647739215753e-08
1.578513802483225618e-08
1.598606499984237169e-08
1.618954954826256260e-08
1.639562422511309026e-08
1.660432199980296994e-08
1.681567626140435237e-08
1.702972082399465798e-08
1.724648993206642080e-08
1.746601826600563621e-08
1.768834094764071343e-08
1.791349354586097416e-08
1.814151208230778087e-08
1.837243303713717992e-08
1.860629335485629269e-08
1.884313045023429207e-08
1.908298221428795739e-08
1.932588702034393229e-08
1.957188373017797650e-08
1.982101170023233654e-08
2.007331078791232066e-08
2.032882135796297465e-08
2.057941291248211519e-08
2.082875085997116755e-08
2.108110975914253586e-08
2.133652621152091757e-08
2.159503726209132446e-08
2.185668040467162738e-08
2.212149358735093129e-08
2.238951521799311885e-08
2.266078416980778945e-08
2.293533978698801786e-08
2.321322189041687808e-08
2.349447078344311944e-08
2.377912725772631599e-08
2.406723259915359016e-08
2.435882859382722248e-08
2.465395753412559917e-08
2.495266222483680598e-08
2.525498598936732015e-08
2.556097267602519825e-08
2.587066666437985431e-08
2.618411287169894774e-08
2.650135675946268872e-08
2.682244433995789379e-08
2.714742218295107676e-08
2.747633742244323215e-08
2.780923776350560277e-08
2.814617148919916471e-08
2.848718746757701556e-08
2.883233515877254801e-08
2.918166462217256819e-08
2.953522652367824737e-08
2.989307214305316920e-08
3.025525338136100689e-08
3.062182276849331013e-08
3.099283347078786837e-08
3.136833929874034687e-08
3.174839471480833214e-08
3.213305484131090017e-08
3.252237546842296633e-08
3.291641306226743446e-08
3.331522477310448350e-08
3.371886844362066496e-08
3.412740261731849297e-08
3.454088654700696355e-08
3.495938020339600092e-08
3.538294428379390428e-08
3.581164022091129574e-08
3.624553019177059671e-08
3.668467712672463915e-08
3.712914471858338599e-08
3.757899743185202319e-08
3.803430051208094619e-08
3.849511999532830903e-08
3.896152271773833250e-08
3.943357632523443155e-08
3.990654646425807892e-08
4.035883969839621703e-08
4.081625913832694505e-08
4.127886288349513906e-08
4.174670969183378015e-08
4.221985898722712854e-08
4.269837086705847545e-08
4.318230610984347819e-08
4.367172618294995897e-08
4.416669325040523911e-08
4.466727018079195527e-08
4.517352055523332350e-08
4.568550867546897640e-08
4.620329957202227320e-08
4.672695901246019442e-08
4.725655350974686687e-08
4.779215033069173791e-08
4.833381750449353720e-08
4.888162383138102528e-08
4.943563889135171996e-08
4.999593305300975206e-08
5.056257748250336668e-08
5.113564415256473668e-08
5.171520585165125480e-08
5.230133619319089826e-08
5.289410962493226150e-08
5.349360143840063349e-08
5.409988777846117837e-08
5.471304565299050984e-08
5.533315294265794970e-08
5.596028841081754919e-08
5.659453171351228266e-08
5.723596340959161783e-08
5.788466497094377314e-08
5.854071879284388608e-08
5.920420820441953550e-08
5.987521747923483508e-08
6.055383184599449464e-08
6.124013749936923204e-08
6.193422161094393872e-08
6.263617234028934003e-08
6.334607884616041924e-08
6.406403129782046727e-08
6.479012088649410628e-08
6.552443983695000199e-08
6.626708141921489265e-08
6.701813996042032414e-08
6.777771085678363985e-08
6.854589058572487965e-08
6.932277671812081876e-08
7.010846793069811855e-08
7.090306401856670105e-08
7.170666590789539843e-08
7.251937566873108199e-08
7.334129652796318964e-08
7.417253288243518714e-08
7.497095981228195180e-08
7.575557571816305217e-08
7.654840309847759665e-08
7.734952789121400633e-08
7.815903693375260739e-08
7.897701797227898615e-08
7.980355967129504410e-08
8.063875162322946024e-08
8.148268435814978401e-08
8.233544935357431945e-08
8.319713904438841925e-08
8.406784683286362724e-08
8.494766709878258087e-08
8.583669520966823099e-08
8.673502753112185257e-08
8.764276143726815207e-08
8.855999532131078025e-08
8.948682860619654314e-08
9.042336175539300959e-08
9.136969628377794037e-08
9.232593476864282846e-08
9.329218086081237700e-08
9.426853929587856498e-08
9.525511590555393269e-08
9.625201762914372982e-08
9.725935252513637020e-08
9.827722978291715628e-08
9.930575973460353968e-08
1.003450538670043529e-07
1.013952248337051032e-07
1.024563864672778072e-07
1.035286537916206064e-07
1.046121430344252585e-07
1.057069716397764214e-07
1.068132582808806660e-07
1.079311228729308155e-07
1.090606865861038643e-07
1.102020718586948994e-07
1.113554024103896427e-07
1.125208032556735920e-07
1.136984007173837800e-07
1.148883224404009831e-07
1.160906974054866922e-07
1.173056559432624389e-07
1.185333297483378419e-07
1.197738518935850970e-07
1.210273568445642268e-07
1.222939804740970494e-07
1.235738600769959173e-07
1.248671343849451198e-07
1.261739435815397944e-07
1.274944293174794211e-07
1.288287347259229155e-07
1.301770044380030428e-07
1.315393845985045743e-07
1.328941096923239912e-07
1.341427830947909468e-07
1.354031890358156853e-07
1.366754377543609204e-07
1.379596405251951989e-07
1.392559096686251244e-07
1.405643585603189275e-07
1.418851016412237127e-07
1.432182544275732062e-07
1.445639335209922494e-07
1.459222566186945469e-07
1.472933425237780338e-07
1.486773111556139732e-07
1.500742835603366123e-07
1.514843819214297444e-07
1.529077295704144113e-07
1.543444509976339892e-07
1.557946718631437761e-07
1.572585190077012709e-07
1.587361204638597642e-07
1.602276054671676750e-07
1.617331044674700355e-07
1.632527491403192949e-07
1.647866723984913946e-07
1.663350084036120359e-07
1.678978925778889870e-07
1.694754616159576528e-07
1.710678534968363368e-07
1.726752074959955601e-07
1.742976641975375219e-07
1.759353655064932975e-07
1.775884546612336970e-07
1.792570762459987358e-07
1.809413762035411631e-07
1.826415018478926774e-07
1.843576018772479069e-07
1.860898263869698060e-07
1.878383268827188512e-07
1.896032562937019604e-07
1.913847689860496837e-07
1.931830207763167174e-07
1.949981689451117235e-07
1.968303722508511589e-07
1.986797909436463811e-07
2.005465867793188400e-07
2.024309230335492875e-07
2.043329645161559997e-07
2.062528775855111190e-07
2.081908301630905361e-07
2.101469917481602764e-07
2.121215334326032563e-07
2.141146279158808494e-07
2.161264495201394542e-07
2.181571742054563995e-07
2.202069795852316178e-07
2.222760449417197946e-07
2.241548450015056586e-07
2.259385507345522968e-07
2.277364502546758740e-07
2.295486565085279122e-07
2.313752833415310824e-07
2.332164455050298041e-07
2.350722586634975158e-07
2.369428394018058590e-07
2.388283052325467224e-07
2.407287746034155897e-07
2.426443669046505797e-07
2.445752024765357031e-07
2.465214026169592807e-07
2.484830895890326350e-07
2.504603866287737372e-07
2.524534179528477124e-07
2.544623087663685948e-07
2.564871852707681057e-07
2.585281746717216579e-07
2.605854051871409055e-07
2.626590060552259045e-07
2.647491075425878935e-07
2.668558409524302555e-07
2.689793386327983016e-07
2.711197339848916285e-07
2.732771614714475742e-07
2.754517566251869306e-07
2.776436560573264130e-07
2.798529974661643976e-07
2.820799196457288632e-07
2.843245624944979133e-07
2.865870670241858897e-07
2.888675753686057197e-07
2.911662307925953725e-07
2.934831777010192788e-07
2.958185616478375648e-07
2.981725293452536912e-07
3.005452286729292711e-07
3.029368086872721041e-07
3.053474196308040961e-07
3.077772129415975767e-07
3.102263412627871619e-07
3.126949584521627193e-07
3.151832195918329558e-07
3.176912809979661905e-07
3.202193002306140835e-07
3.227674361036071520e-07
3.253358486945330827e-07
3.279246993547904834e-07
3.305341507197289263e-07
3.331643667188641657e-07
3.358155125861743521e-07
3.384877548704842862e-07
3.411812614459255344e-07
3.438962015224840537e-07
3.465661966441604343e-07
3.488934227908289975e-07
3.512362764903010556e-07
3.535948626831323232e-07
3.559692870145646636e-07
3.583596558392602090e-07
3.606932330440108897e-07
3.629974308740704004e-07
3.653163484913442569e-07
3.676500799294838311e-07
3.699987198228517082e-07
3.723505487762458728e-07
3.745941936164913688e-07
3.768513578195676810e-07
3.791221228480878118e-07
3.814065706555279801e-07
3.837047836891852481e-07
3.859319472787117815e-07
3.881033700386621141e-07
3.902870101774422745e-07
3.924829364353960983e-07
3.946912179396284880e-07
3.969082663523587528e-07
3.989612104098020199e-07
4.010247729896107999e-07
4.030990090143795041e-07
4.051839736907841594e-07
4.072797225110450224e-07
4.092859271068219484e-07
4.111955998058841920e-07
4.131141827790995295e-07
4.150417176006012290e-07
4.169782460384990857e-07
4.189238100557899826e-07
4.206495239709196303e-07
4.223709539834895901e-07
4.240994286285131993e-07
4.258349767348397741e-07
4.275776272492952323e-07
4.292135162685714488e-07
4.306971473030415870e-07
4.321859066966220570e-07
4.336798121761374930e-07
4.351788815296876335e-07
4.366831326068588155e-07
4.379106643780789876e-07
4.391049695467334898e-07
4.403025319204572718e-07
4.415033603825626310e-07
4.427074638405857894e-07
4.437870406921678901e-07
4.446327688482748173e-07
4.454801087146121680e-07
4.463290633626287174e-07
4.471796358696254443e-07
4.480318293187688189e-07
4.485501390099802759e-07
4.489940910321082822e-07
4.494384824552780177e-07
4.498833137143843614e-07
4.503285852447554496e-07
4.506409581463237223e-07
4.506167775315030127e-07
4.505925982141713422e-07
4.505684201942609481e-07
4.505442434717013679e-07
4.505200680464219272e-07
4.500980465714057192e-07
4.495439011744339452e-07
4.489904380224168855e-07
4.484376562753959591e-07
4.478855550944494063e-07
4.472064797972378175e-07
4.460661907328665311e-07
4.449288091826057668e-07
4.437943277328631283e-07
4.426627389889504594e-07
4.415340355750316456e-07
4.399712054647547147e-07
4.382112094625688708e-07
4.364582538891420199e-07
4.347123105809792315e-07
4.329733514872464630e-07
4.311371499833531220e-07
4.287137723862606858e-07
4.263040163455066537e-07
4.239078052957223569e-07
4.215250631019077791e-07
4.191557140570065014e-07
4.163513327498027834e-07
4.132866594281401294e-07
4.102445445128753977e-07
4.072248219563925582e-07
4.042273269333173896e-07
4.011921048570432523e-07
3.975047899482055408e-07
3.938513647671865603e-07
3.902315178370242651e-07
3.866449405435066312e-07
3.830913271088627596e-07
3.791826059501645666e-07
3.749961238552890580e-07
3.708558639026101158e-07
3.667613157623621993e-07
3.627119747392301217e-07
3.586988936427348575e-07
3.541021365337132303e-07
3.495642872615823574e-07
3.450845909173557312e-07
3.406623022662709682e-07
3.362966856238131958e-07
3.317379427982723612e-07
3.269742842546610360e-07
3.222790304359621138e-07
3.176511990705984994e-07
3.130898219921224837e-07
3.085939449366670845e-07
3.038413974863144226e-07
2.991438134624309987e-07
2.945188571181330936e-07
2.899654055826390271e-07
2.854823533454756737e-07
2.810159773580644138e-07
2.765454461461417929e-07
2.721460341976314459e-07
2.678166101146326315e-07
2.635560604980418869e-07
2.593632896612201574e-07
2.553021704519757218e-07
2.513135388398197880e-07
2.473872223349324726e-07
2.435222473772120389e-07
2.397176556166629569e-07
2.360572668532234804e-07
2.326120133227205980e-07
2.292170432342307133e-07
2.258716227014021536e-07
2.225750285489494421e-07
2.193265481563219064e-07
2.163886099944028933e-07
2.135508880317890621e-07
2.107503799776956702e-07
2.079865978086278005e-07
2.052590599010362483e-07
2.026377047281117741e-07
2.002319438194654867e-07
1.978547446513765073e-07
1.955057681323662449e-07
1.931846791967272064e-07
1.908911467567282356e-07
1.886376829566675014e-07
1.864152201289294220e-07
1.842189415764813473e-07
1.820485388054032196e-07
1.799037069563391474e-07
1.777151209575422509e-07
1.752949419061639269e-07
1.729077215957701221e-07
1.705530111841126089e-07
1.682303679414143340e-07
1.659393551671281818e-07
1.632339895261265520e-07
1.603620545671298784e-07
1.575406483640170293e-07
1.547688819150498976e-07
1.520458818595653578e-07
1.492612357182443747e-07
1.458746461802056646e-07
1.425648950030710464e-07
1.393302388005700210e-07
1.361689737421387309e-07
1.330794346554388685e-07
1.297376779476052848e-07
1.262770512412733508e-07
1.229087333953282659e-07
1.196302621604645328e-07
1.164392409654868637e-07
1.133328908758736625e-07
1.103039333412910296e-07
1.073559283322759925e-07
1.044867122954217212e-07
1.016941795008807553e-07
9.897628049696534308e-08
9.658171302076915725e-08
9.445426447534763535e-08
9.237367818958040006e-08
9.033892190753558799e-08
8.834898611124457718e-08
8.640583043830878406e-08
8.499858497389508882e-08
8.361425856236337795e-08
8.225247793337898044e-08
8.091287589586165821e-08
7.959509123897539553e-08
7.831028831081113350e-08
7.705890432169053810e-08
7.582751721831755805e-08
7.461580745414000943e-08
7.342346058890010274e-08
7.225016720703799888e-08
7.064470104602632339e-08
6.904595990146530128e-08
6.748339943584362301e-08
6.595620085399051164e-08
6.446356389066745619e-08
6.284741513753263723e-08
6.104660200421425642e-08
5.929738889189980879e-08
5.759829726729854720e-08
5.594789096262009932e-08
5.434477496164446779e-08
5.292909038668024746e-08
5.157080824771722465e-08
5.024738275101930353e-08
4.895791939501329685e-08
4.770154663309328309e-08
4.658795568777863884e-08
4.571376494959967629e-08
4.485597779546804053e-08
4.401428642348430434e-08
4.318838880743888243e-08
4.237798858843473493e-08
4.151525983026517371e-08
4.065387071345340917e-08
3.981035433099512185e-08
3.898433984626478010e-08
3.817546411702799607e-08
3.732838299784233723e-08
3.635445117904265859e-08
3.540593013648060269e-08
3.448215687965053245e-08
3.358248571607857150e-08
3.270628780000046746e-08
3.193148589725931660e-08
3.120269096324370239e-08
3.049052983253914508e-08
2.979462286006368728e-08
2.911459906564371424e-08
2.846333851099447959e-08
2.787802349882452583e-08
2.730474480008061705e-08
2.674325490216216427e-08
2.619331138227334910e-08
2.565467680275744956e-08
2.508254182075548344e-08
2.450149852416760749e-08
2.393391523952443390e-08
2.337948016231385774e-08
2.283788871105265005e-08
2.231424963945465306e-08
2.183684020248368682e-08
2.136964485624812751e-08
2.091244507207737710e-08
2.046502699668334683e-08
2.002718135213130563e-08
1.960330088235841984e-08
1.919139274512271966e-08
1.878813969687115203e-08
1.839335987529384084e-08
1.800687523940490275e-08
1.762878421488715918e-08
1.726240005451622280e-08
1.690363056293547445e-08
1.655231748226413780e-08
1.620830584374109257e-08
1.587144389936604666e-08
1.554814755516395742e-08
1.523708793265106800e-08
1.493225143661768599e-08
1.463351356584161566e-08
1.434075230989918931e-08
1.405384809933385412e-08
1.379682463201832325e-08
1.354453645328639535e-08
1.329686160601484757e-08
1.305371573101061999e-08
1.281501601166955744e-08
1.258068114576851165e-08
1.235063131777350821e-08
1.212478817165425719e-08
1.190307478419567857e-08
1.168541563879744935e-08
1.147173659975278103e-08
1.126196488699740626e-08
1.105602905132042183e-08
1.085385895002831239e-08
1.065538572305398423e-08
1.046054176950275048e-08
1.026926072462722773e-08
1.008147743722303597e-08
9.897127947438178105e-09
9.716149464987825753e-09
9.538480347767946625e-09
9.364060080859263608e-09
9.192829255916142313e-09
9.024729550931405762e-09
8.859703710371754100e-09
8.697695525676397666e-09
8.538649816111778080e-09
8.382512409977248832e-09
8.229230126153557714e-09
8.078750755989257344e-09
7.931023045518292344e-09
7.785996678002461694e-09
7.643622256793449095e-09
7.503851288508018932e-09
7.366636166511084741e-09
7.231930154700470284e-09
7.099687371588514324e-09
6.969862774674585716e-09
6.842412145103376165e-09
6.717292072603865297e-09
6.594459940703414267e-09
6.474955899285115028e-09
6.357934924113378296e-09
6.243028852709812403e-09
6.130199462713494717e-09
6.019409222550926822e-09
5.910621278951429791e-09
5.803799444688421811e-09
5.698908186541998045e-09
5.595912613479202936e-09
5.494778465047788715e-09
5.395472099979951240e-09
5.297960485001828652e-09
5.202211183845244878e-09
5.108192346458244477e-09
5.015872698410415290e-09
4.925221530489705883e-09
4.836208688487434021e-09
4.748804563167705967e-09
4.662980080418219111e-09
4.578706691579068910e-09
4.495956363946243132e-09
4.414701571446937239e-09
4.334915285483204322e-09
4.256570965941178480e-09
4.179642552362790382e-09
4.104104455276942568e-09
4.029931547687532264e-09
3.957099156715154423e-09
3.885583055389862836e-09
3.815359454592410990e-09
3.746404995140987381e-09
3.678696740020968697e-09
3.612212166755246144e-09
3.546929159912283135e-09
3.482826003749668471e-09
3.419881374990533752e-09
3.358074335730661604e-09
3.297384326473645190e-09
3.237791159291989273e-09
3.179275011111809850e-09
3.121816417118834859e-09
3.058090096139369994e-09
2.989615418357380737e-09
2.922673979083722675e-09
2.857231447082400507e-09
2.793254259839118747e-09
2.730709606348655714e-09
2.669565410287538259e-09
2.609790313563555990e-09
2.551353660233625638e-09
2.494225480781703159e-09
2.438376476748837373e-09
2.383778005707273667e-09
2.330402066571058072e-09
2.278221285235548627e-09
2.227208900538483686e-09
2.177338750535355289e-09
2.128585259082187655e-09
2.080923422718651320e-09
2.034328797844931021e-09
1.988777488185714176e-09
1.944246132534842160e-09
1.900711892774453201e-09
1.858152442162310869e-09
1.816545953881436508e-09
1.775871089846130226e-09
1.736106989758602172e-09
1.697233260410713771e-09
1.659229965225194149e-09
1.622077614031078548e-09
1.585757153068088407e-09
1.550249955214793580e-09
1.515537810435643030e-09
1.481602916441835562e-09
1.448427869561337389e-09
1.415995655813332835e-09
1.384289642182498296e-09
1.353293568088717891e-09
1.322991537047743004e-09
1.293368008518615350e-09
1.264407789933607029e-09
1.236096028906669887e-09
1.206021148778092204e-09
1.171556818032935485e-09
1.138077370591786240e-09
1.105554661555225748e-09
1.073961350317447618e-09
1.043270877582075846e-09
1.013457443034760546e-09
9.844959836538209017e-10
9.563621526407445926e-10
9.290322989527265360e-10
9.024834474201639113e-10
8.766932794322881925e-10
8.516401141747608457e-10
8.273028904034399502e-10
8.036611487389788194e-10
7.806950144674236150e-10
7.583851808322832190e-10
7.367128928040749477e-10
7.156599313136881164e-10
6.952085979362918944e-10
6.753417000129605663e-10
6.560425361974462615e-10
6.372948824159946015e-10
6.190829782283849254e-10
6.013915135787168223e-10
5.842056159248456207e-10
5.675108377355813444e-10
5.512931443452154236e-10
5.355389021551024063e-10
5.202348671724060705e-10
5.053681738763902406e-10
4.909263244028561924e-10
4.768971780376647792e-10
4.632689410105013901e-10
4.500301565802938330e-10
4.371696954039767997e-10
4.246767461804682653e-10
4.125408065620215772e-10
4.007516743253020714e-10
3.892994387947592566e-10
3.781744725111080708e-10
3.672228832096015085e-10
3.550664809050335386e-10
3.433124993747359298e-10
3.319476170392226709e-10
3.209589533113477895e-10
3.103340539978746405e-10
3.000608771842923810e-10
2.901277795869093063e-10
2.805235033567278855e-10
2.712371633201665463e-10
2.622582346421642809e-10
2.535765408976700083e-10
2.451822425380196368e-10
2.370658257391067658e-10
2.292180916187253089e-10
2.216301458108607925e-10
2.142933883851011801e-10
2.071995040997606868e-10
2.003404529776512855e-10
1.937084611938349189e-10
1.872960122650273117e-10
1.810958385306602623e-10
1.751009129159485481e-10
1.693044409676360650e-10
1.636998531533805079e-10
1.582807974160631980e-10
1.530411319745743062e-10
1.479749183629151954e-10
1.430764146997378485e-10
1.383400691806807947e-10
1.337605137861378921e-10
1.293325581973199002e-10
1.250511839137134903e-10
1.209115385652791992e-10
1.169089304129307617e-10
1.130388230310736380e-10
1.092968301661679242e-10
1.056787107654892455e-10
1.021803641704601911e-10
9.879782546909541990e-11
9.552726100230181827e-11
9.236496401893411348e-11
8.912329054230946871e-11
8.596547013282400708e-11
8.291953775707052280e-11
7.998152899324317700e-11
7.714761988710585604e-11
7.441412197493966460e-11
7.177747748283716974e-11
6.923425469609395626e-11
6.678114349267515283e-11
6.441495103493727418e-11
6.213259761400305287e-11
5.993111264137713426e-11
5.780763078258835963e-11
5.575938822782499117e-11
5.378371909470765850e-11
5.187805195852050413e-11
5.003990650538319791e-11
4.826689030400713098e-11
4.655669569183595441e-11
4.490709677151644368e-11
4.331594651378954169e-11
4.178117396303295841e-11
4.030078154181593918e-11
3.887284245096095929e-11
3.749549816172480098e-11
3.616695599683780820e-11
3.488548679725106636e-11
3.364942267155630993e-11
3.245715482514838688e-11
3.130713146630428214e-11
3.019785578645458741e-11
2.912788401201795239e-11
2.809582352526315062e-11
2.710033105175232488e-11
2.614011091200749826e-11
2.521391333512401765e-11
2.432053283213561497e-11
2.345880662701498688e-11
2.262761314326665020e-11
2.182587054414388084e-11
2.105253532458776679e-11
2.029301680871367735e-11
1.955311786398667557e-11
1.884019620181792959e-11
1.815326820981081728e-11
1.749138613883072201e-11
1.685363679540258290e-11
1.623914028178534234e-11
1.564704878198392363e-11
1.507654539202408602e-11
1.452684299287673783e-11
1.399718316447561643e-11
1.348683513933136731e-11
1.299509479429733210e-11
1.252128367909634484e-11
1.206474808026844091e-11
1.162485811924723342e-11
1.120100688332164009e-11
1.079260958828313502e-11
1.039910277160355680e-11
1.001994351503046568e-11
9.654608695526851052e-12
9.302594263522581720e-12
8.963414547481133933e-12
8.636601583822377899e-12
8.321704471277050027e-12
8.018288748781614093e-12
7.725935796055904383e-12
7.444242256035982449e-12
7.172819478365552571e-12
6.911292983178246898e-12
6.659301944430526316e-12
6.416498692072950909e-12
6.182548232372528251e-12
5.957127785724473393e-12
5.739926341315831891e-12
5.530644228026166322e-12
5.328992700973770344e-12
5.134693543136610468e-12
4.947478681498492330e-12
4.767089817190815166e-12
4.593278069119735485e-12
4.425025100259253446e-12
4.261803635643613194e-12
4.104602757557462229e-12
3.953200390661357861e-12
3.807382651086260804e-12
3.666943544283001936e-12
3.531684674016780757e-12
3.401414962095857022e-12
3.275950378438170769e-12
3.155113681094801628e-12
3.038734165862919640e-12
2.926647425134449144e-12
2.818695115639978919e-12
2.714724734759483055e-12
2.614589405084225777e-12
2.518147666925196146e-12
2.425263278475081457e-12
2.335805023341559292e-12
2.249646525179810228e-12
2.166666069162550321e-12
2.086746430035313067e-12
2.009774706514046228e-12
1.935642161791198764e-12
1.864244069924819691e-12
1.795479567893786169e-12
1.729251513110116982e-12
1.665466346187091260e-12
1.604033958769268669e-12
1.544867566237799236e-12
1.487883585111057122e-12
1.433001514967507553e-12
1.380143824723970880e-12
1.329235843108571642e-12
1.280205653173812814e-12
