3.870815898124368389e-09
3.922495245983045701e-09
3.974864565947187594e-09
4.027933069849508129e-09
4.081710092510050771e-09
4.136205093378311475e-09
4.191427658197038041e-09
4.247387500688506452e-09
4.304094464263043398e-09
4.361558523750614746e-09
4.419789787155359986e-09
4.478798497433549127e-09
4.538595034295458355e-09
4.599189916031030435e-09
4.660593801360201637e-09
4.722817491307635463e-09
4.785871931102769743e-09
4.849768212105040637e-09
4.914517573754809615e-09
4.980131405550531090e-09
5.046621249052020905e-09
5.113998799910775285e-09
5.182275909927190524e-09
5.251464589135245902e-09
5.321577007915233809e-09
5.392625499134371652e-09
5.464622560316346876e-09
5.537580855839470038e-09
5.611114464292550069e-09
5.683648617198580768e-09
5.757120409743120751e-09
5.831541962672806623e-09
5.906925553417605702e-09
5.983283618116307538e-09
6.060628753667994703e-09
6.138973719810237297e-09
6.218331441224160900e-09
6.298715009666503774e-09
6.380137686129453274e-09
6.462612903028408698e-09
6.546154266417794660e-09
6.630775558235744729e-09
6.716490738577809165e-09
6.803313947999811693e-09
6.891259509850718024e-09
6.980341932635660914e-09
7.070575912409263188e-09
7.161976335200148783e-09
7.254558279466803936e-09
7.348337018584910943e-09
7.443328023367112354e-09
7.539546964615337140e-09
7.637009715705862529e-09
7.735732355208080147e-09
7.835731169536944945e-09
7.937022655639891099e-09
8.039623523718170195e-09
8.143550699983647346e-09
8.248821329451247127e-09
8.355452778767185015e-09
8.463462639074077831e-09
8.572868728913073837e-09
8.683689097163200993e-09
8.795942026019016980e-09
8.909646034006759526e-09
9.024819879039155839e-09
9.141482561510054173e-09
9.259653327429047917e-09
9.379351671596312249e-09
9.500597340818816359e-09
9.623410337167924483e-09
9.747810921279310537e-09
9.873819615695159869e-09
1.000145720824990388e-08
1.013074475549975719e-08
1.026170358619617635e-08
1.039435530480473755e-08
1.052872179506907397e-08
1.066482522362121648e-08
1.080268804363838371e-08
1.094233299854705882e-08
1.108378312577513040e-08
1.122706176055234560e-08
1.137219253975988802e-08
1.151485112194505009e-08
1.165712881086107446e-08
1.180116448522985347e-08
1.194697986674846062e-08
1.209459694550751576e-08
1.224403798330765987e-08
1.239532551701660638e-08
1.254848236196807262e-08
1.270353161540231349e-08
1.286049665994954117e-08
1.301940116715612656e-08
1.318026910105437832e-08
1.334312472177668352e-08
1.350799258921394718e-08
1.367489756671948372e-08
1.384386482485866140e-08
1.401491984520477131e-08
1.418808842418175446e-08
1.436339667695470019e-08
1.454087104136799185e-08
1.472053828193256885e-08
1.490242549386198403e-08
1.508656010715881651e-08
1.527296989075107769e-08
1.546168295668023826e-08
1.565272776434048916e-08
1.584613312477087585e-08
1.604192820500000497e-08
1.624014253244487832e-08
1.644080599936362595e-08
1.664394886736373313e-08
1.684960177196547340e-08
1.705779572722220857e-08
1.726856213039745651e-08
1.748193276669972593e-08
1.769793981407622982e-08
1.791661584806531226e-08
1.813799384670919979e-08
1.836210719552742815e-08
1.858898969255155316e-08
1.881867555342205573e-08
1.905119941654857239e-08
1.928659634833335229e-08
1.952490184845983647e-08
1.976615185524597552e-08
2.001038275106432727e-08
2.025763136782847778e-08
2.050793499254790326e-08
2.076133137295081960e-08
2.101785872317714379e-08
2.127755572954117666e-08
2.154046155636611802e-08
2.180661585189000393e-08
2.207605875424533904e-08
2.234883089751186173e-08
2.262200917185426178e-08
2.288385607654930433e-08
2.314873382616070410e-08
2.341667750233646952e-08
2.368772259279008302e-08
2.396190499600088540e-08
2.423926102596858426e-08
2.451982741702286260e-08
2.480364132868863346e-08
2.509074035060763556e-08
2.538116250751690583e-08
2.567494626428519430e-08
2.597213053100708642e-08
2.627275466815666585e-08
2.657685849180054893e-08
2.688448227887129015e-08
2.719566677250187654e-08
2.751045318742190985e-08
2.782888321541630709e-08
2.815099903084706531e-08
2.847684329623935454e-08
2.880645916793127385e-08
2.913989030179051976e-08
2.947718085899570704e-08
2.981837551188558780e-08
3.016351944987561634e-08
3.051265838544302441e-08
3.086583856018119762e-08
3.122310675092415051e-08
3.158451027594178507e-08
3.195009700120721323e-08
3.231991534673594485e-08
3.269401429299914470e-08
3.307244338741074684e-08
3.345525275088976292e-08
3.384249308449851910e-08
3.423421567615775462e-08
3.463047240743942232e-08
3.503131576043805158e-08
3.543679882472203002e-08
3.584697530436458579e-08
3.626189952505689236e-08
3.668162644130315676e-08
3.710621164369904136e-08
3.753571136629435218e-08
3.797018249404092682e-08
3.840968257032676089e-08
3.885426980459722005e-08
3.930400308006490597e-08
3.975894196150794453e-08
4.021914670315934336e-08
4.068467825668726642e-08
4.115559827926774107e-08
4.163196914175084978e-08
4.211385393692138584e-08
4.260131648785519735e-08
4.306415586719936653e-08
4.351694523903033281e-08
4.397449537328931528e-08
4.443685632605153887e-08
4.490407867969681205e-08
4.537621354844306069e-08
4.585331258393861826e-08
4.633542798091237237e-08
4.682261248288424249e-08
4.731491938793512867e-08
4.781240255453813786e-08
4.831511640745014139e-08
4.882311594366620483e-08
4.933645673843610276e-08
4.985519495134465870e-08
5.037938733245499718e-08
5.090909122851744080e-08
5.144436458924301347e-08
5.198526597364360110e-08
5.253185455643769784e-08
5.308419013452439138e-08
5.364233313352553442e-08
5.420634461439566553e-08
5.477628628010248524e-08
5.535222048237700051e-08
5.593421022853521712e-08
5.652231918837053939e-08
5.711661170111963014e-08
5.771715278250098323e-08
5.832400813182807457e-08
5.893724413919619850e-08
5.955692789274600691e-08
6.018312718600274531e-08
6.081591052529338287e-08
6.145534713724041219e-08
6.210150697633585243e-08
6.275446073259393395e-08
6.341427983928517083e-08
6.408103648075039866e-08
6.475480360029809944e-08
6.543565490818486806e-08
6.612366488967849103e-08
6.681890881320722394e-08
6.752146273859385171e-08
6.823140352537724464e-08
6.894880884121992809e-08
6.967375717040554341e-08
7.040632782242475776e-08
7.114660094065225633e-08
7.189465751111366577e-08
7.265057937134594224e-08
7.341444921935015242e-08
7.418635062263926761e-08
7.496636802737952864e-08
7.575458676762951065e-08
7.653406181095221423e-08
7.723745047803481940e-08
7.794730366046228439e-08
7.866368077056320923e-08
7.938664176669708953e-08
8.011624715827256323e-08
8.085255801081187348e-08
8.159563595106181252e-08
8.234554317215172882e-08
8.310234243879900777e-08
8.386609709256160237e-08
8.463687105714055214e-08
8.541472884372944615e-08
8.619973555641400664e-08
8.699195689762110484e-08
8.779145917361776513e-08
8.859830930006083216e-08
8.941257480759755280e-08
9.023432384751770779e-08
9.106362519745761109e-08
9.190054826715653251e-08
9.274516310426616585e-08
9.359754040021328802e-08
9.445775149611640328e-08
9.532586838875682263e-08
9.620196373660446938e-08
9.708611086589921842e-08
9.797838377678798077e-08
9.887885714951855258e-08
9.978760635068905073e-08
1.007047074395580435e-07
1.016302371744076476e-07
1.025642730189702182e-07
1.035068931489106659e-07
1.044581764583698127e-07
1.054182025665675432e-07
1.063870518244666112e-07
1.073648053214977902e-07
1.083515448923468177e-07
1.093473531238036092e-07
1.103523133616745501e-07
1.113665097177582226e-07
1.123900270768853340e-07
1.134229511040232065e-07
1.144653682514457648e-07
1.155173657659691962e-07
1.165790316962542612e-07
1.176504549001756658e-07
1.187317250522591823e-07
1.198229326511870633e-07
1.209241690273727786e-07
1.220355263506037943e-07
1.231570976377585850e-07
1.242889767605881803e-07
1.254312584535768155e-07
1.265840383218671691e-07
1.276108443613070192e-07
1.285781439135001695e-07
1.295527756671872854e-07
1.305347952009930516e-07
1.315242585148318828e-07
1.325212220331024816e-07
1.335257426079038643e-07
1.345378775222780145e-07
1.355576844934775243e-07
1.365852216762550738e-07
1.376205476661806231e-07
1.386637215029837520e-07
1.397148026739186304e-07
1.407738511171571794e-07
1.418409272252079083e-07
1.429160918483578060e-07
1.439994062981447001e-07
1.450909323508514793e-07
1.461907322510296977e-07
1.472988687150502043e-07
1.484154049346775165e-07
1.495404045806747656e-07
1.506739318064337094e-07
1.518160512516345237e-07
1.529668280459299453e-07
1.541263278126602525e-07
1.552946166725963836e-07
1.564717612477086508e-07
1.576578286649667682e-07
1.588528865601687058e-07
1.600570030817955095e-07
1.612702468949000032e-07
1.624926871850201603e-07
1.637243936621253773e-07
1.649654365645927642e-07
1.662158866632104073e-07
1.674758152652145399e-07
1.687452942183551422e-07
1.700243959149943888e-07
1.713131932962328645e-07
1.726117598560700311e-07
1.739201696455962991e-07
1.752384972772137138e-07
1.765668179288917928e-07
1.779052073484556832e-07
1.792537418579034357e-07
1.806124983577595154e-07
1.819815543314610567e-07
1.833609878497738689e-07
1.847508775752473797e-07
1.861513027666977426e-07
1.875623432837291928e-07
1.889840795912871401e-07
1.904165927642484528e-07
1.918599644920422072e-07
1.932559871747547548e-07
1.943752356216705910e-07
1.955009662330163092e-07
1.966332165504617520e-07
1.977720243331006167e-07
1.989174275587100731e-07
2.000694644250155685e-07
2.012281733509672010e-07
2.023935929780192419e-07
2.035657621714193198e-07
2.047447200215043018e-07
2.059305058450041153e-07
2.071231591863528225e-07
2.083227198190073453e-07
2.095292277467739711e-07
2.107427232051427218e-07
2.119632466626275178e-07
2.131908388221183344e-07
2.144255406222367982e-07
2.156673932387019489e-07
2.169164380857034113e-07
2.181727168172823507e-07
2.194362713287207920e-07
2.207071437579386419e-07
2.219853764868989428e-07
2.232710121430217565e-07
2.245640936006038700e-07
2.258646639822513940e-07
2.271727666603159064e-07
2.284884452583415025e-07
2.298117436525193889e-07
2.311427059731511859e-07
2.324813766061206733e-07
2.338278001943739280e-07
2.351820216394080902e-07
2.365440861027693144e-07
2.379140390075569149e-07
2.392919260399410106e-07
2.406777931506841932e-07
2.420716865566745242e-07
2.434736527424664737e-07
2.448837384618315989e-07
2.463019907393173499e-07
2.477284568718153508e-07
2.491631844301388931e-07
2.506062212606095338e-07
2.520576154866510001e-07
2.535174155103969106e-07
2.549856700143028379e-07
2.564624279627706004e-07
2.579477386037808117e-07
2.594416514705354373e-07
2.609442163831096667e-07
2.624554834501132106e-07
2.639755030703614962e-07
2.655043259345569749e-07
2.668293565827315702e-07
2.680556808664746617e-07
2.692876412289017771e-07
2.705252635729354114e-07
2.717685739205456821e-07
2.730073074556939378e-07
2.741859774282381663e-07
2.753697361396783324e-07
2.765586055599150939e-07
2.777526077537027703e-07
2.789517648810565001e-07
2.801050138686221230e-07
2.812291368184767934e-07
2.823577711206594821e-07
2.834909348802179571e-07
2.846286462748602725e-07
2.857643130280346342e-07
2.868139685458285139e-07
2.878674796070048369e-07
2.889248603735578051e-07
2.899861250594991315e-07
2.910512879310523280e-07
2.920606405445845090e-07
2.930213028824437659e-07
2.939851250850689468e-07
2.949521175460642812e-07
2.959222906932230543e-07
2.968955751563220023e-07
2.977481960777883262e-07
2.986032655451286191e-07
2.994607905900468732e-07
3.003207782644381226e-07
3.011832356404515474e-07
3.019792941398721799e-07
3.026986036363438169e-07
3.034196265156921538e-07
3.041423668591658758e-07
3.048668287577357008e-07
3.055930163121149724e-07
3.061640116234852043e-07
3.067247884625932672e-07
3.072865924330798127e-07
3.078494254162615032e-07
3.084132892969016311e-07
3.089011738135819618e-07
3.092737733208672946e-07
3.096468222611901626e-07
3.100203211766601751e-07
3.103942706100429688e-07
3.107686711047561837e-07
3.109523557631749200e-07
3.111064008631638974e-07
3.112605222767507409e-07
3.114147200417403308e-07
3.115689941959564470e-07
3.116382154403581754e-07
3.115358521773705358e-07
3.114335225374660636e-07
3.113312265096005077e-07
3.112289640827334292e-07
3.111267352458279886e-07
3.107910152507364381e-07
3.103965376512501337e-07
3.100025607502038650e-07
3.096090839120768057e-07
3.092161065021531281e-07
3.087378273397904458e-07
3.080214732072550104e-07
3.073067812074347026e-07
3.065937474837380093e-07
3.058823681885220556e-07
3.051726394830712177e-07
3.041933059470789178e-07
3.031172189747674715e-07
3.020449386712732294e-07
3.009764515704646490e-07
2.999117442538484854e-07
2.987707201077587233e-07
2.973075710031314113e-07
2.958515872770317920e-07
2.944027338389484448e-07
2.929609757702162578e-07
2.915262783231767541e-07
2.898088061417327349e-07
2.879547678070851415e-07
2.861125905963009618e-07
2.842821986283922313e-07
2.824635165078180086e-07
2.805977729524039278e-07
2.783496929736566921e-07
2.761196240558579842e-07
2.739074218988419399e-07
2.717129433585382180e-07
2.695360464377118661e-07
2.670967156888585420e-07
2.644907037668299555e-07
2.619101182081328285e-07
2.593547109325702407e-07
2.568242362804150811e-07
2.542912874488665213e-07
2.513696365087363096e-07
2.484815535461082743e-07
2.456266528855066541e-07
2.428045532826317888e-07
2.400148778734472985e-07
2.370475466450120824e-07
2.339312958763512624e-07
2.308560116521264305e-07
2.278211554220459372e-07
2.248261957156524166e-07
2.218706080492540620e-07
2.186383137728197049e-07
2.154510308761402991e-07
2.123102118040672517e-07
2.092151792125850718e-07
2.061652656319170473e-07
2.030634297296644533e-07
1.998966687549631062e-07
1.967792932116226011e-07
1.937105329370548178e-07
1.906896297793059396e-07
1.877158374097528525e-07
1.847172869589564175e-07
1.817610194318579729e-07
1.788520648435518664e-07
1.759896659844298229e-07
1.731730777634785730e-07
1.704219575191205184e-07
1.677456845560011787e-07
1.651114392580805426e-07
1.625185616311553477e-07
1.599664020454417231e-07
1.574543210728143416e-07
1.551145454306127703e-07
1.528311965230879462e-07
1.505814594359054299e-07
1.483648393894616368e-07
1.461808488875098808e-07
1.440928070856347728e-07
1.421657350610834324e-07
1.402644353610706976e-07
1.383885633110305369e-07
1.365377788460155186e-07
1.347117464490470531e-07
1.330225073806551749e-07
1.313838845198223560e-07
1.297654468512018590e-07
1.281669457257638204e-07
1.265881355574333968e-07
1.250256819744313661e-07
1.234736681674228626e-07
1.219409203769565225e-07
1.204271994431799242e-07
1.189322691750655956e-07
1.174558963135578027e-07
1.158344967252392075e-07
1.141737579886263157e-07
1.125368295436731651e-07
1.109233700182081632e-07
1.093330429343706837e-07
1.076873780400937336e-07
1.057368363001384385e-07
1.038216247274557848e-07
1.019411033866401556e-07
1.000946439334377055e-07
9.828162940479497794e-08
9.620216696692321823e-08
9.401287563469784728e-08
9.187340642902608736e-08
8.978262553813196289e-08
8.773942495261240645e-08
8.570648762590495740e-08
8.346480977208317928e-08
8.128176364777834618e-08
7.915581572322821762e-08
7.708547257858246107e-08
7.506927985481757874e-08
7.311539368701501603e-08
7.121890898748075852e-08
6.937161576506531792e-08
6.757223807938116927e-08
6.581953308569129559e-08
6.412736469540563163e-08
6.273804392833468952e-08
6.137882282625075508e-08
6.004904927924909709e-08
5.874808530540134391e-08
5.747530674467098932e-08
5.637010914293522781e-08
5.541327535410011150e-08
5.447268299025714481e-08
5.354805636728172674e-08
5.263912448054810083e-08
5.174562092549936326e-08
5.085090596272035252e-08
4.997143384689644291e-08
4.910717229984949740e-08
4.825785825308817266e-08
4.742323318792043875e-08
4.647996878296897979e-08
4.540979397309628293e-08
4.436425932873302948e-08
4.334279752410146857e-08
4.234485429577671147e-08
4.136988814193396575e-08
4.024492674432744652e-08
3.913569185685885166e-08
3.805702981757541831e-08
3.700809797443237109e-08
3.598807690064863938e-08
3.503368866452693476e-08
3.416313119640776807e-08
3.331420634347094944e-08
3.248637655356533765e-08
3.167911763225529231e-08
3.089191841089252945e-08
3.025240524513024825e-08
2.964819078937268438e-08
2.905604397271973201e-08
2.847572377493075065e-08
2.790699398952824856e-08
2.733444709097197910e-08
2.674164362943441251e-08
2.616169632492249566e-08
2.559432636534387418e-08
2.503926098521742605e-08
2.449623333453990556e-08
2.390099948825355380e-08
2.330297303704647978e-08
2.271990979424071064e-08
2.215143536568511782e-08
2.159718472493705602e-08
2.106756233461300039e-08
2.058256171213877688e-08
2.010872638729435730e-08
1.964579932150010817e-08
1.919352939351338386e-08
1.875167126320478045e-08
1.833856774938404822e-08
1.794179566550305345e-08
1.755360811715933443e-08
1.717381936988873390e-08
1.680224770776609938e-08
1.643542975838865211e-08
1.606215366132331379e-08
1.569735528870383028e-08
1.534084209722952975e-08
1.499242591658011535e-08
1.465192285009802802e-08
1.432585558318606082e-08
1.401060769756764518e-08
1.370229700525045904e-08
1.340077084969637270e-08
1.310587993365344266e-08
1.281843119305497124e-08
1.254452907693015567e-08
1.227647965588846725e-08
1.201415787051013927e-08
1.175744133362428711e-08
1.150621027320883737e-08
1.126169768609854634e-08
1.102333723596559346e-08
1.079002182484640589e-08
1.056164467152526011e-08
1.033810125487355594e-08
1.011959126981662220e-08
9.911774694943493551e-09
9.708225854570750263e-09
9.508857106229176337e-09
9.313582607280884294e-09
9.122318277958049836e-09
8.942503484003367508e-09
8.773249853341592569e-09
8.607199664707334680e-09
8.444292286959203078e-09
8.284468236513630225e-09
8.127669155625337351e-09
7.973837791078698650e-09
7.822917973282413933e-09
7.674854595760021942e-09
7.529593595028260458e-09
7.387081930856601160e-09
7.247267566900239986e-09
7.110099451699650102e-09
6.975527500039898056e-09
6.843502574662484448e-09
6.713976468323604547e-09
6.586901886191849071e-09
6.462232428579068519e-09
6.339922573998211234e-09
6.219927662541564094e-09
6.102203879573857844e-09
5.986708239733875231e-09
5.873398571238884165e-09
5.762233500486120546e-09
5.653172436945827435e-09
5.546175558339993311e-09
5.441203796101842045e-09
5.338218821110411715e-09
5.237183029695135096e-09
5.138059529905419872e-09
5.040812128039884143e-09
4.945405315430770540e-09
4.851804255478375679e-09
4.759974770930888386e-09
4.669883331405070655e-09
4.581497041142942332e-09
4.494783627000388226e-09
4.409711426663000822e-09
4.326249377084989626e-09
4.244367003146878123e-09
4.164034406527967428e-09
4.085620080019270977e-09
4.009666513738347894e-09
3.935124959371846614e-09
3.861969166965448918e-09
3.790173374563574332e-09
3.719712299137372298e-09
3.650561127681125840e-09
3.582695508474412288e-09
3.516091542506549823e-09
3.450725775060486374e-09
3.386575187453203932e-09
3.323617188929674030e-09
3.261829608707447384e-09
3.201190688169130590e-09
3.141679073200141806e-09
3.083273806668709641e-09
3.025954321045883125e-09
2.969700431162533948e-09
2.914492327101197006e-09
2.860310567219933101e-09
2.807136071305878259e-09
2.754950113856195411e-09
2.703734317483756634e-09
2.653470646445591817e-09
2.604141400291530394e-09
2.555729207630933446e-09
2.508217020015345659e-09
2.461588105934872199e-09
2.415826044926121999e-09
2.370914721789690837e-09
2.326838320915182458e-09
2.283581320711729954e-09
2.241128488142016054e-09
2.199464873357903046e-09
2.158575804435878158e-09
2.118446882210235301e-09
2.079063975202442611e-09
2.040413214644686573e-09
2.002480989595935466e-09
1.965253942148877285e-09
1.928718962725840382e-09
1.892452043729472008e-09
1.850009571103061944e-09
1.808518965916892607e-09
1.767958880413210773e-09
1.728308445605537776e-09
1.689547260541081398e-09
1.651655381804104653e-09
1.614613313254590025e-09
1.578401995997114678e-09
1.543002798574628642e-09
1.508397507382193344e-09
1.474568317295743886e-09
1.441497822510960768e-09
1.409169007587660650e-09
1.377565238694976300e-09
1.346670255052916049e-09
1.316468160565883953e-09
1.286943415643816505e-09
1.258080829206720184e-09
1.229865550868580632e-09
1.202283063296506742e-09
1.175319174741319091e-09
1.148960011735556833e-09
1.123192011955321777e-09
1.098001917242188528e-09
1.073376766781589908e-09
1.049303890434259528e-09
1.025770902217144042e-09
1.002765693930585950e-09
9.802764289284043387e-10
9.582915360277015178e-10
9.367997035552531047e-10
9.157898735274245978e-10
8.952512359606130198e-10
8.751732233092923372e-10
8.555455050287958548e-10
8.363579822600426103e-10
8.176007826334686634e-10
7.992642551894934510e-10
7.813389654129048356e-10
7.638156903786099613e-10
7.466854140062535220e-10
7.262944282785017638e-10
7.057202892500193976e-10
6.857289650969983106e-10
6.663039461040766973e-10
6.474291902356273782e-10
6.290891098875267131e-10
6.112685590142282833e-10
5.939528206204943895e-10
5.771275946074435423e-10
5.607789859629145696e-10
5.448934932863437024e-10
5.294579976387165058e-10
5.144597517083728339e-10
4.998863692837070621e-10
4.857258150241023955e-10
4.719663945206082446e-10
4.585967446381846600e-10
4.456058241315273457e-10
4.329829045267138303e-10
4.207175612611686330e-10
4.087996650745932156e-10
3.972193736437788696e-10
3.859671234543847727e-10
3.750336219029603209e-10
3.644098396227139752e-10
3.540870030266582449e-10
3.440565870619971091e-10
3.343103081697634180e-10
3.248401174438859732e-10
3.156381939840569592e-10
3.066969384368824857e-10
2.980089667200036198e-10
2.895671039239962125e-10
2.813643783870149371e-10
2.733940159372878355e-10
2.656494342987075123e-10
2.581242376548974696e-10
2.508122113672657115e-10
2.437073168426834306e-10
2.368036865465453411e-10
2.300956191571069792e-10
2.229363960625619138e-10
2.155838549350049322e-10
2.084738038718223448e-10
2.015982454432395310e-10
1.949494459782621713e-10
1.885199268657920672e-10
1.823024561426365974e-10
1.762900403589568524e-10
1.704759167119855116e-10
1.648535454391893515e-10
1.594166024623013120e-10
1.541589722739558229e-10
1.490747410589326883e-10
1.441581900422556153e-10
1.394037890566829533e-10
1.348061903223391100e-10
1.303602224314967131e-10
1.260608845317489938e-10
1.219033407010153576e-10
1.178829145080698157e-10
1.139950837524598683e-10
1.102354753779082589e-10
1.065998605534705373e-10
1.030841499169207314e-10
9.968438897501192598e-11
9.639675365543637606e-11
9.321754600548588210e-11
9.014319003257040921e-11
8.717022768192011314e-11
8.429531494694451825e-11
8.151521810787186006e-11
7.882681009444168666e-11
7.622706696855572233e-11
7.371306452293413008e-11
7.128197499194951104e-11
6.893106387093757620e-11
6.665768684040955800e-11
6.445928679170565790e-11
6.233339095074120610e-11
6.027760809661809447e-11
5.828962587196252608e-11
5.631347432814732412e-11
5.431594413017955624e-11
5.238926956559967591e-11
5.053093727026013675e-11
4.873852303311336301e-11
4.700968863380619531e-11
4.534217879245116859e-11
4.373381822759229046e-11
4.218250881853327634e-11
4.068622686831883413e-11
3.924302046380436689e-11
3.785100692936815596e-11
3.650837037094297523e-11
3.521335930716800884e-11
3.396428438456450247e-11
3.275951617375942412e-11
3.159748304388054905e-11
3.047666911234898009e-11
2.939561226739835021e-11
2.835290226073593614e-11
2.734717886786155931e-11
2.637713011364215788e-11
2.544149056082932013e-11
2.453903965928421039e-11
2.366860015375989336e-11
2.282903654816055535e-11
2.201925362427741248e-11
2.123819501306647863e-11
2.048484181660549571e-11
1.975821127893310205e-11
1.905735550403424559e-11
1.838136021930196764e-11
1.772934358286036748e-11
1.710045503319387785e-11
1.649387417958235185e-11
1.590880973189416931e-11
1.534449846834100404e-11
1.480020423984832568e-11
1.427521700974217916e-11
1.376885192750015839e-11
1.328044843535788891e-11
1.280727277225106779e-11
1.233866259034576155e-11
1.188719856488533853e-11
1.145225332862041858e-11
1.103322246928097294e-11
1.062952368966770095e-11
1.024059599847537519e-11
9.865898930723193978e-12
9.504911796709536477e-12
9.157132958446567281e-12
8.822079132569869672e-12
8.499284718754202755e-12
8.188301152701771823e-12
7.888696282804947459e-12
7.600053769615811389e-12
7.321972507289094535e-12
7.054066066194116924e-12
6.795962155921089367e-12
6.547302107935841733e-12
6.307740377163875154e-12
6.076944061811017192e-12
5.854592440753671107e-12
5.640376527855527093e-12
5.433998642591784668e-12
5.235171996383730486e-12
5.043620294069201888e-12
4.859077349955003895e-12
4.681286717917548597e-12
4.510001335038262365e-12
4.344983178277772391e-12
4.186002933712356752e-12
4.032839677872814245e-12
3.885280570742861773e-12
3.743120559990708262e-12
3.606162096022378084e-12
3.474214857461281377e-12
3.347095486672171502e-12
3.224627334962120863e-12
3.106640217104554497e-12
2.992970174844965450e-12
2.883459249059873979e-12
2.777955260252360950e-12
2.675138155633736908e-12
2.576018300170328920e-12
2.480571057176083833e-12
2.388660348139915001e-12
2.300155136564145491e-12
2.214929241146561610e-12
2.132861155884582385e-12
2.053833876844964317e-12
1.977734735352028240e-12
1.904455237356690780e-12
1.833890908757143534e-12
1.765941146450903330e-12
1.700509074905569197e-12
1.637501408043996061e-12
1.576828316246986702e-12
1.518403298283773863e-12
1.462143057987737451e-12
1.407967385501679682e-12
1.355799042923109983e-12
1.305563654186661811e-12
1.257189599026661853e-12
1.210607910868545614e-12
1.165752178503679388e-12
