8.592983060535192286e-09
8.723611963803560372e-09
8.856226662953193752e-09
8.990857345677467717e-09
9.127534658577353873e-09
9.266289714137772088e-09
9.407154097809603188e-09
9.550159875199928307e-09
9.695339599371009400e-09
9.842726318250603304e-09
9.992353582154931182e-09
1.014425545142563842e-08
1.029846650418334231e-08
1.045502184419862783e-08
1.061395710888302097e-08
1.077530847740124330e-08
1.093911267890676773e-08
1.110540700090277488e-08
1.127422929773002205e-08
1.144561799918372267e-08
1.161961211926163800e-08
1.179625126504492483e-08
1.197557564571411625e-08
1.215762608170203396e-08
1.234244401398606726e-08
1.253007151352151450e-08
1.272055129081829467e-08
1.291392670566350266e-08
1.311024177699151358e-08
1.330944344353055277e-08
1.351140186134675830e-08
1.371642481020063410e-08
1.392455879149867170e-08
1.413585101226292658e-08
1.435034939583805067e-08
1.456810259276094187e-08
1.478915999179503073e-08
1.501357173113229439e-08
1.524138870976512235e-08
1.547266259903069715e-08
1.570744585433076396e-08
1.594579172702886842e-08
1.618775427652847403e-08
1.643338838253418762e-08
1.668274975749901433e-08
1.693589495926069295e-08
1.719288140386941102e-08
1.745376737861051949e-08
1.771861205522467884e-08
1.798747550332860645e-08
1.826041870403966442e-08
1.853750356380679920e-08
1.881879292845175708e-08
1.910435059742313003e-08
1.939424133826677537e-08
1.968853090131573615e-08
1.998728603460329511e-08
2.029057449900189859e-08
2.059846508359220873e-08
2.091102762126516578e-08
2.122833300456080937e-08
2.155045320174761090e-08
2.187746127314541707e-08
2.220943138769648489e-08
2.254643883978772804e-08
2.288856006632827751e-08
2.323587266408636009e-08
2.358845540728879670e-08
2.394638826548804740e-08
2.430975242170010179e-08
2.467863029081761205e-08
2.505310553830267928e-08
2.543326309916278039e-08
2.581918919721513289e-08
2.621097136464313722e-08
2.660869846184956169e-08
2.701246069761124820e-08
2.742234964953912021e-08
2.783845828484916440e-08
2.826088098144835307e-08
2.868971354934051006e-08
2.912505325235727185e-08
2.956699883021822691e-08
3.001565052092637745e-08
3.047111008350313243e-08
3.093284202489219302e-08
3.140137558541880926e-08
3.187700592991254673e-08
3.235984055193826405e-08
3.284998857324437260e-08
3.334756076842434635e-08
3.385266958995242836e-08
3.436542919359789487e-08
3.488595546422459357e-08
3.541436604198116926e-08
3.595078034888803839e-08
3.649531961582712117e-08
3.704810690993997592e-08
3.760926716244171402e-08
3.817892719685548008e-08
3.875721575767489541e-08
3.934426353946063896e-08
3.994020321637778989e-08
4.054516947218019169e-08
4.115929903064975239e-08
4.178273068649604110e-08
4.241560533672426720e-08
4.305806601247846492e-08
4.371025791136645437e-08
4.437232843027541990e-08
4.504442719868355205e-08
4.572670611247679239e-08
4.641931936827760980e-08
4.712242349829384175e-08
4.783617740569539591e-08
4.856074240052636925e-08
4.929628223616208062e-08
5.004296314631729679e-08
5.080095388261557812e-08
5.157042575272749947e-08
5.235155265908671307e-08
5.314451113819187361e-08
5.394948040050492079e-08
5.476664237095266124e-08
5.559618173004231015e-08
5.643828595559983394e-08
5.729314536513982199e-08
5.816095315887891824e-08
5.904190546339793440e-08
5.993620137596816270e-08
6.084404300954727484e-08
6.176563553845741333e-08
6.270118724475516312e-08
6.365090956530336291e-08
6.461501713955698496e-08
6.559372785807171944e-08
6.658726291174784939e-08
6.759584684181988543e-08
6.861970759060359332e-08
6.965907655301088351e-08
7.071373665254750126e-08
7.178311631325259541e-08
7.286866783692059010e-08
7.397063578510539626e-08
7.508926841778166119e-08
7.622481774927522759e-08
7.737753960503791233e-08
7.854769367928239430e-08
7.973554359348860647e-08
8.094135695579351720e-08
8.216540542128042074e-08
8.340796475318007205e-08
8.466931488499574916e-08
8.594973998356939571e-08
8.724952851310145631e-08
8.856897330013734866e-08
8.990837159953816138e-08
9.126802516144918319e-08
9.264824029927941884e-08
9.404932795871103087e-08
9.547160378775116139e-08
9.691538820784447729e-08
9.838100648605898554e-08
9.986878880836534169e-08
1.013790703540243288e-07
1.029121913710975154e-07
1.044684972531015137e-07
1.060483386168216539e-07
1.076520713813003742e-07
1.092800568480221108e-07
1.109326617823107289e-07
1.126102584959560780e-07
1.143132249310918397e-07
1.160419447453420724e-07
1.177968073982532203e-07
1.195782082390352394e-07
1.213865485956297587e-07
1.232222358651229459e-07
1.250856836055279729e-07
1.269773116289542326e-07
1.288975460961868791e-07
1.308468196126938300e-07
1.328255713260886859e-07
1.348342470250634378e-07
1.368732992398202632e-07
1.389431873440206238e-07
1.410443776582776305e-07
1.431773435552103892e-07
1.453425655660915377e-07
1.475405314891028470e-07
1.497717364992315523e-07
1.520366832598266303e-07
1.543358820358438752e-07
1.566698508088006307e-07
1.590391153934716252e-07
1.614442095563495734e-07
1.638797112029774892e-07
1.663501332167659320e-07
1.688577958681016608e-07
1.714032605449076569e-07
1.739870970978095308e-07
1.766098839677062276e-07
1.792722083152641068e-07
1.819746661523664233e-07
1.847178624755390956e-07
1.875024114013931004e-07
1.903289363041051727e-07
1.931980699549707456e-07
1.961104546640645724e-07
1.990667424240307903e-07
2.020675950560467869e-07
2.051136843579831605e-07
2.082056922547971979e-07
2.113443109511972765e-07
2.145302430866047090e-07
2.177642018924517058e-07
2.210469113518547355e-07
2.243791063616885091e-07
2.277615328971095562e-07
2.311949481785557595e-07
2.346801208412630312e-07
2.382178311073422008e-07
2.418088709604428204e-07
2.454540443230570124e-07
2.491541672364914988e-07
2.529100680435523047e-07
2.567225875739880115e-07
2.605925793327242472e-07
2.645209096909349966e-07
2.685084580799997523e-07
2.725561171883790652e-07
2.766647931614585216e-07
2.808354058044100110e-07
2.850688887881035819e-07
2.893661898581309806e-07
2.937282710469750693e-07
2.981561088893770585e-07
3.026506946409562929e-07
3.072130345001193842e-07
3.118441498333153356e-07
3.165450774036921386e-07
3.213168696031906831e-07
3.261605946881472889e-07
3.310773370184412825e-07
3.360681973002474400e-07
3.411342928324548118e-07
3.462767577567897292e-07
3.514967433117198060e-07
3.567954180901785891e-07
3.621739683011751251e-07
3.676335980353534538e-07
3.730869350155118335e-07
3.783766530635766643e-07
3.837413700312004722e-07
3.891821492714556978e-07
3.947000692138948173e-07
4.002962235783095890e-07
4.059717215915166419e-07
4.117276882072251538e-07
4.175652643290135093e-07
4.234856070364685154e-07
4.294898898145374654e-07
4.355793027861241804e-07
4.417550529479877908e-07
4.480183644099807338e-07
4.543704786376876940e-07
4.608126546984959797e-07
4.673461695111600702e-07
4.739723180988987657e-07
4.806924138460904278e-07
4.875077887585991859e-07
4.944197937277919831e-07
5.014297987983079784e-07
5.085391934396150333e-07
5.157493868214165455e-07
5.230618080929729507e-07
5.304779066663720928e-07
5.379991525038231059e-07
5.456270364090161606e-07
5.533630703226252601e-07
5.612087876219888145e-07
5.691657434250463443e-07
5.772355148985771573e-07
5.854197015708217875e-07
5.937199256485240970e-07
6.021378323384693243e-07
6.106750901735916630e-07
6.193333913436931938e-07
6.281144520308578145e-07
6.370200127496212597e-07
6.460518386919570320e-07
6.552117200771688782e-07
6.645014725067230551e-07
6.739229373241330411e-07
6.834779819799303633e-07
6.931685004018200067e-07
7.029964133700737701e-07
7.129636688982615174e-07
7.230722426193656406e-07
7.333241381773791086e-07
7.437213876244459705e-07
7.542660518236484972e-07
7.649602208574911500e-07
7.758060144421758186e-07
7.868055823477654209e-07
7.979611048242898622e-07
8.092747930338934567e-07
8.193808447054794614e-07
8.291969151237298807e-07
8.391305807226342047e-07
8.491832502763663845e-07
8.593563494360242166e-07
8.696513209318103895e-07
8.800696247776380569e-07
8.906127384781856062e-07
9.012821572384406454e-07
9.120793941757364905e-07
9.230059805343471153e-07
9.340634659026433175e-07
9.452534184328505466e-07
9.565774250634491567e-07
9.680370917442199431e-07
9.796340436640037847e-07
9.913699254811816381e-07
1.003246401556915118e-06
1.015265156191190863e-06
1.027427893861672604e-06
1.039736339465435472e-06
1.052192238563585514e-06
1.064797357628809943e-06
1.077553484295903439e-06
1.090462427615274729e-06
1.103526018309510541e-06
1.116746109033004544e-06
1.130124574634693626e-06
1.143663312423955510e-06
1.157364242439667715e-06
1.171229307722513612e-06
1.185260474590537275e-06
1.199459732918004940e-06
1.213829096417600809e-06
1.228370602926019663e-06
1.243086314692953544e-06
1.257978318673566084e-06
1.273048726824457896e-06
1.288299676403181229e-06
1.303733330271338850e-06
1.319351877201326865e-06
1.335157532186728036e-06
1.351152536756447498e-06
1.367339159292599783e-06
1.383719695352207269e-06
1.400296467992748615e-06
1.417071828101621120e-06
1.434048154729523359e-06
1.451227855427859112e-06
1.468613366590167454e-06
1.486207153797646970e-06
1.504011712168829597e-06
1.522029566713418044e-06
1.540263272690387611e-06
1.558715415970367206e-06
1.576501480222888816e-06
1.592051834397479899e-06
1.607755574736301684e-06
1.623614214215528914e-06
1.639629280735087439e-06
1.655802317265859427e-06
1.671503785511132156e-06
1.687124442249168561e-06
1.702891078265889853e-06
1.718805057777296076e-06
1.734867757748346342e-06
1.750882507209871055e-06
1.766251343029901035e-06
1.781755082884605359e-06
1.797394910929949743e-06
1.813172021716132795e-06
1.829087620278844912e-06
1.844375945882909408e-06
1.859406594042707538e-06
1.874559733706804693e-06
1.889836363113493709e-06
1.905237488636168356e-06
1.920592668620861556e-06
1.934950008998922076e-06
1.949414677300336822e-06
1.963987475852195347e-06
1.978669212979367786e-06
1.993460703049323066e-06
2.007491516555974618e-06
2.021035561569405976e-06
2.034670984879489520e-06
2.048398402992821795e-06
2.062218436575419859e-06
2.076021117709202429e-06
2.088337372856042010e-06
2.100726695728228126e-06
2.113189519809187238e-06
2.125726281154041596e-06
2.138337418404859223e-06
2.150012552000081275e-06
2.160857852236309836e-06
2.171757859379767462e-06
2.182712849388291550e-06
2.193723099611751227e-06
2.204788888799031565e-06
2.213803186612293648e-06
2.222850543996899532e-06
2.231934876066581509e-06
2.241056333929256888e-06
2.250215069310395642e-06
2.258308342601924507e-06
2.265154783058245708e-06
2.272021979646945783e-06
2.278909995293725878e-06
2.285818893115051239e-06
2.292748736418736091e-06
2.297200631831304885e-06
2.301474471396248518e-06
2.305756262249539680e-06
2.310046019184206029e-06
2.314343757020778386e-06
2.317491956049478460e-06
2.318883151725070279e-06
2.320275182538575750e-06
2.321668048991339273e-06
2.323061751584992396e-06
2.324456290821467785e-06
2.323135800747305082e-06
2.321385208499068469e-06
2.319635935404551203e-06
2.317887980469702947e-06
2.316141342701228915e-06
2.313258504197192422e-06
2.308065068465470330e-06
2.302883292379498675e-06
2.297713149762523399e-06
2.292554614496540646e-06
2.287407660522201901e-06
2.279406911423745085e-06
2.270699771426324216e-06
2.262025891961080968e-06
2.253385145975624090e-06
2.244777406902886804e-06
2.235244575833097371e-06
2.223060155863552984e-06
2.210942153722102151e-06
2.198890207362148065e-06
2.186903956710613347e-06
2.174983043657195432e-06
2.160479777555495343e-06
2.145089817678067051e-06
2.129809486628221281e-06
2.114638003476057024e-06
2.099574592854549869e-06
2.083944892032502212e-06
2.065653230507383259e-06
2.047522122595095995e-06
2.029550159048989586e-06
2.011735942991976679e-06
1.994078089807947594e-06
1.974528423849228652e-06
1.954127238092520961e-06
1.933936841086810654e-06
1.913955054924503453e-06
1.894179724200530328e-06
1.874285988697416424e-06
1.852391563236216351e-06
1.830752896965004654e-06
1.809367002239123898e-06
1.788230926314013368e-06
1.767341750937525121e-06
1.745555839193032100e-06
1.723263618803494007e-06
1.701256088871137466e-06
1.679529613658699755e-06
1.658080603860339939e-06
1.636838455542684472e-06
1.614804502969809744e-06
1.593067155760976954e-06
1.571622421226194465e-06
1.550466360422204807e-06
1.529595087429019439e-06
1.508726221742402766e-06
1.487893281629393398e-06
1.467348008945698515e-06
1.447086431493955621e-06
1.427104631926075340e-06
1.407398746985875379e-06
1.387957346368747274e-06
1.368784434793225175e-06
1.349876373242989969e-06
1.331229503142996142e-06
1.312840216456872139e-06
1.294723648632705753e-06
1.276878977223167643e-06
1.259280251964414133e-06
1.241924083076513261e-06
1.224807127499548084e-06
1.207926088249686348e-06
1.191107152031586304e-06
1.174508425405056348e-06
1.158141011070749043e-06
1.142001685565946235e-06
1.126087270348629964e-06
1.110141820702563270e-06
1.094031568888070403e-06
1.078155107215241024e-06
1.062509042948130745e-06
1.047090032585801579e-06
1.031894781147814068e-06
1.015997423959839274e-06
1.000191804176791755e-06
9.846320684982064961e-07
9.693143917660898260e-07
9.542350083294873962e-07
9.390322022132742725e-07
9.233296363261773001e-07
9.078896499063864081e-07
8.927078520806407607e-07
8.777799254001885594e-07
8.631016246129733993e-07
8.479866048931411604e-07
8.329560688891729351e-07
8.181919486649606429e-07
8.036895220091600578e-07
7.894441504114632739e-07
7.753114315769688551e-07
7.610288794572578617e-07
7.470094361822548442e-07
7.332482548405980882e-07
7.197405778092561117e-07
7.064817351086861370e-07
6.930744175564281523e-07
6.797720411122739495e-07
6.667249810015156531e-07
6.539283368644080072e-07
6.413773023952086823e-07
6.288972584833157617e-07
6.159341102470926036e-07
6.032381649759457015e-07
5.908039149472721298e-07
5.786259659664281850e-07
5.666990350266454387e-07
5.544091313641830038e-07
5.420691372025688051e-07
5.300038056453275553e-07
5.182070232741503993e-07
5.066728127427045408e-07
4.953463682935481672e-07
4.839185823777661060e-07
4.727544388328504922e-07
4.618478553520246934e-07
4.511928899491133909e-07
4.407837377213012398e-07
4.308197624715712726e-07
4.212231939515726928e-07
4.118403902942411926e-07
4.026665898583289850e-07
3.936971370687888978e-07
3.849530884298549744e-07
3.768668958733906789e-07
3.689505591046181456e-07
3.612005101911151726e-07
3.536132561472214799e-07
3.461853773597355449e-07
3.389412961981749840e-07
3.318741578194926882e-07
3.249543737036986034e-07
3.181788714220907469e-07
3.115446426080311131e-07
3.050487416212108211e-07
2.985499701617276339e-07
2.921873966820107078e-07
2.859604197366457463e-07
2.798661495483776904e-07
2.739017579256875848e-07
2.679416098683410826e-07
2.619642158204016373e-07
2.561201688835064180e-07
2.504064942743494364e-07
2.448202835727857138e-07
2.393586932413627969e-07
2.338367964169782851e-07
2.284259746015233014e-07
2.231403554623250506e-07
2.179770418960078994e-07
2.129332038361667985e-07
2.080730471765692306e-07
2.034296612892838574e-07
1.988898978211003187e-07
1.944514443202851219e-07
1.901120399400875214e-07
1.858694742871137095e-07
1.819334463964958267e-07
1.781178630834104709e-07
1.743823017580760774e-07
1.707250841663446468e-07
1.671445672511063018e-07
1.636468812410722750e-07
1.602389017079358912e-07
1.569018940406251265e-07
1.536343802356224503e-07
1.504349130691333854e-07
1.473020754560928696e-07
1.441798309529307302e-07
1.411087456333126624e-07
1.381030756008259433e-07
1.351614274849375215e-07
1.322824375944363833e-07
1.294856737081734138e-07
1.268104706358465300e-07
1.241905378592460951e-07
1.216247334816612784e-07
1.191119391982228143e-07
1.166510598084918951e-07
1.143315683004930003e-07
1.120939260306933578e-07
1.099000778153442663e-07
1.077491665383507561e-07
1.056403518586796910e-07
1.035758604576356181e-07
1.015654100407096491e-07
9.959398330035328019e-08
9.766082277081646570e-08
9.576518568907376355e-08
9.390634370943777276e-08
9.211434254625698391e-08
9.037311716827483323e-08
8.866480594603782509e-08
8.698878670756153800e-08
8.534444904169817530e-08
8.374870871072581525e-08
8.231972564258949537e-08
8.091512495169148466e-08
7.953449060768628491e-08
7.817741367884927665e-08
7.684349221095361501e-08
7.553233110821706230e-08
7.424354201627614096e-08
7.297674320716042259e-08
7.173155946622700992e-08
7.050762198102583041e-08
6.930456823206039115e-08
6.812204188541307812e-08
6.695969268720196582e-08
6.581717635983835267e-08
6.469415450005527032e-08
6.359029447867508386e-08
6.250526934208821781e-08
6.143875771541145574e-08
6.039044370730068048e-08
5.936001681638516635e-08
5.834717183930138721e-08
5.735160878029360379e-08
5.637303276235755984e-08
5.541115393990143922e-08
5.446568741289476877e-08
5.353635314248512336e-08
5.262287586805176938e-08
5.172498502567674514e-08
5.084241466800600164e-08
4.997490338547741644e-08
4.912219422889492800e-08
4.828403463332121592e-08
4.746017634327109940e-08
4.665037533917976675e-08
4.585439176512661860e-08
4.507198985779233165e-08
4.430293787662720590e-08
4.354700803521237922e-08
4.280397643379086049e-08
4.207362299295077246e-08
4.135573138843956227e-08
4.063310980712096881e-08
3.992090589467639665e-08
3.922118526040839506e-08
3.853372910148351616e-08
3.785832245017303458e-08
3.719475410663275691e-08
3.654281657286028632e-08
3.590230598781096204e-08
3.527302206364961716e-08
3.465476802312150513e-08
3.404735053801916116e-08
3.345057966872922401e-08
3.286426880483781080e-08
3.228823460677764300e-08
3.172229694849760737e-08
3.116627886113750024e-08
3.062000647768943273e-08
3.008330897863007476e-08
2.955601853850464643e-08
2.903797027344869065e-08
2.852900218962810896e-08
2.802895513258419906e-08
2.753767273746553587e-08
2.705500138013315342e-08
2.658079012912155771e-08
2.611489069844321216e-08
2.565715740121878439e-08
2.520744710412132210e-08
2.476561918261804608e-08
2.433153547699722379e-08
2.390506024916550198e-08
2.348606014020275816e-08
2.307440412866038229e-08
2.266996348959127578e-08
2.227261175429695328e-08
2.188222467078139747e-08
2.149868016489688682e-08
2.112185830217175771e-08
2.075164125030657474e-08
2.038791324232810492e-08
2.003056054038887320e-08
1.961349664506879453e-08
1.917109863253763751e-08
1.873867925895260992e-08
1.831601344817767662e-08
1.790288120084813153e-08
1.749906747985983960e-08
1.710436209844152897e-08
1.671855961075172761e-08
1.634145920494316981e-08
1.597286459863958238e-08
1.561258393676973361e-08
1.526042969170607373e-08
1.491621856565584103e-08
1.457977139525363644e-08
1.425091305830633357e-08
1.392947238264108402e-08
1.361528205700950327e-08
1.330817854400148534e-08
1.300800199492316118e-08
1.271459616659513684e-08
1.242780834002713976e-08
1.214748924092716123e-08
1.187349296200356262e-08
1.160567688701961985e-08
1.134390161656129797e-08
1.108803089547916812e-08
1.083793154196703700e-08
1.059347337824027415e-08
1.035452916277762638e-08
1.012097452409159588e-08
9.892687895992453283e-09
9.669550454312545528e-09
9.451446055057842645e-09
9.238261173954296330e-09
9.029884847358361637e-09
8.826208614499549110e-09
8.627126461026333977e-09
8.432534763825218723e-09
8.242332237084321995e-09
8.056419879573894102e-09
7.874700923115608527e-09
7.676715666867404860e-09
7.457030471699491030e-09
7.243632025588082362e-09
7.036340420125319447e-09
6.834980895356817864e-09
6.639383692447991369e-09
6.449383910566620539e-09
6.264821367860908439e-09
6.085540466416183213e-09
5.911390061075898988e-09
5.742223332016721543e-09
5.577897660970132994e-09
5.418274510986114036e-09
5.263219309637851203e-09
5.112601335568569787e-09
4.966293608285185493e-09
4.824172781105630159e-09
4.686119037169924587e-09
4.552015988426817750e-09
4.421750577511420568e-09
4.295212982430611642e-09
4.172296523976157904e-09
4.052897575787402310e-09
3.936915476987608195e-09
3.824252447320566221e-09
3.714813504715579030e-09
3.608506385211572025e-09
3.505241465172745501e-09
3.404931685730116041e-09
3.307492479385461059e-09
3.212841698715502211e-09
3.120899547116438984e-09
3.031588511530369801e-09
2.944833297096823392e-09
2.860560763674509129e-09
2.778699864179447222e-09
2.699181584687860612e-09
2.621938886253028124e-09
2.546906648387174837e-09
2.474021614160839704e-09
2.403222336873236172e-09
2.332463669132798776e-09
2.255967068297269382e-09
2.181979286791622300e-09
2.110418044169922720e-09
2.041203758495322217e-09
1.974259457838466877e-09
1.909510694678435863e-09
1.846885463111027586e-09
1.786314118772322065e-09
1.727729301388470400e-09
1.671065859865577840e-09
1.616260779836380698e-09
1.563253113583099658e-09
1.511983912258673355e-09
1.462396160330768529e-09
1.414434712175891299e-09
1.368046230752957080e-09
1.323179128288122660e-09
1.279783508905032715e-09
1.237811113136479532e-09
1.197215264255969473e-09
1.157950816369395569e-09
1.119974104209103247e-09
1.083242894574576510e-09
1.047716339365674281e-09
1.013354930156189753e-09
9.801204542572813346e-10
9.479759522218253433e-10
9.168856767425231599e-10
8.868150528979591559e-10
8.577306397024883127e-10
8.296000929171146725e-10
8.023921290800611463e-10
7.760764907170265730e-10
7.506239126923928482e-10
7.260060896640085543e-10
7.021956446053552856e-10
6.791660983600322763e-10
6.568918401948048811e-10
6.353480993183661561e-10
6.145109173341978331e-10
5.943571215968920198e-10
5.736295656016363139e-10
5.535864779556635269e-10
5.342437122360267649e-10
5.155767986200492280e-10
4.975621222807426271e-10
4.801768935125420191e-10
4.633991189008941846e-10
4.472075734991927600e-10
4.315817739778848874e-10
4.165019527117502451e-10
4.019490327726202469e-10
3.879046037958363358e-10
3.743508986899953380e-10
3.612707711604425326e-10
3.486476740181214277e-10
3.364656382463442138e-10
3.247092527989578986e-10
3.133636451044152105e-10
3.024144622510142607e-10
2.918478528295684308e-10
2.816504494104887396e-10
2.718093516331442128e-10
2.623121098860870320e-10
2.531467095575108210e-10
2.443015558359985373e-10
2.357654590423618833e-10
2.275276204739769315e-10
2.195776187437557909e-10
2.119053965964206928e-10
2.045012481854482207e-10
1.973558067945527833e-10
1.904600329882015032e-10
1.838052031761544313e-10
1.773828985775740206e-10
1.711849945707292623e-10
1.652036504148416067e-10
1.594312993310433866e-10
1.538606389299326189e-10
1.484846219735833472e-10
1.432964474603427965e-10
1.382895520211385954e-10
1.333597629436076768e-10
1.285726115341841050e-10
1.239573022014927809e-10
1.195076664129747736e-10
1.152177570649231653e-10
1.110818405339591684e-10
1.070943890138303652e-10
1.032500731272938315e-10
9.954375480320219281e-11
9.597048040928387317e-11
9.252547413142643717e-11
8.920413159062468970e-11
8.600201368905799943e-11
8.291484067706837615e-11
7.993848643311881503e-11
7.706897294907591184e-11
7.430246501345513885e-11
7.163526508551903487e-11
6.906380835337425207e-11
6.658465796947034525e-11
6.419450045712319336e-11
6.189014128193099542e-11
5.966850058216108066e-11
5.752660905239831935e-11
5.546160397496003133e-11
5.347072539376562623e-11
5.155131242555342560e-11
4.970079970351184684e-11
4.791671394856975864e-11
4.619667066376886888e-11
4.453837094729252832e-11
4.293959841990044366e-11
4.139821626265405062e-11
3.991216436097822308e-11
3.847945655124257768e-11
3.709817796617950716e-11
3.576648247559184359e-11
3.448259021893317155e-11
3.324478522645621777e-11
3.205141312575674993e-11
3.090087893064238685e-11
2.978531061352133540e-11
2.870418892358357162e-11
2.766230886263612861e-11
2.665824607164487908e-11
2.569062789174032810e-11
2.475813148764813934e-11
2.385948203923592333e-11
2.299345099870060074e-11
2.215885441101447405e-11
2.135455129533568651e-11
2.057944208516698373e-11
1.983246712513451960e-11
1.911260522232706577e-11
1.841887225021922502e-11
1.775031980326697298e-11
1.710603390033836634e-11
1.648513373520558697e-11
1.588677047239096616e-11
1.531012608671960727e-11
1.475441224499398373e-11
1.421886922825924785e-11
1.370276489318880588e-11
1.320539367116706783e-11
1.272607560370387297e-11
1.226415541285975641e-11
1.181900160541242828e-11
1.139000560953993271e-11
1.097658094283874464e-11
1.057816241054141646e-11
1.019420533283587807e-11
9.824184800231336116e-12
9.467594955952008875e-12
9.123948304378148581e-12
8.792775044588263326e-12
8.473622428092452467e-12
8.166054139877418752e-12
7.869649701918702708e-12
7.584003898342820207e-12
7.308726221455072996e-12
7.043440337874486553e-12
6.787783574046687295e-12
6.541137569502160970e-12
6.302797681734115771e-12
6.073142201150248933e-12
5.851854693397750340e-12
5.638630254064412847e-12
5.433175088561526040e-12
5.235206107314362777e-12
5.044450535702855087e-12
4.860645538214915626e-12
4.683537856294298014e-12
4.512883459384627819e-12
4.348447208687967754e-12
4.190002533175228308e-12
4.037331117401793913e-12
3.890222600698143511e-12
3.748474287321258843e-12
3.611890867167087074e-12
3.480284146659518098e-12
3.353472789444968839e-12
3.231282066535232516e-12
3.113543615554523289e-12
3.000095208758722445e-12
2.890780529507384532e-12
2.785448956880453409e-12
2.683955358142851523e-12
2.586159888771168892e-12
2.491927799766679135e-12
2.401129251989359538e-12
2.313639137257027137e-12
2.229336905963113631e-12
2.148106400975454922e-12
2.069835697587500213e-12
1.994416949301054348e-12
1.921746239228329483e-12
1.851723436908464156e-12
1.784252060341190448e-12
1.719239143047664048e-12
