8.648593044336558218e-07
8.784118195769179749e-07
8.921767052939448884e-07
9.061572894733332029e-07
9.203569521523492767e-07
9.347791263341015741e-07
9.494272988175371337e-07
9.643050110404253802e-07
9.794158599355628505e-07
9.947634988003835922e-07
1.010351638180215792e-06
1.026184046765359867e-06
1.042264552302235026e-06
1.058597042518792625e-06
1.075185466064450418e-06
1.092033833464736167e-06
1.109146218090902565e-06
1.126526757144722678e-06
1.144179652658740991e-06
1.162109172512176983e-06
1.180319651462748686e-06
1.198815492194685801e-06
1.217601166383142428e-06
1.236681215775302485e-06
1.256060253288413293e-06
1.275742964125048234e-06
1.295734106905823163e-06
1.316038514819875728e-06
1.336661096793358757e-06
1.357606718036358834e-06
1.378880226011929078e-06
1.400487086891236559e-06
1.422432524267796411e-06
1.444721843588114719e-06
1.467360433434300964e-06
1.490353766826796011e-06
1.513707402547506816e-06
1.537426986483678625e-06
1.561518252992822069e-06
1.585987026289030605e-06
1.610839221851020537e-06
1.636080847852234337e-06
1.661718006613354980e-06
1.687756896077580049e-06
1.714203811309012010e-06
1.741065146014530566e-06
1.768347394089514282e-06
1.796057151187765968e-06
1.824201116316074647e-06
1.852786093453728364e-06
1.881818993197421250e-06
1.911306834431934535e-06
1.941256746026995319e-06
1.971675968560725404e-06
2.002571856070095868e-06
2.033951877828811738e-06
2.065823620153055791e-06
2.098194788235527067e-06
2.131073208008225141e-06
2.164466828034399000e-06
2.198383721430188679e-06
2.232832087816334425e-06
2.267820255300489186e-06
2.303356682490593047e-06
2.339449960539792036e-06
2.376108815223404413e-06
2.413342109048430813e-06
2.451158843396121971e-06
2.489568160698115629e-06
2.528579346646680497e-06
2.568201832439587345e-06
2.608445197060161185e-06
2.649319169593065536e-06
2.690833631576348168e-06
2.732998619390395468e-06
2.775824326684271020e-06
2.819321106840096976e-06
2.863499475476049973e-06
2.908370112988576784e-06
2.953943867134448473e-06
3.000231755653271387e-06
3.047244968931094492e-06
3.094994872705763568e-06
3.143493010814625791e-06
3.192751107985394447e-06
3.242780088051110688e-06
3.293592699024011257e-06
3.345201516142187355e-06
3.397619015525516108e-06
3.450857868787929020e-06
3.504930946100704511e-06
3.559851319303726233e-06
3.615632265065564368e-06
3.672287268092999935e-06
3.729830024390880634e-06
3.788274444573045583e-06
3.847634657225133790e-06
3.907925012320081878e-06
3.969160084687147525e-06
4.031354677535289117e-06
4.094523826031724099e-06
4.158682800936637134e-06
4.223847112294760603e-06
4.290032513184843869e-06
4.357255003527864283e-06
4.425530833954912501e-06
4.494876509735682170e-06
4.565308794768529584e-06
4.636844715633008803e-06
4.709501565705999458e-06
4.783296909342238707e-06
4.858248586120405928e-06
4.934374715155736752e-06
5.011693699480205772e-06
5.090224230491351955e-06
5.169985292470818243e-06
5.250996167173636211e-06
5.333276438489590667e-06
5.416845997177357106e-06
5.501725045673089958e-06
5.587934102974185868e-06
5.675494009599637379e-06
5.764425932628106981e-06
5.854751370814932760e-06
5.946492159789342151e-06
6.039670477333031663e-06
6.134308848741583049e-06
6.230430152269771306e-06
6.328057624662257836e-06
6.427214866770928295e-06
6.527925849260260892e-06
6.630214918402088839e-06
6.734106801961162203e-06
6.839626615172950791e-06
6.946799866815046725e-06
7.055652465373837880e-06
7.166210725307675336e-06
7.278501373408246657e-06
7.392551555261616166e-06
7.508388841810508510e-06
7.626038418190308549e-06
7.745523668928257994e-06
7.866881022108002623e-06
7.990139809948647090e-06
8.115329824248304128e-06
8.242481323584913071e-06
8.371625040629695108e-06
8.502792189575325609e-06
8.636014473680365104e-06
8.771324092932076673e-06
8.908753751829142544e-06
9.048336667286405944e-06
9.190106576663371253e-06
9.334097745918676578e-06
9.480344977892141359e-06
9.628883620716689528e-06
9.779749576361965969e-06
9.932979309311995935e-06
1.008860985537861878e-05
1.024667883065313371e-05
1.040722444059806349e-05
1.057028548928159062e-05
1.073590138875646347e-05
1.090411216858595750e-05
1.107495848551909050e-05
1.124848163331732283e-05
1.142472355273543800e-05
1.160372684165858741e-05
1.178553476539829593e-05
1.197019126714964950e-05
1.215774097861254953e-05
1.234822923077917051e-05
1.254170206489054799e-05
1.273820624356471280e-05
1.293778926209941736e-05
1.314049935995170898e-05
1.334638553239751961e-05
1.355549754237376921e-05
1.376788593250628952e-05
1.398360203732593650e-05
1.420269799567626435e-05
1.442522676331542084e-05
1.465124212571580450e-05
1.488079871106395351e-05
1.511395200346430885e-05
1.535075835634966513e-05
1.559127500610205168e-05
1.583556008588670331e-05
1.608367263970298845e-05
1.633567263665527950e-05
1.659162098544776013e-05
1.685157954910599006e-05
1.711561115992932686e-05
1.738377963467757970e-05
1.765614978999547580e-05
1.793278745807911425e-05
1.821303464146995985e-05
1.849743999365419133e-05
1.878628647308294610e-05
1.907964343010790144e-05
1.937758129802003181e-05
1.968017160996037430e-05
1.998748701609446532e-05
2.029960130105538151e-05
2.061658940165892565e-05
2.093852742489567370e-05
2.126549266620357613e-05
2.159756362802630407e-05
2.193482003866114192e-05
2.227734287140146430e-05
2.262521436397768728e-05
2.297851803830223649e-05
2.333733872052258122e-05
2.370176256138769105e-05
2.407187705693203489e-05
2.444777106948302131e-05
2.482953484899645403e-05
2.521726005472474266e-05
2.561103977722393673e-05
2.601096856070412997e-05
2.641714242572917756e-05
2.682965889227036818e-05
2.724861700312058979e-05
2.767411734767383780e-05
2.810626208607634694e-05
2.854515497375433104e-05
2.899090138632524907e-05
2.944360834489778486e-05
2.990338454176721830e-05
3.037034036651145002e-05
3.084458793249513999e-05
3.132624110378733718e-05
3.181541552249985078e-05
3.231222863655183487e-05
3.281679972786856892e-05
3.332924994102050916e-05
3.384970231230905141e-05
3.437828179930704916e-05
3.491511531086025972e-05
3.546033173755772821e-05
3.601406198267722826e-05
3.657643899361456185e-05
3.714759779380370449e-05
3.772767551513469419e-05
3.831681143087847970e-05
3.891514698912547056e-05
3.952282584674672008e-05
4.013999390388463257e-05
4.076679933898293921e-05
4.140339264436376240e-05
4.204992666235942561e-05
4.269495869064664548e-05
4.331786228781877001e-05
4.394985381722628701e-05
4.459106586842662606e-05
4.524163296540959449e-05
4.590169159482038641e-05
4.657138023459328079e-05
4.725083938300458691e-05
4.794021158814804930e-05
4.863964147784113478e-05
4.934927578996781269e-05
5.006926340326287635e-05
5.079975536854700806e-05
5.154090494041598246e-05
5.229286760939321735e-05
5.305580113455147899e-05
5.382986557660938672e-05
5.461522333151247460e-05
5.541203916450250999e-05
5.622048024468495549e-05
5.704071618010079511e-05
5.787291905330893142e-05
5.871726345748936579e-05
5.957392653307143051e-05
6.044308800489755590e-05
6.132493021992926722e-05
6.221963818550206571e-05
6.312739960814031355e-05
6.404840493293648682e-05
6.498284738350625490e-05
6.593092300252650158e-05
6.689283069286346378e-05
6.786877225930288717e-05
6.885895245088702321e-05
6.986357900387062440e-05
7.088286268530371670e-05
7.191701733724888785e-05
7.296625992164507178e-05
7.403081056582574396e-05
7.511089260870003857e-05
7.620673264760884937e-05
7.731856058586461479e-05
7.844660968098310871e-05
7.959111659362133140e-05
8.075232143722693527e-05
8.193046782841356462e-05
8.312580293807140641e-05
8.433857754322143601e-05
8.556904607962895681e-05
8.681746669518216643e-05
8.808410130405103678e-05
8.936921564163663174e-05
9.067307932032011881e-05
9.199596588602798164e-05
9.333815287561962712e-05
9.469992187511423265e-05
9.590799288190561425e-05
9.707866405960172162e-05
9.826362467204781696e-05
9.946304913879855955e-05
1.006771140084067448e-04
1.019059979844106137e-04
1.031498819516374517e-04
1.044089490028290594e-04
1.056833844655924031e-04
1.069733759296779516e-04
1.082791132745927201e-04
1.096007886975487657e-04
1.109385967417537901e-04
1.122927343250471684e-04
1.136634007688844001e-04
1.150507978276769754e-04
1.164551297184886859e-04
1.178766031510956316e-04
1.193154273584130266e-04
1.207718141272924362e-04
1.222459778296959500e-04
1.237381354542509517e-04
1.252485066381887088e-04
1.267773136996747259e-04
1.283247816705319043e-04
1.298911383293644361e-04
1.314766142350853471e-04
1.330814427608537054e-04
1.347058601284259135e-04
1.363501054429251235e-04
1.380144207280380717e-04
1.396990509616379233e-04
1.414042441118443759e-04
1.431302511735235152e-04
1.448773262052318147e-04
1.466457263666133581e-04
1.484357119562512348e-04
1.502475464499825129e-04
1.520814965396808012e-04
1.539378321725107105e-04
1.558168265906639176e-04
1.577187563715776988e-04
1.596439014686460171e-04
1.615925452524276883e-04
1.635649745523558556e-04
1.655614796989581775e-04
1.675823545665924450e-04
1.696278966167019664e-04
1.716984069416016133e-04
1.737941903087957506e-04
1.759155552058387271e-04
1.780628138857431604e-04
1.802362824129404863e-04
1.824362807098054296e-04
1.846631326037453166e-04
1.868047874507713056e-04
1.886623258806964011e-04
1.905383351917254474e-04
1.924329990535169200e-04
1.943465029620923296e-04
1.962790342579980724e-04
1.981516975581519818e-04
2.000134415075877298e-04
2.018926775632026043e-04
2.037895700729342623e-04
2.057042849288592823e-04
2.076121207986261514e-04
2.094379845212512609e-04
2.112799059688339506e-04
2.131380263625002138e-04
2.150124881653574422e-04
2.169034350934191180e-04
2.187144439611262510e-04
2.204920421363886461e-04
2.222840877126338699e-04
2.240906981108845616e-04
2.259119917065006370e-04
2.277266207329910305e-04
2.294154033810010852e-04
2.311167097595395942e-04
2.328306327425039594e-04
2.345572658925289256e-04
2.362967034660940673e-04
2.379400252382197871e-04
2.395215194317139762e-04
2.411135251979521789e-04
2.427161124032435580e-04
2.443293513782706077e-04
2.459394742364870261e-04
2.473626731045473000e-04
2.487941077185132441e-04
2.502338257368767033e-04
2.516818750939175411e-04
2.531383040013019704e-04
2.544763902219296468e-04
2.557095049357808103e-04
2.569485949461860195e-04
2.581936892076034089e-04
2.594448168147961442e-04
2.607020070035116202e-04
2.617032278990489820e-04
2.627078220953864393e-04
2.637162726044926298e-04
2.647285942295067910e-04
2.657448018303932018e-04
2.666275158471039311e-04
2.673542576917389618e-04
2.680829804036039487e-04
2.688136893819129537e-04
2.695463900405973786e-04
2.702810878083444540e-04
2.707061978412701742e-04
2.711087065628966174e-04
2.715118137683117383e-04
2.719155203473921424e-04
2.723198271913366197e-04
2.725815757127399435e-04
2.726258405501885067e-04
2.726701125758551896e-04
2.727143917909074068e-04
2.727586781965125732e-04
2.728029717938383744e-04
2.725126089510190408e-04
2.721694914027393032e-04
2.718268058698895600e-04
2.714845518085240634e-04
2.711427286753819018e-04
2.706619539439246696e-04
2.698986304470019732e-04
2.691374596824909872e-04
2.683784355792350048e-04
2.676215520831990943e-04
2.668668031574212554e-04
2.657650368893998472e-04
2.645783947194311450e-04
2.633970509124674512e-04
2.622209818112932020e-04
2.610501638643208510e-04
2.597699660981447607e-04
2.581741995782106322e-04
2.565882358496633436e-04
2.550120146939691764e-04
2.534454762625180132e-04
2.518885610743485195e-04
2.500285564254532515e-04
2.480662308506994705e-04
2.461193064033866508e-04
2.441876622092162123e-04
2.422711783425609731e-04
2.402918472247831750e-04
2.380076621728334789e-04
2.357451903059618666e-04
2.335042252212739147e-04
2.312845624779158915e-04
2.290859995784239858e-04
2.266811417647327182e-04
2.241858146441302120e-04
2.217179563168745582e-04
2.192772644039307241e-04
2.168634398548795975e-04
2.144420633116828187e-04
2.118142318890558107e-04
2.092186026280714423e-04
2.066547809146741701e-04
2.041223769705171340e-04
2.016210057937027839e-04
1.990406794397301369e-04
1.964189533297994769e-04
1.938317600993529467e-04
1.912786448878459988e-04
1.887591588260710150e-04
1.862677268895909148e-04
1.837277795235118052e-04
1.812224668884735552e-04
1.787513167051648841e-04
1.763138631342754420e-04
1.739096466886826706e-04
1.715283897183052903e-04
1.691709623440195581e-04
1.668459346432466872e-04
1.645528613259828333e-04
1.622913032221379723e-04
1.600608271974245805e-04
1.578902329627865071e-04
1.557493384890719520e-04
1.536374732280043425e-04
1.515542435613103679e-04
1.494992612079376984e-04
1.474771429569661410e-04
1.454882339322416201e-04
1.435261477698894993e-04
1.415905227309178821e-04
1.396810019548261187e-04
1.377972333938118680e-04
1.358990618837086959e-04
1.340237762026815166e-04
1.321743677892139727e-04
1.303504795601249792e-04
1.285517593596624943e-04
1.267315695031559681e-04
1.248656462938913881e-04
1.230271958716879822e-04
1.212158137429282626e-04
1.194311013695271815e-04
1.176726660812476470e-04
1.157900182552219472e-04
1.139125908875730726e-04
1.120656042571649804e-04
1.102485647957775487e-04
1.084609869379404455e-04
1.066510765204473332e-04
1.047651136906727927e-04
1.029125012583938622e-04
1.010926494723198108e-04
9.930497901001857151e-05
9.754892079349865416e-05
9.574586014556937959e-05
9.395552626759896147e-05
9.219866950696538430e-05
9.047466388133166442e-05
8.878289511348661910e-05
8.711470721680827478e-05
8.545468277616621118e-05
8.382629112442478562e-05
8.222892947929406828e-05
8.066200654487239944e-05
7.912494229276547297e-05
7.759937399965475950e-05
7.609644644260964445e-05
7.462262725494064723e-05
7.317735267217090702e-05
7.176006984868971606e-05
7.035456206765099173e-05
6.890961124104138396e-05
6.749433699587807655e-05
6.610812983080635488e-05
6.475039276248678805e-05
6.342054106849874724e-05
6.204916797412937213e-05
6.067164908220158394e-05
5.932471171714332619e-05
5.800767695557155053e-05
5.671988094650253089e-05
5.545499166394509403e-05
5.417715753579034111e-05
5.292876818817001549e-05
5.170914513310060831e-05
5.051762551681081764e-05
4.935356175948647588e-05
4.824219681906005626e-05
4.717380257369371875e-05
4.612906948679014690e-05
4.510747354727183021e-05
4.410850234905551323e-05
4.313419554534943468e-05
4.222741296109083396e-05
4.133969308670117521e-05
4.047063517903234047e-05
3.961984691950282519e-05
3.878694423699357766e-05
3.796805781719250061e-05
3.716327143732697764e-05
3.637554363655281055e-05
3.560451283429663514e-05
3.484982511419394756e-05
3.411113406163505620e-05
3.337478707701336937e-05
3.265411867287072067e-05
3.194901180467229286e-05
3.125913044908264763e-05
3.058414583858477673e-05
2.991536592362324776e-05
2.925119889630925830e-05
2.860177739613670780e-05
2.796677404977669431e-05
2.734586875209044145e-05
2.673874850476455828e-05
2.612971001891153410e-05
2.553316433339788003e-05
2.495023788646929183e-05
2.438061974861241164e-05
2.382400608888724175e-05
2.328708822283058361e-05
2.277331774609404091e-05
2.227088231048588444e-05
2.177953183710274149e-05
2.129902176439744425e-05
2.082911292645225361e-05
2.038957909137718044e-05
1.996282323429923123e-05
1.954499941847296908e-05
1.913592069541356747e-05
1.873540402948582455e-05
1.834436975243655362e-05
1.796384333718622172e-05
1.759121037124250199e-05
1.722630711684779243e-05
1.686897323273848744e-05
1.651905170368972938e-05
1.617336869147624010e-05
1.583408913701162937e-05
1.550192687630771294e-05
1.517673260514090764e-05
1.485836015134194030e-05
1.454902295052335750e-05
1.425316662732252424e-05
1.396332658193468092e-05
1.367938047254765354e-05
1.340120844518634952e-05
1.312869308312227490e-05
1.287080363435238511e-05
1.262156519261135232e-05
1.237715316284939615e-05
1.213747408335002996e-05
1.190243630224894164e-05
1.167248862495960688e-05
1.144940243912495607e-05
1.123057990673299124e-05
1.101593954026075711e-05
1.080540140958595394e-05
1.059888711222164916e-05
1.039990463591755027e-05
1.020659068232806063e-05
1.001687005828922129e-05
9.830675970809569136e-06
9.647942868449085494e-06
9.470441943510556090e-06
9.310559264899379467e-06
9.153375770874538951e-06
8.998845893038703967e-06
8.846924832293073641e-06
8.697568545849846040e-06
8.550733734464126525e-06
8.406377829881040087e-06
8.264458982495030508e-06
8.124936049217480502e-06
7.987768581548925894e-06
7.852916813852963578e-06
7.720341651827933213e-06
7.590004661173185240e-06
7.461868056446811398e-06
7.335894690111423312e-06
7.212048041764857872e-06
7.090292207552694831e-06
6.970591889759577987e-06
6.852912386576134762e-06
6.737219582038706592e-06
6.623479936139063587e-06
6.511660475100823747e-06
6.401728781820220281e-06
6.293652986468250730e-06
6.187401757251300022e-06
6.082944291327988595e-06
5.980250305879241150e-06
5.879290029329058660e-06
5.780034192713628728e-06
5.682454021196016328e-06
5.586521225724288578e-06
5.492207994830230036e-06
5.399486986566736771e-06
5.308331320581167693e-06
5.218714570322560970e-06
5.130610755380525952e-06
5.043994333953261883e-06
4.958840195442889889e-06
4.875123653175783329e-06
4.792820437245659463e-06
4.711906687477697734e-06
4.629044413758098006e-06
4.547208247488990650e-06
4.466818850252766208e-06
4.387850644841545080e-06
4.310278506223038817e-06
4.234077753546514044e-06
4.159224142290221056e-06
4.085693856547601147e-06
4.013463501449829805e-06
3.942510095722405427e-06
3.872811064373238196e-06
3.804344231510085127e-06
3.737087813284883778e-06
3.671020410962867466e-06
3.606121004114241494e-06
3.542368943926158377e-06
3.479743946632966834e-06
3.418226087062596605e-06
3.357795792297039466e-06
3.298433835444903279e-06
3.240121329524058737e-06
3.182839721452438657e-06
3.126570786145067485e-06
3.071296620715457974e-06
3.016999638779483169e-06
2.963662564860041084e-06
2.911268428890514759e-06
2.859800560815499649e-06
2.809242585286948433e-06
2.759578416454064151e-06
2.710792252845356463e-06
2.662868572341114861e-06
2.615792127234819065e-06
2.569547939381801866e-06
2.524121295433710051e-06
2.479497742157233670e-06
2.435663081835553579e-06
2.392603367751103722e-06
2.350304899748217507e-06
2.308754219874152271e-06
2.267938108097264883e-06
2.220046543242216149e-06
2.169147647157525529e-06
2.119415707518206181e-06
2.070823969572169652e-06
2.023346291972222367e-06
1.976957132712509942e-06
1.931631535387483694e-06
1.887345115765850541e-06
1.844074048672356266e-06
1.801795055170368193e-06
1.760485390038265630e-06
1.720122829532975966e-06
1.680685659434089800e-06
1.642152663362023201e-06
1.604503111364075735e-06
1.567716748762143114e-06
1.531773785256099541e-06
1.496654884277056887e-06
1.462341152584652793e-06
1.428814130102924026e-06
1.396055779989130410e-06
1.364048478930334693e-06
1.332775007662406493e-06
1.302218541706424867e-06
1.272362642317453861e-06
1.243191247640848320e-06
1.214688664071290903e-06
1.186839557809981436e-06
1.159628946615343234e-06
1.133042191742909986e-06
1.107064990069980814e-06
1.081683366400833318e-06
1.056883665948356013e-06
1.032652546988052812e-06
1.008976973680490604e-06
9.858442090582645513e-07
9.632418081737910260e-07
9.411576114041787721e-07
9.195797379095932441e-07
8.984965792416262433e-07
8.778967930981896538e-07
8.555242772530914103e-07
8.307819345137434353e-07
8.067551571189529799e-07
7.834232504333072682e-07
7.607661183242883661e-07
7.387642458531747027e-07
7.173986824665173603e-07
6.966510256737301588e-07
6.765034051967503677e-07
6.569384675780796604e-07
6.379393612339922346e-07
6.194897219400008922e-07
6.015736587360931652e-07
5.841757402396088249e-07
5.672809813539474274e-07
5.508748303616691519e-07
5.349431563908819994e-07
5.194722372440999075e-07
5.044487475790976870e-07
4.898597474315946822e-07
4.756926710698594602e-07
4.619353161716473307e-07
4.485758333141587853e-07
4.356027157679399337e-07
4.230047895859650287e-07
4.107712039793391640e-07
3.988914219713473805e-07
3.873552113217912456e-07
3.761526357138033131e-07
3.652740461955454443e-07
3.547100728694143380e-07
3.444516168216049417e-07
3.344898422850760674e-07
3.248161690291621194e-07
3.154222649692957559e-07
3.063000389904489283e-07
2.974416339781317202e-07
2.888394200509389184e-07
2.804859879888103744e-07
2.723741428513623311e-07
2.644968977807688050e-07
2.566369258829777065e-07
2.481813090187910288e-07
2.400042859551956246e-07
2.320966776450598038e-07
2.244496074704724649e-07
2.170544912783742682e-07
2.099030277444876602e-07
2.029871890547367386e-07
1.962992118936951461e-07
1.898315887299426494e-07
1.835770593885482592e-07
1.775286029012249637e-07
1.716794296250002332e-07
1.660229736205622628e-07
1.605528852817210686e-07
1.552630242077107823e-07
1.501474523103370690e-07
1.452004271482256210e-07
1.404163954806953351e-07
1.357899870340155522e-07
1.313160084730496223e-07
1.269894375715238048e-07
1.228054175743662627e-07
1.187592517458022353e-07
1.148463980970722614e-07
1.110624642878603433e-07
1.074032026957123811e-07
1.038645056479006249e-07
1.004424008103942481e-07
9.713304672874862941e-08
9.393272851591263152e-08
9.083785368211596857e-08
8.784494810214770014e-08
8.495065211550972326e-08
8.215171675505759227e-08
7.944500009989947047e-08
7.682746374846152852e-08
7.429616940775376948e-08
7.184827559501691614e-08
6.948103444803945670e-08
6.719178864056769591e-08
6.497796839934847062e-08
6.270820903749510311e-08
6.051372885426818465e-08
5.839604472930049252e-08
5.635246917668570066e-08
5.438040875936138993e-08
5.247736079786037148e-08
5.064091019423850618e-08
4.886872636715164989e-08
4.715856029418773544e-08
4.550824165770381895e-08
4.391567609054484777e-08
4.237884251814782276e-08
4.089579059366114339e-08
3.946463822282041441e-08
3.808356917544232489e-08
3.675083078050460531e-08
3.546473170188602715e-08
3.422363979194623564e-08
3.302598002021816787e-08
3.187023247458690376e-08
3.075493043241743726e-08
2.967865849918286394e-08
2.864005081223276381e-08
2.763778930741962123e-08
2.667060204638544648e-08
2.573726160238517343e-08
2.483658350259778444e-08
2.396742472494999093e-08
2.312868224754265515e-08
2.231929164884071038e-08
2.153822575684957728e-08
2.078449334556331782e-08
2.005713787703162447e-08
1.935523628744742616e-08
1.867789781571589967e-08
1.802426287301783418e-08
1.739350195193240244e-08
1.678481457373581271e-08
1.619742827253917722e-08
1.563059761497606222e-08
1.508360325419717864e-08
1.454559522487101652e-08
1.402334114232550559e-08
1.351983839463555777e-08
1.303441372223157313e-08
1.256641803867354317e-08
1.211522556272390350e-08
1.168023298158335391e-08
1.126085864416989654e-08
1.085654178336313676e-08
1.046674176617360436e-08
1.009093737083424098e-08
9.728626089848057563e-09
9.379323458059265888e-09
9.042562404849786182e-09
8.717892629595077618e-09
8.404879999543713560e-09
8.103105969316238638e-09
7.812167021246355093e-09
7.531674125816597642e-09
7.261252221466887655e-09
7.000539713080186150e-09
6.749187988475149902e-09
6.506860952258621935e-09
6.273234576415102612e-09
6.047996467032257934e-09
5.830845446582599023e-09
5.621491151203691459e-09
5.419653642437485037e-09
5.225063032910144853e-09
5.037459125451702885e-09
4.856591065172882573e-09
4.682217004034172114e-09
4.514103777458218155e-09
4.352026592553426545e-09
4.195768727531762749e-09
4.045121241918849671e-09
3.899882697168789904e-09
3.759858887310361956e-09
3.624862579264089408e-09
3.494713262483282915e-09
3.369236907583985681e-09
3.247609195604577158e-09
3.129768208618405435e-09
3.016203135813234340e-09
2.906758823684770457e-09
2.801285748544652062e-09
2.699639812240008177e-09
2.601682145285460439e-09
2.507278917138526453e-09
2.416301153359217665e-09
2.328624559404187404e-09
2.244129350814489577e-09
2.162700089565149265e-09
2.084225526352811880e-09
2.008598448606018475e-09
1.935715534010582463e-09
1.865477209349783340e-09
1.797787514466686929e-09
1.732553971162615671e-09
1.669687456852661426e-09
1.609102082805739270e-09
1.550715076802680374e-09
1.494446670052235005e-09
1.440219988210250374e-09
1.387960946353363853e-09
1.337598147763592147e-09
1.289062786385539925e-09
1.242288552823075211e-09
1.197211543746851772e-09
1.153770174589099987e-09
1.111905095406300681e-09
1.071559109794797929e-09
1.032677096748663723e-09
9.952059353528964520e-10
9.590944322092279102e-10
9.242932514952913142e-10
8.907548475616287654e-10
8.584333999744481326e-10
8.272847509153815635e-10
7.972663448527243502e-10
7.683371704017286019e-10
7.404577042945244950e-10
7.135628181290267604e-10
6.875788099111969818e-10
6.625409954494215536e-10
6.384149196043485195e-10
6.151673819020923771e-10
5.927663908462573190e-10
5.711811198936785588e-10
5.503818650332566423e-10
5.303400039095740920e-10
5.110279564349557364e-10
4.924191468358769713e-10
4.744879670813756542e-10
4.572097416432431379e-10
4.405606935394235360e-10
4.245179116139348343e-10
4.090593190082900640e-10
3.941636427809895882e-10
3.798103846333110549e-10
3.659797927011199370e-10
3.526528343738364578e-10
3.398111701032160919e-10
3.274371281658519927e-10
3.155136803446894532e-10
3.040244184960852404e-10
2.929535319701638057e-10
2.822857858534123241e-10
2.720065000035359857e-10
2.621015288477701800e-10
2.525572419168135500e-10
2.433605050876100601e-10
2.344986625091641835e-10
2.259595191865285313e-10
2.177313241989669185e-10
2.098027545292368658e-10
2.021628994817110105e-10
1.948012456679010953e-10
1.877076625387378974e-10
