6.904446340781342096e-10
6.995979285313443641e-10
7.088725691363122114e-10
7.182701645912634376e-10
7.277923449210993042e-10
7.374407617601259480e-10
7.472170886385299812e-10
7.571230212726662572e-10
7.671602778591640051e-10
7.773305993729621761e-10
7.876357498692811350e-10
7.980775167895995606e-10
8.086577112716892874e-10
8.193781684637588566e-10
8.302407478427623352e-10
8.412043388198616771e-10
8.522667633948492563e-10
8.634746665792897408e-10
8.748299615185036285e-10
8.863345865170085383e-10
8.979905053693800809e-10
9.097997076954644241e-10
9.217642092799980764e-10
9.338860524166947553e-10
9.461673062568570383e-10
9.586100671625721442e-10
9.712164590645528510e-10
9.839886338246843482e-10
9.969287716033383367e-10
1.010039081231518485e-09
1.023207330813215656e-09
1.036544086778007686e-09
1.050054677560342319e-09
1.063741368969384854e-09
1.077606456347442260e-09
1.091652264954939034e-09
1.105881150360344344e-09
1.120295498835249834e-09
1.134897727754525686e-09
1.149690286001767333e-09
1.164675654379949688e-09
1.179856346027511195e-09
1.195234906839789734e-09
1.210813915895998365e-09
1.226525018752081256e-09
1.242355614961177567e-09
1.258390534581953506e-09
1.274632414789656735e-09
1.291083926797206903e-09
1.307747776294531322e-09
1.324626703893518037e-09
1.341723485578792450e-09
1.359040933164229196e-09
1.376581894755413116e-09
1.394349255218067907e-09
1.412345936652475021e-09
1.430574898874100960e-09
1.449039139900340957e-09
1.467741696443604852e-09
1.486497577825728421e-09
1.505482419378477666e-09
1.524709726317077830e-09
1.544182595294371884e-09
1.563904162512164963e-09
1.583877604226342828e-09
1.604106137258443372e-09
1.624593019513702878e-09
1.645341550505777006e-09
1.666355071888163808e-09
1.687636967992353576e-09
1.709190666372912126e-09
1.731019638359526242e-09
1.753127399616029917e-09
1.775403799137921736e-09
1.797812728755308845e-09
1.820504501141663574e-09
1.843482686303830821e-09
1.866750899308846208e-09
1.890312800852655214e-09
1.914172097836083591e-09
1.938332543947998656e-09
1.962797940255876545e-09
1.987572135803779354e-09
2.012659028217955152e-09
2.038062564320014980e-09
2.063786740747845223e-09
2.089835604584430310e-09
2.116213253994543146e-09
2.142601721797749918e-09
2.169290925093624383e-09
2.196312581017227585e-09
2.223670830746847117e-09
2.251369867045171774e-09
2.279413934901776380e-09
2.307807332183749385e-09
2.336554410294328813e-09
2.365659574839745902e-09
2.395127286304467117e-09
2.424962060734705071e-09
2.455168470430590026e-09
2.485751144646862593e-09
2.516714770302296090e-09
2.547878664670613623e-09
2.579154714420927399e-09
2.610814687982664901e-09
2.642863298147044217e-09
2.675305315556382622e-09
2.708145569414169095e-09
2.741388948203966991e-09
2.775040400417085648e-09
2.809104935289195484e-09
2.843587623545982920e-09
2.878493598157952697e-09
2.913828055104546301e-09
2.949596254147529782e-09
2.985803519613989688e-09
3.022455241188879621e-09
3.059039675343808228e-09
3.096004523137601460e-09
3.133416047051168638e-09
3.171279644632935091e-09
3.209600778654263502e-09
3.248384977897596148e-09
3.287637837954121293e-09
3.327365022031075409e-09
3.367572261768803235e-09
3.408265358067690649e-09
3.449450181925089468e-09
3.491132675282356183e-09
3.533318851882123753e-09
3.576014798135937136e-09
3.618926641369465702e-09
3.661858380851099604e-09
3.705299424454512269e-09
3.749255814112615948e-09
3.793733663434417567e-09
3.838739158555363701e-09
3.884278558997777576e-09
3.930358198541364914e-09
3.976984486104179489e-09
4.024163906634050852e-09
4.071903022010435370e-09
4.120208471957128965e-09
4.169086974965713354e-09
4.218545329230050935e-09
4.268590413591704254e-09
4.318337094582808340e-09
4.368524895297287177e-09
4.419295979642781340e-09
4.470657126553438842e-09
4.522615193748243337e-09
4.575177118646799009e-09
4.628349919295468458e-09
4.682140695304545174e-09
4.736556628796137994e-09
4.791604985363064516e-09
4.847293115039086805e-09
4.903628453280127927e-09
4.960618521957211282e-09
5.018270930360614028e-09
5.076114872182917375e-09
5.133740520794330310e-09
5.192020353848253625e-09
5.250961797851743692e-09
5.310572363619874257e-09
5.370859647232848096e-09
5.431831331003976177e-09
5.493495184458532595e-09
5.555859065323948489e-09
5.618930920531018227e-09
5.682718787226587673e-09
5.747230793797741101e-09
5.812475160907490047e-09
5.878460202542463738e-09
5.945194327072251170e-09
6.011184742945832049e-09
6.077618963052223531e-09
6.144787398756658859e-09
6.212698164439751662e-09
6.281359464160296188e-09
6.350779592646437292e-09
6.420966936297788170e-09
6.491929974198504100e-09
6.563677279141560340e-09
6.636217518664453392e-09
6.709559456096372782e-09
6.783711951616685359e-09
6.858683963325512974e-09
6.934484548325713676e-09
7.010361853260764116e-09
7.085485407128712297e-09
7.161413990532035307e-09
7.238156230226576880e-09
7.315720845413012504e-09
7.394116648727702611e-09
7.473352547243871455e-09
7.553437543483498814e-09
7.634380736440382756e-09
7.716191322613679488e-09
7.798878597053033644e-09
7.882451954414403205e-09
7.966920890027661812e-09
8.052295000975343194e-09
8.138583987182919815e-09
8.223295935108860808e-09
8.308310453559339527e-09
8.394203873657575842e-09
8.480985281711657294e-09
8.568663857966224150e-09
8.657248877573617498e-09
8.746749711575054419e-09
8.837175827891951007e-09
8.928536792327497474e-09
9.020842269578541577e-09
9.114102024258134398e-09
9.208325921928257070e-09
9.303523930143613522e-09
9.399706119506009479e-09
9.495681316807106118e-09
9.589808555446239404e-09
9.684868843200923526e-09
9.780871429047979548e-09
9.877825653645972938e-09
9.975740950244144445e-09
1.007462684559996350e-08
1.017449296090627029e-08
1.027534901272729350e-08
1.037720481394396555e-08
1.048007027470880830e-08
1.058395540341006335e-08
1.068887030764548711e-08
1.079482519520580567e-08
1.090183037506779644e-08
1.100576956078257680e-08
1.110957194620190419e-08
1.121435335768201610e-08
1.132012302903792985e-08
1.142689028117462173e-08
1.153466452290849672e-08
1.164345525179637900e-08
1.175327205497265511e-08
1.186412460999398747e-08
1.197602268569220049e-08
1.208897614303523331e-08
1.220299493599596560e-08
1.231808911242959983e-08
1.243426881495895127e-08
1.254969574941229281e-08
1.266124235604223377e-08
1.277378043256109486e-08
1.288731879154122184e-08
1.300186632388454732e-08
1.311743199951882374e-08
1.323402486810002708e-08
1.335165405972102403e-08
1.347032878562651075e-08
1.359005833893433594e-08
1.371085209536321624e-08
1.383271951396692357e-08
1.395567013787502869e-08
1.407971359504009009e-08
1.420485959899175656e-08
1.432447406383315594e-08
1.444298403961839005e-08
1.456247447823234912e-08
1.468295349129051930e-08
1.480442925751791216e-08
1.492691002330409953e-08
1.505040410326313541e-08
1.517491988079796608e-08
1.530046580866953866e-08
1.542705040957062456e-08
1.555468227670432645e-08
1.568337007436759128e-08
1.581312253853916701e-08
1.594394847747278372e-08
1.607313531536484631e-08
1.619500675546499215e-08
1.631780226219063542e-08
1.644152884209829644e-08
1.656619355487024314e-08
1.669180351371752329e-08
1.681836588578570316e-08
1.694588789256383887e-08
1.707437681029653472e-08
1.720383997039910191e-08
1.733428475987591002e-08
1.746571862174187528e-08
1.759814905544704242e-08
1.773158361730468708e-08
1.786602992092233310e-08
1.799130829120992827e-08
1.811374225243137234e-08
1.823700939791144122e-08
1.836111539761300672e-08
1.848606596008389207e-08
1.861186683271969365e-08
1.873852380202798910e-08
1.886604269389454056e-08
1.899442937385126816e-08
1.912368974734604651e-08
1.925382976001435412e-08
1.938485539795273603e-08
1.951677268799415898e-08
1.964958769798523604e-08
1.977952143873029902e-08
1.989683823491975461e-08
2.001485086344826980e-08
2.013356345145415453e-08
2.025298015055474593e-08
2.037310513699143951e-08
2.049394261177597777e-08
2.061549680083725155e-08
2.073777195516896834e-08
2.086077235097855471e-08
2.098450228983654511e-08
2.110896609882710230e-08
2.123416813069917631e-08
2.136011276401897040e-08
2.148680440332291318e-08
2.159891580350258381e-08
2.170522902643760394e-08
2.181206553959119650e-08
2.191942791867916596e-08
2.202731875209542799e-08
2.213574064097433260e-08
2.224469619925355960e-08
2.235418805373685203e-08
2.246421884415753694e-08
2.257479122324207942e-08
2.268590785677420227e-08
2.279757142365890979e-08
2.290978461598717331e-08
2.302255013910101047e-08
2.313084618843332942e-08
2.321865047137907808e-08
2.330678805782958308e-08
2.339526021299909595e-08
2.348406820690460457e-08
2.357321331438391205e-08
2.366269681511428137e-08
2.375251999363040508e-08
2.384268413934320210e-08
2.393319054655816797e-08
2.402404051449381098e-08
2.411523534730064426e-08
2.420677635407952606e-08
2.429866484890077418e-08
2.439090215082290334e-08
2.446171797499272904e-08
2.452248918135741025e-08
2.458341136401607298e-08
2.464448489804499790e-08
2.470571015945228791e-08
2.476708752518032989e-08
2.482861737310780637e-08
2.489030008205218041e-08
2.495213603177218041e-08
2.501412560296983170e-08
2.507626917729295131e-08
2.513856713733765266e-08
2.520101986665039367e-08
2.526362774973049138e-08
2.532009657786426177e-08
2.534526312206562431e-08
2.537045468019002610e-08
2.539567127709969070e-08
2.542091293768160746e-08
2.544617968684734624e-08
2.547147154953340149e-08
2.549678855070103677e-08
2.552213071533618546e-08
2.554749806844976180e-08
2.557289063507749216e-08
2.559830844028003410e-08
2.562375150914279775e-08
2.564921986677629321e-08
2.567471353831597504e-08
2.567164096188859418e-08
2.565344049894157736e-08
2.563525293960489204e-08
2.561707827473024159e-08
2.559891649517582111e-08
2.558076759180630745e-08
2.556263155549284605e-08
2.554450837711306743e-08
2.552639804755105742e-08
2.550830055769737372e-08
2.549021589844902273e-08
2.547214406070947610e-08
2.545408503538864755e-08
2.543603881340289619e-08
2.541105106848107994e-08
2.534360587149086642e-08
2.527633968538000775e-08
2.520925203502356353e-08
2.514234244655771291e-08
2.507561044737619112e-08
2.500905556612726526e-08
2.494267733271020065e-08
2.487647527827203145e-08
2.481044893520406007e-08
2.474459783713885612e-08
2.467892151894680217e-08
2.461341951673265593e-08
2.454809136783259558e-08
2.448293661081072575e-08
2.438406366481124767e-08
2.426554212908729834e-08
2.414759668086960643e-08
2.403022452001893669e-08
2.391342286000624216e-08
2.379718892784692309e-08
2.368151996403459634e-08
2.356641322247595978e-08
2.345186597042522671e-08
2.333787548841962556e-08
2.322443907021445969e-08
2.311155402271921916e-08
2.299921766593329895e-08
2.288742733288271629e-08
2.276975735975223375e-08
2.260299364399256053e-08
2.243745129113349827e-08
2.227312135601969950e-08
2.210999495900936834e-08
2.194806328549455190e-08
2.178731758542454868e-08
2.162774917283343948e-08
2.146934942537038121e-08
2.131210978383405637e-08
2.115602175170981588e-08
2.100107689471091149e-08
2.084726684032244793e-08
2.069458327734910372e-08
2.054301795546614414e-08
2.035958412857826607e-08
2.015607205798178926e-08
1.995459427072906629e-08
1.975513043235683304e-08
1.955766041166279312e-08
1.936216427867384719e-08
1.916862230263461475e-08
1.897701495001613243e-08
1.878732288254423594e-08
1.859952695524804909e-08
1.841360821452759061e-08
1.822954789624090245e-08
1.804732742381022639e-08
1.786692840634715945e-08
1.768411469312062991e-08
1.745951199305915606e-08
1.723776193073215240e-08
1.701882827531054296e-08
1.680267525612636583e-08
1.658926755682825910e-08
1.637857030961147571e-08
1.617054908952081927e-08
1.596516990882618977e-08
1.576239921146930983e-08
1.556220386758135032e-08
1.536455116806987360e-08
1.516940881927453547e-08
1.497674493769098302e-08
1.478652804476127784e-08
1.457811805782152737e-08
1.435757522015311627e-08
1.414036883119869473e-08
1.392644841600234903e-08
1.371576426321073149e-08
1.350826741352123835e-08
1.330390964830453422e-08
1.310264347839946750e-08
1.290442213307750827e-08
1.270919954917386140e-08
1.251693036038340200e-08
1.232756988671813774e-08
1.214107412412457181e-08
1.195739973425774379e-08
1.177526241417579335e-08
1.157693953824588902e-08
1.138195688198442161e-08
1.119025818830366700e-08
1.100178814761643372e-08
1.081649238187788279e-08
1.063431742889633020e-08
1.045521072690797289e-08
1.027912059941173991e-08
1.010599624025932882e-08
9.935787698996380692e-09
9.768445866450745543e-09
9.603922460563174608e-09
9.442170012456864268e-09
9.283141852741697615e-09
9.122772774535337886e-09
8.961907165161301262e-09
8.803878165326765702e-09
8.648635755927591900e-09
8.496130799866953738e-09
8.346315026502837296e-09
8.199141016369197690e-09
8.054562186167097727e-09
7.912532774019962023e-09
7.773007824989366544e-09
7.635943176845694076e-09
7.501295446090242672e-09
7.369022014223282199e-09
7.239081014254760995e-09
7.111280167970148828e-09
6.981505171683746824e-09
6.854098462015693056e-09
6.729016819689031677e-09
6.606217814142953462e-09
6.485659789139351880e-09
6.367301848632181889e-09
6.251103842894417663e-09
6.137026354898455152e-09
6.025030686944926074e-09
5.915078847535525229e-09
5.807133538485521671e-09
5.701158142271211495e-09
5.597116709608513850e-09
5.494973947258125933e-09
5.389861202330072047e-09
5.282396283012826556e-09
5.177074036475145592e-09
5.073851741365080972e-09
4.972687528123813831e-09
4.873540362002230436e-09
4.776370026416316974e-09
4.681137106634219848e-09
4.587802973788659273e-09
4.496329769208089471e-09
4.406680389060269271e-09
4.318818469302033468e-09
4.232708370929050319e-09
4.148315165519850208e-09
4.065532191903769163e-09
3.974711989062797120e-09
3.885920624970291757e-09
3.799112777258118473e-09
3.714244136017635745e-09
3.631271381182295824e-09
3.550152160415490644e-09
3.470845067492369737e-09
3.393309621164582314e-09
3.317506244497151711e-09
3.243396244667023315e-09
3.170941793212680292e-09
3.100105906725310798e-09
3.030852427970910243e-09
2.963146007434494635e-09
2.896727608124196412e-09
2.831573159144995501e-09
2.767884192184151394e-09
2.705627744986902089e-09
2.644771596699761788e-09
2.585284251194604004e-09
2.527134920767823927e-09
2.470293510206149827e-09
2.414730601210849914e-09
2.360417437172278706e-09
2.307325908286880323e-09
2.255428537008945145e-09
2.204698463829595820e-09
2.155109433375632014e-09
2.106635780821053991e-09
2.063394496824011121e-09
2.021121014766376297e-09
1.979713604266092493e-09
1.939154521813360789e-09
1.899426387415881741e-09
1.860512177151291519e-09
1.822395215872255875e-09
1.785059170061009389e-09
1.748488040830256053e-09
1.712666157067465124e-09
1.677578168719648310e-09
1.643209040215716729e-09
1.609544044023564090e-09
1.576568754339147419e-09
1.544578674308053540e-09
1.513583565921936135e-09
1.483210437341604864e-09
1.453446807278915795e-09
1.424280444908129790e-09
1.395699364839850609e-09
1.367691822195888352e-09
1.340246307782866550e-09
1.313351543362767798e-09
1.286996477018323088e-09
1.261170278611436210e-09
1.235862335332714656e-09
1.211062247340357953e-09
1.186759823486509795e-09
1.162945077129400383e-09
1.140364975297458815e-09
1.118259092783435364e-09
1.096581731008218814e-09
1.075324583132053935e-09
1.054479503342614013e-09
1.034038503733473508e-09
1.013993751243117513e-09
9.943375646533045244e-10
9.750624116455781433e-10
9.561609059148755442e-10
9.376258043390502488e-10
9.194500042032829872e-10
9.016265404783132715e-10
8.841485831514144881e-10
8.676023303945333272e-10
8.521047413737520987e-10
8.368839787941213751e-10
8.219350978298094063e-10
8.072532419821774905e-10
7.928336415020311831e-10
7.786716118400539635e-10
7.647625521249205355e-10
7.511019436685943856e-10
7.376853484983248696e-10
7.245084079148664416e-10
7.115668410764546337e-10
6.988564436080617084e-10
6.863730862355200485e-10
6.741127134440289709e-10
6.624379736481825813e-10
6.509936538303414776e-10
6.397470467966474133e-10
6.286947368486844872e-10
6.178333672978637181e-10
6.071596394459552004e-10
5.966703115832482016e-10
5.863621980040044013e-10
5.762321680389461912e-10
5.662771451044245550e-10
5.564941057680490833e-10
5.468800788304335350e-10
5.374321444228203713e-10
5.281474331202804794e-10
5.191103407588773565e-10
5.103492221289661726e-10
5.017359664746511523e-10
4.932680782858867854e-10
4.849431041697993093e-10
4.767586321398664209e-10
4.687122909171017560e-10
4.608017492430155271e-10
4.530247152041889827e-10
4.453789355682383167e-10
4.378621951309864616e-10
4.304723160746611994e-10
4.232071573369073145e-10
4.160646139904661199e-10
4.090426166333149401e-10
4.020243438730155736e-10
3.951140570481227854e-10
3.883225492591998894e-10
3.816477788457903848e-10
3.750877392409731324e-10
3.686404583681635881e-10
3.623039980482666862e-10
3.560764534170149511e-10
3.499559523523362266e-10
3.439406549115485175e-10
3.380287527782514042e-10
3.322184687186962745e-10
3.265080560475223608e-10
3.208957981026671397e-10
3.152729289210788705e-10
3.095823073749138734e-10
3.039944005581489673e-10
2.985073544877813207e-10
2.931193486448752561e-10
2.878285953705466443e-10
2.826333392728421445e-10
2.775318566443313645e-10
2.725224548901988385e-10
2.676034719666756070e-10
2.627732758295904720e-10
2.580302638928856783e-10
2.533728624969064555e-10
2.487995263862769130e-10
2.443087381972161328e-10
2.396098250290143514e-10
2.349604626239431671e-10
2.304013159300644489e-10
2.259306344117483363e-10
2.215467015005638003e-10
2.172478339361827600e-10
2.130323811200733677e-10
2.088987244817342309e-10
2.048452768572259925e-10
2.008704818797618603e-10
1.969728133821232261e-10
1.931507748106704438e-10
1.894028986507243173e-10
1.857277458630973877e-10
1.820061513593725281e-10
1.781548557376968516e-10
1.743850544932970225e-10
1.706950231847968198e-10
1.670830738604274213e-10
1.635475542859030784e-10
1.600868471886282075e-10
1.566993695178979398e-10
1.533835717207557531e-10
1.501379370331739777e-10
1.469609807862300016e-10
1.438512497269669479e-10
1.408073213536223493e-10
1.378278032649263650e-10
1.349113325231689084e-10
1.318203852138581635e-10
1.287587581851356067e-10
1.257682397337978089e-10
1.228471783099573779e-10
1.199939607222076210e-10
1.172070112467171788e-10
1.144847907570210668e-10
1.118257958740155779e-10
1.092285581357028198e-10
1.066916431862112487e-10
1.042136499836583958e-10
1.017932100264072853e-10
9.942898659729406205e-11
9.711967402541068043e-11
9.479111520329790503e-11
9.237679604519700049e-11
9.002396932744424052e-11
8.773106884442504041e-11
8.549656828160862308e-11
8.331898019952411486e-11
8.119685504361980749e-11
7.912878017933619074e-11
7.711337895175879897e-11
7.514930976922164590e-11
7.323526521024797057e-11
7.136997115324175892e-11
6.955218592834142435e-11
6.778069949087861867e-11
6.605433261588889315e-11
6.424711837840689124e-11
6.246287905329727396e-11
6.072819074385396160e-11
5.904167734367695162e-11
5.740200096291607318e-11
5.580786086693883348e-11
5.425799244447444453e-11
5.275116620441299555e-11
5.128618680046605223e-11
4.986189208291395730e-11
4.847715217668638068e-11
4.713086858504692711e-11
4.582197331816981861e-11
4.454942804591554533e-11
4.328189228714021235e-11
4.198413542891819810e-11
4.072529029044914304e-11
3.950419014938123942e-11
3.831970326616553077e-11
3.717073183513867939e-11
3.605621096705451386e-11
3.497510770212393635e-11
3.392642005264769445e-11
3.290917607435412329e-11
3.192243296558242374e-11
3.096527619347586912e-11
3.003681864637441979e-11
2.913619981162247495e-11
2.826258497802844208e-11
2.737105106100181151e-11
2.649658029387860411e-11
2.565004777146688792e-11
2.483056090187358719e-11
2.403725561039737676e-11
2.326929542844039321e-11
2.252587061152800863e-11
2.180619728550630506e-11
2.110951662001786853e-11
2.043509402838396056e-11
1.978221839304904902e-11
1.915020131577232739e-11
1.853837639177343148e-11
1.794609850706952170e-11
1.736468641011793061e-11
1.678216744275781554e-11
1.621918976392553304e-11
1.567509783795827632e-11
1.514925811991328003e-11
1.464105831786331515e-11
1.414990667993851497e-11
1.367523130528642569e-11
1.321647947814576620e-11
1.277311702426011633e-11
1.234462768888088832e-11
1.193051253563624745e-11
1.153028936556585101e-11
1.114349215564455069e-11
1.076967051614125752e-11
1.039866961089081860e-11
1.003760886218157003e-11
9.689084800292522339e-12
9.352662128623378915e-12
9.027920664864526220e-12
8.714454816201632274e-12
8.411873072741361870e-12
8.119797518527207077e-12
7.837863359532826614e-12
7.565718468044993239e-12
7.303022942866068253e-12
7.049448684786899761e-12
6.804678986800673179e-12
6.568408138544551009e-12
6.339030112966720873e-12
6.113952686265520734e-12
5.896866994436608958e-12
5.687489278121262662e-12
5.485545853291704879e-12
5.290772753510256903e-12
5.102915384890881298e-12
4.921728193311537163e-12
4.746974343443034204e-12
4.578425409174151203e-12
4.415861075029012251e-12
4.259068848185911015e-12
4.107843780721404886e-12
3.961988201716639620e-12
3.821311458875667794e-12
3.684314687686763043e-12
3.551786127096610370e-12
3.424024754127739199e-12
3.300859088174660312e-12
3.182123816964311492e-12
3.067659574674858277e-12
2.957312728035783953e-12
2.850935170122119572e-12
2.748384121566223034e-12
2.649521938920056370e-12
2.554215929910926531e-12
2.462338175342663147e-12
2.373765357403142116e-12
2.288378594147867195e-12
2.205939256337052241e-12
2.126064137755108373e-12
2.049081226902888902e-12
1.974885799484520548e-12
1.903376923178671637e-12
1.834457320334538889e-12
1.768033235639412653e-12
1.704014308577924127e-12
1.642313450509428418e-12
1.582846726196273401e-12
1.525533239621894688e-12
1.470295023943267944e-12
1.417056935428120644e-12
1.365746551232582254e-12
1.316294070880187951e-12
1.268632221308297459e-12
1.222696165352642441e-12
1.178423413545596373e-12
1.135753739108150807e-12
1.094629096019933077e-12
1.054993540055885052e-12
1.016793152682084621e-12
9.799759677072593974e-13
9.444919005901800723e-13
9.102926803067548853e-13
8.773317836841926917e-13
8.455643721128307670e-13
8.149472305495911707e-13
7.854387087300663965e-13
7.569986645092490122e-13
7.295884092538747018e-13
7.031706552120286822e-13
6.777094647884688150e-13
6.531702016566458138e-13
6.295194836408887504e-13
6.067251373047369086e-13
5.847561541835365525e-13
5.635826486018421396e-13
5.431758170182099676e-13
5.235078988420692781e-13
5.045521386694032941e-13
4.862827498858191832e-13
4.686748795875318110e-13
4.517045747725254319e-13
4.353487497558962378e-13
4.195851547650738928e-13
4.043923456721644789e-13
3.897496548222677681e-13
3.756371629180753586e-13
3.620356719224947436e-13
3.489266789424611994e-13
3.362923510583780152e-13
3.241155010649690011e-13
3.123795640905321822e-13
3.010685750627840726e-13
2.901671469906584525e-13
2.796604500324890020e-13
2.695341913221214149e-13
2.597745955255040463e-13
2.503683861013014510e-13
2.413027672400558307e-13
2.325654064573046299e-13
2.241444178169915067e-13
2.160283457623422321e-13
2.082061495322064448e-13
2.006671881416785286e-13
1.934012059065481407e-13
1.863983184919020867e-13
1.796489994658939114e-13
1.731440673403860473e-13
1.668746730808460859e-13
1.608322880684914780e-13
1.550086924983180782e-13
1.493959641972249897e-13
1.439864678470260422e-13
1.387728445976834222e-13
1.337480020566429437e-13
1.289051046406408084e-13
1.242375642768657855e-13
1.197390314408246693e-13
1.154033865187137104e-13
1.112247314825608493e-13
1.071973818667938355e-13
1.033158590353347991e-13
9.957488272869576215e-14
9.596936388093540091e-14
9.249439769671144002e-14
8.914525697900282566e-14
8.591738569843093869e-14
8.280639279543202404e-14
7.980804620684058003e-14
7.691826710877523975e-14
7.413312436797607274e-14
7.144882919405795609e-14
6.886172998540059586e-14
6.636830736166302050e-14
6.396516937616912711e-14
6.164904690164575233e-14
5.941678918304048589e-14
5.726535955136795680e-14
5.519183129275289688e-14
5.319338366705377797e-14
5.126729807064624215e-14
4.941095433814999138e-14
4.762182717806681659e-14
4.589748273748004457e-14
4.423557529114518238e-14
4.263384405046370923e-14
4.109011008800206995e-14
3.960227337337113306e-14
3.816830991643302143e-14
3.678626901395150039e-14
3.545427059593717468e-14
3.417050266807991936e-14
3.293321884678860813e-14
3.174073598348423045e-14
3.059143187491652338e-14
2.948374305638676065e-14
2.841616267487664519e-14
2.738723843918929314e-14
2.639557064431327584e-14
2.543981026732379358e-14
2.451865713222850962e-14
2.363085814126321195e-14
2.277520557023073114e-14
2.195053542556371483e-14
2.115572586087723963e-14
2.038969565085659405e-14
1.965140272040373279e-14
1.893984272704289260e-14
1.825404769465476182e-14
1.759308469668351264e-14
1.695605458702257058e-14
1.634209077685435277e-14
1.575035805577964560e-14
1.518005145563215127e-14
1.463039515543466131e-14
1.410064142600446136e-14
1.359006961277431379e-14
1.309798515544452287e-14
1.262371864313226551e-14
1.216662490373366011e-14
1.172608212625870827e-14
1.130149101494597760e-14
1.089227397400604617e-14
1.049787432188442969e-14
1.011775553397582008e-14
9.751400512758520129e-15
9.398310884356892295e-15
9.058006320574616254e-15
8.730023885476562606e-15
8.413917405630186004e-15
8.109256863150268031e-15
7.815627810720640169e-15
7.532630807797607779e-15
7.259880877227969389e-15
6.997006981542254849e-15
6.743651518211227487e-15
