7.878554047694005638e-10
7.985389408552157780e-10
8.093673486301836850e-10
8.203425925942737760e-10
8.314666638866128854e-10
8.427415806467321282e-10
8.541693883806800380e-10
8.657521603321331159e-10
8.774919978585229203e-10
8.893910308122623111e-10
9.014514179271598748e-10
9.136753472100375212e-10
9.260650363376958045e-10
9.386227330592424747e-10
9.513507156038782515e-10
9.642136070589647870e-10
9.772101290586100841e-10
9.903818296523495652e-10
1.003731070051880992e-09
1.017260243295401838e-09
1.030971774676585362e-09
1.044868122179366589e-09
1.058951776918545027e-09
1.073225263586367901e-09
1.087691140905108374e-09
1.102352002085770284e-09
1.117210475292930771e-09
1.132269224115892632e-09
1.147530948046167091e-09
1.162998382961388728e-09
1.178566487378433310e-09
1.194339999734914911e-09
1.210324619139423954e-09
1.226523170973193994e-09
1.242938518431351307e-09
1.259573563028986058e-09
1.276431245114044187e-09
1.293514544387037136e-09
1.310826480427706088e-09
1.328370113228784035e-09
1.346148543736852171e-09
1.364164914400434932e-09
1.382422409725480729e-09
1.400924256838221337e-09
1.419613219587252895e-09
1.438479542014213120e-09
1.457596593384110162e-09
1.476967705825017670e-09
1.496596255748223273e-09
1.516485664436694579e-09
1.536639398641454894e-09
1.557060971185825629e-09
1.577753941577696503e-09
1.598721916629996814e-09
1.619968551089317141e-09
1.641497548272981311e-09
1.663312660714521279e-09
1.685417690817726977e-09
1.707816491519459524e-09
1.730336824882827244e-09
1.753144084449324469e-09
1.776251962416509091e-09
1.799664421181626688e-09
1.823385475369600689e-09
1.847419192521384156e-09
1.871769693791457719e-09
1.896441154654523875e-09
1.921437805621437611e-09
1.946763932964690938e-09
1.972423879453333306e-09
1.998422045097707528e-09
2.024762887903879036e-09
2.051450924638092216e-09
2.078391370183163015e-09
2.105554018069765926e-09
2.133071656575939113e-09
2.160948925099892953e-09
2.189190523672469961e-09
2.217801213749556928e-09
2.246785819014863299e-09
2.276149226193143932e-09
2.305896385874142132e-09
2.336032313347209923e-09
2.366562089446878540e-09
2.397490861409477574e-09
2.428823843740940076e-09
2.460566319095967752e-09
2.492723639168629028e-09
2.525021007739351145e-09
2.557712193761933763e-09
2.590826629191258399e-09
2.624369793793671355e-09
2.658347238281445977e-09
2.692764585231395679e-09
2.727627530015212242e-09
2.762941841742019935e-09
2.798713364212956821e-09
2.834948016888297379e-09
2.871651795866909619e-09
2.908830774878580239e-09
2.946491106289013009e-09
2.984639022117953691e-09
3.023113109615968492e-09
3.061835419262789459e-09
3.101053713416314600e-09
3.140774345019669860e-09
3.181003748389249011e-09
3.221748440257054693e-09
3.263015020826262352e-09
3.304810174840434730e-09
3.347140672666349672e-09
3.390013371390784548e-09
3.433435215931206815e-09
3.477413240160831465e-09
3.521954568048005244e-09
3.567066414810270433e-09
3.612756088083066003e-09
3.658568028874576341e-09
3.704904992900844234e-09
3.751828829774160480e-09
3.799346972431585983e-09
3.847466947950812659e-09
3.896196378742425581e-09
3.945542983757338524e-09
3.995514579709510838e-09
4.046119082314164859e-09
4.097364507541602298e-09
4.149258972887067922e-09
4.201810698656529031e-09
4.255028009268825655e-09
4.308919334574289099e-09
4.363232541984128956e-09
4.417799994310198644e-09
4.473049878027396191e-09
4.528990727758151360e-09
4.585631184860576039e-09
4.642979998763379075e-09
4.701046028317304851e-09
4.759838243163642408e-09
4.819365725119856359e-09
4.879637669582340458e-09
4.940663386947025027e-09
5.002452304047437892e-09
5.065013965610957513e-09
5.128358035733281442e-09
5.192494299371141575e-09
5.256632494696844843e-09
5.321438492712452071e-09
5.387043446596272862e-09
5.453457206215631414e-09
5.520689742871133121e-09
5.588751150793811024e-09
5.657651648660734937e-09
5.727401581129073307e-09
5.798011420389415164e-09
5.869491767737868223e-09
5.941853355167916698e-09
6.015107046981522627e-09
6.089263841420474113e-09
6.164334872317456018e-09
6.239921165628521003e-09
6.315674916900977311e-09
6.392348332169103272e-09
6.469952576317156469e-09
6.548498949773096454e-09
6.627998890154007466e-09
6.708463973931754802e-09
6.789905918118604372e-09
6.872336581973429950e-09
6.955767968728614004e-09
7.040212227337944024e-09
7.125681654245573827e-09
7.212188695176763707e-09
7.299745946950056969e-09
7.388366159311614144e-09
7.476697975759580740e-09
7.565823287112624962e-09
7.656011008790325349e-09
7.747273805160196926e-09
7.839624491554218405e-09
7.933076036068391739e-09
8.027641561383748801e-09
8.123334346609071565e-09
8.220167829145572274e-09
8.318155606573809873e-09
8.417311438563084256e-09
8.517649248803607752e-09
8.619183126961703668e-09
8.721927330658298235e-09
8.825239642671349252e-09
8.928407638667743750e-09
9.032781679579538247e-09
9.138375864200805512e-09
9.245204456142177583e-09
9.353281885757268349e-09
9.462622752092225757e-09
9.573241824857454118e-09
9.685154046423008657e-09
9.798374533836694530e-09
9.912918580866380714e-09
1.002880166006555768e-08
1.014603942486366747e-08
1.026464771168033433e-08
1.038464254206464402e-08
1.050380864064699801e-08
1.062382501440013268e-08
1.074521269359702276e-08
1.086798734675487637e-08
1.099216482141916501e-08
1.111776114620926269e-08
1.124479253288724281e-08
1.137327537845063688e-08
1.150322626724875791e-08
1.163466197312355632e-08
1.176759946157457992e-08
1.190205589194903878e-08
1.203804861965650525e-08
1.217559519840933100e-08
1.231364609027350244e-08
1.245074692821089603e-08
1.258937425469809351e-08
1.272954506574567767e-08
1.287127654659878508e-08
1.301458607384405089e-08
1.315949121754001581e-08
1.330600974337125661e-08
1.345415961482649497e-08
1.360395899540096092e-08
1.375542625082327216e-08
1.390857995130712233e-08
1.406343887382802118e-08
1.422002200442539445e-08
1.437834854053031479e-08
1.453472682769625325e-08
1.469179027199453920e-08
1.485055095669009789e-08
1.501102722230114661e-08
1.517323760753506538e-08
1.533720085143002881e-08
1.550293589551974595e-08
1.567046188602177992e-08
1.583979817604920052e-08
1.601096432784641372e-08
1.618398011504904228e-08
1.635886552496819491e-08
1.653564076089959724e-08
1.671432624445733626e-08
1.689326161486375249e-08
1.706960278260875172e-08
1.724778469657257302e-08
1.742782657147799847e-08
1.760974782262157578e-08
1.779356806796740102e-08
1.797930713026279183e-08
1.816698503917571222e-08
1.835662203345483231e-08
1.854823856311213041e-08
1.874185529162796460e-08
1.893749309817947750e-08
1.913517307989228110e-08
1.933491655411527628e-08
1.953674506071960608e-08
1.973452175886175459e-08
1.993233963334112442e-08
2.013214042445472756e-08
2.033394400886119943e-08
2.053777046246193464e-08
2.074364006239819222e-08
2.095157328906815233e-08
2.116159082816463604e-08
2.137371357273278326e-08
2.158796262524864178e-08
2.180435929971829697e-08
2.202292512379851795e-08
2.224368184093825213e-08
2.246665141254156686e-08
2.268926384798980001e-08
2.290610200363027025e-08
2.312501245152569008e-08
2.334601499628635036e-08
2.356912963179265618e-08
2.379437654300356868e-08
2.402177610778305627e-08
2.425134889874350962e-08
2.448311568510678885e-08
2.471709743458353155e-08
2.495331531526967611e-08
2.519179069756188777e-08
2.543254515609075246e-08
2.567560047167245989e-08
2.592097863327965394e-08
2.615871460656429808e-08
2.639497296093234282e-08
2.663336513612632899e-08
2.687391040423238957e-08
2.711662821139654490e-08
2.736153817939730210e-08
2.760866010723165804e-08
2.785801397271566740e-08
2.810961993409978408e-08
2.836349833169792400e-08
2.861966968953238647e-08
2.887815471699276496e-08
2.913897431051019373e-08
2.940214955524665909e-08
2.966384924359847163e-08
2.991412909760449042e-08
3.016652061300706849e-08
3.042104160631754718e-08
3.067771004436872929e-08
3.093654404558319841e-08
3.119756188125232545e-08
3.146078197682601528e-08
3.172622291321346475e-08
3.199390342809448885e-08
3.226384241724291039e-08
3.253605893585945901e-08
3.281057219991798445e-08
3.308740158752085488e-08
3.336656664026768270e-08
3.363236692502383397e-08
3.389372070235078205e-08
3.415710543387954102e-08
3.442253690195314172e-08
3.469003101155766686e-08
3.495960379127529542e-08
3.523127139424446748e-08
3.550505009912854575e-08
3.578095631109026083e-08
3.605900656277552672e-08
3.633921751530372165e-08
3.662160595926612810e-08
3.690618881573204917e-08
3.719298313726273346e-08
3.747661123446837177e-08
3.773978322998506179e-08
3.800480329812464954e-08
3.827168441660709886e-08
3.854043965428558142e-08
3.881108217178674765e-08
3.908362522215511363e-08
3.935808215150205378e-08
3.963446639965931990e-08
3.991279150083720555e-08
4.019307108428726998e-08
4.047531887496970082e-08
4.075954869422569941e-08
4.104577446045382336e-08
4.133401018979187459e-08
4.160053868578408055e-08
4.185757081526388328e-08
4.211619103753459356e-08
4.237640916474973111e-08
4.263823506968795475e-08
4.290167868612764290e-08
4.316675000922379677e-08
4.343345909588724640e-08
4.370181606516621915e-08
4.397183109863026405e-08
4.424351444075653184e-08
4.451687639931856977e-08
4.479192734577700889e-08
4.506867771567363292e-08
4.533991804450673213e-08
4.557659623306472394e-08
4.581450990168882942e-08
4.605366549968880893e-08
4.629406951004062083e-08
4.653572844956192935e-08
4.677864886908843300e-08
4.702283735365203933e-08
4.726830052265907265e-08
4.751504503006942818e-08
4.776307756457761868e-08
4.801240484979331824e-08
4.826303364442429487e-08
4.851497074245934983e-08
4.876822297335217667e-08
4.898865260761268999e-08
4.919192252174253320e-08
4.939603586911244489e-08
4.960099614940220635e-08
4.980680687681292660e-08
5.001347158012757211e-08
5.022099380277088782e-08
5.042937710287043640e-08
5.063862505331792213e-08
5.084874124182985303e-08
5.105972927100931471e-08
5.127159275840809489e-08
5.148433533658808015e-08
5.169796065318383039e-08
5.190343819535370236e-08
5.205425164968689801e-08
5.220550331579947386e-08
5.235719446698343099e-08
5.250932638023050450e-08
5.266190033624304260e-08
5.281491761944432984e-08
5.296837951799008820e-08
5.312228732377885329e-08
5.327664233246297248e-08
5.343144584345951051e-08
5.358669915996130720e-08
5.374240358894749260e-08
5.389856044119516011e-08
5.405517103128995448e-08
5.416531396935003650e-08
5.424774379212218811e-08
5.433029905819346317e-08
5.441297995846589743e-08
5.449578668413205228e-08
5.457871942667544494e-08
5.466177837787111094e-08
5.474496372978558424e-08
5.482827567477805532e-08
5.491171440550030497e-08
5.499528011489731312e-08
5.507897299620768897e-08
5.516279324296410110e-08
5.524674104899376059e-08
5.532092229546604727e-08
5.531811095242793480e-08
5.531529975225902175e-08
5.531248869495182377e-08
5.530967778049919405e-08
5.530686700889387323e-08
5.530405638012870786e-08
5.530124589419622022e-08
5.529843555108926348e-08
5.529562535080057830e-08
5.529281529332302445e-08
5.529000537864911100e-08
5.528719560677169770e-08
5.528438597768352524e-08
5.528157649137745338e-08
5.521990320377802144e-08
5.511921359093674815e-08
5.501870757852851943e-08
5.491838483177060383e-08
5.481824501649120566e-08
5.471828779912740033e-08
5.461851284672494907e-08
5.451891982693638649e-08
5.441950840802026618e-08
5.432027825884038647e-08
5.422122904886389124e-08
5.412236044816109123e-08
5.402367212740354500e-08
5.392516375786334422e-08
5.381754806632471868e-08
5.361318227811100296e-08
5.340959254486238267e-08
5.320677591960181903e-08
5.300472946654294830e-08
5.280345026104773013e-08
5.260293538958406284e-08
5.240318194968366337e-08
5.220418704990012592e-08
5.200594780976664973e-08
5.180846135975499763e-08
5.161172484123350182e-08
5.141573540642582387e-08
5.122049021836972147e-08
5.102598645087597394e-08
5.076869765201910479e-08
5.046582148762378098e-08
5.016475222344839650e-08
4.986547907987829793e-08
4.956799134160747905e-08
4.927227835725569545e-08
4.897832953898675047e-08
4.868613436212911705e-08
4.839568236479980224e-08
4.810696314752897915e-08
4.781996637288832487e-08
4.753468176512061554e-08
4.725109910977147883e-08
4.696920825332438888e-08
4.668243686027182149e-08
4.629630961097777119e-08
4.591337615923747221e-08
4.553361008800101639e-08
4.515698519872334322e-08
4.478347550955727368e-08
4.441305525356054663e-08
4.404569887691869078e-08
4.368138103718199836e-08
4.332007660151723591e-08
4.296176064497413841e-08
4.260640844876540298e-08
4.225399549856182997e-08
4.190449748280104959e-08
4.155789029101031069e-08
4.116071726619340431e-08
4.072360243006404502e-08
4.029112962625712955e-08
3.986324955774060428e-08
3.943991345100256358e-08
3.902107305049167626e-08
3.860668061311628233e-08
3.819668890280276876e-08
3.779105118511057079e-08
3.738972122190549932e-08
3.699265326608882034e-08
3.659980205638275467e-08
3.621112281217088265e-08
3.582657122839412208e-08
3.544337695664236821e-08
3.498749389686379880e-08
3.453747453806509904e-08
3.409324345961288954e-08
3.365472621095569753e-08
3.322184929914700265e-08
3.279454017652799492e-08
3.237272722856883362e-08
3.195633976186692499e-08
3.154530799229860553e-08
3.113956303332415806e-08
3.073903688444265341e-08
3.034366241979526108e-08
2.995337337691573187e-08
2.956810434562498862e-08
2.916035473464330009e-08
2.873333233265680767e-08
2.831256321988636478e-08
2.789795582355771528e-08
2.748941991188249453e-08
2.708686657442115028e-08
2.669020820273284556e-08
2.629935847130930290e-08
2.591423231878756390e-08
2.553474592943791879e-08
2.516081671492293605e-08
2.479236329632361190e-08
2.442930548642871869e-08
2.407156427228344795e-08
2.371881463767744424e-08
2.333797455200533852e-08
2.296324940812402069e-08
2.259454102174421001e-08
2.223175278506846427e-08
2.187478964147797731e-08
2.152355806062628337e-08
2.117796601393287989e-08
2.083792295046987049e-08
2.050333977323640996e-08
2.017412881581365569e-08
1.985020381939457082e-08
1.953147991018296766e-08
1.921787357715479003e-08
1.890930265017717429e-08
1.859472988899628135e-08
1.827435870815036831e-08
1.795950724682333787e-08
1.765008040500182720e-08
1.734598472116387459e-08
1.704712834404903513e-08
1.675342100491491503e-08
1.646477399027179975e-08
1.618110011508709435e-08
1.590231369645109884e-08
1.562833052769697866e-08
1.535906785296611553e-08
1.509444434221218509e-08
1.483438006663539148e-08
1.457879647454044023e-08
1.430715373105639157e-08
1.404017605293194435e-08
1.377818029378010035e-08
1.352107348883760233e-08
1.326876440810380797e-08
1.302116352396944135e-08
1.277818297944911369e-08
1.253973655700679354e-08
1.230573964796297513e-08
1.207610922247273383e-08
1.185076380006390187e-08
1.162962342072524150e-08
1.141260961653389683e-08
1.119964538381239685e-08
1.098207910889159840e-08
1.075916141912505013e-08
1.054076858261428041e-08
1.032680875246720499e-08
1.011719194612887548e-08
9.911830007538456007e-09
9.710636570054465401e-09
9.513527020132657733e-09
9.320418461741164032e-09
9.131229681497681569e-09
8.945881114514681793e-09
8.764294810937699655e-09
8.586394403162893731e-09
8.412105073719987116e-09
8.241353523807302924e-09
8.066691577860330248e-09
7.895383297358031759e-09
7.727713004832049280e-09
7.563603442157542884e-09
7.402978991901695940e-09
7.245765642481284489e-09
7.091890954059721274e-09
6.941284025169079732e-09
6.793875460040205273e-09
6.649597336627066840e-09
6.508383175310145163e-09
6.370167908264047056e-09
6.234887849476316815e-09
6.102480665402275890e-09
5.972735825255139421e-09
5.845563753604840476e-09
5.721099442063285416e-09
5.599285236739131085e-09
5.480064711313225207e-09
5.363382640901085391e-09
5.249184976471924263e-09
5.137418819812019840e-09
5.028032399021708375e-09
4.920975044533558076e-09
4.816197165641494758e-09
4.713650227529634761e-09
4.613286728790052738e-09
4.515060179419438215e-09
4.418925079284129943e-09
4.323543011695057798e-09
4.230120611625153371e-09
4.138716867276080459e-09
4.049288159869926113e-09
3.961791813136143441e-09
3.876186072945890945e-09
3.792430087386683422e-09
3.710483887267333109e-09
3.630308367044305441e-09
3.551865266160206380e-09
3.475117150785361061e-09
3.400027395954131713e-09
3.326560168087018968e-09
3.254680407890565920e-09
3.185235934654318576e-09
3.118495338483046563e-09
3.053153165307319398e-09
2.989180113817514715e-09
2.926547496657510404e-09
2.865227227560501174e-09
2.805191808754283685e-09
2.746414318630511136e-09
2.688868399672199850e-09
2.632528246634296869e-09
2.577368594971898410e-09
2.523364709510833875e-09
2.470492373355737976e-09
2.418727877030527115e-09
2.368048007846327672e-09
2.319068130444339173e-09
2.271170218835152550e-09
2.224261588181709961e-09
2.178321805927006069e-09
2.133330861526996317e-09
2.089269157734364859e-09
2.046117502062314287e-09
2.003857098424663528e-09
1.962469538948617630e-09
1.921936795956598784e-09
1.882241214113759974e-09
1.843365502737607205e-09
1.805292728266488178e-09
1.768006306883675708e-09
1.732080122853340701e-09
1.697798541600094434e-09
1.664195466379972661e-09
1.631257468103076446e-09
1.598971383469983850e-09
1.567324309711212110e-09
1.536303599430759603e-09
1.505896855551741143e-09
1.476091926361991974e-09
1.446876900657823567e-09
1.418240102983801445e-09
1.390170088966806495e-09
1.362655640742407982e-09
1.335685762471793616e-09
1.309249675947372336e-09
1.283790098009874377e-09
1.258889641166171254e-09
1.234472154826747809e-09
1.210528271271592188e-09
1.187048804477442609e-09
1.164024746593623029e-09
1.141447264486159270e-09
1.119307696348999545e-09
1.097597548380914160e-09
1.076308491526857199e-09
1.055432358282550445e-09
1.034961139561045465e-09
1.014886981620039626e-09
9.952021830488121981e-10
9.759758157944118983e-10
9.572540387805486105e-10
9.388913945739583108e-10
9.208809940650637222e-10
9.032160802954933383e-10
8.858900259230625667e-10
8.688963307354035346e-10
8.522286192112699655e-10
8.358806381286420753e-10
8.198462542187134175e-10
8.041194518648626032e-10
7.886943308457828167e-10
7.735651041218838370e-10
7.587260956641921186e-10
7.441717383248507150e-10
7.297980276810789915e-10
7.156845519683177885e-10
7.018440150538780223e-10
6.882711386073847291e-10
6.749607463754441152e-10
6.619077622076082514e-10
6.491072081204881996e-10
6.365542023993078155e-10
6.242439577361821995e-10
6.121717794043993897e-10
6.003330634679986801e-10
5.887232950259722363e-10
5.773380464904461545e-10
5.661729758981228658e-10
5.551181394315476573e-10
5.440727198818785904e-10
5.332470756995833422e-10
5.226368339215585519e-10
5.122377085953948097e-10
5.020454990480882552e-10
4.920560881891896691e-10
4.822654408477372755e-10
4.726696021422607424e-10
4.632646958832386822e-10
4.540469230073242314e-10
4.450125600427348140e-10
4.361579576051748999e-10
4.274795389236863125e-10
4.189737983958298438e-10
4.103227683573673374e-10
4.017831562018346225e-10
3.934212699279524586e-10
3.852334107156267391e-10
3.772159567243841724e-10
3.693653614912717591e-10
3.616781523621004890e-10
3.541509289553520213e-10
3.467803616580327353e-10
3.395631901528537308e-10
3.324962219760469616e-10
3.255763311052035802e-10
3.188004565765014908e-10
3.121656011307065373e-10
3.055534491079851863e-10
2.988271786064731635e-10
2.922489761925300381e-10
2.858155823840188552e-10
2.795238094510864063e-10
2.733705398366541986e-10
2.673527246116790298e-10
2.614673819644142027e-10
2.557115957229276906e-10
2.500825139101485088e-10
2.445773473307219021e-10
2.391933681889668348e-10
2.339279087372626107e-10
2.287783599541837783e-10
2.237421702517389713e-10
2.185654735358182539e-10
2.134449608762447358e-10
2.084444106676141176e-10
2.035610124511718441e-10
1.987920216110837774e-10
1.941347578318851301e-10
1.895866035920595884e-10
1.851450026929148515e-10
1.808074588219224451e-10
1.765715341497161859e-10
1.724348479599563414e-10
1.683950753113001325e-10
1.644499457307123009e-10
1.605972419373920088e-10
1.567656184296802446e-10
1.528526486581997604e-10
1.490373491066686085e-10
1.453172818641336878e-10
1.416900698714534759e-10
1.381533954023984857e-10
1.347049985826617201e-10
1.313426759458412307e-10
1.280642790254605577e-10
1.248677129821361257e-10
1.217509352650112940e-10
1.187119543065993537e-10
1.157488282502092329e-10
1.128596637091302208e-10
1.100426145567908951e-10
1.071617251106854275e-10
1.043167249439571801e-10
1.015472557183394763e-10
9.885131218858466323e-11
9.622694234601866427e-11
9.367224600518050510e-11
9.118537342798666928e-11
8.876452398442007880e-11
8.640794484877786310e-11
8.411392973053014857e-11
8.188081763887284831e-11
7.970699168008179498e-11
7.759087788679365426e-11
7.553094407836953274e-11
7.349555481698899502e-11
7.142904465003714094e-11
6.942063955189834748e-11
6.746870575416672035e-11
6.557165542589517855e-11
6.372794538194877905e-11
6.193607582767871494e-11
6.019458913888878878e-11
5.850206867611017108e-11
5.685713763221296571e-11
5.525845791242118641e-11
5.370472904581899678e-11
5.219468712746170886e-11
5.072710379023308832e-11
4.930078520561140067e-11
4.786013643943198214e-11
4.644312180074955725e-11
4.506806129416143739e-11
4.373371276651586275e-11
4.243887084159758676e-11
4.118236583125753566e-11
3.996306267878287293e-11
3.877985993354852699e-11
3.763168875602916848e-11
3.651751195226838155e-11
3.543632303693567536e-11
3.438714532412318479e-11
3.336903104506227280e-11
3.238106049196225735e-11
3.141222838180661966e-11
3.043911481023621133e-11
2.949614714272789542e-11
2.858239149493542898e-11
2.769694291314130023e-11
2.683892447802133683e-11
2.600748643617128565e-11
2.520180535853943881e-11
2.442108332492938822e-11
2.366454713376545133e-11
2.293144753634012576e-11
2.222105849478165575e-11
2.153267646301035980e-11
2.086561968996951048e-11
2.021922754444136634e-11
1.959285986077961266e-11
1.898589630491025397e-11
1.839773575997293122e-11
1.782779573099482790e-11
1.727551176800594435e-11
1.674033690702704063e-11
1.622174112837396889e-11
1.571921083174384288e-11
1.523224832756174290e-11
1.476037134408526645e-11
1.430311254977861315e-11
1.386001909048267882e-11
1.343065214092282930e-11
1.301458647011097582e-11
1.261141002021038786e-11
1.222072349844761792e-11
1.184213998166545677e-11
1.147528453312715588e-11
1.111979383119129260e-11
1.077531580948989841e-11
1.044150930825342761e-11
1.011804373643729113e-11
9.804598744315281748e-12
9.500863906215690990e-12
9.206538413085864764e-12
8.921330774580758326e-12
8.644958530380426090e-12
8.377147970450521319e-12
8.117633863969005543e-12
7.866159196649860782e-12
7.622474916204898687e-12
7.386339685690305353e-12
7.157519644494586120e-12
6.935788176730501455e-12
6.720925686802116900e-12
6.512719381924614648e-12
6.310963061381271494e-12
6.115456912308874134e-12
5.926007311809732494e-12
5.742426635193735509e-12
5.564533070161243103e-12
5.392150436741880538e-12
5.225108012811781459e-12
5.063240365015972371e-12
4.906387184928484954e-12
4.754393130288339419e-12
4.607107671153440531e-12
4.464384940820747295e-12
4.326083591364642077e-12
4.192066653650563334e-12
4.062201401685254682e-12
3.936359221169282920e-12
3.814415482121618381e-12
3.696249415450264248e-12
3.581743993346333565e-12
3.470785813383691430e-12
3.363264986208809839e-12
3.259075026710014000e-12
3.158112748558026416e-12
3.060278162013670015e-12
2.965474374901220565e-12
2.873607496649691611e-12
2.784586545306555374e-12
2.698323357432256651e-12
2.614732500786009733e-12
2.533731189716502979e-12
2.455239203173695201e-12
2.379178805260510924e-12
2.305474668245748537e-12
2.234053797961960994e-12
2.164845461514415729e-12
2.097781117229550767e-12
2.032794346773541178e-12
1.969820789373745267e-12
1.908798078077940074e-12
1.849665777988049930e-12
1.792365326407480016e-12
1.736839974842490033e-12
1.683034732800377043e-12
1.630896313328653563e-12
1.580373080241393417e-12
1.531414996980470164e-12
1.483973577060981919e-12
1.438001836051792320e-12
1.393454245043716648e-12
1.350286685559144084e-12
1.308456405858597164e-12
1.267921978600749359e-12
1.228643259814169763e-12
1.190581349140045318e-12
1.153698551306512383e-12
1.117958338796542263e-12
1.083325315672231903e-12
1.049765182519846160e-12
1.017244702480815331e-12
9.857316683349946770e-13
9.551948706037298025e-13
9.256040666409838183e-13
8.969299506820286585e-13
8.691441248199555655e-13
8.422190708813167647e-13
8.161281231730441929e-13
7.908454420736015635e-13
7.663459884422841954e-13
7.426054988212565509e-13
7.196004614058174085e-13
6.973080927590902283e-13
6.757063152480506538e-13
6.547737351785467749e-13
6.344896216076977153e-13
6.148338858126304506e-13
5.957870613952908503e-13
5.773302850035337613e-13
5.594452776494887875e-13
5.421143266066458405e-13
5.253202678677496573e-13
5.090464691461287558e-13
4.932768134036217867e-13
4.779956828887907152e-13
4.631879436696096896e-13
4.488389306453142337e-13
4.349344330225643743e-13
4.214606802415400531e-13
4.084043283380268574e-13
3.957524467279987908e-13
3.834925054015737578e-13
3.716123625137183739e-13
3.601002523593514419e-13
3.489447737209823836e-13
3.381348785773102581e-13
3.276598611616254652e-13
3.175093473591736964e-13
3.076732844329717782e-13
2.981419310678989790e-13
2.889058477232223763e-13
2.799558872839841352e-13
2.712831860019922720e-13
2.628791547174656107e-13
2.547354703525994719e-13
2.468440676686660868e-13
2.391971312784698164e-13
2.317870879062332252e-13
2.246065988872823555e-13
