3.020996395311710783e-07
3.067945142148063106e-07
3.115623510784992783e-07
3.164042840140114371e-07
3.213214645347039854e-07
3.263150620493972747e-07
3.313862641404752312e-07
3.365362768463230926e-07
3.417663249481428751e-07
3.470776522612379983e-07
3.524715219308127022e-07
3.579492167323803284e-07
3.635120393768287475e-07
3.691613128202378007e-07
3.748983805785012172e-07
3.807246070468450182e-07
3.866413778243115453e-07
3.926487019798429604e-07
3.987486024745602720e-07
4.049432665221884671e-07
4.112341662993586307e-07
4.176227968533516357e-07
4.241106764573997711e-07
4.306993469715078488e-07
4.373903742088799208e-07
4.441853483080386936e-07
4.510858841107254665e-07
4.580936215456712249e-07
4.652102260183297340e-07
4.724373888066647484e-07
4.797768274630866267e-07
4.872302862226335388e-07
4.947995364174891142e-07
5.024863768979496639e-07
5.102926344599212859e-07
5.182201642790635313e-07
5.262708503516756652e-07
5.344466059424334122e-07
5.427493740390807950e-07
5.511811278141854875e-07
5.597438710940683239e-07
5.684396388350169746e-07
5.772704976068986665e-07
5.862385460842850261e-07
5.953459155452069961e-07
6.045947703776587265e-07
6.139873085939687084e-07
6.235257623531632980e-07
6.332123984914442878e-07
6.430495190609078958e-07
6.530394618766330761e-07
6.631846010722688519e-07
6.734873476642525966e-07
6.839501501247938354e-07
6.945754949637612105e-07
7.053659073196001934e-07
7.163239515594535986e-07
7.274522318885700257e-07
7.387533929692148462e-07
7.502301205491734147e-07
7.618851421000269231e-07
7.737212274653424575e-07
7.857411895189325832e-07
7.979478848333421110e-07
8.103442143587187464e-07
8.229331241122312047e-07
8.357176058781971052e-07
8.487006979190874031e-07
8.618854856975768728e-07
8.752751026098116365e-07
8.888727307300681210e-07
9.026816015669808970e-07
9.167042664538065435e-07
9.309406001691120894e-07
9.453980228496054988e-07
9.600799679867675401e-07
9.749899223938883786e-07
9.901314270341536664e-07
1.005508077861577477e-06
1.021123526675019038e-06
1.036981481985438592e-06
1.053085709896633358e-06
1.069440034999652234e-06
1.086048341281087438e-06
1.102914573045495502e-06
1.120042735852121482e-06
1.137436897466180272e-06
1.155101188824912081e-06
1.173039805018628910e-06
1.191257006287020535e-06
1.209757119030907841e-06
1.228544536839722581e-06
1.247623721534942277e-06
1.266999204229715521e-06
1.286675586404983029e-06
1.306657541002246704e-06
1.326949813533374864e-06
1.347557223207599903e-06
1.368484664076034720e-06
1.389737106193962432e-06
1.411319596801163444e-06
1.433237261520600272e-06
1.455495305575690488e-06
1.478099015026496681e-06
1.501053758025115465e-06
1.524364986090547406e-06
1.548038235403395140e-06
1.572079128120638713e-06
1.596493373710843897e-06
1.621286770310102485e-06
1.646465206099035118e-06
1.672034660701160520e-06
1.698001206603015902e-06
1.724371010596297681e-06
1.751150335242415329e-06
1.778345540359789957e-06
1.805963084534231803e-06
1.834009526652811863e-06
1.862491527461515037e-06
1.891415851147105075e-06
1.920789366943553688e-06
1.950619050763397630e-06
1.980911986854472040e-06
2.011675369482330690e-06
2.042916504638817111e-06
2.074642811777161180e-06
2.106861825574025768e-06
2.139581197718919320e-06
2.172802575328067611e-06
2.206536451256289883e-06
2.240794062933936470e-06
2.275583541627506339e-06
2.310913144845588340e-06
2.346791258298835735e-06
2.383226397890354281e-06
2.420227211737032863e-06
2.457802482222210943e-06
2.495961128080241476e-06
2.534712206513413429e-06
2.574064915341716752e-06
2.614028595186038029e-06
2.654612731685193412e-06
2.695826957747419695e-06
2.737681055836786022e-06
2.780184960295154716e-06
2.823348759700144819e-06
2.867182699259722191e-06
2.911697183243975193e-06
2.956902777454611718e-06
3.002810211732853916e-06
3.049430382506215549e-06
3.096774355374849326e-06
3.144853367738014392e-06
3.193678831461384765e-06
3.243262335585702735e-06
3.293615649077520899e-06
3.344750723622648638e-06
3.396679696462936177e-06
3.449414893277166210e-06
3.502968831106609553e-06
3.557354221326037679e-06
3.612583972660822735e-06
3.668671194250949635e-06
3.725629198762527639e-06
3.783471505547643796e-06
3.842211843853278234e-06
3.901864156079998730e-06
3.962442601091325626e-06
4.023961557574398583e-06
4.086435627452869681e-06
4.149879639352730997e-06
4.214308652122030425e-06
4.279737958405162670e-06
4.346183088272676479e-06
4.413659812907454451e-06
4.482184148348063345e-06
4.551772359290324337e-06
4.622440962947804596e-06
4.694206732972303352e-06
4.767086703435153228e-06
4.841098172870418519e-06
4.916258708380781520e-06
4.992586149807215524e-06
5.070096643458893397e-06
5.148799258352725063e-06
5.228723566249020649e-06
5.309888531368897018e-06
5.392313412313257320e-06
5.476017766632351631e-06
5.561021455466383328e-06
5.647344648258081923e-06
5.735007827538502738e-06
5.824031793786994490e-06
5.914437670366712887e-06
6.006246908536753443e-06
6.099481292541975841e-06
6.194162944781942877e-06
6.290314331060102220e-06
6.387958265914337537e-06
6.487117918030384867e-06
6.587816815739216200e-06
6.690078852599822630e-06
6.793928293068540541e-06
6.899389778256489561e-06
7.006488331776391970e-06
7.115249365680024629e-06
7.225698686487958543e-06
7.337862501312909115e-06
7.451767424077997284e-06
7.567440481831687625e-06
7.684909121160661238e-06
7.804201214702330205e-06
7.925345067758288734e-06
8.048369425010559367e-06
8.173303477342107256e-06
8.300176868763070920e-06
8.429019703444678006e-06
8.559862552862252104e-06
8.692736463049189358e-06
8.827672961963380389e-06
8.964704066968120586e-06
9.103862292429170628e-06
9.245180657429551206e-06
9.388692693604287770e-06
9.534432453096755325e-06
9.682434516638369865e-06
9.832734001753877843e-06
9.985366571093912350e-06
1.014036844089701150e-05
1.029777638958278293e-05
1.045762776647865045e-05
1.061996050068205998e-05
1.078481311006006901e-05
1.095222471038882200e-05
1.112223502463490201e-05
1.129488439238055431e-05
1.147021377939541616e-05
1.164826478735683824e-05
1.182907966372087288e-05
1.201272312756481419e-05
1.219922947902302142e-05
1.238863147860068983e-05
1.258097408336215446e-05
1.277630294836309938e-05
1.297466443748758701e-05
1.317610563445293884e-05
1.338067435398588631e-05
1.358841915317180254e-05
1.379938934298060163e-05
1.401363499997114146e-05
1.423120697817764389e-05
1.445215692118066302e-05
1.467653727436515623e-05
1.490440129736930035e-05
1.513580307672628727e-05
1.537079753870240084e-05
1.560944046233456661e-05
1.585178849267032385e-05
1.609789915421306242e-05
1.634783086457647849e-05
1.660164294835050048e-05
1.685939565118303228e-05
1.712115015407979040e-05
1.738696858792667375e-05
1.765691404823713917e-05
1.793105061012883152e-05
1.820944334353277852e-05
1.849215832863834540e-05
1.877926267157852661e-05
1.907082452035818357e-05
1.936691308103016828e-05
1.966759863412198236e-05
1.997295255131811801e-05
2.028304731240076445e-05
2.059795652245399232e-05
2.091775492933493986e-05
2.124251844141615469e-05
2.157232414560329576e-05
2.190725032563304065e-05
2.224737648065445411e-05
2.259278334409929308e-05
2.294355290284528685e-05
2.329976841667648867e-05
2.366151443804644834e-05
2.402887683214748903e-05
2.440194279729230876e-05
2.478080088561127796e-05
2.516554102407183647e-05
2.555625453582346292e-05
2.595303416187482335e-05
2.635597408310671414e-05
2.676516994262729439e-05
2.718071886847440188e-05
2.760271949666980105e-05
2.802788707865327470e-05
2.844030835640119596e-05
2.885879827963281995e-05
2.928344614650034593e-05
2.971434256914929378e-05
3.015157949305355569e-05
3.059525021663486792e-05
3.104544941117102938e-05
3.150227314099700722e-05
3.196581888400335436e-05
3.243618555243624196e-05
3.291347351400331138e-05
3.339778461329071251e-05
3.388922219349460818e-05
3.438789111847280282e-05
3.489389779512081180e-05
3.540735019607712847e-05
3.592835788276264907e-05
3.645703202875908702e-05
3.699348544353144518e-05
3.753783259649925568e-05
3.809018964146268580e-05
3.865067444138736583e-05
3.921940659355428120e-05
3.979650745507965550e-05
4.038210016881036042e-05
4.097630968960036177e-05
4.157926281097383265e-05
4.219108819218064620e-05
4.281191638564959428e-05
4.344187986484642026e-05
4.408111305254092794e-05
4.472975234949040386e-05
4.538793616354509916e-05
4.605580493918193740e-05
4.673350118747281808e-05
4.742116951649398711e-05
4.811895666218230194e-05
4.882701151964705799e-05
4.954548517494016170e-05
5.027453093729623731e-05
5.101430437184550015e-05
5.176496333280866603e-05
5.252666799718017874e-05
5.329958089890704645e-05
5.408386696357065325e-05
5.487969354357898587e-05
5.568723045387605870e-05
5.650665000817854574e-05
5.733812705574285165e-05
5.818183901867598470e-05
5.903796592979367405e-05
5.990669047103620057e-05
6.078819801244940196e-05
6.168267665173942412e-05
6.259031725440869292e-05
6.342610858771614249e-05
6.422684977531514241e-05
6.503770015081474724e-05
6.585878734057113630e-05
6.669024058219618701e-05
6.753219074489939799e-05
6.838477035008592791e-05
6.924811359221600825e-05
7.012235635992634009e-05
7.100763625741893638e-05
7.190409262611983574e-05
7.281186656661062858e-05
7.373110096083829797e-05
7.466194049460402569e-05
7.560453168033654718e-05
7.655902288015317236e-05
7.752556432921104746e-05
7.850430815935479701e-05
7.949540842306125079e-05
8.049902111768711041e-05
8.151530421002282174e-05
8.254441766115560750e-05
8.358652345164805698e-05
8.464178560703285550e-05
8.571037022363034864e-05
8.679244549469188215e-05
8.788818173687245466e-05
8.899775141703931047e-05
9.012132917941716355e-05
9.125909187307708651e-05
9.241121857977242565e-05
9.357789064212514358e-05
9.475929169216996224e-05
9.595560768025698372e-05
9.716702690432008028e-05
9.839374003951486180e-05
9.963594016822979846e-05
1.008938228104782237e-04
1.021675859546720033e-04
1.034574300887849079e-04
1.047635582319085741e-04
1.060861759662081307e-04
1.074254914692795347e-04
1.087817155469171293e-04
1.101550616662937804e-04
1.115457459895598691e-04
1.129539874078675746e-04
1.143800075758230655e-04
1.158240309463753258e-04
1.172862848061442597e-04
1.187669993111948772e-04
1.202664075232642290e-04
1.217847454464439372e-04
1.233222520643276990e-04
1.248791693776264483e-04
1.264179550474326373e-04
1.277610805990973277e-04
1.291184761668118784e-04
1.304902933621348562e-04
1.318766854074194422e-04
1.332778071529266951e-04
1.346533632641771887e-04
1.360177882100868489e-04
1.373960386957967267e-04
1.387882548136958462e-04
1.401945780757116546e-04
1.416088150676950489e-04
1.429670943184645259e-04
1.443384018720426281e-04
1.457228626929196627e-04
1.471206029442160266e-04
1.485317499991809019e-04
1.499085065202595754e-04
1.512584103935940615e-04
1.526204699511493244e-04
1.539947946530591651e-04
1.553814949451299470e-04
1.567791174141119459e-04
1.580914230953482408e-04
1.594147133147641915e-04
1.607490800174610701e-04
1.620946159181591907e-04
1.634514145076381244e-04
1.647647822847241917e-04
1.660293826221229422e-04
1.673036890022279867e-04
1.685877759207216530e-04
1.698817184450544880e-04
1.711855922188337006e-04
1.723752841213860071e-04
1.735664192915717841e-04
1.747657853575083941e-04
1.759734391957342554e-04
1.771894380758112363e-04
1.783525397864883235e-04
1.794361233276756758e-04
1.805262901969846058e-04
1.816230803915242539e-04
1.827265341514067794e-04
1.838366919612238000e-04
1.848063858688029260e-04
1.857611370067434331e-04
1.867208206026781494e-04
1.876854621387888963e-04
1.886550872289040608e-04
1.895633553153213693e-04
1.903504413217367423e-04
1.911407953879544095e-04
1.919344310832854646e-04
1.927313620333821092e-04
1.935316019204716507e-04
1.941601076883487688e-04
1.947502686321315579e-04
1.953422234044392496e-04
1.959359774577177932e-04
1.965315362609867944e-04
1.970619697819563207e-04
1.974206124714649737e-04
1.977799078722952231e-04
1.981398571723482730e-04
1.985004615616869830e-04
1.988617222325407465e-04
1.990224697650690546e-04
1.991145953695968489e-04
1.992067636181891923e-04
1.992989745305854220e-04
1.993912281265341991e-04
1.994202375646686324e-04
1.992134461050771460e-04
1.990068690806318672e-04
1.988005062689710348e-04
1.985943574479642564e-04
1.983884223957106923e-04
1.979624735679116237e-04
1.974330031153067916e-04
1.969049487844301148e-04
1.963783067877222972e-04
1.958530733477539874e-04
1.952794105004809365e-04
1.944119788956937174e-04
1.935484004241531562e-04
1.926886579702321949e-04
1.918327344943315013e-04
1.909806130325416044e-04
1.899097568217239030e-04
1.887035943065477396e-04
1.875050924194372574e-04
1.863142025059018098e-04
1.851308762204676404e-04
1.839268908237234358e-04
1.823918162822003712e-04
1.808695536456547996e-04
1.793599959844848564e-04
1.778630372615356821e-04
1.763785723246503838e-04
1.747142314316884508e-04
1.729050824748514371e-04
1.711146670803645952e-04
1.693427912640031643e-04
1.675892630502300875e-04
1.658511592739357913e-04
1.638188511149290866e-04
1.618114464686336968e-04
1.598286401722016957e-04
1.578701308021923514e-04
1.559356206287493241e-04
1.539006943364379821e-04
1.517569122720062707e-04
1.496429923310666984e-04
1.475585185448347015e-04
1.455030807388233479e-04
1.434762744521309095e-04
1.413109271018479969e-04
1.391679561223555688e-04
1.370574831577948591e-04
1.349790153778917731e-04
1.329320674261117797e-04
1.308878237313440085e-04
1.288343951009164547e-04
1.268131816072378543e-04
1.248236778443637357e-04
1.228653863353919783e-04
1.209378174080678252e-04
1.190695406817173153e-04
1.172342757497283179e-04
1.154272984667157432e-04
1.136481728241934939e-04
1.118964695340431571e-04
1.102124186226101631e-04
1.086316605052121265e-04
1.070735749346733793e-04
1.055378367224815597e-04
1.040241253442479531e-04
1.025321248728107003e-04
1.011926353782111341e-04
9.990188257128777198e-05
9.862759383610584781e-05
9.736955916680172407e-05
9.612757123622045854e-05
9.493768258308701987e-05
9.385850498246570953e-05
9.279159463191828953e-05
9.173681208690450816e-05
9.069401948798098132e-05
8.966308054278306712e-05
8.865863657084580355e-05
8.767063162245382184e-05
8.669363692434111377e-05
8.572752977913493670e-05
8.477218885679261174e-05
8.379661161511702721e-05
8.271340483976723841e-05
8.164420026445332881e-05
8.058881688808622226e-05
7.954707604930944410e-05
7.851880139625240127e-05
7.729230620673906008e-05
7.598280708472788527e-05
7.469549371489169853e-05
7.342999022252323204e-05
7.218592710104660911e-05
7.090969567939887528e-05
6.932625183509846301e-05
6.777816696934152463e-05
6.626465150100833512e-05
6.478493348066323258e-05
6.333825819683230483e-05
6.175372779388451500e-05
6.009974604147669188e-05
5.849006373033394828e-05
5.692349436580860849e-05
5.539888323174768848e-05
5.391281700797793540e-05
5.243652744012291948e-05
5.100066296984414975e-05
4.960411664051899507e-05
4.824581180721340142e-05
4.692470130665941274e-05
4.575586176877644750e-05
4.471471818526664093e-05
4.369726511745419307e-05
4.270296350373172672e-05
4.173128654847204093e-05
4.078205563894664635e-05
4.010924906872090058e-05
3.944754220089727499e-05
3.879675191688156116e-05
3.815669811909879004e-05
3.752720368115453834e-05
3.692657851898803684e-05
3.635629692047918622e-05
3.579482255823874279e-05
3.524201941628621836e-05
3.469775357922619795e-05
3.416189319980728279e-05
3.342339298104671967e-05
3.268624279314432535e-05
3.196535039211078960e-05
3.126035721379173807e-05
3.057091260213563920e-05
2.981159452716187255e-05
2.894704431698393997e-05
2.810756646800541419e-05
2.729243387000341358e-05
2.650094049929216483e-05
2.573240080720343314e-05
2.503578886295906291e-05
2.436551583106858537e-05
2.371318774749749542e-05
2.307832417941484403e-05
2.246045755642327350e-05
2.191594587405794114e-05
2.149651225914598235e-05
2.108510588423215363e-05
2.068157312171085686e-05
2.028576328414535428e-05
1.989752856799788236e-05
1.949741598268598365e-05
1.910057404751593297e-05
1.871180926070485282e-05
1.833095722348386658e-05
1.795785688318506148e-05
1.756334395926866101e-05
1.709887971165915816e-05
1.664669826382896611e-05
1.620647479600742532e-05
1.577789307831247960e-05
1.536064524359056815e-05
1.498454366430489740e-05
1.462848977382710550e-05
1.428089622593728018e-05
1.394156199096376259e-05
1.361029081598335208e-05
1.329527067993671218e-05
1.302097833444047567e-05
1.275234486514235435e-05
1.248925352478213792e-05
1.223158997469146282e-05
1.197924223510245669e-05
1.170942385889801163e-05
1.143443736500620374e-05
1.116590870992304424e-05
1.090368623644720623e-05
1.064762184892582393e-05
1.039971159400724473e-05
1.017166668535892313e-05
9.948622346186987059e-06
9.730468923988240410e-06
9.517099170719801890e-06
9.308408190074275428e-06
9.108656657176166264e-06
8.916093482542681231e-06
8.727601223920254686e-06
8.543093819385568676e-06
8.362487026422670426e-06
8.185726974066770813e-06
8.013129186754007745e-06
7.844170660349853493e-06
7.678774660267107658e-06
7.516866069883598966e-06
7.358371356427029538e-06
7.206788911451534929e-06
7.061458711602761251e-06
6.919059202141549776e-06
6.779531283540364809e-06
6.642817048057146944e-06
6.508859755702008489e-06
6.390512688110940482e-06
6.274394003186511539e-06
6.160385250539294009e-06
6.048448091686405474e-06
5.938544884773611025e-06
5.830638671917256969e-06
5.724693166776151955e-06
5.620672742349389065e-06
5.518542418995766961e-06
5.418267852670965425e-06
5.319815323378456095e-06
5.223151723830222439e-06
5.128244548313571288e-06
5.035061881760244658e-06
4.943572389014092179e-06
4.853745304293810975e-06
4.765550420847092969e-06
4.678958080792855013e-06
4.593939165147950242e-06
4.510465084035141097e-06
4.428507767068989928e-06
4.348039653916456060e-06
4.269033685028959446e-06
4.191463292542947964e-06
4.115302391345680183e-06
4.040525370303464823e-06
3.967107083649210162e-06
3.895022842526467862e-06
3.824248406687192110e-06
3.754759976340279081e-06
3.686534184148260519e-06
3.619548087369421010e-06
3.553779160142658526e-06
3.489205285912617005e-06
3.425804749992343626e-06
3.363556232261199465e-06
3.302438799995377806e-06
3.242431900828696128e-06
3.183515355841357826e-06
3.125669352774223889e-06
3.068874439366419345e-06
3.014475037963752897e-06
2.961450498423832568e-06
2.909358659190940820e-06
2.858183114090302984e-06
2.807907745531342789e-06
2.758516719431516823e-06
2.709994480229359351e-06
2.662325745985357677e-06
2.615495503568923742e-06
2.569489003930049533e-06
2.524291757454165700e-06
2.479889529398622803e-06
2.436268335409555980e-06
2.393414437117520306e-06
2.351314337810655488e-06
2.309954778183911158e-06
2.269322732163067718e-06
2.229405402802230939e-06
2.190190218253469206e-06
2.151664827807323274e-06
2.113817098003009898e-06
2.076635108806996699e-06
2.040107149858864042e-06
2.004221716783118608e-06
1.968967507565945161e-06
1.934333418995664937e-06
1.900308543165810097e-06
1.866882164039713100e-06
1.834043754075518747e-06
1.801782970910562859e-06
1.770089654104093102e-06
1.738953821937230820e-06
1.708365668269293796e-06
1.678315559449359125e-06
1.648794031282189920e-06
1.619791786047496308e-06
1.591299689571646812e-06
1.563308768350898822e-06
1.535810206725220020e-06
1.508795344101804793e-06
1.482255672227461920e-06
1.452732482010334189e-06
1.420886495957061314e-06
1.389738619734929853e-06
1.359273549772066433e-06
1.329476317972916758e-06
1.300332284364107566e-06
1.271827129901549776e-06
1.243946849435206451e-06
1.216677744828071567e-06
1.190006418226014254e-06
1.163919765475134665e-06
1.138404969683443888e-06
1.113449494923670343e-06
1.089041080074096341e-06
1.065167732794432658e-06
1.041817723633752744e-06
1.018979580267549274e-06
9.966420818611934201e-07
9.747942535568851776e-07
9.534253610814967872e-07
9.325249054726186495e-07
9.120826179201906162e-07
8.920884547212502948e-07
8.725325923452524004e-07
8.534054226075724249e-07
8.346975479488231453e-07
8.163997768176288995e-07
7.985031191546513235e-07
7.809987819755844285e-07
7.638781650509877793e-07
7.471328566808292849e-07
7.307546295616341015e-07
7.147354367442626721e-07
6.990674076802744372e-07
6.837428443549786969e-07
6.687542175052385304e-07
6.540941629201951129e-07
6.397554778230902476e-07
6.257311173323938413e-07
6.120141910005129263e-07
5.985979594283843533e-07
5.843001223917302688e-07
5.677772341588759493e-07
5.517215815556130460e-07
5.361199520533255915e-07
5.209595067484025604e-07
5.062277697968297885e-07
4.919126181475675750e-07
4.780022715662377117e-07
4.644852829409222981e-07
4.513505288621053538e-07
4.385872004689813039e-07
4.261847945546264749e-07
4.141331049226892949e-07
4.024222139885016441e-07
3.910424846176912038e-07
3.799845521955856650e-07
3.692393169208793409e-07
3.587979363172159437e-07
3.486518179565328291e-07
3.387926123881754835e-07
3.292122062679563082e-07
3.199027156815244045e-07
3.108564796565237014e-07
3.020660538582217034e-07
2.935242044634136848e-07
2.852239022075552349e-07
2.771583166002421763e-07
2.693208103042540285e-07
2.617049336735529979e-07
2.543044194457379957e-07
2.471131775845805603e-07
2.401252902684143989e-07
2.333350070202333310e-07
2.267367399755058558e-07
2.203250592838067384e-07
2.140946886404771261e-07
2.080405009446499104e-07
2.021575140800486502e-07
1.964408868151018585e-07
1.908859148189943420e-07
1.854880267903728634e-07
1.801734703790487186e-07
1.742358425505664479e-07
1.684938896133731061e-07
1.629411630893580704e-07
1.575714270104052066e-07
1.523786509151103270e-07
1.473570030762986879e-07
1.425008439517235986e-07
1.378047198506009100e-07
1.332633568088632219e-07
1.288716546662525645e-07
1.246246813386084618e-07
1.205176672789075453e-07
1.165460001208428721e-07
1.127052194989239683e-07
1.089910120392788403e-07
1.053992065155388700e-07
1.019257691643571926e-07
9.856679915530683656e-08
9.531852421006852707e-08
9.217729636598646621e-08
8.913958787924032969e-08
8.620198726302461385e-08
8.336119545629186470e-08
8.061402211875523366e-08
7.795738204798782828e-08
7.538829171459997785e-08
7.290386591159673881e-08
7.050131451415763273e-08
6.817793934619800308e-08
6.593113115019161591e-08
6.375836665685578490e-08
6.165720575140239479e-08
5.962528873317663670e-08
5.766033366560456982e-08
5.576013381347207622e-08
5.392255516466082227e-08
5.214553403355321792e-08
5.042707474341846666e-08
4.876524738517572867e-08
4.715818565001634668e-08
4.560408473345416328e-08
4.400749499947457543e-08
4.245100739412362270e-08
4.094957072192948436e-08
3.950123790330643170e-08
3.810413072433036818e-08
3.675643740104977708e-08
3.545641022994453214e-08
3.420236332148496008e-08
3.299267041385093142e-08
3.182576276397892508e-08
3.070012711319791426e-08
2.961430372481908333e-08
2.856688449113344593e-08
2.755651110736154798e-08
2.658187331018998540e-08
2.564170717860680141e-08
2.473479349483500963e-08
2.385995616323766416e-08
2.301606068514372065e-08
2.220201268761831553e-08
2.141675650426734465e-08
2.065927380623803485e-08
1.992858228163880080e-08
1.922373436166608996e-08
1.854381599178728243e-08
1.788794544638423580e-08
1.725527218532211553e-08
1.664497575095951217e-08
1.605626470416972315e-08
1.548837559799419958e-08
1.494057198759585146e-08
1.441214347522939466e-08
1.390240478898962652e-08
1.341069489414350548e-08
1.293637613589271007e-08
1.247883341245625173e-08
1.203747337739948597e-08
1.161172367017599768e-08
1.120103217388421981e-08
1.080486629927587968e-08
1.042271229408883602e-08
1.004714046426892000e-08
9.681052012813418944e-09
9.328302755207799045e-09
8.988406650190958523e-09
8.660895366425920488e-09
8.345317637201478537e-09
8.041238638647369423e-09
7.748239390605093875e-09
7.465916179329125653e-09
7.193880001223821552e-09
6.931756026848157268e-09
6.679183084451176084e-09
6.435813162325588041e-09
6.201310929294038331e-09
5.975353272667953127e-09
5.757628853041308343e-09
5.547837675306562468e-09
5.345690675301739545e-09
5.150909321518435413e-09
4.963225231322966701e-09
4.782379801160872427e-09
4.608123850235791549e-09
4.440217277171833584e-09
4.278428729185799514e-09
4.122535283314251510e-09
3.972322139255373056e-09
3.827582323402881377e-09
3.688116403664228515e-09
3.553732214669682311e-09
3.424244592994372446e-09
3.299475122027763416e-09
3.179251886139423280e-09
3.063409233802403645e-09
2.951787549347451942e-09
2.844233033034151286e-09
2.740597489135372108e-09
2.640738121743377877e-09
2.544517338016256239e-09
2.451802558593320619e-09
2.362466034918534526e-09
2.276384673220125897e-09
2.193041997906669662e-09
2.112161253059927056e-09
2.034263440091921257e-09
1.959238546630601269e-09
1.886980617628234442e-09
1.817387605724752956e-09
1.750361227129831383e-09
1.685806822820079247e-09
1.623633224855444709e-09
1.563752627625847333e-09
1.506080463846417162e-09
1.450535285126036914e-09
1.397038646940596766e-09
1.345514997848555319e-09
1.295891572792243617e-09
1.248098290334315275e-09
1.202067653684154338e-09
1.157734655374516618e-09
1.115036685453754398e-09
1.073913443063943046e-09
1.034306851280082830e-09
9.961609750900852437e-10
9.594219423996676452e-10
9.240378679507185236e-10
8.899587800455181357e-10
8.571365499734560179e-10
8.255248240405276130e-10
7.950789581056299710e-10
7.657559545311681152e-10
7.375144014590269968e-10
7.103144143260170852e-10
6.841175795363001108e-10
6.588869002112089173e-10
6.345867439398206560e-10
6.111827924565753275e-10
