7.752402867931013659e-10
7.857237926249519813e-10
7.963490659789486271e-10
8.071180239647546067e-10
8.180326096169376851e-10
8.290947922455500159e-10
8.403065677914463648e-10
8.516699591864230388e-10
8.631870167181940642e-10
8.748598184003363418e-10
8.866904703472202193e-10
8.986811071540149212e-10
9.108338922818310794e-10
9.231510184480724341e-10
9.356347080220664983e-10
9.482486556662768333e-10
9.609914463481504736e-10
9.739054776781260720e-10
9.869930508287136481e-10
1.000256497896125605e-09
1.013698182315824974e-09
1.027320499283694759e-09
1.041125876182828602e-09
1.055116773016058770e-09
1.069295682844331888e-09
1.083665132230940709e-09
1.098227681691722126e-09
1.112985926151345915e-09
1.127942495405696919e-09
1.143100054590467272e-09
1.158354183845817486e-09
1.173808902096660865e-09
1.189469816621104978e-09
1.205339678482119769e-09
1.221421275447269482e-09
1.237717432478404414e-09
1.254231012227909724e-09
1.270964915541572516e-09
1.287922081968155288e-09
1.305105490275771081e-09
1.322518158975144905e-09
1.340163146849860298e-09
1.358043553493681370e-09
1.376162519855020870e-09
1.394460173081817185e-09
1.412926126700424644e-09
1.431636613257029892e-09
1.450594870946577551e-09
1.469804180845396618e-09
1.489267867479015493e-09
1.508989299397550258e-09
1.528971889758713160e-09
1.549219096918485116e-09
1.569734425029666916e-09
1.590521424648356261e-09
1.611583693348399646e-09
1.632924876344036442e-09
1.654548667120791816e-09
1.676458808074662360e-09
1.698486105979250441e-09
1.720792964029489754e-09
1.743392786452124885e-09
1.766289420858667252e-09
1.789486765392738275e-09
1.812988769393756292e-09
1.836799434069293982e-09
1.860922813176313920e-09
1.885363013711273782e-09
1.910124196609362796e-09
1.935210577452923619e-09
1.960626427189107206e-09
1.986376072857029711e-09
2.012463898324434723e-09
2.038789531927366316e-09
2.065320736509907082e-09
2.092197197336693297e-09
2.119423407301125347e-09
2.147003917763612387e-09
2.174943339312365509e-09
2.203246342534174149e-09
2.231917658795176076e-09
2.260962081031786816e-09
2.290384464551930367e-09
2.320189727846683290e-09
2.350382853412526568e-09
2.380968888584206883e-09
2.411952946378527011e-09
2.443340206349072379e-09
2.474854644368793676e-09
2.506750818958296078e-09
2.539058074641291395e-09
2.571781709472085425e-09
2.604927089786868315e-09
2.638499651083677978e-09
2.672504898913795983e-09
2.706948409784631734e-09
2.741835832074148303e-09
2.777172886957170712e-09
2.812965369343630435e-09
2.849219148828805670e-09
2.885940170655906038e-09
2.923134456691067065e-09
2.960640515652623731e-09
2.998380284294137902e-09
3.036601127936006018e-09
3.075309178919900922e-09
3.114510647757444323e-09
3.154211824126703005e-09
3.194419077881261082e-09
3.235138860072278986e-09
3.276377703983521818e-09
3.318142226179576683e-09
3.360439127567502198e-09
3.403275194471874189e-09
3.446657299723669702e-09
3.490592403762967421e-09
3.535087555755711801e-09
3.579667414996699207e-09
3.624751204018313020e-09
3.670402796636451734e-09
3.716629344000783288e-09
3.763438087325510379e-09
3.810836359023621609e-09
3.858831583855500011e-09
3.907431280092000200e-09
3.956643060692094244e-09
4.006474634495505635e-09
4.056933807430209349e-09
4.108028483735215720e-09
4.159766667198739881e-09
4.212156462411981748e-09
4.264942323826879918e-09
4.317954265190289838e-09
4.371625128929118069e-09
4.425963105248960647e-09
4.480976486157114757e-09
4.536673666728089797e-09
4.593063146384554460e-09
4.650153530194504824e-09
4.707953530184246489e-09
4.766471966668011306e-09
4.825717769593789336e-09
4.885699979906196588e-09
4.946427750925973229e-09
5.007910349746944394e-09
5.070157158650025068e-09
5.132373313582607525e-09
5.195227845693367888e-09
5.258852137127053162e-09
5.323255614879521234e-09
5.388447821396094910e-09
5.454438415985302087e-09
5.521237176250150507e-09
5.588853999536820446e-09
5.657298904401097950e-09
5.726582032092881963e-09
5.796713648058640457e-09
5.867704143462500444e-09
5.939564036725848650e-09
6.012303975085808445e-09
6.085505404846797168e-09
6.158803454747627253e-09
6.232984357223880226e-09
6.308058745964571097e-09
6.384037382738270703e-09
6.460931158935728888e-09
6.538751097131245742e-09
6.617508352662574165e-09
6.697214215230121373e-09
6.777880110515254982e-09
6.859517601818258757e-09
6.942138391715746133e-09
7.025754323738310711e-09
7.110377384068220994e-09
7.196019703257725980e-09
7.281360983732620660e-09
7.367457934245949304e-09
7.454572920385344172e-09
7.542717979703005642e-09
7.631905292086713510e-09
7.722147181442727588e-09
7.813456117398885593e-09
7.905844717027535985e-09
7.999325746588998128e-09
8.093912123295629168e-09
8.189616917096606829e-09
8.286453352484119635e-09
8.384434810320603925e-09
8.483574829687780375e-09
8.583197879879331265e-09
8.682555015014492280e-09
8.783062285616692314e-09
8.884733005391026300e-09
8.987580642158882312e-09
9.091618819642178416e-09
9.196861319267921697e-09
9.303322081993653596e-09
9.411015210154362241e-09
9.519954969330441551e-09
9.630155790237266241e-09
9.741632270636983225e-09
9.854399177272056232e-09
9.968471447821428836e-09
1.008386419287906769e-08
1.019834389657018510e-08
1.031360213067167294e-08
1.043016297435984328e-08
1.054804114928780769e-08
1.066725154348772990e-08
1.078780921325137132e-08
1.090972938503152114e-08
1.103302745736527730e-08
1.115771900281873157e-08
1.128381976995384956e-08
1.141134568531759021e-08
1.154031285545326502e-08
1.167073756893498541e-08
1.180263629842475338e-08
1.193493877203036263e-08
1.206616304141473727e-08
1.219883011743636283e-08
1.233295586370801095e-08
1.246855631826229159e-08
1.260564769546957220e-08
1.274424638797659789e-08
1.288436896866684666e-08
1.302603219264201072e-08
1.316925299922569930e-08
1.331404851398872915e-08
1.346043605079713108e-08
1.360843311388222902e-08
1.375805739993391814e-08
1.390932680021652011e-08
1.405849209039689524e-08
1.420822621093118837e-08
1.435955511892262968e-08
1.451249580012586255e-08
1.466706542120733190e-08
1.482328133167215352e-08
1.498116106581138155e-08
1.514072234467030960e-08
1.530198307803742156e-08
1.546496136645468696e-08
1.562967550324928369e-08
1.579614397658676282e-08
1.596438547154644807e-08
1.613441887221858022e-08
1.630455515890017129e-08
1.647190378678409165e-08
1.664097006737191896e-08
1.681177163051128340e-08
1.698432628700113944e-08
1.715865203044903110e-08
1.733476703914747183e-08
1.751268967796937588e-08
1.769243850028332229e-08
1.787403224988813173e-08
1.805748986296744144e-08
1.824283047006434078e-08
1.843007339807625632e-08
1.861923817227032439e-08
1.881034451831942012e-08
1.899719711800823770e-08
1.918392719454686960e-08
1.937249270613770951e-08
1.956291169391207429e-08
1.975520237633384209e-08
1.994938315094254025e-08
2.014547259611356253e-08
2.034348947283551221e-08
2.054345272650541233e-08
2.074538148874117089e-08
2.094929507921203233e-08
2.115521300748700850e-08
2.136315497490147796e-08
2.157314087644210552e-08
2.178256383038448182e-08
2.198593430359984341e-08
2.219120352251373241e-08
2.239838921455319875e-08
2.260750927265547402e-08
2.281858175681306872e-08
2.303162489563373234e-08
2.324665708791451855e-08
2.346369690423085201e-08
2.368276308854011403e-08
2.390387455980068973e-08
2.412705041360565972e-08
2.435230992383197653e-08
2.457967254430503659e-08
2.480915791047856159e-08
2.503069654882315624e-08
2.525051899132622161e-08
2.547227193968376857e-08
2.569597234781910611e-08
2.592163731854704763e-08
2.614928410488106474e-08
2.637893011135278926e-08
2.661059289534222881e-08
2.684429016842052249e-08
2.708003979770369144e-08
2.731785980721882024e-08
2.755776837928222258e-08
2.779978385588917742e-08
2.804392474011669171e-08
2.828635980071871227e-08
2.851715443687276308e-08
2.874983217726684550e-08
2.898440838656309399e-08
2.922089855478711654e-08
2.945931829835106161e-08
2.969968336108499319e-08
2.994200961527611426e-08
3.018631306271734388e-08
3.043260983576359381e-08
3.068091619839718701e-08
3.093124854730204768e-08
3.118362341294601077e-08
3.143805746067289898e-08
3.169456749180252071e-08
3.193745361634855880e-08
3.217564063688045408e-08
3.241560403750306208e-08
3.265735706631950060e-08
3.290091307023620359e-08
3.314628549569999208e-08
3.339348788943995587e-08
3.364253389921589983e-08
3.389343727457134954e-08
3.414621186759283034e-08
3.440087163367486377e-08
3.465743063228992052e-08
3.491590302776520264e-08
3.517630309006406444e-08
3.543327464929737235e-08
3.566961404930993417e-08
3.590752982950604728e-08
3.614703250431758315e-08
3.638813265830728697e-08
3.663084094663683617e-08
3.687516809553768482e-08
3.712112490278501169e-08
3.736872223817522181e-08
3.761797104400585683e-08
3.786888233555950227e-08
3.812146720159042122e-08
3.837573680481494668e-08
3.863170238240430255e-08
3.888937524648158035e-08
3.912531097630482024e-08
3.935159773880275772e-08
3.957919326275478042e-08
3.980810511756746359e-08
4.003834091642634656e-08
4.026990831654891762e-08
4.050281501943900185e-08
4.073706877114342534e-08
4.097267736250935437e-08
4.120964862944317651e-08
4.144799045317159848e-08
4.168771076050351832e-08
4.192881752409340634e-08
4.217131876270702855e-08
4.240806535680472367e-08
4.261027663173641330e-08
4.281345209589411480e-08
4.301759634675068368e-08
4.322271400370084326e-08
4.342880970816554835e-08
4.363588812369738800e-08
4.384395393608553146e-08
4.405301185346216986e-08
4.426306660640883202e-08
4.447412294806379887e-08
4.468618565422913396e-08
4.489925952347909709e-08
4.511334937726863728e-08
4.532846006004238876e-08
4.551114460566183900e-08
4.567678692111527329e-08
4.584303210817104983e-08
4.600988236103986127e-08
4.617733988191880258e-08
4.634540688101971360e-08
4.651408557659909650e-08
4.668337819498665020e-08
4.685328697061538637e-08
4.702381414605037559e-08
4.719496197201912144e-08
4.736673270744047213e-08
4.753912861945523277e-08
4.771215198345530199e-08
4.787707164746293086e-08
4.798895676638420699e-08
4.810110335242126427e-08
4.821351201660321633e-08
4.832618337138679127e-08
4.843911803066028889e-08
4.855231660974660490e-08
4.866577972540632782e-08
4.877950799584174259e-08
4.889350204069943781e-08
4.900776248107436887e-08
4.912228993951293506e-08
4.923708504001610297e-08
4.935214840804335055e-08
4.946748067051583682e-08
4.953752822763137455e-08
4.958057019307629086e-08
4.962364955664855829e-08
4.966676635084240548e-08
4.970992060818060874e-08
4.975311236121388322e-08
4.979634164252133954e-08
4.983960848471039113e-08
4.988291292041668141e-08
4.992625498230451401e-08
4.996963470306627032e-08
5.001305211542284635e-08
5.005650725212354676e-08
5.010000014594605846e-08
5.013406413979549355e-08
5.009444300540729690e-08
5.005485318374662895e-08
5.001529465006681996e-08
4.997576737964107237e-08
4.993627134776181892e-08
4.989680652974101381e-08
4.985737290091044374e-08
4.981797043662107273e-08
4.977859911224334659e-08
4.973925890316748405e-08
4.969994978480274221e-08
4.966067173257822391e-08
4.962142472194214315e-08
4.958220872836211629e-08
4.948744702198278659e-08
4.935599513384875226e-08
4.922489241706894921e-08
4.909413794415091611e-08
4.896373079006587298e-08
4.883367003224214346e-08
4.870395475055866971e-08
4.857458402733846113e-08
4.844555694734214235e-08
4.831687259776144832e-08
4.818853006821277223e-08
4.806052845073074005e-08
4.793286683976177170e-08
4.780554433215766876e-08
4.766990966059358086e-08
4.744442222713208338e-08
4.722000139067099659e-08
4.699664210601038760e-08
4.677433935181505327e-08
4.655308813050191780e-08
4.633288346812709281e-08
4.611372041427438657e-08
4.589559404194423687e-08
4.567849944744243202e-08
4.546243175027012893e-08
4.524738609301442707e-08
4.503335764123859163e-08
4.482034158337376567e-08
4.460833313061059623e-08
4.433941520132829079e-08
4.402941966095280668e-08
4.372159143006068790e-08
4.341591535607783373e-08
4.311237639236817034e-08
4.281095959749292048e-08
4.251165013447545830e-08
4.221443327007045890e-08
4.191929437403900354e-08
4.162621891842835017e-08
4.133519247685670676e-08
4.104620072380345739e-08
4.075922943390347795e-08
4.047426448124724866e-08
4.018545687013960102e-08
3.980890529449986492e-08
3.943588213685410611e-08
3.906635433471001985e-08
3.870028913538249879e-08
3.833765409309003707e-08
3.797841706607962259e-08
3.762254621377728510e-08
3.727000999396621913e-08
3.692077715999127090e-08
3.657481675798900161e-08
3.623209812414432637e-08
3.589259088197289505e-08
3.555626493962826203e-08
3.522309048723494999e-08
3.484751230360050923e-08
3.443871545844917780e-08
3.403471421704566944e-08
3.363545232206915228e-08
3.324087417615429135e-08
3.285092483414974462e-08
3.246554999546680854e-08
3.208469599651783579e-08
3.170830980324397531e-08
3.133633900372989207e-08
3.096873180090549289e-08
3.060543700533295791e-08
3.024640402807899138e-08
2.989158287366982365e-08
2.953874265208993686e-08
2.912869590246068992e-08
2.872434128194004749e-08
2.832559977433328685e-08
2.793239346032172720e-08
2.754464550223585991e-08
2.716228012904071675e-08
2.678522262152877118e-08
2.641339929771926741e-08
2.604673749845940814e-08
2.568516557322597796e-08
2.532861286612403104e-08
2.497700970207945996e-08
2.463028737322396354e-08
2.428837812546828086e-08
2.393054923382640591e-08
2.355925612632638616e-08
2.319372379641362650e-08
2.283386286306342979e-08
2.247958533203743167e-08
2.213080457436693214e-08
2.178743530517032544e-08
2.144939356279871539e-08
2.111659668830554078e-08
2.078896330523454280e-08
2.046641329972134980e-08
2.014886780090380220e-08
1.983624916163622323e-08
1.952848093950286447e-08
1.922531362052384238e-08
1.890342191442383397e-08
1.858691967933598157e-08
1.827571667870781684e-08
1.796972418682831957e-08
1.766885496353153680e-08
1.737302322932396324e-08
1.708214464092835421e-08
1.679613626723686396e-08
1.651491656566708702e-08
1.623840535891384607e-08
1.596652381208989023e-08
1.569919441024997506e-08
1.543634093629074069e-08
1.517788844922082928e-08
1.491534626351431496e-08
1.464887614997168105e-08
1.438716665815095776e-08
1.413013273716634732e-08
1.387769085560871318e-08
1.362975897439928073e-08
1.338625652012832410e-08
1.314710435887042305e-08
1.291222477046725226e-08
1.268154142326996712e-08
1.245497934933269410e-08
1.223246492004945275e-08
1.201392582222609036e-08
1.179929103457973006e-08
1.158849080465826949e-08
1.136435122401010296e-08
1.114421575902591908e-08
1.092834447261108968e-08
1.071665476463175060e-08
1.050906563497666821e-08
1.030549765256362722e-08
1.010587292494633342e-08
9.910115068509817437e-09
9.718149179243364303e-09
9.529901804079711130e-09
9.345300912788826303e-09
9.164275870417093545e-09
8.986757410259407082e-09
8.812677607355424705e-09
8.635413399980004057e-09
8.454397404408293724e-09
8.277175875775814018e-09
8.103669274264543143e-09
7.933799727374261018e-09
7.767490994972373421e-09
7.604668435075911730e-09
7.445258970351129231e-09
7.289191055315332394e-09
7.136394644225926363e-09
6.986801159643019560e-09
6.840343461650581510e-09
6.696955817723078650e-09
6.556573873223759324e-09
6.419134622521087528e-09
6.280718345386421321e-09
6.145104771672698741e-09
6.012419372789290757e-09
5.882598923443928100e-09
5.755581563507905900e-09
5.631306768539353669e-09
5.509715320943075350e-09
5.390749281753093419e-09
5.274351963024380081e-09
5.160467900820688712e-09
5.049042828785844612e-09
4.940023652285375948e-09
4.833358423106798500e-09
4.728996314705863601e-09
4.627591991476023686e-09
4.529237108980274607e-09
4.432972662056287567e-09
4.338754220567363922e-09
4.246538298695261525e-09
4.156282334869736634e-09
4.067944672124563603e-09
3.981484538871010285e-09
3.896862030080111066e-09
3.814038088864736139e-09
3.732974488453176936e-09
3.653633814545939534e-09
3.575979448047304218e-09
3.499975548164205779e-09
3.425587035864107281e-09
3.352779421687541898e-09
3.281519252564532688e-09
3.211773651226876652e-09
3.143510426962616869e-09
3.076698073243101612e-09
3.011305753181262506e-09
2.947303285299023723e-09
2.884661129597215270e-09
2.823350373921494508e-09
2.763342720618167180e-09
2.704610473473505984e-09
2.647126524930723900e-09
2.590864343578636637e-09
2.535797961906184660e-09
2.482513504535774807e-09
2.431196228883006318e-09
2.380939758247253930e-09
2.331722164198582668e-09
2.283521971600546795e-09
2.236318149239994949e-09
2.190090100650467396e-09
2.144817655125343547e-09
2.100481058916746537e-09
2.057060966616380385e-09
2.014538432714538133e-09
1.972894903333601260e-09
1.932112208132414341e-09
1.892172552378021505e-09
1.853058509181247934e-09
1.815918546798038468e-09
1.779648892569045520e-09
1.744103658397437418e-09
1.709268375316520591e-09
1.675128863350739785e-09
1.641671225743656625e-09
1.608881843301145743e-09
1.576747368847573861e-09
1.545254721792773925e-09
1.514391082807436143e-09
1.484143888604944351e-09
1.454500826827371579e-09
1.425449831033620845e-09
1.396979075787727182e-09
1.369431280905331613e-09
1.342976102813385447e-09
1.317031995600011428e-09
1.291589086209652840e-09
1.266637692318094391e-09
1.242168318647811187e-09
1.218171653354554306e-09
1.194638564483708024e-09
1.171560096495135517e-09
1.148927466855109750e-09
1.126732062694130947e-09
1.104965437529281939e-09
1.083619308049928173e-09
1.062685550965468674e-09
1.042156199914028095e-09
1.022389214353772529e-09
1.003048855571673964e-09
9.840743549897290607e-10
9.654587917320575562e-10
9.471953758437827175e-10
9.292774458144221919e-10
9.116984661481281915e-10
8.944520249798896594e-10
8.775318317368299456e-10
8.609317148437443750e-10
8.446456194720418449e-10
8.286676053312697829e-10
8.129918445024160689e-10
7.976126193121978596e-10
7.825364214720707235e-10
7.677662249831881362e-10
7.532748125845204970e-10
7.390569222899419512e-10
7.251073914321237955e-10
7.114211547878935058e-10
6.979932427390257344e-10
6.848187794676853525e-10
6.718929811860068905e-10
6.592111543990159765e-10
6.467686942003934621e-10
6.345610826003796520e-10
6.225838868852250308e-10
6.108327580076597455e-10
5.993034290076764652e-10
5.878022418039535586e-10
5.764883289881481588e-10
5.653921843503070790e-10
5.545096163273495585e-10
5.438365140346429413e-10
5.333688457131381661e-10
5.231026572063595496e-10
5.130340704667330111e-10
5.031592820906507587e-10
4.934745618817464534e-10
4.839762514418024445e-10
4.746607627888003169e-10
4.655245770015581088e-10
4.565642428904677142e-10
4.476576196502349800e-10
4.386928033141407677e-10
4.299075168875418486e-10
4.212981650945032418e-10
4.128612246582906413e-10
4.045932428595018608e-10
3.964908361230898875e-10
3.885506886336661558e-10
3.807695509785418233e-10
3.731442388179518560e-10
3.656716315818943742e-10
3.583486711930755070e-10
3.511723608154271575e-10
3.441397636276864777e-10
3.372480016215363534e-10
3.301864164589868813e-10
3.232069394774104812e-10
3.163749946065089256e-10
3.096874633140859406e-10
3.031412929874445773e-10
2.967334955399866839e-10
2.904611460472519431e-10
2.843213814118084002e-10
2.783113990563392517e-10
2.724284556443854357e-10
2.666698658280992367e-10
2.610330010224918643e-10
2.555152882055729234e-10
2.501142087438647344e-10
2.447213156900028141e-10
2.392113459892458073e-10
2.338254348161150002e-10
2.285607889577422830e-10
2.234146780912350035e-10
2.183844333676963028e-10
2.134674460281158687e-10
2.086611660504336617e-10
2.039631008270564761e-10
1.993708138721549682e-10
1.948819235580705917e-10
1.904941018801648024e-10
1.862050732494826504e-10
1.820126133125986132e-10
1.779145477980342354e-10
1.736885610253968873e-10
1.695072919694384733e-10
1.654266801520165780e-10
1.614443024141503873e-10
1.575577939304612293e-10
1.537648468048857815e-10
1.500632087002011381e-10
1.464506815005300336e-10
1.429251200060534547e-10
1.394844306591420546e-10
1.361265703011547185e-10
1.328495449591649377e-10
1.296514086618944404e-10
1.265302622841538183e-10
1.234256860302701428e-10
1.202511369171618703e-10
1.171582382481040003e-10
1.141448899469033006e-10
1.112090459520162623e-10
1.083487128272730619e-10
1.055619484083344865e-10
1.028468604839666089e-10
1.002016055112271930e-10
9.762438736370418139e-11
9.511345611194568669e-11
9.266710683525832674e-11
9.028367846406798304e-11
8.796155265205533911e-11
8.569915267729866539e-11
8.338493899797397795e-11
8.110083226956200436e-11
7.887929251798624620e-11
7.671860588874839936e-11
7.461710547379774500e-11
7.257317002555757613e-11
7.058522270617877781e-11
6.865172987105710251e-11
6.677119988566712206e-11
6.494218197481009196e-11
6.316326510338320032e-11
6.143307688780348402e-11
5.975028253725665944e-11
5.811358382394128337e-11
5.649778763672168280e-11
5.485872978965028581e-11
5.326722266515422509e-11
5.172188676877528293e-11
5.022138262658105367e-11
4.876440962413057178e-11
4.734970487912080870e-11
4.597604214673790065e-11
4.464223075676895197e-11
4.334711458154538657e-11
4.208957103382944273e-11
4.086851009377189823e-11
3.968287336409960215e-11
3.853163315271312259e-11
3.741379158189751537e-11
3.628664948693864323e-11
3.517932273325810993e-11
3.410578726526400448e-11
3.306501190495518161e-11
3.205599694185404951e-11
3.107777317274046788e-11
3.012940097068919125e-11
2.920996938251719226e-11
2.831859525377341762e-11
2.745442238042931366e-11
2.661662068645804377e-11
2.580438542650969979e-11
2.501693641291732693e-11
2.425351726629363555e-11
2.350595721203096451e-11
2.275699402276391740e-11
2.203189482056275571e-11
2.132989923444141505e-11
2.065027112088416421e-11
1.999229779189288227e-11
1.935528926763126225e-11
1.873857755288135372e-11
1.814151593655419461e-11
1.756347831352029622e-11
1.700385852804803753e-11
1.646206973816235215e-11
1.593754380025585017e-11
1.542973067330901575e-11
1.493809784209215769e-11
1.446212975874736000e-11
1.400132730216152849e-11
1.355520725456652366e-11
1.312330179481530327e-11
1.270515800780423139e-11
1.230033740952647734e-11
1.190841548725800048e-11
1.152898125439520109e-11
1.116163681947589952e-11
1.080599696893301438e-11
1.046168876314253730e-11
1.012835114534277566e-11
9.805634563014024392e-12
9.493200601322752598e-12
9.190721628244410742e-12
8.897880450994604619e-12
8.614369983406288975e-12
8.339892923905981738e-12
8.074161443750144015e-12
7.816896885195046041e-12
7.567829469284407519e-12
7.326698012946889512e-12
7.093249655108308896e-12
6.867239591530147025e-12
6.648430818097162285e-12
6.436593882284364072e-12
6.231506642543092446e-12
6.032954035353409325e-12
5.840727849699245797e-12
5.654626508728853815e-12
5.474454858372773391e-12
5.300023962696387676e-12
5.131150905773559638e-12
4.967658599872877383e-12
4.809375599755512124e-12
4.656135922890451603e-12
4.507778875397655528e-12
4.364148883537548293e-12
4.225095330569402589e-12
4.090472398808064453e-12
3.960138916713062600e-12
3.833958210849974739e-12
3.711797962568527180e-12
3.593530069247550528e-12
3.479030509960817510e-12
3.368179215423279148e-12
3.260859942081160761e-12
3.156960150213750251e-12
3.056370885919408037e-12
2.958986666861545846e-12
2.864705371655378774e-12
2.773428132778788664e-12
2.685059232895590639e-12
2.599506004482034337e-12
2.516678732651598994e-12
2.436490561075988555e-12
2.358857400903786525e-12
2.283697842581157262e-12
2.210933070482175278e-12
2.140486780259355756e-12
2.072285098827447497e-12
2.006256506896981031e-12
1.942331763975886176e-12
1.880443835760934962e-12
1.820527823842558314e-12
1.762520897649547469e-12
1.706362228562130607e-12
1.651992926124429848e-12
1.599355976289284034e-12
1.548396181630866753e-12
1.499060103462154087e-12
1.451296005796845785e-12
1.405053801096683092e-12
1.360284997747438956e-12
1.316942649208518770e-12
1.274981304782682196e-12
1.234356961954514843e-12
1.195027020247386037e-12
1.156950236550759122e-12
1.120086681870811398e-12
1.084397699459151500e-12
1.049845864275639564e-12
1.016394943742858196e-12
9.840098597510040595e-13
9.526566518734731972e-13
9.223024417544130549e-13
8.929153986310801707e-13
8.644647059546713026e-13
8.369205290747258594e-13
8.102539839532239011e-13
7.844371068754703012e-13
7.594428251261574211e-13
7.352449285996827470e-13
7.118180423151061611e-13
6.891375998068038070e-13
6.671798173629997521e-13
6.459216690851248665e-13
6.253408627418279810e-13
6.054158163923686153e-13
5.861256357548488905e-13
5.674500922955342845e-13
5.493696020163288595e-13
5.318652049181382335e-13
5.149185451185630115e-13
4.985118516031308773e-13
4.826279195898026339e-13
4.672500924873077921e-13
4.523622444282845539e-13
4.379487633590005699e-13
4.239945346678603940e-13
4.104849253355458856e-13
3.974057685902096992e-13
3.847433490515531139e-13
3.724843883482887658e-13
3.606160311938437698e-13
3.491258319057460820e-13
3.380017413545301528e-13
3.272320943284943524e-13
3.168055973010360048e-13
3.067113165877734731e-13
2.969386668809876616e-13
2.874774001494191073e-13
2.783175948917158828e-13
2.694496457323196318e-13
2.608642533488427202e-13
2.525524147203814691e-13
2.445054136865654588e-13
2.367148118073949779e-13
2.291724395143300080e-13
2.218703875433134511e-13
2.148009986407724405e-13
2.079568595338826286e-13
2.013307931566870000e-13
1.949158511239022677e-13
1.887053064445423407e-13
1.826926464676933838e-13
1.768715660530642531e-13
1.712359609591368782e-13
1.657799214419917821e-13
1.604977260580884260e-13
1.553838356645061977e-13
1.504328876103568918e-13
1.456396901132714556e-13
