1.258359039351992119e-07
1.277605573582906050e-07
1.297146482525899505e-07
1.316986268626457896e-07
1.337129503194722187e-07
1.357580827458784960e-07
1.378344953634072149e-07
1.399426666009092642e-07
1.420830822047794749e-07
1.442562353508770162e-07
1.464626267581602644e-07
1.487027648040570324e-07
1.509771656416007021e-07
1.532863533183580714e-07
1.556308598971744031e-07
1.580112255787687655e-07
1.604279988262010239e-07
1.628817364912444977e-07
1.653730039426896937e-07
1.679023751966134472e-07
1.704704330486375578e-07
1.730777692082116227e-07
1.757249844349500305e-07
1.784126886770523117e-07
1.811415012118441161e-07
1.839120507884643334e-07
1.867249757727367375e-07
1.895803847624171327e-07
1.924760538972515350e-07
1.954159517625473551e-07
1.984007539122119025e-07
2.014311462186281761e-07
2.045078250302602994e-07
2.076314973316657737e-07
2.108028809059538824e-07
2.140227044997213231e-07
2.172917079905111770e-07
2.206106425568276947e-07
2.239802708507482435e-07
2.274013671731718564e-07
2.308747176517443266e-07
2.344011204215011912e-07
2.379813858082697142e-07
2.416163365148717421e-07
2.453068078101730137e-07
2.490536477210153207e-07
2.528577172270849597e-07
2.567198904587552246e-07
2.606410548979512163e-07
2.646221115820828722e-07
2.686639753110926408e-07
2.727675748576659248e-07
2.769338531806511962e-07
2.811637676417433596e-07
2.854582902254708605e-07
2.898184077625482157e-07
2.942451221566379561e-07
2.987394506145758758e-07
3.033024258801134268e-07
3.079350964712301457e-07
3.126385269210704286e-07
3.174137980225610346e-07
3.222620070767635814e-07
3.271842681450245007e-07
3.321817123049687239e-07
3.372554879104111067e-07
3.424067608552336619e-07
3.476367148412943515e-07
3.529465516504277888e-07
3.583374914206005847e-07
3.638107729262846531e-07
3.693676538631131674e-07
3.750094111368830672e-07
3.807373411569763771e-07
3.865527601342551292e-07
3.924570043835140651e-07
3.984514306305495077e-07
4.045374163239186255e-07
4.107163599514612986e-07
4.169896813616557364e-07
4.233588220898833931e-07
4.298252456896762894e-07
4.363904380690249326e-07
4.430499946058167225e-07
4.498077818802092953e-07
4.566686448557677398e-07
4.636341557335324522e-07
4.707059106951298677e-07
4.778855302685520450e-07
4.851746596995057571e-07
4.925749693284263268e-07
5.000881549732497508e-07
5.077159383180151634e-07
5.154600673073946783e-07
5.233223165472498693e-07
5.313044877112843474e-07
5.394084099539128183e-07
5.476359403294181956e-07
5.559889642175016942e-07
5.644693957553343256e-07
5.730791782761823218e-07
5.818202847547394722e-07
5.906947182592409111e-07
5.997045124104724961e-07
6.088517318477935118e-07
6.181384727022494642e-07
6.275668630769197005e-07
6.371390635345788402e-07
6.468572675927970627e-07
6.567237022266029152e-07
6.667406283788025590e-07
6.769103414780814467e-07
6.872351719650226888e-07
6.977174858261289277e-07
7.083596851360088682e-07
7.191642086078212149e-07
7.301335321521129178e-07
7.412701694441970980e-07
7.525766725001625570e-07
7.640556322616911578e-07
7.757096791897806991e-07
7.875414838675237357e-07
7.995537576120957657e-07
8.117492530960542141e-07
8.241307649781387985e-07
8.367011305436766114e-07
8.494632303547550818e-07
8.624199889103269272e-07
8.755743753163694921e-07
8.889294039662642808e-07
9.024881352315726547e-07
9.162536761633213023e-07
9.302291812040108294e-07
9.444178529104670057e-07
9.588229426877162511e-07
9.734477515340758388e-07
9.882956307975773988e-07
1.003369982943959515e-06
1.018671557630650690e-06
1.034189415675407152e-06
1.049943663866227551e-06
1.065937903234963543e-06
1.082175789669526331e-06
1.098661034749525967e-06
1.115397406594640484e-06
1.132388730725929619e-06
1.149638890940237078e-06
1.167151830197946716e-06
1.184931551524237874e-06
1.202982118924072178e-06
1.221307658311140503e-06
1.239912358450925951e-06
1.258800471918168717e-06
1.277976316068893573e-06
1.297444274027241157e-06
1.317208795687361622e-06
1.337274398730528623e-06
1.357645669657788102e-06
1.378327264838312117e-06
1.399323911573720097e-06
1.420640409178643427e-06
1.442281630077708078e-06
1.464252520919271975e-06
1.486558103706085016e-06
1.509203476943213748e-06
1.532193816803426562e-06
1.555534378310328049e-06
1.579230496539549968e-06
1.603287587838192610e-06
1.627711151062893468e-06
1.652506768836703428e-06
1.677680108825160326e-06
1.703236925031766766e-06
1.729183059113203156e-06
1.755524441714610360e-06
1.782267093825159619e-06
1.809417128154327997e-06
1.836980750529101668e-06
1.864964261312463033e-06
1.893374056843524817e-06
1.922216630899544299e-06
1.951498576180267028e-06
1.981226585814844385e-06
2.011407454891705106e-06
2.042048082011772304e-06
2.073155470865280944e-06
2.104736731832677313e-06
2.136799083609864336e-06
2.169349854858202698e-06
2.202396485879693409e-06
2.235946530317611593e-06
2.270007656883113695e-06
2.304587651108101436e-06
2.339694417124789755e-06
2.375315398528454220e-06
2.411466870772090021e-06
2.448168555819546818e-06
2.485428827717873574e-06
2.523256187964192046e-06
2.561659267445461104e-06
2.600646828407714404e-06
2.640227766455316070e-06
2.680411112580642636e-06
2.721206035224609702e-06
2.762621842368613766e-06
2.804667983658281842e-06
2.847354052559547660e-06
2.890689788547569032e-06
2.934685079328903124e-06
2.979349963097558798e-06
3.024694630825358884e-06
3.070729428587157004e-06
3.117464859921479429e-06
3.164911588227026507e-06
3.213080439195716360e-06
3.261982403282717230e-06
3.311628638214112245e-06
3.362030471532667102e-06
3.413199403182404570e-06
3.465147108132487250e-06
3.517885439041029464e-06
3.571426428959493047e-06
3.625782294078165063e-06
3.680965436513497604e-06
3.736988447137822939e-06
3.793864108452183919e-06
3.851605397502811134e-06
3.910225488842059573e-06
3.969737757534380314e-06
4.030155782208032010e-06
4.091493348153288962e-06
4.153764450467709936e-06
4.216983297249369360e-06
4.281164312838630288e-06
4.346322141109314640e-06
4.412471648809873784e-06
4.479627928955493762e-06
4.547806304271789894e-06
4.617022330690911555e-06
4.687291800900899059e-06
4.758630747948971138e-06
4.831055448899745039e-06
4.904582428549074512e-06
4.979228463194478899e-06
5.055010584462843526e-06
5.131946083196489122e-06
5.210052513398327726e-06
5.289347696237063901e-06
5.369849724113411130e-06
5.451580381185085502e-06
5.534576561651665980e-06
5.618836296076986663e-06
5.704378821112635167e-06
5.791223666273642262e-06
5.879390658397106600e-06
5.968899926168698135e-06
6.059771904718075281e-06
6.152027340284258537e-06
6.245687294952028659e-06
6.340773151460494585e-06
6.437306618084692545e-06
6.535309733591746082e-06
6.634804872272282424e-06
6.735814749048592570e-06
6.838362424660419409e-06
6.942471310929751143e-06
7.048165176105911741e-06
7.155468150291754796e-06
7.264404730952679415e-06
7.374999788509432067e-06
7.487278572016070824e-06
7.601266714924369308e-06
7.716990240935982565e-06
7.834475569943702184e-06
7.953749524063169436e-06
8.074839333756413576e-06
8.197772644048611189e-06
8.322577520839504869e-06
8.449282457310887281e-06
8.577916380431661737e-06
8.708508657561909048e-06
8.841089103157515842e-06
8.975687985576866947e-06
9.112336033991172264e-06
9.251064445399983271e-06
9.391904891753537324e-06
9.534889527183508618e-06
9.680050995343864967e-06
9.827422436863471943e-06
9.977037496912157080e-06
1.012893033288196378e-05
1.028313562218534659e-05
1.043968857017208831e-05
1.059862491816672617e-05
1.075998095162846916e-05
1.092379350843501249e-05
1.109009998729291752e-05
1.125893835627569198e-05
1.143034716149196938e-05
1.160436553588574938e-05
1.178103320817040495e-05
1.196039051189879584e-05
1.214247839467172971e-05
1.232733842748601593e-05
1.251501281422555951e-05
1.269933263072270767e-05
1.288280101400176712e-05
1.306891998126363719e-05
1.325772782572984907e-05
1.344926339384752572e-05
1.364356609328184751e-05
1.384067590102400241e-05
1.404063337161638917e-05
1.424347964549639333e-05
1.444925645746096698e-05
1.465800614525337111e-05
1.486977165827396414e-05
1.508459656641698669e-05
1.530252506903470952e-05
1.552360200403138932e-05
1.574787285708845367e-05
1.597538377102297499e-05
1.620618155528148012e-05
1.644031369557062342e-05
1.667782836362729511e-05
1.691877442712974024e-05
1.716320145975184312e-05
1.741115975136285076e-05
1.766270031837409717e-05
1.791787491423557115e-05
1.817673604008393021e-05
1.843933695554441022e-05
1.870573168968872119e-05
1.897597505215148063e-05
1.925012264440683767e-05
1.952823087120839502e-05
1.981035695219423123e-05
2.009655893365956084e-05
2.038689570049969233e-05
2.068142698832510306e-05
2.098021339575197202e-05
2.128331639687001018e-05
2.159079835389071897e-05
2.190272252997773377e-05
2.221915310226333845e-05
2.254015517505263496e-05
2.286579479321824794e-05
2.319613895578896597e-05
2.353125562973448789e-05
2.387121376394929300e-05
2.421608330343878615e-05
2.456593520370992334e-05
2.492084144537019385e-05
2.528087504893730694e-05
2.564611008986279839e-05
2.601662171377297554e-05
2.639248615192950811e-05
2.677378073691390344e-05
2.716058391853831902e-05
2.755297527998625307e-05
2.794328033837574320e-05
2.829027462470089124e-05
2.864157781940344480e-05
2.899724342967968364e-05
2.935732562716813690e-05
2.972187925620016163e-05
3.009095984215354441e-05
3.046462359990953915e-05
3.084292744241493364e-05
3.122592898935075076e-05
3.161368657590794004e-05
3.200625926167270934e-05
3.240370683962186216e-05
3.280608984522983851e-05
3.321346956568916990e-05
3.362590804924475534e-05
3.404346811464475681e-05
3.446621336070839885e-05
3.489420817601305067e-05
3.532751774870084157e-05
3.576620807640779802e-05
3.621034597631590888e-05
3.665999909533001620e-05
3.711523592038145605e-05
3.757612578885889654e-05
3.804273889916944278e-05
3.851514632143053724e-05
3.899342000829460040e-05
3.947763280590851898e-05
3.996785846500837484e-05
4.046417165215282307e-05
4.096664796109548507e-05
4.147536392429859964e-05
4.199039702459008013e-05
4.251182570696445881e-05
4.303972939053122166e-05
4.357418848061108264e-05
4.411528438098250124e-05
4.466309950628069981e-05
4.521771729454970932e-05
4.577922221995126521e-05
4.634769980563101428e-05
4.692323663674449904e-05
4.750592037364535905e-05
4.809583976523639301e-05
4.869308466248731010e-05
4.929774603211989575e-05
4.990991597046311927e-05
5.052968771748076517e-05
5.115715567097225904e-05
5.179241540095087560e-05
5.243556366419995250e-05
5.308669841900986091e-05
5.374591884009852476e-05
5.441332533371613238e-05
5.508901955293851288e-05
5.570391037127937691e-05
5.628610419932016172e-05
5.687438287223347465e-05
5.746880998625732590e-05
5.806944980231037751e-05
5.867337019359424982e-05
5.925770046154917470e-05
5.984785009629569610e-05
6.044387705312308364e-05
6.104583986449997710e-05
6.165379764582155908e-05
6.224912291604394040e-05
6.283602160100365259e-05
6.342845369832760829e-05
6.402647137826785329e-05
6.463012730294965852e-05
6.523808695515320277e-05
6.581544647922309220e-05
6.639791565680369710e-05
6.698553970852057433e-05
6.757836425520390329e-05
6.817643532142980201e-05
6.875793413333475029e-05
6.932263757396847203e-05
6.989197887901556368e-05
7.046599613888761455e-05
7.104472775682915762e-05
7.162821245148808251e-05
7.216835281247018842e-05
7.271104036660170581e-05
7.325780879233333869e-05
7.380868877677558679e-05
7.436371123779815496e-05
7.489858216969575181e-05
7.540557631500281461e-05
7.591600234187462876e-05
7.642988348097607678e-05
7.694724312022213576e-05
7.746810480584233349e-05
7.793418115115015429e-05
7.839667979490599447e-05
7.886192312645245181e-05
7.932992743407741058e-05
7.980070910273126051e-05
8.024729021911025163e-05
8.064977815913976548e-05
8.105428481583175381e-05
8.146082031425202791e-05
8.186939483024987315e-05
8.228001859071247060e-05
8.262391819199583608e-05
8.295553482417467408e-05
8.328848242192794598e-05
8.362276632717514479e-05
8.395839190327596992e-05
8.426751496091631436e-05
8.451271139691470414e-05
8.475862129043293652e-05
8.500524671744584732e-05
8.525258975996880993e-05
8.550065250607533996e-05
8.566861805168222781e-05
8.581227013262763582e-05
8.595616309431594051e-05
8.610029734066407270e-05
8.624467327626679286e-05
8.636199563569974869e-05
8.638943823806756862e-05
8.641688956066509995e-05
8.644434960626295355e-05
8.647181837763331241e-05
8.649929587754856281e-05
8.643744810512048670e-05
8.633721955174227544e-05
8.623710721839522163e-05
8.613711097031655954e-05
8.603723067289924199e-05
8.591414264936831496e-05
8.567356187464397071e-05
8.543365478538492283e-05
8.519441949510602190e-05
8.495585412260417532e-05
8.471795679194467279e-05
8.438534651340614341e-05
8.399860443795548854e-05
8.361363481991720156e-05
8.323042953603427836e-05
8.284898050027898124e-05
8.245404521960482825e-05
8.192074119340558955e-05
8.139088652112969090e-05
8.086445889272118935e-05
8.034143614242369904e-05
7.982179624784644593e-05
7.921691997374706606e-05
7.854862838350973060e-05
7.788597465005497617e-05
7.722891121116691828e-05
7.657739090587465476e-05
7.592680010742347584e-05
7.513464924263387314e-05
7.435076295624988617e-05
7.357505502321119294e-05
7.280744011805096794e-05
7.204783380550990328e-05
7.122888138061095450e-05
7.035172750842359822e-05
6.948537541917304669e-05
6.862969209342169915e-05
6.778454614981071981e-05
6.694980782488817183e-05
6.602114945253893731e-05
6.510133883423135568e-05
6.419434307268671674e-05
6.329998363055105222e-05
6.241808445786359272e-05
6.151703638516107945e-05
6.058767861820707360e-05
5.967236095964838184e-05
5.877087130102579639e-05
5.788300073827162096e-05
5.700854352329945429e-05
5.612206326210266463e-05
5.524644043981669051e-05
5.438447918452135371e-05
5.353596634689266438e-05
5.270069210318676647e-05
5.188406393083511305e-05
5.108988570400202104e-05
5.030786379277309953e-05
4.953781212303552488e-05
4.877954746887295818e-05
4.803288940896861711e-05
4.733989609814893946e-05
4.666561828644445736e-05
4.600094443682747002e-05
4.534573775688681847e-05
4.469986340259057296e-05
4.408309921865619742e-05
4.352223953769866451e-05
4.296851555244527761e-05
4.242183647699215669e-05
4.188211268048438541e-05
4.134925567242124300e-05
4.086270187724687711e-05
4.039426412714641691e-05
3.993119640681976409e-05
3.947343715585724215e-05
3.902092551955945186e-05
3.857419160531369427e-05
3.813457675498297674e-05
3.769997202174327981e-05
3.727032030726566984e-05
3.684556516394856256e-05
3.642565078750144135e-05
3.596198619108867520e-05
3.548288111065620812e-05
3.501015892790002037e-05
3.454373460639629335e-05
3.408352424262225277e-05
3.360778640483790165e-05
3.302496066528166609e-05
3.245224228116376649e-05
3.188945597087429761e-05
3.133642949253428317e-05
3.079299359128121063e-05
3.016069436646277139e-05
2.948352259778218621e-05
2.882155477628955457e-05
2.817444954101730066e-05
2.754187319527825621e-05
2.691346530317953619e-05
2.620068211430291746e-05
2.550677646009609509e-05
2.483124838303934576e-05
2.417361116661750157e-05
2.353339098464155056e-05
2.290619771483967576e-05
2.229267110107679213e-05
2.169557737200657375e-05
2.111447638421354200e-05
2.054893978321797196e-05
2.000054514545440094e-05
1.955112545105281165e-05
1.911180438447597274e-05
1.868235502579763130e-05
1.826255555406652490e-05
1.785218913273095546e-05
1.749827758222755966e-05
1.719994920899884587e-05
1.690670704027544196e-05
1.661846436128727546e-05
1.633513593566567992e-05
1.605663798023796105e-05
1.578892016272181756e-05
1.552594623522338967e-05
1.526735229608583270e-05
1.501306539397813546e-05
1.476301379261738537e-05
1.448020106147979441e-05
1.415316363932654073e-05
1.383351240435633266e-05
1.352108053847005791e-05
1.321570499117939856e-05
1.291722639451464493e-05
1.256045089163020194e-05
1.220551796022201263e-05
1.186061471539789935e-05
1.152545773850589278e-05
1.119977161973166237e-05
1.089139785675541731e-05
1.060595517841479670e-05
1.032799340598631455e-05
1.005731647925363512e-05
9.793733476363236342e-06
9.537058479157640002e-06
9.331641983593089168e-06
9.140266434584632698e-06
8.952815661175422241e-06
8.769209173127386943e-06
8.589368130915535563e-06
8.410780869546670790e-06
8.229953063921611306e-06
8.053012970483384821e-06
7.879877005261034435e-06
7.710463381299461041e-06
7.544692070024335450e-06
7.358660365414984799e-06
7.169568646072051920e-06
6.985335919609415873e-06
6.805837326980416287e-06
6.630951217577232713e-06
6.462938158022163593e-06
6.307498607508332308e-06
6.155797519791622168e-06
6.007744981436003114e-06
5.863253241505457958e-06
5.722236659553932578e-06
5.592509862865696277e-06
5.469288033831392046e-06
5.348781196727890471e-06
5.230929531138279659e-06
5.115674534690918155e-06
5.002023605924450595e-06
4.885739709462626972e-06
4.772159107835383512e-06
4.661218956545898431e-06
4.552857872066630712e-06
4.447015897875676543e-06
4.345141401649457281e-06
4.246516042774064745e-06
4.150129267298890664e-06
4.055930264198266783e-06
3.963869375747477612e-06
3.874196758996309370e-06
3.789783917697751980e-06
3.707210303526618226e-06
3.626435842527625628e-06
3.547421333895900715e-06
3.470128430952361952e-06
3.394919364501165927e-06
3.321661526445329567e-06
3.249984494959653692e-06
3.179854158343908695e-06
3.111237140982913133e-06
3.044133982206086955e-06
2.980574874721720788e-06
2.918342831081391943e-06
2.857410143242689767e-06
2.797749681685180227e-06
2.739334883331354826e-06
2.684940739886184915e-06
2.634586950535768280e-06
2.585177503853433618e-06
2.536694689492328055e-06
2.489121129248152605e-06
2.442439770830119564e-06
2.396633881748681871e-06
2.351687043317990969e-06
2.307583144770733904e-06
2.264306377483392191e-06
2.221841229309791719e-06
2.180172479020929032e-06
2.139285190849030948e-06
2.099164709134025117e-06
2.059796653070320877e-06
2.021166911552155106e-06
1.983261638115605279e-06
1.946067245975443109e-06
1.909570403155088131e-06
1.873758027707897894e-06
1.838617283028052646e-06
1.804135573249406087e-06
1.770300538730601555e-06
1.737100051624898064e-06
1.704522211533046879e-06
1.672555341237697539e-06
1.641187982517833042e-06
1.610408892041653199e-06
1.580207037336532051e-06
1.550571592834519622e-06
1.521491935992022997e-06
1.492957643482263207e-06
1.464958487459107555e-06
1.437484431891032879e-06
1.410525628963780016e-06
1.384072415550504928e-06
1.358115309748128210e-06
1.332645007478614331e-06
1.307652379154047699e-06
1.283128466404194987e-06
1.259064478865468663e-06
1.235748856337441691e-06
1.213726870567138723e-06
1.192097333355281141e-06
1.170853250969662688e-06
1.149987754311721090e-06
1.129494096695454409e-06
1.109365651665946131e-06
1.089595910856753182e-06
1.070178481885477139e-06
1.051107086286848830e-06
1.032375557482625199e-06
1.013977838787686454e-06
9.959079814516520598e-07
9.781601427354103674e-07
9.607285840219020480e-07
9.436076689606044233e-07
9.267918616450401304e-07
9.102757248228149212e-07
8.940539181375037951e-07
8.781211964019076325e-07
8.624724079020527824e-07
8.471024927314337506e-07
8.320064811549327454e-07
8.171794920018951562e-07
8.026167310878496747e-07
7.883134896643388989e-07
7.742651428963904213e-07
7.604671483671120306e-07
7.469150446089447334e-07
7.336044496610728954e-07
7.205310596525677722e-07
7.076906474107478463e-07
6.950790610943785115e-07
6.826922228511908145e-07
6.705261274993546048e-07
6.585768412324261457e-07
6.468405003473897592e-07
6.353133099953603560e-07
6.239915429545486388e-07
6.128715384251002949e-07
6.019497008453984753e-07
5.911657994612966576e-07
5.783433884211172369e-07
5.657990960153940302e-07
5.535268898392546421e-07
5.415208683309422508e-07
5.297752579338236720e-07
5.182844103199483414e-07
5.070427996738398111e-07
4.960450200351904460e-07
4.852857826991979827e-07
4.747599136732945250e-07
4.644623511890196072e-07
4.543881432678902315e-07
4.445324453400422230e-07
4.348905179145378414e-07
4.254577243001962605e-07
4.162295283758587974e-07
4.072014924090298867e-07
3.983692749218190213e-07
3.897286286031711385e-07
3.812753982663889161e-07
3.730055188509437218e-07
3.649150134676476079e-07
3.569999914862024184e-07
3.492566466642455682e-07
3.416812553169718779e-07
3.342701745264541484e-07
3.270198403898100959e-07
3.199267663053602495e-07
3.129875412959620195e-07
3.061988283687110192e-07
2.995573629102174525e-07
2.930599511166949741e-07
2.867034684580949262e-07
2.804848581755569761e-07
2.744011298114493459e-07
2.684493577712902505e-07
2.626266799168670948e-07
2.569302961898647382e-07
2.513574672653505065e-07
2.459055132344653757e-07
2.405718123156844130e-07
2.341707298641966233e-07
2.276452705305635691e-07
2.213016512567005707e-07
2.151348048426388621e-07
2.091398052922520022e-07
2.033118638784383551e-07
1.976463253179475110e-07
1.921386640528003774e-07
1.867844806353336927e-07
1.815794982139763986e-07
1.765195591169596429e-07
1.716006215312222491e-07
1.668187562738626343e-07
1.621701436535600258e-07
1.576510704194524120e-07
1.532579267950447694e-07
1.489872035947628496e-07
1.448354894208644002e-07
1.407994679384585492e-07
1.368759152264589935e-07
1.330616972023618786e-07
1.293537671187781695e-07
1.257491631297341923e-07
1.222450059247870633e-07
1.188384964290676705e-07
1.155269135674194849e-07
1.123076120908364462e-07
1.091780204634746637e-07
1.061356388085427001e-07
1.031780369114312979e-07
1.003028522784925621e-07
9.750778824990844255e-08
9.479061216515061978e-08
9.214915357955971473e-08
8.958130253062307205e-08
8.708500785256308063e-08
8.465827553789431804e-08
8.229916714463610179e-08
8.000579824791003016e-08
7.777633693468663872e-08
7.560900234047609607e-08
7.329184339722378183e-08
7.089056904358470985e-08
6.856796809006989565e-08
6.632146294537810178e-08
6.414856046831210842e-08
6.204684920092614904e-08
6.001399669232163429e-08
5.804774691012402741e-08
5.614591773676916476e-08
5.430639854781739183e-08
5.252714786961278263e-08
5.080619111368151257e-08
4.914161838536073126e-08
4.753158236422360896e-08
4.597429625394660566e-08
4.446803179934853084e-08
4.301111736839517068e-08
4.160193609704513090e-08
4.023892409487548160e-08
3.892056870949681568e-08
3.764540684783319584e-08
3.641202335239999051e-08
3.521904943078155295e-08
3.406516113656414027e-08
3.294907790003699428e-08
3.186956110703446061e-08
3.082541272433791408e-08
2.981547397011500822e-08
2.883862402791893083e-08
2.789377880282114626e-08
2.697988971829803616e-08
2.609594255253451607e-08
2.524095631285408080e-08
2.441398214702660288e-08
2.361410229024464221e-08
2.284042904660069465e-08
2.209210380393397527e-08
2.136829608095441778e-08
2.066820260558550920e-08
1.999104642350360426e-08
1.933607603588488463e-08
1.868535732068112465e-08
1.802409848179165344e-08
1.738624102851693750e-08
1.677095680580395699e-08
1.617744696630000680e-08
1.560494093317793888e-08
1.505269539966646891e-08
1.451999336398624345e-08
1.400614319843841119e-08
1.351047775143793518e-08
1.303235348132455374e-08
1.257114962082788364e-08
1.212626737110109507e-08
1.169712912427706797e-08
1.128317771353799318e-08
1.088387568972388575e-08
1.049870462354157715e-08
1.012716443246789759e-08
9.768772731472994770e-09
9.423064206721386785e-09
9.089590011436902559e-09
8.767917183147347685e-09
8.457628081552827711e-09
8.158319846286903238e-09
7.869603873867508049e-09
7.591105313157922725e-09
7.322462578683107659e-09
7.063326881169198710e-09
6.813361774696821224e-09
6.572242719880402257e-09
6.339656662506054110e-09
6.115301627081256181e-09
5.898886324768190236e-09
5.690129775192376988e-09
5.488760941634680558e-09
5.294518379134156401e-09
5.107149895043653357e-09
4.926412221598501009e-09
4.752070700072498582e-09
4.583898976111254644e-09
4.421678705847817008e-09
4.264624032309505709e-09
4.108662184022758763e-09
3.958404026832079264e-09
3.813640970672096298e-09
3.674172053838652165e-09
3.539803664011377521e-09
3.410349269478868945e-09
3.285629160193379459e-09
3.165470198295140940e-09
3.049705577760628485e-09
2.938174592840401711e-09
2.830722414965688162e-09
2.727199877813535547e-09
2.627463270232491344e-09
2.531374136741143257e-09
2.438799085322692104e-09
2.349609602248628449e-09
2.263681873674512099e-09
2.180896613760228008e-09
2.101138899076021581e-09
2.024298009064533748e-09
1.950267272337218845e-09
1.878943918591993650e-09
1.810228935946254477e-09
1.744026933487574820e-09
1.680246008850875599e-09
1.618797620638586514e-09
1.559596465506465258e-09
1.502560359744490300e-09
1.447610125188592803e-09
1.394669479304562854e-09
1.343664929291830340e-09
1.294525670059891827e-09
1.247183485935909103e-09
1.201572655966934386e-09
1.157629862685362925e-09
1.115294104210877314e-09
1.074506609566993531e-09
1.035210757094474394e-09
9.973519958485640267e-10
9.608777698707202392e-10
9.257374452298331078e-10
8.914807076369850435e-10
8.584396368973610526e-10
8.266231718573013470e-10
7.959859247891671738e-10
7.664841901768566701e-10
7.380758823677471682e-10
7.107204755354874141e-10
6.843789458679384101e-10
6.590137158978247190e-10
6.345886008966520442e-10
6.110687572554354049e-10
5.884206327786123138e-10
5.666119188202062950e-10
5.456115041939864480e-10
5.253894307918493779e-10
5.059168508471209130e-10
4.871659857818380726e-10
4.691100865792376254e-10
4.517233956250152865e-10
4.349811099628275512e-10
4.188593459116705641e-10
4.033351049946672036e-10
3.883862411306057544e-10
3.739914290415065113e-10
