4.108365579786746745e-09
4.163885713056754858e-09
4.220156141094481757e-09
4.277187003325094906e-09
4.334988576197233611e-09
4.393571275034596571e-09
4.452945655912828748e-09
4.513122417561488356e-09
4.574112403291989803e-09
4.635926602951415051e-09
4.698576154902728581e-09
4.762072348031945211e-09
4.826426623782127518e-09
4.891650578215192244e-09
4.957755964101255201e-09
5.024754693036514733e-09
5.092658837589554617e-09
5.161480633476651240e-09
5.231232481766684724e-09
5.301926951115529127e-09
5.373576780030964777e-09
5.446194879167974604e-09
5.519794333655064707e-09
5.594388405452241128e-09
5.669990535740515437e-09
5.746614347344043420e-09
5.824273647184771140e-09
5.902680143892305748e-09
5.980238231341216902e-09
6.058815390937347742e-09
6.138425012748418189e-09
6.219080662780513901e-09
6.300796085289847633e-09
6.383585205124870688e-09
6.467462130099162924e-09
6.552441153395517398e-09
6.638536756001492621e-09
6.725763609177226501e-09
6.814136576955408593e-09
6.903670718674237004e-09
6.994381291543628782e-09
7.086283753245180931e-09
7.179393764566140129e-09
7.273727192068285258e-09
7.369300110791572195e-09
7.466128806993459880e-09
7.564229780924197213e-09
7.663619749638567127e-09
7.764315649844627133e-09
7.866334640789700292e-09
7.969694107184617494e-09
8.074411662166058035e-09
8.180505150297982734e-09
8.287992650612460711e-09
8.396892479690487035e-09
8.507223194783122114e-09
8.619003596973966963e-09
8.732252734382855222e-09
8.846989905411820720e-09
8.963234662033663190e-09
9.081006813123744094e-09
9.200326427835576701e-09
9.321213839020599188e-09
9.443689646693250768e-09
9.567774721541200303e-09
9.693490208481887103e-09
9.820857530265752759e-09
9.949898391126824105e-09
1.008063478048127266e-08
1.021308897667449979e-08
1.034728355077755491e-08
1.048324137043343104e-08
1.062098560375381013e-08
1.076053972326709349e-08
1.090192750991820061e-08
1.104517305712112051e-08
1.119030077486453010e-08
1.133733539387134299e-08
1.148630196981313516e-08
1.163722588757971547e-08
1.179013286560481869e-08
1.194504896024883593e-08
1.210200057023891337e-08
1.225712794683536622e-08
1.241201652220414570e-08
1.256886236446969167e-08
1.272769020685522663e-08
1.288852509512804975e-08
1.305139239154919684e-08
1.321631777887276102e-08
1.338332726439577068e-08
1.355244718405946343e-08
1.372370420660213645e-08
1.389712533776462038e-08
1.407273792454874413e-08
1.425056965952988397e-08
1.443064858522372941e-08
1.461300309850840564e-08
1.479766195510228841e-08
1.498465427409870738e-08
1.517400954255770017e-08
1.536575762015575339e-08
1.555992874389460106e-08
1.575655353286923431e-08
1.595566299309629686e-08
1.615728852240335773e-08
1.636146191538025888e-08
1.656821536839275617e-08
1.677758148465949914e-08
1.698959327939347477e-08
1.720428418500808693e-08
1.742168805638922519e-08
1.764183917623374950e-08
1.786477226045577389e-08
1.809052246366096769e-08
1.831912538469001553e-08
1.855061707223246718e-08
1.878503403051115582e-08
1.902241322503866373e-08
1.926279208844631847e-08
1.950620852638721181e-08
1.975270092351344986e-08
2.000230814952914977e-08
2.025506956531968924e-08
2.051102502915882684e-08
2.077021490299387506e-08
2.103268005881030920e-08
2.129846188507716862e-08
2.156760229327349522e-08
2.184014372449748671e-08
2.211612915615892375e-08
2.239560210875658497e-08
2.267860665274092778e-08
2.296518741546348082e-08
2.325538958821444038e-08
2.354925893334884133e-08
2.384684179150270866e-08
2.414818508890087071e-08
2.445100507938595935e-08
2.474295484285519597e-08
2.503839054336932040e-08
2.533735380369557575e-08
2.563988674358535606e-08
2.594603198570788054e-08
2.625583266165550828e-08
2.656933241802020703e-08
2.688657542254264845e-08
2.720760637033492900e-08
2.753247049017765447e-08
2.786121355089166253e-08
2.819388186778664676e-08
2.853052230918590102e-08
2.887118230302985451e-08
2.921590984355754374e-08
2.956475349806881406e-08
2.991776241376628451e-08
3.027498632468000432e-08
3.063647555867376203e-08
3.100228104453610117e-08
3.137245431915497728e-08
3.174704753477907347e-08
3.212611346636482531e-08
3.250970551901218558e-08
3.289787773548814293e-08
3.329068480384111796e-08
3.368818206510520433e-08
3.409042552109751731e-08
3.449747184230747193e-08
3.490937837588147133e-08
3.532620315370171518e-08
3.574800490056266823e-08
3.617484304244401126e-08
3.660677771488346914e-08
3.704386977144851672e-08
3.748618079231036395e-08
3.793377309291917468e-08
3.838670973278401979e-08
3.884505452435648593e-08
3.930887204202157950e-08
3.977822763119472162e-08
4.025318741752864543e-08
4.073381831622891898e-08
4.122018804148205047e-08
4.171236511599478665e-08
4.221041888064866044e-08
4.271441950426851756e-08
4.322443799350896595e-08
4.374054620285757681e-08
4.426281684475882752e-08
4.479132349985760194e-08
4.532614062736638400e-08
4.586734357555476816e-08
4.641500859236576663e-08
4.696921283615729236e-08
4.750006338583537130e-08
4.801976778681823964e-08
4.854515834156919217e-08
4.907629726303949830e-08
4.961324744486074928e-08
5.015607246879187264e-08
5.070483661224815658e-08
5.125960485591244980e-08
5.182044289142978090e-08
5.238741712918602580e-08
5.296059470617179480e-08
5.354004349393225363e-08
5.412583210660405002e-08
5.471802990904004048e-08
5.531670702502301509e-08
5.592193434556922772e-08
5.653378353732281011e-08
5.715232705104213544e-08
5.777763813017842244e-08
5.840979081954943215e-08
5.904885997410683469e-08
5.969492126780009139e-08
6.034805120253724277e-08
6.100832711724372747e-08
6.167582719702023109e-08
6.235063048240086222e-08
6.303281687871256208e-08
6.372246716553687286e-08
6.441966300627529545e-08
6.512448695781929555e-08
6.583702248032604324e-08
6.655735394710123605e-08
6.728556665458991880e-08
6.802174683247667646e-08
6.876598165389635164e-08
6.951835924575646459e-08
7.027896869917264582e-08
7.104790008001769032e-08
7.182524443958726411e-08
7.261109382538103219e-08
7.340554129200238442e-08
7.420868091217727537e-08
7.502060778789367369e-08
7.584141806166278579e-08
7.667120892790364181e-08
7.751007864445208969e-08
7.835812654419577199e-08
7.921545304683650194e-08
8.008215967078112366e-08
8.095834904516264347e-08
8.184412492199283656e-08
8.273959218844797022e-08
8.364485687928809356e-08
8.456002618941391712e-08
8.548520848655944278e-08
8.640372265445354282e-08
8.722668917538932967e-08
8.805749417681846948e-08
8.889621231764250904e-08
8.974291896786418769e-08
9.059769021535971715e-08
9.146060287271742117e-08
9.233173448413961141e-08
9.321116333241114078e-08
9.409896844593438258e-08
9.499522960583019894e-08
9.590002735310847169e-08
9.681344299590503281e-08
9.773555861678871321e-08
9.866645708013667042e-08
9.960622203958213746e-08
1.005549379455309801e-07
1.015126900527510854e-07
1.024795644280328749e-07
1.034556479579246876e-07
1.044410283565399879e-07
1.054357941734399477e-07
1.064400348015900761e-07
1.074538404853945259e-07
1.084773023288049911e-07
1.095105123035080221e-07
1.105535632571889828e-07
1.116065489218770461e-07
1.126695639223673350e-07
1.137427037847244454e-07
1.148260649448670055e-07
1.159197447572327305e-07
1.170238415035284980e-07
1.181384544015612618e-07
1.192636836141546221e-07
1.203996302581487497e-07
1.215463964134886648e-07
1.227040851323963604e-07
1.238728004486320355e-07
1.250526473868417914e-07
1.262437319719971530e-07
1.274461612389216737e-07
1.286600432419097634e-07
1.298854870644370995e-07
1.311226028289620960e-07
1.323715017068235095e-07
1.336322959282298695e-07
1.349050987923440673e-07
1.361900246774663331e-07
1.374871890513117104e-07
1.387967084813864742e-07
1.401187006454637054e-07
1.414532843421569612e-07
1.428005795015977086e-07
1.441607071962114092e-07
1.455337896515981606e-07
1.467304789526034854e-07
1.478290010580659053e-07
1.489357474317564232e-07
1.500507796460256666e-07
1.511741597341958456e-07
1.523059501940110616e-07
1.534462139911160985e-07
1.545950145625584276e-07
1.557524158203166287e-07
1.569184821548579027e-07
1.580932784387192997e-07
1.592768700301159742e-07
1.604693227765795616e-07
1.616707030186187638e-07
1.628810775934125977e-07
1.641005138385277059e-07
1.653290795956635915e-07
1.665668432144289034e-07
1.678138735561430253e-07
1.690702399976660420e-07
1.703360124352607323e-07
1.716112612884785184e-07
1.728960575040795078e-07
1.741904725599786083e-07
1.754945784692208117e-07
1.768084477839898840e-07
1.781321535996435505e-07
1.794657695587790157e-07
1.808093698553320733e-07
1.821630292387037452e-07
1.835268230179177836e-07
1.849008270658125842e-07
1.862851178232610514e-07
1.876797723034224124e-07
1.890848680960286808e-07
1.905004833717003947e-07
1.919266968862942522e-07
1.933635879852872739e-07
1.948112366081880450e-07
1.962697232929867353e-07
1.977391291806345268e-07
1.992195360195566846e-07
2.007110261702027655e-07
2.022136826096275566e-07
2.037275889361061352e-07
2.052528293737871231e-07
2.067894887773773348e-07
2.083376526368610484e-07
2.098974070822593507e-07
2.114688388884182033e-07
2.130520354798392037e-07
2.146470849355420569e-07
2.162540759939632853e-07
2.178730980578958067e-07
2.195042411994614414e-07
2.210621125561362175e-07
2.220966565327122849e-07
2.231360420500978304e-07
2.241802917661193141e-07
2.252294284446390687e-07
2.262834749560502045e-07
2.273424542777783448e-07
2.284063894947788069e-07
2.294753038000431285e-07
2.305492204951032904e-07
2.316281629905381096e-07
2.327121548064866206e-07
2.338012195731591546e-07
2.348953810313512494e-07
2.359946630329638605e-07
2.370990895415219569e-07
2.382086846326955258e-07
2.393234724948271682e-07
2.404434774294580004e-07
2.415687238518560440e-07
2.426992362915511797e-07
2.438350393928685404e-07
2.449761579154644180e-07
2.461226167348689996e-07
2.472744408430251340e-07
2.484316553488364671e-07
2.495942854787131966e-07
2.507623565771205253e-07
2.519358941071343678e-07
2.531149236509946218e-07
2.542994709106614573e-07
2.554895617083786987e-07
2.566852219872351439e-07
2.578864778117285284e-07
2.590933553683369027e-07
2.603058809660877325e-07
2.615240810371301747e-07
2.627479821373140783e-07
2.639776109467676071e-07
2.652129942704769284e-07
2.664541590388740007e-07
2.677011323084219793e-07
2.689539412622033222e-07
2.702126132105162596e-07
2.714771755914657057e-07
2.727476559715651811e-07
2.740240820463362480e-07
2.753064816409104324e-07
2.765948827106391939e-07
2.778893133417017249e-07
2.791898017517153967e-07
2.804963762903543048e-07
2.818090654399656979e-07
2.831278978161888408e-07
2.844529021685832483e-07
2.857841073812505132e-07
2.867687676490473011e-07
2.875566660976849661e-07
2.883467293007702334e-07
2.891389632059760233e-07
2.899333737773159511e-07
2.907176089962581864e-07
2.913980982572630284e-07
2.920801803548213307e-07
2.927638590173215111e-07
2.934491379818791268e-07
2.941360209943573090e-07
2.947535341594703343e-07
2.953189044020535271e-07
2.958853590879908256e-07
2.964529002973657613e-07
2.970215301142518142e-07
2.975863022313398244e-07
2.980235909045922414e-07
2.984615221523929823e-07
2.989000969189743015e-07
2.993393161499558933e-07
2.997791807923470625e-07
3.001486189866670306e-07
3.004483033316027104e-07
3.007482868973280358e-07
3.010485699825997329e-07
3.013491528864752775e-07
3.016500359083082892e-07
3.018028491216167532e-07
3.019510687670360689e-07
3.020993612052178687e-07
3.022477264719129250e-07
3.023961646028870452e-07
3.024749917350138267e-07
3.024635760951373889e-07
3.024521608860959483e-07
3.024407461078739934e-07
3.024293317604539484e-07
3.024179178438201962e-07
3.022471498716225033e-07
3.020591499373204949e-07
3.018712669403510724e-07
3.016835008079771343e-07
3.014958514675092249e-07
3.012374074600256915e-07
3.008575606919075436e-07
3.004781928934122436e-07
3.000993034605794657e-07
2.997208917902123783e-07
2.993429572798746266e-07
2.987946838514137864e-07
2.982135405985535541e-07
2.976335276451892128e-07
2.970546427929345746e-07
2.964768838476798034e-07
2.958321866146753040e-07
2.950307799051675537e-07
2.942315441991653955e-07
2.934344736154395025e-07
2.926395622886932381e-07
2.918468043695190858e-07
2.908652883631043005e-07
2.898291608000674772e-07
2.887967241564013183e-07
2.877679652842197533e-07
2.867428710824744043e-07
2.856581783392278411e-07
2.843699769327974852e-07
2.830875847871872636e-07
2.818109757050108768e-07
2.805401236070198806e-07
2.792750025315725445e-07
2.778113758271904418e-07
2.762679622067793677e-07
2.747331232014157249e-07
2.732068111738224057e-07
2.716889787513766874e-07
2.701254578780115712e-07
2.682990148045251914e-07
2.664849211568465185e-07
2.646830934347986431e-07
2.628934487027894907e-07
2.611159045859924968e-07
2.591401507130964361e-07
2.570575702577937627e-07
2.549917264654165961e-07
2.529424848317312953e-07
2.509097119334494971e-07
2.488592789614918157e-07
2.465136176401817245e-07
2.441900657095973408e-07
2.418884147742837439e-07
2.396084584030493297e-07
2.373499921104512850e-07
2.349135051475011654e-07
2.323494372311267125e-07
2.298133559742486521e-07
2.273049559040269141e-07
2.248239348818401259e-07
2.223599358599920117e-07
2.195997157375345161e-07
2.168737590496964682e-07
2.141816404742576609e-07
2.115229399686493005e-07
2.088972427044152559e-07
2.061566303812166199e-07
2.033041686532856013e-07
2.004911746732230712e-07
1.977171023502242966e-07
1.949814131494037807e-07
1.922835759872512810e-07
1.893938383633201744e-07
1.865386643435147932e-07
1.837265330053179786e-07
1.809567954662360455e-07
1.782288126258894864e-07
1.754738816953236209e-07
1.726721430785075550e-07
1.699151389783111633e-07
1.672021551321807855e-07
1.645324886819788670e-07
1.619054479918920452e-07
1.592673307735763694e-07
1.566660528917239257e-07
1.541072611028181650e-07
1.515902614909547388e-07
1.491143714738036453e-07
1.466895751927060493e-07
1.443227866347433885e-07
1.419941854399303345e-07
1.397031554675893417e-07
1.374490905182733457e-07
1.352313941733649878e-07
1.331376226384825725e-07
1.310944391784903297e-07
1.290826112329536583e-07
1.271016576075468441e-07
1.251511044925457018e-07
1.232697328899681990e-07
1.215099279683257962e-07
1.197752461104690753e-07
1.180653286582727707e-07
1.163798220738331522e-07
1.147183778663713709e-07
1.131516599586417673e-07
1.116285522885369719e-07
1.101259468097001080e-07
1.086435675469947207e-07
1.071811422401202195e-07
1.057337010968034777e-07
1.042898766796334583e-07
1.028657681044893308e-07
1.014611061458181497e-07
1.000756252544201284e-07
9.870906350724757725e-08
9.723651129664127333e-08
9.573123312924754996e-08
9.424925754985309700e-08
9.279022382074230256e-08
9.135377678863057483e-08
8.988960283786552795e-08
8.818701540223471355e-08
8.651667645680151575e-08
8.487797518704981200e-08
8.327031234782342310e-08
8.169310004419179448e-08
7.993781572054714657e-08
7.809789536684469390e-08
7.630032426771520434e-08
7.454412767479052437e-08
7.282835327538337349e-08
7.113395500206872159e-08
6.930072746247311563e-08
6.751474491595899984e-08
6.577478978897204878e-08
6.407967588663483553e-08
6.242824758407069947e-08
6.084169706069747688e-08
5.931281640033237855e-08
5.782235472212213034e-08
5.636934660199663005e-08
5.495285087586276013e-08
5.357698035172097254e-08
5.244860856053421339e-08
5.134400113402036867e-08
5.026265757665762638e-08
4.920408793373899151e-08
4.816781256937496933e-08
4.724685235730938602e-08
4.643962814044306360e-08
4.564619554997699367e-08
4.486631895254569909e-08
4.409976674063860387e-08
4.334631126381693440e-08
4.256993072911501000e-08
4.180579665408189095e-08
4.105537885423689043e-08
4.031843112121022204e-08
3.959471166609426434e-08
3.879285178981592213e-08
3.788482337771001504e-08
3.699804928332366397e-08
3.613203200457915854e-08
3.528628568448278906e-08
3.446033583854724193e-08
3.354693255521101293e-08
3.264455571168032409e-08
3.176645184650324349e-08
3.091196804235094808e-08
3.008046894467731622e-08
2.930660793880130022e-08
2.861562329331484240e-08
2.794093052921198379e-08
2.728214552015841546e-08
2.663889319666447711e-08
2.601080733254502769e-08
2.548589950897079370e-08
2.499067896367005759e-08
2.450508112713036052e-08
2.402891901897538126e-08
2.356200929207421094e-08
2.308807606345456244e-08
2.258431189802138804e-08
2.209153948147522137e-08
2.160951898226021690e-08
2.113801580176164870e-08
2.067680046012727204e-08
2.018508398395382313e-08
1.969201851554758044e-08
1.921099726535354987e-08
1.874172602661495180e-08
1.828391777922793351e-08
1.784779155031433290e-08
1.745884354798273805e-08
1.707837169510029176e-08
1.670619127517776295e-08
1.634212159716009779e-08
1.598598590770200655e-08
1.564395599602027545e-08
1.531210861860076736e-08
1.498730055284435267e-08
1.466938247737008548e-08
1.435820823827622654e-08
1.405159005247875081e-08
1.374023325739223026e-08
1.343577554301362172e-08
1.313806403869629535e-08
1.284694926111936416e-08
1.256228503923113343e-08
1.229212928415232293e-08
1.203277314464976827e-08
1.177888925536058472e-08
1.153036215527248080e-08
1.128707881952744535e-08
1.104912735887024675e-08
1.081834501103574456e-08
1.059238299790665516e-08
1.037114063749013900e-08
1.015451935073120822e-08
9.942422617588633858e-09
9.736951933161790855e-09
9.537494040129678055e-09
9.342121968961074264e-09
9.150752023092062720e-09
8.963302220452172305e-09
8.779747417113344893e-09
8.603439032933084679e-09
8.430671143126395213e-09
8.261372650107931350e-09
8.095473884021219310e-09
7.932906574068374810e-09
7.778096011025473241e-09
7.631053549136657040e-09
7.486790878801927466e-09
7.345255448935123376e-09
7.206395701911858131e-09
7.070161054788442521e-09
6.936501880875846836e-09
6.805369491662009384e-09
6.676716119075896320e-09
6.550494898086850048e-09
6.426659849632899900e-09
6.305165863871795684e-09
6.185968683748687622e-09
6.069024888874444861e-09
5.954291879708755311e-09
5.841727862042235550e-09
5.731291831771900333e-09
5.622943559964453733e-09
5.516643578201946658e-09
5.412353164204473692e-09
5.310034327724667433e-09
5.209649796708854346e-09
5.111163003719827164e-09
5.014538072616294750e-09
4.919739805484145577e-09
4.826733669814778493e-09
4.735485785925823030e-09
4.645962914619657609e-09
4.558132445075254710e-09
4.471962382968912711e-09
4.387421338819571396e-09
4.304478516554447020e-09
4.223103702290841930e-09
4.143267253330018479e-09
4.064940087359147740e-09
3.988093671857390679e-09
3.912700013702249683e-09
3.838731648972417665e-09
3.766161632943391694e-09
3.694963530272223109e-09
3.625111405367816674e-09
3.556224582792764491e-09
3.487617369645315363e-09
3.420333737049734230e-09
3.354348150293315280e-09
3.289635567282837977e-09
3.226171429040825554e-09
3.163931650385297794e-09
3.102892610789132443e-09
3.043031145415965575e-09
2.984324536328885431e-09
2.926750503868808309e-09
2.870287198199107822e-09
2.814913191013500663e-09
2.760607467403726292e-09
2.707349417884292090e-09
2.655118830570961198e-09
2.603895883510139196e-09
2.553661137156338509e-09
2.504395526994671576e-09
2.456080356305674085e-09
2.408697289069813367e-09
2.362228343008730168e-09
2.316655882760881548e-09
2.271962613188730312e-09
2.228131572815112347e-09
2.185146127386174171e-09
2.142989963558595606e-09
2.101647082708464255e-09
2.061101794859725553e-09
2.021338712729664396e-09
1.982342745889319793e-09
1.944099095036503623e-09
1.906593246379397714e-09
1.869810966128381306e-09
1.833738295094240762e-09
1.798361543390515327e-09
1.763667285238046423e-09
1.729642353869823834e-09
1.696273836534063520e-09
1.663549069593686301e-09
1.631455633720409251e-09
1.599825466673676314e-09
1.562682339682794336e-09
1.526401564186747108e-09
1.490963118982128025e-09
1.456347447697548819e-09
1.422535448001640340e-09
1.389508461061611929e-09
1.357248261246550787e-09
1.325737046069778400e-09
1.294957426364717988e-09
1.264892416688851211e-09
1.235525425950436689e-09
1.206840248252923841e-09
1.178821053951831174e-09
1.151452380919331473e-09
1.124719126011621985e-09
1.098606536734378713e-09
1.073100203101760421e-09
1.048186049684369652e-09
1.023850327841882636e-09
1.000079608135970248e-09
9.768607729193892081e-10
9.541810090971541355e-10
9.320278010557341913e-10
9.103889237564351392e-10
8.892524359891261320e-10
8.686066737825963513e-10
8.484402439679024243e-10
8.287420178911558406e-10
8.095011252722800368e-10
7.907069482063494303e-10
7.723491153041983717e-10
7.544174959690683238e-10
7.369021948061334375e-10
7.197935461618204853e-10
7.030821087899121118e-10
6.867586606414726106e-10
6.708141937757645829e-10
6.552399093892879173e-10
6.400272129602563748e-10
6.251677095057786682e-10
6.106531989491665438e-10
5.937554667407181437e-10
5.766482758582962906e-10
5.600339747196821431e-10
5.438983622616440277e-10
5.282276465797773466e-10
5.130084331399138148e-10
4.982277133291263893e-10
4.838728533366442251e-10
4.699315833550966321e-10
4.563919870929100672e-10
4.432424915888700680e-10
4.304718573201276795e-10
4.180691685952390346e-10
4.060238242239722771e-10
3.943255284559544392e-10
3.829642821803818980e-10
3.719303743792931731e-10
3.612143738270716282e-10
3.508071210291251718e-10
3.406997203927961911e-10
3.308835326238800347e-10
3.213501673421766310e-10
3.120914759098306997e-10
3.030995444662795535e-10
2.943666871638898578e-10
2.858854395984878607e-10
2.776485524291563041e-10
2.696489851818742915e-10
2.618799002316685761e-10
2.543346569581626867e-10
2.470068060695085942e-10
2.398900840898629452e-10
2.329784080056776303e-10
2.262658700662563058e-10
2.197467327341009939e-10
2.134154237807597527e-10
2.072665315239660749e-10
2.012948002020103161e-10
1.954951254813748821e-10
1.898625500938149891e-10
1.843922595991312228e-10
1.786228871582462609e-10
1.726971530213224027e-10
1.669680024556307945e-10
1.614289138894009746e-10
1.560735821010758585e-10
1.508959110419965433e-10
1.458900068971843552e-10
1.410501713763257118e-10
1.363708952273343543e-10
1.318468519650862130e-10
1.274728918082150626e-10
1.232440358170383591e-10
1.191554702259655172e-10
1.152025409639186145e-10
1.113807483565381339e-10
1.076857420041453279e-10
1.041133158296165662e-10
1.006594032905513801e-10
9.732007275026753286e-11
9.409152300236615200e-11
9.097007894376470512e-11
8.795218739127761953e-11
8.503441303697614698e-11
8.221343453773106328e-11
7.948604073448126339e-11
7.684912699692640849e-11
7.429969168948427684e-11
7.183483275448513357e-11
6.945174440872178147e-11
6.714771394958404680e-11
6.492011866715565752e-11
6.276642285874394680e-11
6.068417494245541360e-11
5.867100466652683536e-11
5.672462041123210188e-11
5.484280658030294857e-11
5.302342107888206168e-11
5.126439287514879828e-11
4.956371964283327624e-11
4.791946548194143171e-11
4.632975871509290178e-11
4.475614632117730111e-11
4.316691473431250252e-11
4.163411466008446707e-11
4.015574229008332061e-11
3.872986496848707265e-11
3.735461866552724744e-11
3.602820554066766783e-11
3.474889159231310376e-11
3.351500439097212756e-11
3.232493089291399382e-11
3.117711533145817756e-11
3.007005718314223361e-11
2.900230920610822333e-11
2.797247554814295431e-11
2.697920992190030107e-11
2.602121384491785619e-11
2.509723494212881517e-11
2.420606530864942355e-11
2.334653993070115573e-11
2.251753516260488253e-11
2.171796725785393596e-11
2.094679095234736732e-11
2.020299809793057259e-11
1.948561634445719503e-11
1.879370786864886473e-11
1.812636814809223250e-11
1.748272477876895554e-11
1.686193633457397202e-11
1.626319126733116514e-11
1.568570684586664756e-11
1.512872813275612568e-11
1.459152699740525479e-11
1.407340116417429238e-11
1.357367329430314951e-11
1.309169010043548150e-11
1.262682149258546618e-11
1.217845975442962614e-11
1.174601874884771050e-11
1.132893315167376208e-11
1.092665771265544261e-11
1.053866654265617823e-11
1.016323791766307057e-11
9.791713339819871644e-12
9.433770114008437925e-12
9.088911763995286578e-12
8.756659962598068914e-12
8.436553868233533997e-12
8.128149485718867249e-12
7.831019050439060587e-12
7.544750435026641098e-12
7.268946577730954243e-12
7.003224931683241844e-12
6.747216934294664474e-12
6.500567496050857000e-12
6.262934507993584678e-12
6.033988367207313295e-12
5.813411519651535419e-12
5.600898019705475560e-12
5.396153105813711663e-12
5.198892791644496237e-12
5.008843472193781974e-12
4.825741544288000488e-12
4.649333040959935426e-12
4.479373279190245354e-12
4.315626520525783977e-12
4.157865644104627881e-12
4.005871831633715497e-12
3.859434263882303098e-12
3.718349828270483223e-12
3.582422837146854482e-12
3.451464756364985816e-12
3.325293943781677539e-12
3.203735397314814221e-12
3.086620512211137788e-12
2.973786847187092146e-12
2.865077899118809244e-12
2.760342885968331289e-12
2.659436537645083608e-12
2.562218894512672974e-12
2.468555113261296707e-12
2.378315279876794365e-12
2.291374229446536621e-12
2.207611372552642075e-12
2.126071699978437787e-12
2.047435115411700812e-12
1.971707046316188906e-12
1.898779916017598140e-12
1.828550126758348885e-12
1.760917912530212226e-12
1.695787197350113565e-12
1.633065458778001913e-12
1.572663596482616539e-12
1.514495805668652842e-12
1.458479455185446371e-12
1.404534970144001194e-12
1.352585718875669806e-12
1.302557904071867101e-12
1.254380457950149805e-12
1.207984941297790454e-12
1.163305446249405398e-12
1.120278502660506171e-12
1.078842987944020277e-12
1.038940040241667962e-12
1.000512974806827726e-12
9.635072034801578539e-13
9.278701571435285885e-13
8.935512110421808643e-13
