1.237352482791966862e-07
1.256263169199158418e-07
1.275462871117584319e-07
1.294956005624654410e-07
1.314747057304787715e-07
1.334840579281132713e-07
1.355241194263067040e-07
1.375953595609681240e-07
1.396982548409541685e-07
1.418332890576943122e-07
1.440009533964917370e-07
1.462017465495253362e-07
1.484361748305782361e-07
1.507047522915215549e-07
1.530080008405751575e-07
1.553464503623787850e-07
1.577206388398970623e-07
1.601311124781874499e-07
1.625784258300602283e-07
1.650631419236582830e-07
1.675858323919885329e-07
1.701470776044296711e-07
1.727474668002530394e-07
1.753875982241825751e-07
1.780680792640267859e-07
1.807895265904137750e-07
1.835525662986637807e-07
1.863578340528263350e-07
1.892052883479993223e-07
1.920928392746333832e-07
1.950244584745525185e-07
1.980008184944095071e-07
2.010226021449075627e-07
2.040905026574465565e-07
2.072052238431556769e-07
2.103674802543573381e-07
2.135779973484930954e-07
2.168375116545519086e-07
2.201467709420381002e-07
2.235065343925178417e-07
2.269175727737857235e-07
2.303806686166848686e-07
2.338966163946303505e-07
2.374662227058697201e-07
2.410903064585259287e-07
2.447696990584641272e-07
2.485052446000255394e-07
2.522978000596716872e-07
2.561482354925866410e-07
2.600574342322746155e-07
2.640262930932083149e-07
2.680557225765682588e-07
2.721466470791217430e-07
2.763000051052901368e-07
2.805167494824523239e-07
2.847978475795334651e-07
2.891442815289329782e-07
2.935570484518329719e-07
2.980371606869517226e-07
3.025856460227850209e-07
3.072035479333924565e-07
3.118919258177821637e-07
3.166518552429489799e-07
3.214844281906210717e-07
3.263907533077755407e-07
3.313719561609706543e-07
3.364291794945660095e-07
3.415635834928807659e-07
3.467763460463527321e-07
3.520686630217598754e-07
3.574417485365656642e-07
3.628968352374508180e-07
3.684351745830991742e-07
3.740580371312920941e-07
3.797667128303917701e-07
3.855625113152693911e-07
3.914467622077498997e-07
3.974208154216427437e-07
4.034860414724261219e-07
4.096438317916623317e-07
4.158955990462029823e-07
4.222427774622738057e-07
4.286868231545020114e-07
4.352292144599651164e-07
4.418650023135241636e-07
4.485987346975838241e-07
4.554350847399379810e-07
4.623756162662937324e-07
4.694219169340308469e-07
4.765755985953885804e-07
4.838382976661715473e-07
4.912116755000892617e-07
4.986974187687905449e-07
5.062972398476891503e-07
5.140128772076793386e-07
5.218460958128058814e-07
5.297986875240089863e-07
5.378724715090130693e-07
5.460692946584600656e-07
5.543910320083966521e-07
5.628395871691827214e-07
5.714168927609541961e-07
5.801249108557036061e-07
5.889656334261153296e-07
5.979410828012292967e-07
6.070533121290475042e-07
6.163044058462041497e-07
6.256964801547731828e-07
6.352316835063634112e-07
6.449121970935695572e-07
6.547402353489339560e-07
6.647180464514912107e-07
6.748479128410527166e-07
6.851321517403078170e-07
6.955731156849021040e-07
7.061731930615785195e-07
7.169348086545213361e-07
7.278604242000383285e-07
7.389525389496760072e-07
7.502136902419369990e-07
7.616464540826961398e-07
7.732534457344610727e-07
7.850373203146282309e-07
7.970007734028328833e-07
8.091465416575796971e-07
8.214774034422447665e-07
8.339961794606418084e-07
8.467057334022580867e-07
8.596089725973222701e-07
8.727088486818727863e-07
8.860083582729357242e-07
8.995105436540189642e-07
9.132184934710256585e-07
9.271353434388009419e-07
9.412642770584170063e-07
9.556085263454185720e-07
9.701713725691368545e-07
9.849561470032978692e-07
9.999662316880511759e-07
1.015201579586552682e-06
1.030651767252082919e-06
1.046337088809935349e-06
1.062261122724561278e-06
1.078427501920479217e-06
1.094839914611095766e-06
1.111502105140136499e-06
1.128417874835885682e-06
1.145591082878423708e-06
1.163025647180064902e-06
1.180725545279191375e-06
1.198694815247704189e-06
1.216937556612246444e-06
1.235457931289508277e-06
1.254260164535701880e-06
1.273348545910529045e-06
1.292727430255803424e-06
1.312401238688966610e-06
1.332374459611728188e-06
1.352651649734052548e-06
1.373237435113731530e-06
1.394136512211778581e-06
1.415353648963879266e-06
1.436893685868166232e-06
1.458761537089516385e-06
1.480962191580685609e-06
1.503500714220489591e-06
1.526382246969311135e-06
1.549612010042191455e-06
1.573195303099774592e-06
1.597137506457378547e-06
1.621444082312464184e-06
1.646120575990786926e-06
1.671172617211509281e-06
1.696605921371583795e-06
1.722426290849649314e-06
1.748639616329804563e-06
1.775251878145511050e-06
1.802269147643952014e-06
1.829697588571155975e-06
1.857543458478199537e-06
1.885813110148810694e-06
1.914512993048699379e-06
1.943649654796945169e-06
1.973229742659776527e-06
2.003260005067082069e-06
2.033747293152017887e-06
2.064698562314009491e-06
2.096120873805578674e-06
2.128021396343299808e-06
2.160407407743279429e-06
2.193286296581522507e-06
2.226665563879570359e-06
2.260552824815790960e-06
2.294955810462712551e-06
2.329882369550798228e-06
2.365318033250922624e-06
2.401281413158447263e-06
2.437791596783772066e-06
2.474856897981344038e-06
2.512485757013265788e-06
2.550686742471239546e-06
2.589468553227778705e-06
2.628840020417045188e-06
2.668810109445796728e-06
2.709387922034961996e-06
2.750582698292203176e-06
2.792403818816021188e-06
2.834860806831821162e-06
2.877963330360516260e-06
2.921721204420019670e-06
2.966144393260294770e-06
3.011243012632330243e-06
3.057027332091612286e-06
3.103507777336676708e-06
3.150694932583152963e-06
3.198599542973945582e-06
3.247232517026018012e-06
3.296604929114447603e-06
3.346728021994188378e-06
3.397613209360174756e-06
3.449272078446412928e-06
3.501716392664528297e-06
3.554958094282428822e-06
3.609009307143760201e-06
3.663882339428640359e-06
3.719589686456406335e-06
3.776144033530939417e-06
3.833558258829318959e-06
3.891845436334333029e-06
3.951018838811576881e-06
4.011091940831880801e-06
4.072078421839632329e-06
4.133992169267733994e-06
4.196847281700014372e-06
4.260658072081626108e-06
4.325439070978309263e-06
4.391205029885164589e-06
4.457970924585820174e-06
4.525751958562552213e-06
4.594563566458377168e-06
4.664421417591704023e-06
4.735341419524410600e-06
4.807339721684273131e-06
4.880432719042358950e-06
4.954637055846404680e-06
5.029969629410890560e-06
5.106447593964844317e-06
5.184088364558056417e-06
5.262909621026690117e-06
5.342929312019273115e-06
5.424169906683976968e-06
5.506666877359816376e-06
5.590418556182299123e-06
5.675444026185873066e-06
5.761762660641578448e-06
5.849394127471253383e-06
5.938358393728987814e-06
6.028675730150623877e-06
6.120366715772502042e-06
6.213452242620451709e-06
6.307953520470090956e-06
6.403892081679527282e-06
6.501289786095562173e-06
6.600168826034514187e-06
6.700551731338804056e-06
6.802461374510387698e-06
6.905920975922393242e-06
7.010954109109887867e-06
7.117584706141183078e-06
7.225837063070818523e-06
7.335735845475475411e-06
7.447306094074097721e-06
7.560573230433480719e-06
7.675563062760640550e-06
7.792301791783293036e-06
7.910816016719701238e-06
8.031132741339463846e-06
8.153279380116326095e-06
8.277283764474668273e-06
8.403174149130950024e-06
8.530979218531631691e-06
8.660728093388992351e-06
8.792450337316364098e-06
8.926175963564271672e-06
9.061935441859030884e-06
9.199759705345354220e-06
9.339680157634547571e-06
9.481728679959919306e-06
9.625937638440928060e-06
9.772339891457998746e-06
9.920968797139312952e-06
1.007185822096156084e-05
1.022504254346628252e-05
1.038055666809355576e-05
1.053843602913483570e-05
1.069871659980677635e-05
1.086143490044770251e-05
1.102662800683910701e-05
1.119433355865313407e-05
1.136458976802922999e-05
1.153743542828053736e-05
1.171290992273329877e-05
1.189105323370034255e-05
1.207190595159116936e-05
1.225550928416058646e-05
1.244190506589799330e-05
1.262456040905476837e-05
1.280660854531628326e-05
1.299128184418484654e-05
1.317861816091599767e-05
1.336865589664390058e-05
1.356143400625316310e-05
1.375699200636389782e-05
1.395536998343205911e-05
1.415660860196657077e-05
1.436074911286493823e-05
1.456783336186905823e-05
1.477790379814297579e-05
1.499100348297435370e-05
1.520717609860126567e-05
1.542646595716658988e-05
1.564891800980119894e-05
1.587457785583831470e-05
1.610349175216066754e-05
1.633570662268248475e-05
1.657127006796817306e-05
1.681023037498972144e-05
1.705263652702481304e-05
1.729853821369770281e-05
1.754798584116468030e-05
1.780103054244680771e-05
1.805772418791128176e-05
1.831811939590409941e-05
1.858226954353604321e-05
1.885022877762418880e-05
1.912205202579117725e-05
1.939779500772456999e-05
1.967751424659852901e-05
1.996126708066028909e-05
2.024911167498340061e-05
2.054110703339117182e-05
2.083731301055098469e-05
2.113779032424404833e-05
2.144260056781144692e-05
2.175180622277986383e-05
2.206547067166939058e-05
2.238365821098595854e-05
2.270643406440118179e-05
2.303386439612227751e-05
2.336601632445447628e-05
2.370295793555982216e-05
2.404475829741311785e-05
2.439148747396037182e-05
2.474321653948060445e-05
2.510001759315505531e-05
2.546196377384644436e-05
2.582912927509132980e-05
2.620158936030867611e-05
2.657942037822777988e-05
2.696269977853834200e-05
2.735150612776708710e-05
2.773652463916532264e-05
2.808041145206065364e-05
2.842856188996387113e-05
2.878102881473976294e-05
2.913786574365240519e-05
2.949912685749101027e-05
2.986486700879653443e-05
3.023514173019029185e-05
3.061000724280581528e-05
3.098952046482526763e-05
3.137373902012174286e-05
3.176272124700841833e-05
3.215652620709678476e-05
3.255521369426412303e-05
3.295884424373240985e-05
3.336747914125978405e-05
3.378118043244594207e-05
3.420001093215290617e-05
3.462403423404259508e-05
3.505331472023266758e-05
3.548791757107204166e-05
3.592790877503765454e-05
3.637335513875389348e-05
3.682432429713625573e-05
3.728088472366089800e-05
3.774310574076103752e-05
3.821105753035309823e-05
3.868481114449258179e-05
3.916443851616238062e-05
3.965001247019484085e-05
4.014160673432921503e-05
4.063929595040620543e-05
4.114315568570129191e-05
4.165326244439858611e-05
4.216969367920696667e-05
4.269252780312016274e-05
4.322184420132275750e-05
4.375772324324366349e-05
4.430024629475926533e-05
4.484949573054732068e-05
4.540555494659497383e-05
4.596850837286093602e-05
4.653844148609509869e-05
4.711544082281700948e-05
4.769959399245523706e-05
4.829098969064968473e-05
4.888971771271880440e-05
4.949586896729377101e-05
5.010953549012169748e-05
5.073081045804003178e-05
5.135978820312426358e-05
5.199656422701044505e-05
5.264123521539693703e-05
5.329389905272336120e-05
5.395465483703412425e-05
5.462360289502462998e-05
5.522864119456187613e-05
5.580441748917503591e-05
5.638619643629351979e-05
5.697404061549467822e-05
5.756801325876802732e-05
5.816434311037841417e-05
5.874222316089818181e-05
5.932584462161757211e-05
5.991526453515478619e-05
6.051054051086350610e-05
6.111173073046312289e-05
6.169933653076479618e-05
6.227954709228016115e-05
6.286521385988496258e-05
6.345638814285703118e-05
6.405312173297830324e-05
6.465289703294219289e-05
6.522290549303666441e-05
6.579793939915878323e-05
6.637804305785771511e-05
6.696326116630853904e-05
6.755363881575639164e-05
6.812620950636455919e-05
6.868342557940340296e-05
6.924519921926275520e-05
6.981156770307140095e-05
7.038256861285424821e-05
7.095820856078845207e-05
7.148979795985846051e-05
7.202536980570870863e-05
7.256495393317453652e-05
7.310858040060211002e-05
7.365627949152156147e-05
7.418178286658083382e-05
7.468079615760937274e-05
7.518316626017572672e-05
7.568891575520876245e-05
7.619806737553725577e-05
7.671064400691139998e-05
7.716658718388860164e-05
7.762090249744470248e-05
7.807789257493265734e-05
7.853757316392190660e-05
7.899996010469573183e-05
7.943618126606265565e-05
7.983111203504243225e-05
8.022800627091838705e-05
8.062687373540745395e-05
8.102772423875816664e-05
8.143056763999258468e-05
8.176460664852572388e-05
8.208896035278933452e-05
8.241460074245121430e-05
8.274153292169037844e-05
8.306976201493318219e-05
8.336835710518804992e-05
8.360546496114797631e-05
8.384324717530938493e-05
8.408170566561373521e-05
8.432084235545725674e-05
8.456065917370654832e-05
8.471783114230308897e-05
8.485414097699578125e-05
8.499067013235313034e-05
8.512741896125909093e-05
8.526438781716540085e-05
8.537120940526452440e-05
8.539341588102879318e-05
8.541562813306804167e-05
8.543784616288443198e-05
8.546006997198119686e-05
8.548229956186128447e-05
8.541074404684743297e-05
8.530462992075182633e-05
8.519864763062017258e-05
8.509279701265955588e-05
8.498707790328074128e-05
8.485397098739722553e-05
8.460865246962112466e-05
8.436404318412312787e-05
8.412014108046535850e-05
8.387694411413786945e-05
8.363445024654103850e-05
8.329444661049811491e-05
8.290603065444523186e-05
8.251942594705365694e-05
8.213462404216730279e-05
8.175161653301649069e-05
8.135061689964041918e-05
8.081839068139677715e-05
8.028964648650074279e-05
7.976436153425099987e-05
7.924251319298562302e-05
7.872407897910800340e-05
7.811605463701142265e-05
7.744993960562038368e-05
7.678950470281632301e-05
7.613470149272984384e-05
7.548548195251579204e-05
7.483268951586366730e-05
7.404666557178543173e-05
7.326889782756681308e-05
7.249929956213938822e-05
7.173778496533124145e-05
7.098426912829958505e-05
7.017001893585252050e-05
6.930430040024875623e-05
6.844926261682753033e-05
6.760477381242847980e-05
6.677070383963548575e-05
6.594692415671826909e-05
6.502905367902764365e-05
6.412327153070384168e-05
6.323010591689510324e-05
6.234938110335493762e-05
6.148092380361937714e-05
6.059304890995618434e-05
5.968148833373712213e-05
5.878364125599780838e-05
5.789930137115048363e-05
5.702826547726440217e-05
5.617033342937410980e-05
5.530330733481404027e-05
5.444792660936000376e-05
5.360577612673854680e-05
5.277665125371418936e-05
5.196035052213005646e-05
5.116408049409503883e-05
5.039132897827693119e-05
4.963024863683403973e-05
4.888066319536472036e-05
4.814239904180924031e-05
4.741528518624075144e-05
4.674435503245823084e-05
4.609029297584008164e-05
4.544538276597679451e-05
4.480949634728367191e-05
4.418250745597107469e-05
4.358567182447718405e-05
4.304088486668770247e-05
4.250290732164689248e-05
4.197165407699769794e-05
4.144704108422158056e-05
4.092898534534070577e-05
4.045425099457420091e-05
3.999468379009629915e-05
3.954033734759607649e-05
3.909115235832547535e-05
3.864707018729368501e-05
3.820664133502937421e-05
3.776724696323192107e-05
3.733290583367773470e-05
3.690355983170078155e-05
3.647915151098115737e-05
3.605962408585845297e-05
3.558913618368967198e-05
3.510369523009619554e-05
3.462487576116616748e-05
3.415258745889319773e-05
3.368674123722154750e-05
3.320090675517363253e-05
3.261089564076082367e-05
3.203136957477448925e-05
3.146214222811371771e-05
3.090303058291960479e-05
3.035385487373153929e-05
2.971390446403608478e-05
2.903578069929294155e-05
2.837313291620235432e-05
2.772560792553756690e-05
2.709286059847349041e-05
2.646227279438163248e-05
2.575967270413373562e-05
2.507572735645659907e-05
2.440994144907915583e-05
2.376183283050614618e-05
2.313093215085203452e-05
2.251927715517108958e-05
2.192550146029911462e-05
2.134738211058388402e-05
2.078450628827984418e-05
2.023647206058882088e-05
1.970788744634730745e-05
1.927909758091695202e-05
1.885963701316988785e-05
1.844930276303989491e-05
1.804789626675335135e-05
1.765522328074250371e-05
1.731767567698889453e-05
1.702888654123118061e-05
1.674491324603351832e-05
1.646567548255666112e-05
1.619109428118946156e-05
1.592109198921618014e-05
1.565003050518499125e-05
1.538350670161389965e-05
1.512152186286121300e-05
1.486399868925858488e-05
1.461086119756968038e-05
1.432070704603030546e-05
1.398741033520520984e-05
1.366187069231603180e-05
1.334390758121887895e-05
1.303334466752481372e-05
1.273000972080934569e-05
1.237511401536344746e-05
1.202506415030292444e-05
1.168491600476407683e-05
1.135438949279554825e-05
1.103321245112439192e-05
1.073319995107835090e-05
1.046017492229268261e-05
1.019409494872663001e-05
9.934783366020085858e-06
9.682068003700342184e-06
9.435781070869179982e-06
9.238474614931149422e-06
9.052648547258656305e-06
8.870560253284303176e-06
8.692134550056688038e-06
8.517297766881837013e-06
8.341001270428625782e-06
8.157862233472208978e-06
7.978744285323931626e-06
7.803559137023307406e-06
7.632220438124730029e-06
7.464643734134440332e-06
7.278952894334289715e-06
7.092008252122259784e-06
6.909864891050390331e-06
6.732399500280209086e-06
6.559491935953467415e-06
6.394466989127200566e-06
6.243706302678807362e-06
6.096500061756059173e-06
5.952764464120530084e-06
5.812417683317317510e-06
5.675379822092655007e-06
5.548036706876268319e-06
5.426065265326193358e-06
5.306775318751694512e-06
5.190107915522669825e-06
5.076005400037828788e-06
4.963294002203683930e-06
4.848167757501658914e-06
4.735711927289155020e-06
4.625864569881480668e-06
4.518565180364327221e-06
4.413754657267024747e-06
4.313504807503735198e-06
4.216663493553765820e-06
4.121996337395671363e-06
4.029454527608877806e-06
3.938990348624653798e-06
3.850908496177512014e-06
3.767465376282585128e-06
3.685830337328734938e-06
3.605964201050652488e-06
3.527828638114325984e-06
3.451386149721992829e-06
3.377042248387833906e-06
3.304612782032973804e-06
3.233736754223027773e-06
3.164380847422547275e-06
3.096512458677404860e-06
3.030209544910662182e-06
2.967535728394440344e-06
2.906158194270076864e-06
2.846050131532069883e-06
2.787185283706883565e-06
2.729537937383548115e-06
2.675963758838950468e-06
2.626129397813162595e-06
2.577223100005966091e-06
2.529227582134898640e-06
2.482125882783353007e-06
2.435901356406458173e-06
2.390537667448644313e-06
2.346018784570702447e-06
2.302328974984383397e-06
2.259452798892494699e-06
2.217375104032544324e-06
2.176081020321976687e-06
2.135555954603175583e-06
2.095785585486277830e-06
2.056755858288077717e-06
2.018452980065137187e-06
1.980863414739418272e-06
1.943973878314710269e-06
1.907771334182102513e-06
1.872242988512906959e-06
1.837376285737375244e-06
1.803158904107597062e-06
1.769578751343068953e-06
1.736623960357317369e-06
1.704282885064119119e-06
1.672544096261841338e-06
1.641396377594374196e-06
1.610828721587350855e-06
1.580830325758136167e-06
1.551390588798276499e-06
1.522499106827044208e-06
1.494145669714738029e-06
1.466320257474483872e-06
1.439013036721200030e-06
1.412214357196524237e-06
1.385914748358453615e-06
1.360104916034481601e-06
1.334775739137103605e-06
1.309918266440434821e-06
1.285523713416897925e-06
1.261583459132807301e-06
1.238374560167861087e-06
1.216299398656236280e-06
1.194617747130554954e-06
1.173322590914666251e-06
1.152407040375445332e-06
1.131864328693795266e-06
1.111687809675369032e-06
1.091870955600329168e-06
1.072407355111427601e-06
1.053290711139730170e-06
1.034514838867330442e-06
1.016073663726367352e-06
9.979612194337234842e-07
9.801716460607458249e-07
9.626991881373768100e-07
9.455381927900891865e-07
9.286831079130050839e-07
9.121284803716267002e-07
8.958689542385762579e-07
8.798992690607865051e-07
8.642142581575890718e-07
8.488088469491323246e-07
8.336780513146063095e-07
8.188169759797158487e-07
8.042208129329231122e-07
7.898848398698976556e-07
7.758044186657118706e-07
7.619749938742689673e-07
7.483920912544736929e-07
7.350513163226761063e-07
7.219483529309264588e-07
7.090789618705664180e-07
6.964389795007214721e-07
6.840243164012263179e-07
6.718309560495834310e-07
6.598549535214857765e-07
6.480924342145178339e-07
6.365395925946058098e-07
6.251926909648085565e-07
6.140480582560559613e-07
6.031020888394499356e-07
5.922165394198400168e-07
5.792792287197149371e-07
5.666245410079913150e-07
5.542463022230403540e-07
5.421384731791604673e-07
5.302951466201264775e-07
5.187105443371272975e-07
5.073790143496424996e-07
4.962950281479145913e-07
4.854531779956616394e-07
4.748481742917029937e-07
4.644748429892421204e-07
4.543281230715067197e-07
4.444030640825449287e-07
4.346948237119623295e-07
4.251986654324130695e-07
4.159099561887188571e-07
4.068241641374531747e-07
3.979368564359139180e-07
3.892436970793971898e-07
3.807404447857095379e-07
3.724229509259095053e-07
3.642871575002379638e-07
3.563290951582727793e-07
3.485448812623348855e-07
3.409307179931927471e-07
3.334828904971630705e-07
3.261977650736750200e-07
3.190717874024354993e-07
3.121014808093222637e-07
3.052834445701539611e-07
2.986143522515273959e-07
2.920909500878876840e-07
2.857100553940588611e-07
2.794685550124530781e-07
2.733634037941958958e-07
2.673916231134437831e-07
2.615502994141457834e-07
2.558365827885574808e-07
2.502476855868080947e-07
2.447808810568377819e-07
2.394335020140555773e-07
2.329689825181207769e-07
2.264284384031908808e-07
2.200715183778593981e-07
2.138930672431554980e-07
2.078880745309917385e-07
2.020516704408806051e-07
1.963791218907273039e-07
1.908658286784975789e-07
1.855073197516396340e-07
1.802992495812527444e-07
1.752373946380385220e-07
1.703176499671948948e-07
1.655360258594670655e-07
1.608886446156578886e-07
1.563717374019770522e-07
1.519816411936706807e-07
1.477147958044595828e-07
1.435677409993777673e-07
1.395371136886617416e-07
1.356196452004280086e-07
1.318121586299119398e-07
1.281115662631318603e-07
1.245148670728802972e-07
1.210191442850134572e-07
1.176215630130703891e-07
1.143193679592968419e-07
1.111098811802125449e-07
1.079904999149096808e-07
1.049586944743212009e-07
1.020120061897494579e-07
9.914804541898628990e-08
9.636448960841175093e-08
9.365908140950056100e-08
9.102962684820542126e-08
8.847399354573356363e-08
8.599010898927831260e-08
8.357595885129478022e-08
8.122958535596502385e-08
7.894908569152256034e-08
7.673261046714979205e-08
7.457836221319999022e-08
7.226916735823864252e-08
6.989166966126872732e-08
6.759238644366438112e-08
6.536874461995390177e-08
6.321825575355565108e-08
6.113851327201454206e-08
5.912718977385032104e-08
5.718203442400679952e-08
5.530087043498181061e-08
5.348159263082689845e-08
5.172216509128176404e-08
5.002061887341460138e-08
4.837504980821367921e-08
4.678361636966692369e-08
4.524453761394450224e-08
4.375609118637736844e-08
4.231661139400137178e-08
4.092448734151181539e-08
3.957816112853888472e-08
3.827612610623171429e-08
3.701692519119408915e-08
3.579914923489011070e-08
3.462143544669153245e-08
3.348246586880393166e-08
3.238096590136470702e-08
3.131570287606184990e-08
3.028548467667716306e-08
2.928915840501159546e-08
2.832560909069715738e-08
2.739375844345533401e-08
2.649256364640133926e-08
2.562101618904755641e-08
2.477814073869768498e-08
2.396299404896992174e-08
2.317466390422751940e-08
2.241226809873507562e-08
2.167495344939805711e-08
2.096189484098179549e-08
2.027229430273955997e-08
1.960538011541887121e-08
1.896040594764444297e-08
1.831873725286102905e-08
1.766932271433793471e-08
1.704293046370632416e-08
1.643874434162840899e-08
1.585597712229664761e-08
1.529386948771599494e-08
1.475168903834873225e-08
1.422872933883230748e-08
1.372430899752817612e-08
1.323777077870050344e-08
1.276848074616932407e-08
1.231582743732187355e-08
1.187922106640565525e-08
1.145809275606594180e-08
1.105189379612539786e-08
1.066009492864085538e-08
1.028218565830539575e-08
9.917673587297058520e-09
9.566083773708131735e-09
9.226958112718239786e-09
8.899854739705579591e-09
8.584347454518307056e-09
8.280025166156031089e-09
7.986491357137637085e-09
7.703363566858053851e-09
7.430272893260123600e-09
7.166863512172783361e-09
6.912792213689133913e-09
6.667727954980015916e-09
6.431351428961275066e-09
6.203354648251572541e-09
5.983440543879522253e-09
5.771322578216958213e-09
5.566724371633928015e-09
5.369379342389309833e-09
5.179030359287377288e-09
4.995429406648089254e-09
4.818337261154468193e-09
4.647523180155903895e-09
4.482764601021564494e-09
4.323846851151783183e-09
4.169866255514939536e-09
4.017284622561132238e-09
3.870286179400041583e-09
3.728666628780069679e-09
3.592229148991059941e-09
3.460784120323181395e-09
3.334148861534933300e-09
3.212147375964190578e-09
3.094610106929543411e-09
2.981373702081731900e-09
2.872280786377882323e-09
2.767179743362963198e-09
2.665924504454365551e-09
2.568374345937104347e-09
2.474393693387038950e-09
2.383851933250654277e-09
2.296623231319407662e-09
2.212586357846321150e-09
2.131624519061912666e-09
2.053625194855119594e-09
1.978479982393763799e-09
1.906084445467184526e-09
1.836337969341572859e-09
1.769143620926519162e-09
1.704408014058122378e-09
1.642041179711667515e-09
1.581956440963406968e-09
1.524070292527644274e-09
1.468302284701800284e-09
1.414574911558044480e-09
1.362813503226164087e-09
1.312946122118021584e-09
1.264903462949227845e-09
1.218618756419256449e-09
1.174027676415985155e-09
1.131068250615789193e-09
1.089680774354910527e-09
1.049807727652382981e-09
1.011393695269235686e-09
9.743852896928499412e-10
9.387310769394097893e-10
9.043815050713755721e-10
8.708978718865251647e-10
8.386178819719864948e-10
8.075343558249220628e-10
7.776029462955787388e-10
7.487809499694644893e-10
7.210272462420056633e-10
6.943022386514115909e-10
6.685677983860329199e-10
6.437872098856416462e-10
6.199251184590098998e-10
5.969474798430397226e-10
5.748215116315187274e-10
5.535156465041516414e-10
5.329994871891804348e-10
5.132437630953192377e-10
4.942202885511399330e-10
4.759019225923011692e-10
4.582625302393127888e-10
4.412769452105054081e-10
4.249209340170717679e-10
4.091711613889291947e-10
3.940051569820707382e-10
3.794012833199306622e-10
