8.446679973780803220e-09
8.575007056195340047e-09
8.705283761435867411e-09
8.837539709354262920e-09
8.971804969805040549e-09
9.108110069482206852e-09
9.246485998859774490e-09
9.386964219237929874e-09
9.529576669895897191e-09
9.674355775353824827e-09
9.821334452744829094e-09
9.970546119299023315e-09
1.012202469994146127e-08
1.027580463500510173e-08
1.043192088806133693e-08
1.059040895386939510e-08
1.075130486644631614e-08
1.091464520725985638e-08
1.108046711354551990e-08
1.124880828675029253e-08
1.141970700110430755e-08
1.159320211232309015e-08
1.176933306644168920e-08
1.194813990878321925e-08
1.212966329306367396e-08
1.231394449063494148e-08
1.250102539986825534e-08
1.269094855568030578e-08
1.288375713920409453e-08
1.307949498760647016e-08
1.327813247921294532e-08
1.347948374155171057e-08
1.368388831962665115e-08
1.389139251429957993e-08
1.410204332854448263e-08
1.431588847809421074e-08
1.453297640224907853e-08
1.475335627484888947e-08
1.497707801541179501e-08
1.520419230044177246e-08
1.543475057490754773e-08
1.566880506389591740e-08
1.590640878444130334e-08
1.614761555753516120e-08
1.639248002031719990e-08
1.664105763845145943e-08
1.689340471869037036e-08
1.714957842162887313e-08
1.740963677465245807e-08
1.767363868508101575e-08
1.794164395351250099e-08
1.821371328736863418e-08
1.848990831464595175e-08
1.877029159787579255e-08
1.905492664829540063e-08
1.934387794023452506e-08
1.963721092571955174e-08
1.993499204929975301e-08
2.023728876309769335e-08
2.054416954208852911e-08
2.085570389961034650e-08
2.117196240311030550e-08
2.149301669012917069e-08
2.181893948452820597e-08
2.214980461296258565e-08
2.248568702160393908e-08
2.282666279311716072e-08
2.317280916389418549e-08
2.352420454154913005e-08
2.388092852267917078e-08
2.424306191089404044e-08
2.461068673511972857e-08
2.498388626817891347e-08
2.536274504565393598e-08
2.574734888503527957e-08
2.613778490516043717e-08
2.653414154594806158e-08
2.693650858843059250e-08
2.734497717509149107e-08
2.775963983051001699e-08
2.818059048231990066e-08
2.860792448248526569e-08
2.904173862889923121e-08
2.948213118731027618e-08
2.992920191358110727e-08
3.038305207628481775e-08
3.084318459636598009e-08
3.131002328783934941e-08
3.178392799297858537e-08
3.226500566210728782e-08
3.275336486433622805e-08
3.324911581206483554e-08
3.375237038585420140e-08
3.426324215967594596e-08
3.478184642654348210e-08
3.530830022453127256e-08
3.584272236318783852e-08
3.638523345034858089e-08
3.693595591935443633e-08
3.749501405668256842e-08
3.806253402999491743e-08
3.863864391661204663e-08
3.922347373241718871e-08
3.981715546119818176e-08
4.041982308443342254e-08
4.103161261152867296e-08
4.165266211051151573e-08
4.228311173919050688e-08
4.292310377678547715e-08
4.357278265603750544e-08
4.423229499580396424e-08
4.490178963414745144e-08
4.558141766192535828e-08
4.627133245688792847e-08
4.697168971829238525e-08
4.768264750204107413e-08
4.840436625635085416e-08
4.913700885796399456e-08
4.988074064890462029e-08
5.063572947379402721e-08
5.140214571772918815e-08
5.218016234473520321e-08
5.296995493679959557e-08
5.377170173349751193e-08
5.458558367221676135e-08
5.541178442899109649e-08
5.625049045995272227e-08
5.710189104341107950e-08
5.796617832256908698e-08
5.884354734888580211e-08
5.973419612609547247e-08
6.063832565489276555e-08
6.155613997829442709e-08
6.248784622768765156e-08
6.343365466957468726e-08
6.439377875302640129e-08
6.536843515785272566e-08
6.635784384350283547e-08
6.736222809870536923e-08
6.838181459186003350e-08
6.941683342219198725e-08
7.046717577342373719e-08
7.153201159950307484e-08
7.261293825544834500e-08
7.371019889123572543e-08
7.482404033110258012e-08
7.595471312906934396e-08
7.710247162530121420e-08
7.826757400332003794e-08
7.945028234808219819e-08
8.065086270493328492e-08
8.186958513945446677e-08
8.310672379821170726e-08
8.436255697042450148e-08
8.563736715056563425e-08
8.693144110190772268e-08
8.824506992102848082e-08
8.957854910329232227e-08
9.093217860932067504e-08
9.230626293246687768e-08
9.370111116731051914e-08
9.511703707918769994e-08
9.655435917477017166e-08
9.801340077371261137e-08
9.949449008138261598e-08
1.009979602626880542e-07
1.025241495170218137e-07
1.040734011543382244e-07
1.056460636723789444e-07
1.072424908350670111e-07
1.088630417520832174e-07
1.105080809596472597e-07
1.121779785025183896e-07
1.138731100172352464e-07
1.155938568166146737e-07
1.173406059755250410e-07
1.191137504179580682e-07
1.209136890054150321e-07
1.227408266266298702e-07
1.245955742886458553e-07
1.264783492092709227e-07
1.283895749109287090e-07
1.303296813159280797e-07
1.322991048431732753e-07
1.342982885063330439e-07
1.363276820134957886e-07
1.383877418683289652e-07
1.404789314727687508e-07
1.426017212312589097e-07
1.447565886565671780e-07
1.469440184771997091e-07
1.491645027464384072e-07
1.514185409530273810e-07
1.537066401335291381e-07
1.560293149863816209e-07
1.583870879876767053e-07
1.607804895086904951e-07
1.632040725044851537e-07
1.656615718216166089e-07
1.681560757477692831e-07
1.706881414920867369e-07
1.732583346540723792e-07
1.758672293499324775e-07
1.785154083408178992e-07
1.812034631629973261e-07
1.839319942599936003e-07
1.867016111167061499e-07
1.895129323955553891e-07
1.923665860746745553e-07
1.952632095881866501e-07
1.982034499685894070e-07
2.011879639912868796e-07
2.042174183212949121e-07
2.072924896621595110e-07
2.104138649071142949e-07
2.135822412925137099e-07
2.167983265535805514e-07
2.200628390824949226e-07
2.233765080888634881e-07
2.267400737626091776e-07
2.301542874393091577e-07
2.336199117680250672e-07
2.371377208816576481e-07
2.407085005698714331e-07
2.443330484546182102e-07
2.480121741683068298e-07
2.517466995346524416e-07
2.555374587522541039e-07
2.593852985809323971e-07
2.632910785308724105e-07
2.672556710546199059e-07
2.712799617419627937e-07
2.753648495177509662e-07
2.795112468426907516e-07
2.837200799171693110e-07
2.879922888881425413e-07
2.923288280591383132e-07
2.967306661034274524e-07
3.011987862803985185e-07
3.057341866551940828e-07
3.103378803216510183e-07
3.150108956286037739e-07
3.197542764095888045e-07
3.245690822160121479e-07
3.294563885538237709e-07
3.344172871237621064e-07
3.394528860652108686e-07
3.445643102037269620e-07
3.497527013023024284e-07
3.550192183164024681e-07
3.603650376528485660e-07
3.657913534325947408e-07
3.712338705364778255e-07
3.764898543829082366e-07
3.818202532231915719e-07
3.872261206357761154e-07
3.927085251158317261e-07
3.982685502864370156e-07
4.039072951127690462e-07
4.096258741193134953e-07
4.154254176101577548e-07
4.213070718924037060e-07
4.272719995027355335e-07
4.333213794372030880e-07
4.394564073842586490e-07
4.456782959610852060e-07
4.519882749532784588e-07
4.583875915579226163e-07
4.648775106300991652e-07
4.714593149328951559e-07
4.781343053909455750e-07
4.849038013475708957e-07
4.917691408255448524e-07
4.987316807915690439e-07
5.057927974244760690e-07
5.129538863872416643e-07
5.202163631028466057e-07
5.275816630340357036e-07
5.350512419670477935e-07
5.426265762993567459e-07
5.503091633314929517e-07
5.581005215629837161e-07
5.660021909925009720e-07
5.740157334222414051e-07
5.821427327666284581e-07
5.903847953653783553e-07
5.987435503010050030e-07
6.072206497208092941e-07
6.158177691634370965e-07
6.245366078900608774e-07
6.333788892202393835e-07
6.423463608725440004e-07
6.514407953100065287e-07
6.606639900904469284e-07
6.700177682217784415e-07
6.795039785223253491e-07
6.891244959862541605e-07
6.988812221541790094e-07
7.087760854890023484e-07
7.188110417570898340e-07
7.289880744148341408e-07
7.393091950007002436e-07
7.497764435328068010e-07
7.603918889121494136e-07
7.711576293315336255e-07
7.820757926902832083e-07
7.931485370148339476e-07
8.043780508852831295e-07
8.145302694570833289e-07
8.242720754953695554e-07
8.341303938211007308e-07
8.441066179246681388e-07
8.542021579626546404e-07
8.644184409571519020e-07
8.747569109974781155e-07
8.852190294443075390e-07
8.958062751362256218e-07
9.065201445987730300e-07
9.173621522559798431e-07
9.283338306444303675e-07
9.394367306298971067e-07
9.506724216265475939e-07
9.620424918187906856e-07
9.735485483857676094e-07
9.851922177285276825e-07
9.969751456999309475e-07
1.008898997837279418e-06
1.020965459597752853e-06
1.033176236596648839e-06
1.045533054848471454e-06
1.058037661010916139e-06
1.070691822631748889e-06
1.083497328398661698e-06
1.096455988392103639e-06
1.109569634341137541e-06
1.122840119882366526e-06
1.136269320821935061e-06
1.149859135400686911e-06
1.163611484562482087e-06
1.177528312225723853e-06
1.191611585558143407e-06
1.205863295254849676e-06
1.220285455819722760e-06
1.234880105850176460e-06
1.249649308325302793e-06
1.264595150897486164e-06
1.279719746187492707e-06
1.295025232083103606e-06
1.310513772041292193e-06
1.326187555394044350e-06
1.342048797657820511e-06
1.358099740846723861e-06
1.374342653789409030e-06
1.390779832449796931e-06
1.407413600251596165e-06
1.424246308406734328e-06
1.441280336247703033e-06
1.458518091563877215e-06
1.475962010941873084e-06
1.493614560109945793e-06
1.511478234286535661e-06
1.529555558532969515e-06
1.547849088110378564e-06
1.565708680579509699e-06
1.581119181304438259e-06
1.596681360011061864e-06
1.612396709591181814e-06
1.628266737630385931e-06
1.644292966552708666e-06
1.659906030153473943e-06
1.675377301505825644e-06
1.690992773935168767e-06
1.706753791477829385e-06
1.722661710697305531e-06
1.738586645427221513e-06
1.753782942545996170e-06
1.769112064477804576e-06
1.784575172191718674e-06
1.800173436804384126e-06
1.815908039668702753e-06
1.831105690945922799e-06
1.845972559212920654e-06
1.860960132567098575e-06
1.876069391021053803e-06
1.891301322544159091e-06
1.906576037523373705e-06
1.920776091097169588e-06
1.935081905740825407e-06
1.949494269155870152e-06
1.964013974910584385e-06
1.978641822483682792e-06
1.992596369716457365e-06
2.005950684895721439e-06
2.019394500255060729e-06
2.032928415621731819e-06
2.046553034843008813e-06
2.060268965813143969e-06
2.072397549030217217e-06
2.084590862600420162e-06
2.096855917664377766e-06
2.109193136325720746e-06
2.121602943171599903e-06
2.133223692761614901e-06
2.143900149865261875e-06
2.154630040997731759e-06
2.165413633588136754e-06
2.176251196404029865e-06
2.187142999558104512e-06
2.196130759671940979e-06
2.205003920185398456e-06
2.213912931468278877e-06
2.222857938370632843e-06
2.231839086327739148e-06
2.239907416770292763e-06
2.246544355991311954e-06
2.253200960740420690e-06
2.259877289287405317e-06
2.266573400074693163e-06
2.273289351717892952e-06
2.277753448238672006e-06
2.281858402289886650e-06
2.285970754265480253e-06
2.290090517497947916e-06
2.294217705343815066e-06
2.297411339039691927e-06
2.298671007432915233e-06
2.299931366501093105e-06
2.301192416622912374e-06
2.302454158177286030e-06
2.303716591543317220e-06
2.302447682674389987e-06
2.300519950956767323e-06
2.298593833238721703e-06
2.296669328168917516e-06
2.294746434397169420e-06
2.291939649165860663e-06
2.286612210719650080e-06
2.281297155496709890e-06
2.275994454713185116e-06
2.270704079652124946e-06
2.265426001663331542e-06
2.257589822821973396e-06
2.248812405844760325e-06
2.240069115106079693e-06
2.231359817924501484e-06
2.222684382134473901e-06
2.213347501570508339e-06
2.201133210982475595e-06
2.188986324584007269e-06
2.176906470407146962e-06
2.164893278536618015e-06
2.152946381098527474e-06
2.138690550937337861e-06
2.123303282713204185e-06
2.108026721493077176e-06
2.092860070771658983e-06
2.077802539774274335e-06
2.062430696358282558e-06
2.044212784904100998e-06
2.026155796334910821e-06
2.008258309182889413e-06
1.990518914536359093e-06
1.972936215928871965e-06
1.953741775489603735e-06
1.933520178714028792e-06
1.913507879288432793e-06
1.893702710945671688e-06
1.874102529839875038e-06
1.854562636663377343e-06
1.832868240927961911e-06
1.811427622981997871e-06
1.790237814170940334e-06
1.769295880567120565e-06
1.748598922563526554e-06
1.727216271217947933e-06
1.705258321265192578e-06
1.683579520816855384e-06
1.662176321069604000e-06
1.641045218335743914e-06
1.620182753469653062e-06
1.598467595878838932e-06
1.577030970222349542e-06
1.555881825476149654e-06
1.535016306309882117e-06
1.514430609095995119e-06
1.493929395340859200e-06
1.473479329382890270e-06
1.453309199812135760e-06
1.433415174641889929e-06
1.413793474340657128e-06
1.394440371114104821e-06
1.375325787335308194e-06
1.356470991469191208e-06
1.337874682232518795e-06
1.319533315946633294e-06
1.301443397514347972e-06
1.283610965959511456e-06
1.266037675403461284e-06
1.248704972182011751e-06
1.231609562531524346e-06
1.214748197781651976e-06
1.198117673738023262e-06
1.181531026289062416e-06
1.165142893482998014e-06
1.148982068204957297e-06
1.133045397642295584e-06
1.117329772712680479e-06
1.101594778807287700e-06
1.085583550233665550e-06
1.069805038304463421e-06
1.054255860578647576e-06
1.038932683777570308e-06
1.023832223070431154e-06
1.008077553563300550e-06
9.923310384256901182e-07
9.768304892240362637e-07
9.615720638865457831e-07
9.465519803558970375e-07
9.314926747432711966e-07
9.158737054282799765e-07
9.005166299628887047e-07
8.854170569953330222e-07
8.705706688066213038e-07
8.559732200758825999e-07
8.410093466978074420e-07
8.260715931788619054e-07
8.113991595176210859e-07
7.969873331830572188e-07
7.828314853466978012e-07
7.688359335278667621e-07
7.546948462478598329e-07
7.408138539253584296e-07
7.271881726717166900e-07
7.138131065876510785e-07
7.006840461448706498e-07
6.873918654539028329e-07
6.741387571434378473e-07
6.611411724850805943e-07
6.483941849110193859e-07
6.358929628390558123e-07
6.235331797227059970e-07
6.106754761357235965e-07
5.980829076640930770e-07
5.857500070306330389e-07
5.736714196973634829e-07
5.618419015407328311e-07
5.496847412275258894e-07
5.373909237746749820e-07
5.253720601930655501e-07
5.136220010802398765e-07
5.021347345664402908e-07
4.908908445203745470e-07
4.796426211411640267e-07
4.686521384197818832e-07
4.579134905127488631e-07
4.474209069024874762e-07
4.371687492964817061e-07
4.273513583553352195e-07
4.179382726030005059e-07
4.087325248680811652e-07
3.997295482046667660e-07
3.909248762610153352e-07
3.823141410638061184e-07
3.743329002122187867e-07
3.665264040184357968e-07
3.588827077890386867e-07
3.513984164249036568e-07
3.440702056297332479e-07
3.368983929900138519e-07
3.298803858585453494e-07
3.230085724315361154e-07
3.162799073146408213e-07
3.096914085528193762e-07
3.032401563088152864e-07
2.967818324426628225e-07
2.904480079853846951e-07
2.842493580161323990e-07
2.781829976835267754e-07
2.722461037037801059e-07
2.663321920449320146e-07
2.603812997285127158e-07
2.545633733862396431e-07
2.488754420434511213e-07
2.433146011085634060e-07
2.378780108898139518e-07
2.324206878408695815e-07
2.270633225895051295e-07
2.218294461837462192e-07
2.167162121693628030e-07
2.117208397037301848e-07
2.069052803160625576e-07
2.023384238380313106e-07
1.978723679681768909e-07
1.935048878144633906e-07
1.892338075931353510e-07
1.850569995447898967e-07
1.811445432306198424e-07
1.773627603981013304e-07
1.736599304345863923e-07
1.700344050287358169e-07
1.664845702812631930e-07
1.630103654493542896e-07
1.596132513367796102e-07
1.562869326258469889e-07
1.530299339498991526e-07
1.498408106887214013e-07
1.467181483277908564e-07
1.436232702419257272e-07
1.405788354420965265e-07
1.375989346362001856e-07
1.346821998736492323e-07
1.318272922008036195e-07
1.290502623203265309e-07
1.264107244727104110e-07
1.238251745823735667e-07
1.212925084031562251e-07
1.188116442746690127e-07
1.163815226603321976e-07
1.140722599475117977e-07
1.118475085669900761e-07
1.096661465144908936e-07
1.075273275679141926e-07
1.054302220090289706e-07
1.033756487200162199e-07
1.013741348192729261e-07
9.941137335147174786e-08
9.748661400902879624e-08
9.559912101148627975e-08
9.374817282424399103e-08
9.196419207705179181e-08
9.023667697297637557e-08
8.854161263443688409e-08
8.687838948518098874e-08
8.524640939963150356e-08
8.365137566590982371e-08
8.222767319676999395e-08
8.082820139573949928e-08
7.945254786957604226e-08
7.810030724375390697e-08
7.677108104300864950e-08
7.546447757391597774e-08
7.418011180946728635e-08
7.291760527561214775e-08
7.167658593972859731e-08
7.045668810099552348e-08
6.925755228262688945e-08
6.807882512594335443e-08
6.692015928624417089e-08
6.578121333045313936e-08
6.466165163650545412e-08
6.356114429444797749e-08
6.247936700922127152e-08
6.141600100509753940e-08
6.037073293174445987e-08
5.934325477188757791e-08
5.833326375054504005e-08
5.734046224580564361e-08
5.636455770112734305e-08
5.540526253912593889e-08
5.446229407683404364e-08
5.353537444239930903e-08
5.262423049320276999e-08
5.172859373536903601e-08
5.084820024464752427e-08
4.998279058863964148e-08
4.913210975035025531e-08
4.829590705303909677e-08
4.747393608635283671e-08
4.666595463371232608e-08
4.587172460093764261e-08
4.509101194608689596e-08
4.432358661048875369e-08
4.356922245095004027e-08
4.282769717311532730e-08
4.209879226596293751e-08
4.138229293741355974e-08
4.065871215834151467e-08
3.994343612907013513e-08
3.924074337582713690e-08
3.855041253115566371e-08
3.787222612193852807e-08
3.720597050088797637e-08
3.655143577924152284e-08
3.590841576064059234e-08
3.527670787617356210e-08
3.465611312056071638e-08
3.404643598946222121e-08
3.344748441788892281e-08
3.285906971969641513e-08
3.228100652814407928e-08
3.171311273749925568e-08
3.115520944566901944e-08
3.060712089784116236e-08
3.006867443111636236e-08
2.953970042011512231e-08
2.902003222354058562e-08
2.850950613168242193e-08
2.800796131484353868e-08
2.751523977267443478e-08
2.703118628439853701e-08
2.655564835991375561e-08
2.608847619175369222e-08
2.562952260789423976e-08
2.517864302539042672e-08
2.473569540482861666e-08
2.430054020558051712e-08
2.387304034184385379e-08
2.345306113945664055e-08
2.304047029347122808e-08
2.263513782647423458e-08
2.223693604764068518e-08
2.184573951250752066e-08
2.146142498345524216e-08
2.108387139088474834e-08
2.071295979507690092e-08
2.034857334872354575e-08
1.999059726011720468e-08
1.957898960050285251e-08
1.913427503413344862e-08
1.869966165529086974e-08
1.827492002694482033e-08
1.785982592346716845e-08
1.745416021226088473e-08
1.705770873807764590e-08
1.667026220996285505e-08
1.629161609076893199e-08
1.592157048917784613e-08
1.555993005417636881e-08
1.520650387192828667e-08
1.486110536498867601e-08
1.452355219380808766e-08
1.419366616047328102e-08
1.387127311463469774e-08
1.355620286157080431e-08
1.324828907234008625e-08
1.294736919597468797e-08
1.265328437366776618e-08
1.236587935491029312e-08
1.208500241553268451e-08
1.181050527760789340e-08
1.154224303117406966e-08
1.128007405773493650e-08
1.102385995549791633e-08
1.077346546631036574e-08
1.052875840425526879e-08
1.028960958586901497e-08
1.005589276194399231e-08
9.827484550880317729e-09
9.604264373551326158e-09
9.386114389648579636e-09
9.172919435472856005e-09
8.964566963137728805e-09
8.760946981154651299e-09
8.561951996367006627e-09
8.367476957203449837e-09
8.177419198220161089e-09
7.991678385902421784e-09
7.810156465697763361e-09
7.615860817784365437e-09
7.396701656079846174e-09
7.183849166635784057e-09
6.977121864385840656e-09
6.776343486800660840e-09
6.581342843600755854e-09
6.391953670793735269e-09
6.208014488912412068e-09
6.029368465331907380e-09
5.855863280549101735e-09
5.687350998309862509e-09
5.523687939473715749e-09
5.364734559508353610e-09
5.210355329509352305e-09
5.060418620643636100e-09
4.914796591918478686e-09
4.773365081180018672e-09
4.636003499248511786e-09
4.502594727100006555e-09
4.373025016006795404e-09
4.247183890551473837e-09
4.124964054432032730e-09
4.006261298977318743e-09
3.890974414295442065e-09
3.779005102978798414e-09
3.670257896292451438e-09
3.564640072774407520e-09
3.462061579178084746e-09
3.362434953690090624e-09
3.265675251357297478e-09
3.171699971660040842e-09
3.080428988169380369e-09
2.991784480228660725e-09
2.905690866601101288e-09
2.822074741026731708e-09
2.740864809633730326e-09
2.661991830150970296e-09
2.585388552869706530e-09
2.510989663304360278e-09
2.438731726503121224e-09
2.368553132961264551e-09
2.299146207042965524e-09
2.223505749329378825e-09
2.150353814888307311e-09
2.079608532876214404e-09
2.011190725948601817e-09
1.945023821645593553e-09
1.881033766692844343e-09
1.819148944121975102e-09
1.759300093117613642e-09
1.701420231501458021e-09
1.645444580766563151e-09
1.591310493577917285e-09
1.538957383658267202e-09
1.488326657980617597e-09
1.439361651191525951e-09
1.392007562191891644e-09
1.346211392804135903e-09
1.301921888457257835e-09
1.259089480823256676e-09
1.217666232340807347e-09
1.177605782564072593e-09
1.138863296276580219e-09
1.101395413312169898e-09
1.065160200026744954e-09
1.030117102366621699e-09
9.962269004808527316e-10
9.634516648268021219e-10
9.317547137198358730e-10
9.011005722795674686e-10
8.714549327267632158e-10
8.427846159864553170e-10
8.150575345542714066e-10
7.882426565844716991e-10
7.623099711594300076e-10
7.372304547017602443e-10
7.129760384914294529e-10
6.895195772515562440e-10
6.668348187677276671e-10
6.448963745067973840e-10
6.236796912023201782e-10
6.031610233748073652e-10
5.833174067560372608e-10
5.630277415054833268e-10
5.433247578406364795e-10
5.243112740648367643e-10
5.059631613402812557e-10
4.882571352104790889e-10
4.711707260513627516e-10
4.546822505564947725e-10
4.387707842201203745e-10
4.234161347831602586e-10
4.085988166084696170e-10
3.943000259528174888e-10
3.805016171042181663e-10
3.671860793543270214e-10
3.543365147766885566e-10
3.419366167826138486e-10
3.299706494274951142e-10
3.184234274413032009e-10
3.072802969578850373e-10
2.965271169186533192e-10
2.861502411270469987e-10
2.761365009309741612e-10
2.664731885113001537e-10
2.571480407551375155e-10
2.481492236934803482e-10
2.394653174834550721e-10
2.310853019160917963e-10
2.229985424312670047e-10
2.151947766220388898e-10
2.076641012112561049e-10
2.003969594839240615e-10
1.933841291593674418e-10
1.866167106878033661e-10
1.800861159564717680e-10
1.737840573909949914e-10
1.677025374381252174e-10
1.618338384165432416e-10
1.561705127228319337e-10
1.507053733801753375e-10
1.454314849178161745e-10
1.403421545696745247e-10
1.354309237809714221e-10
1.306072244123394303e-10
1.259153672261084867e-10
1.213920575605457133e-10
1.170312406135550160e-10
1.128270790921931568e-10
1.087739453989999766e-10
1.048664140990179589e-10
1.010992546574284176e-10
9.746742443807242236e-11
9.396606195348702782e-11
9.059048035743070090e-11
8.733616117117195392e-11
8.419874823515311963e-11
8.117404187793428468e-11
7.825799329460358811e-11
7.544669912713785022e-11
7.273639623945453084e-11
7.012345668016054585e-11
6.760438282625629063e-11
6.517580270129567358e-11
6.283446546173390145e-11
6.057723704541848447e-11
5.840109597640493085e-11
5.630312932047535258e-11
5.428052878594776574e-11
5.233058696456177770e-11
5.045069370740028157e-11
4.863833263100151433e-11
4.689107774898542670e-11
4.520659022468059526e-11
4.358261524040991559e-11
4.201697897924198814e-11
4.050758571516750340e-11
3.905241500780639592e-11
3.764951899789226699e-11
3.629701979990999105e-11
3.499310698840026896e-11
3.373603517456450329e-11
3.252412166992571537e-11
3.135574423391876179e-11
3.022933890239537115e-11
2.913821632058441226e-11
2.808016941383854338e-11
2.706054157998837552e-11
2.607793777203513405e-11
2.513101359896826185e-11
2.421847348638104869e-11
2.333906890387497847e-11
2.249159665683050580e-11
2.167489724020487867e-11
2.088785325210616174e-11
2.012938786497331940e-11
1.939846335226808606e-11
1.869407966866590895e-11
1.801527308180149783e-11
1.736111485369757902e-11
1.673070997007270187e-11
1.612319591578948673e-11
1.553774149476827049e-11
1.497354569275066271e-11
1.442983658135797744e-11
1.390587026194499790e-11
1.340092984780350654e-11
1.291432448332310102e-11
1.244538839876806637e-11
1.199347999937626170e-11
1.155798098753407087e-11
1.113829551682634619e-11
1.073384937680385271e-11
1.034408920735315273e-11
9.968481741593085301e-12
9.606513076263510900e-12
9.257687968606733514e-12
8.921529158779957319e-12
8.597576716872220976e-12
8.285387413631591782e-12
7.984534114042655550e-12
7.694605192923291057e-12
7.415203971742406057e-12
7.145948175887516750e-12
6.886469411639244561e-12
6.636412662138154439e-12
6.395246865606976051e-12
6.162173378341998410e-12
5.937594207497885714e-12
5.721199779419046187e-12
5.512691802799716617e-12
5.311782857500754887e-12
5.118195998352273037e-12
4.931664373395482578e-12
4.751930856037545665e-12
4.578747690612765394e-12
4.411876150860829029e-12
4.251086210852042607e-12
4.096156227905528476e-12
3.946872637063317735e-12
3.803029656699532077e-12
3.664429004858241961e-12
3.530879625929586806e-12
3.402197427287037174e-12
3.278205025522801148e-12
3.158731501931830509e-12
3.043612166906892591e-12
2.932688332920419094e-12
2.825807095779915148e-12
2.722821123855420076e-12
2.623588454988696432e-12
2.527972300803800135e-12
2.435840858149680193e-12
2.347067127414636710e-12
2.261528737462344335e-12
2.179107776947900805e-12
2.099690631781718880e-12
2.023167828516872382e-12
1.949433883444208175e-12
1.878387157187195039e-12
1.809929714595912679e-12
1.743967189747337120e-12
