7.744766030879255583e-10
7.848902348400792884e-10
7.954438885449099497e-10
8.061394469410975720e-10
8.169788180826637083e-10
8.279639356793719735e-10
8.390967594417058903e-10
8.503792754304547513e-10
8.618134964110309542e-10
8.734014622125512774e-10
8.851452400917152855e-10
8.970469251016077346e-10
9.091086404654603390e-10
9.213325379554025743e-10
9.337207982763609554e-10
9.462349841218906275e-10
9.588734467614020780e-10
9.716807160298912298e-10
9.846590466064868806e-10
9.978107232851308378e-10
1.011138061376780429e-09
1.024643407117043522e-09
1.038329138079197661e-09
1.052197663592766620e-09
1.066251425167687867e-09
1.080492896924102580e-09
1.094924586027951650e-09
1.109549033132323683e-09
1.124368812824741130e-09
1.139386534080423213e-09
1.154489415744516929e-09
1.169789290160082911e-09
1.185291926206837635e-09
1.201000010983911209e-09
1.216916267201208240e-09
1.233043453651359248e-09
1.249384365687897653e-09
1.265941835709802732e-09
1.282718733652414362e-09
1.299717967484899020e-09
1.316942483714309255e-09
1.334395267896274856e-09
1.352079345152515795e-09
1.369997780695181467e-09
1.388086742609735462e-09
1.406334947788920754e-09
1.424823049353575089e-09
1.443554201053620415e-09
1.462531598099121590e-09
1.481758477705352498e-09
1.501238119644967855e-09
1.520973846807522025e-09
1.540969025766249045e-09
1.561227067352391285e-09
1.581751427236976668e-09
1.602545606520348430e-09
1.623613152329340514e-09
1.644957658422407539e-09
1.666582765802605139e-09
1.688307542422364857e-09
1.710304990168402264e-09
1.732589049029524427e-09
1.755163453344918457e-09
1.778031986109579001e-09
1.801198479608209207e-09
1.824666816057488421e-09
1.848440928256598454e-09
1.872524800246300412e-09
1.896922467976598496e-09
1.921638019983035626e-09
1.946675598071866380e-09
1.972039398014163475e-09
1.997733670248882825e-09
2.023651834885396341e-09
2.049759428091353432e-09
2.076203841303231399e-09
2.102989419912637211e-09
2.130120565372063788e-09
2.157601735918145715e-09
2.185437447304235203e-09
2.213632273542472851e-09
2.242190847655345336e-09
2.271117862437026587e-09
2.300418071224496645e-09
2.330096288678618536e-09
2.360157391575282760e-09
2.390606319606803443e-09
2.421448076193563261e-09
2.452385061456846587e-09
2.483690686515308631e-09
2.515395939746230012e-09
2.547505922554748611e-09
2.580025801467375122e-09
2.612960808963257037e-09
2.646316244316153389e-09
2.680097474447063159e-09
2.714309934787733179e-09
2.748959130155289965e-09
2.784050635637926809e-09
2.819590097491963372e-09
2.855583234050286036e-09
2.892035836642504862e-09
2.928777201332320197e-09
2.965724591537478481e-09
3.003138083992528840e-09
3.041023558715142885e-09
3.079386969901154397e-09
3.118234346860350823e-09
3.157571794964005359e-09
3.197405496604494141e-09
3.237741712166888119e-09
3.278586781012865780e-09
3.319947122477027385e-09
3.361829236875791442e-09
3.404239706528947876e-09
3.447185196794237635e-09
3.490672457114846241e-09
3.534188660174731565e-09
3.578184622248199613e-09
3.622728275705728401e-09
3.667826438578732483e-09
3.713486013774089687e-09
3.759713990130716278e-09
3.806517443489302568e-09
3.853903537775374826e-09
3.901879526095829877e-09
3.950452751849126886e-09
3.999630649849300071e-09
4.049420747463955742e-09
4.099830665766447214e-09
4.150868120702382280e-09
4.202254613473288484e-09
4.253804667646543620e-09
4.305987098562689150e-09
4.358809663737238301e-09
4.412280215848987383e-09
4.466406703907406691e-09
4.521197174434349071e-09
4.576659772660262276e-09
4.632802743735066405e-09
4.689634433953892466e-09
4.747163291997853297e-09
4.805397870190037916e-09
4.864346825766909628e-09
4.924018922165306417e-09
4.984423030325223939e-09
5.044732575290107342e-09
5.105641933739776892e-09
5.167286702816547951e-09
5.229675761760089188e-09
5.292818097016637198e-09
5.356722803533544091e-09
5.421399086069132050e-09
5.486856260518683707e-09
5.553103755256230012e-09
5.620151112492537609e-09
5.688007989649707650e-09
5.756684160752045255e-09
5.826189517834078904e-09
5.896534072365209473e-09
5.967267149550588361e-09
6.037995995090884484e-09
6.109563175746081263e-09
6.181978628137645539e-09
6.255252406663865267e-09
6.329394684895838401e-09
6.404415756990002071e-09
6.480326039117407215e-09
6.557136070909936343e-09
6.634856516923656351e-09
6.713498168119524761e-09
6.793071943361637971e-09
6.873588890933245700e-09
6.955060190070729307e-09
7.037497152515789667e-09
7.119476277167285126e-09
7.202134293123896085e-09
7.285751979052832417e-09
7.370340476843330381e-09
7.455911057743273775e-09
7.542475123861240604e-09
7.630044209685699685e-09
7.718629983622009833e-09
7.808244249547094238e-09
7.898898948382466682e-09
7.990606159685243955e-09
8.083378103257622615e-09
8.177227140775341180e-09
8.272165777434717502e-09
8.367472466068344681e-09
8.462348101329466246e-09
8.558299495871864942e-09
8.655338847326942752e-09
8.753478491630577657e-09
8.852730904591064334e-09
8.953108703475353757e-09
9.054624648612754564e-09
9.157291645017164940e-09
9.261122744027710910e-09
9.366131144967617359e-09
9.472330196822438374e-09
9.579733399936761849e-09
9.688354407730518266e-09
9.798207028434776196e-09
9.906896265156129091e-09
1.001623307223276942e-08
1.012677656776780749e-08
1.023854006929881160e-08
1.035153704134146988e-08
1.046578109701171632e-08
1.058128599966573377e-08
1.069806566455808380e-08
1.081613416051811396e-08
1.093550571164487732e-08
1.105619469902075950e-08
1.117821566244401513e-08
1.130158330218042037e-08
1.142631248073426496e-08
1.155125915203251120e-08
1.167484164423280939e-08
1.179974629812796452e-08
1.192598725901899717e-08
1.205357882354198343e-08
1.218253544128730391e-08
1.231287171643596092e-08
1.244460240941341852e-08
1.257774243856137094e-08
1.271230688182702905e-08
1.284831097847085457e-08
1.298577013079231359e-08
1.312469990587409278e-08
1.326511603734522827e-08
1.340703442716271535e-08
1.354646242253724501e-08
1.368624389403846557e-08
1.382746772437593454e-08
1.397014879677408807e-08
1.411430214803244112e-08
1.425994297011027525e-08
1.440708661172768306e-08
1.455574857998312820e-08
1.470594454198773584e-08
1.485769032651628235e-08
1.501100192567553417e-08
1.516589549658949435e-08
1.532238736310219684e-08
1.548049401749802213e-08
1.563842161459693486e-08
1.579310567763612342e-08
1.594931976460918216e-08
1.610707900941677491e-08
1.626639869565315388e-08
1.642729425808705115e-08
1.658978128415683413e-08
1.675387551548063953e-08
1.691959284938141983e-08
1.708694934042705430e-08
1.725596120198570332e-08
1.742664480779655487e-08
1.759901669355612538e-08
1.777309355852009161e-08
1.794889226712131223e-08
1.811984357641875419e-08
1.829032724262042687e-08
1.846241493373097787e-08
1.863612174149480703e-08
1.881146289964947641e-08
1.898845378526194114e-08
1.916710992007678103e-08
1.934744697187773656e-08
1.952948075586143087e-08
1.971322723602460459e-08
1.989870252656400987e-08
2.008592289328946972e-08
2.027490475505064221e-08
2.046566468517658932e-08
2.065547204273081065e-08
2.083858755576847857e-08
2.102332642996897912e-08
2.120970305680268850e-08
2.139773195532350002e-08
2.158742777330019873e-08
2.177880528835740821e-08
2.197187940912665866e-08
2.216666517640806948e-08
2.236317776434191162e-08
2.256143248159056596e-08
2.276144477253141037e-08
2.296323021845959993e-08
2.316680453880219266e-08
2.337218359234258532e-08
2.356886945160451174e-08
2.376336260921576368e-08
2.395946074785650385e-08
2.415717711202411351e-08
2.435652505551114638e-08
2.455751804230713427e-08
2.476016964750821437e-08
2.496449355823381081e-08
2.517050357455116124e-08
2.537821361040717546e-08
2.558763769456847986e-08
2.579878997156878739e-08
2.601168470266404303e-08
2.622633626679597004e-08
2.643877664525403649e-08
2.663873657286185839e-08
2.684020882356939769e-08
2.704320483527422234e-08
2.724773613238004178e-08
2.745381432645131782e-08
2.766145111687227943e-08
2.787065829151097343e-08
2.808144772738879436e-08
2.829383139135461360e-08
2.850782134076397064e-08
2.872342972416393242e-08
2.894066878198261777e-08
2.915955084722393982e-08
2.938008834616809234e-08
2.958620547687300816e-08
2.978705770375866652e-08
2.998927345855859300e-08
3.019286199787103575e-08
3.039783264113457503e-08
3.060419477105495505e-08
3.081195783403420867e-08
3.102113134060335893e-08
3.123172486585765501e-08
3.144374804989493163e-08
3.165721059825686027e-08
3.187212228237324443e-08
3.208849294000930595e-08
3.230633247571595585e-08
3.252020219112103434e-08
3.271266737316949656e-08
3.290627162705045795e-08
3.310102169416307119e-08
3.329692435580447378e-08
3.349398643340575288e-08
3.369221478876924692e-08
3.389161632430787867e-08
3.409219798328531561e-08
3.429396675005751988e-08
3.449692965031642905e-08
3.470109375133404061e-08
3.490646616220898456e-08
3.511305403411387691e-08
3.532086456054406938e-08
3.550597951372789492e-08
3.568077232597718252e-08
3.585642562785758049e-08
3.603294365548381226e-08
3.621033066582462521e-08
3.638859093680542725e-08
3.656772876741151232e-08
3.674774847779166976e-08
3.692865440936241566e-08
3.711045092491266759e-08
3.729314240870898850e-08
3.747673326660128049e-08
3.766122792612906761e-08
3.784663083662824851e-08
3.802591030580919219e-08
3.817081351813581904e-08
3.831626890503955997e-08
3.846227857066123713e-08
3.860884462715979903e-08
3.875596919474287995e-08
3.890365440169746511e-08
3.905190238442070155e-08
3.920071528745076849e-08
3.935009526349792636e-08
3.950004447347564529e-08
3.965056508653178653e-08
3.980165928008038598e-08
3.995332923983233931e-08
4.010557715982776128e-08
4.022473867065565424e-08
4.032638188055048329e-08
4.042828193094841863e-08
4.053043947085546151e-08
4.063285515091731677e-08
4.073552962342405150e-08
4.083846354231390012e-08
4.094165756317760536e-08
4.104511234326228289e-08
4.114882854147605352e-08
4.125280681839204676e-08
4.135704783625231171e-08
4.146155225897258164e-08
4.156632075214620475e-08
4.166289082541118579e-08
4.170780207957509428e-08
4.175276174662420913e-08
4.179776987874604339e-08
4.184282652818440472e-08
4.188793174723946820e-08
4.193308558826754465e-08
4.197828810368164982e-08
4.202353934595119330e-08
4.206883936760217045e-08
4.211418822121716242e-08
4.215958595943546845e-08
4.220503263495311256e-08
4.225052830052292949e-08
4.229607300895461110e-08
4.229814221770120352e-08
4.227435198652467023e-08
4.225057513596179045e-08
4.222681165848684848e-08
4.220306154657807926e-08
4.217932479271822419e-08
4.215560138939416721e-08
4.213189132909700757e-08
4.210819460432216569e-08
4.208451120756900603e-08
4.206084113134139286e-08
4.203718436814729992e-08
4.201354091049893610e-08
4.198991075091278517e-08
4.195743239356804402e-08
4.185608998933804883e-08
4.175499236373993887e-08
4.165413892554443902e-08
4.155352908495057025e-08
4.145316225358193057e-08
4.135303784448300916e-08
4.125315527211624820e-08
4.115351395235839668e-08
4.105411330249680458e-08
4.095495274122661714e-08
4.085603168864671833e-08
4.075734956625690519e-08
4.065890579695426811e-08
4.056069980502956448e-08
4.041227411794383830e-08
4.023097903696672273e-08
4.005049727093176750e-08
3.987082517119495454e-08
3.969195910548085989e-08
3.951389545780870368e-08
3.933663062841947888e-08
3.916016103370346377e-08
3.898448310612717199e-08
3.880959329416190399e-08
3.863548806221135216e-08
3.846216389054040375e-08
3.828961727520418863e-08
3.811784472797679620e-08
3.793929537739733408e-08
3.768300425813814321e-08
3.742844446090696825e-08
3.717560429011319926e-08
3.692447212917372076e-08
3.667503643997861925e-08
3.642728576236130450e-08
3.618120871357222419e-08
3.593679398775535124e-08
3.569403035542935623e-08
3.545290666297104970e-08
3.521341183210355585e-08
3.497553485938672956e-08
3.473926481571220569e-08
3.450459084580067175e-08
3.422343351041143684e-08
3.390920474669217522e-08
3.359786113229372789e-08
3.328937617668580722e-08
3.298372363256561498e-08
3.268087749362499738e-08
3.238081199233745892e-08
3.208350159776577647e-08
3.178892101338975019e-08
3.149704517495384646e-08
3.120784924833460056e-08
3.092130862742764004e-08
3.063739893205407732e-08
3.035609600588617900e-08
3.007293945647451677e-08
2.972429562078104373e-08
2.937969370870280925e-08
2.903908686111058234e-08
2.870242876212604894e-08
2.836967363282351645e-08
2.804077622500493295e-08
2.771569181504707297e-08
2.739437619781977472e-08
2.707678568067523882e-08
2.676287707750647267e-08
2.645260770287485403e-08
2.614593536620581790e-08
2.584281836605154172e-08
2.554321548442068516e-08
2.521638895442285501e-08
2.486869728137782548e-08
2.452579969283577024e-08
2.418763008641899878e-08
2.385412327119099762e-08
2.352521495508863191e-08
2.320084173252843216e-08
2.288094107218349852e-08
2.256545130492894807e-08
2.225431161195361220e-08
2.194746201303563154e-08
2.164484335497966877e-08
2.134639730021383342e-08
2.105206631554310931e-08
2.076055550676309685e-08
2.043831311294532000e-08
2.012107251979421394e-08
1.980875609007023498e-08
1.950128739160803366e-08
1.919859117861160160e-08
1.890059337323936490e-08
1.860722104747548872e-08
1.831840240528255890e-08
1.803406676503089924e-08
1.775414454220120250e-08
1.747856723235507194e-08
1.720726739437028058e-08
1.694017863393622499e-08
1.667723558730525256e-08
1.640847384869911299e-08
1.613507819873029133e-08
1.586623782807090775e-08
1.560187683730702695e-08
1.534192059165001588e-08
1.508629569986541459e-08
1.483492999355306119e-08
1.458775250677229329e-08
1.434469345600691724e-08
1.410568422046372636e-08
1.387065732269929073e-08
1.363954640956983221e-08
1.341228623349807171e-08
1.318881263405263824e-08
1.296896377280625396e-08
1.273951613340968915e-08
1.251412789460574495e-08
1.229272723724983262e-08
1.207524361282588091e-08
1.186160772096607181e-08
1.165175148736853440e-08
1.144560804210595934e-08
1.124311169831737669e-08
1.104419793127763594e-08
1.084880335783659605e-08
1.065686571622231969e-08
1.046832384620181295e-08
1.028311766959221993e-08
1.010118817111735708e-08
9.914908216551440983e-09
9.724457726245393865e-09
9.537665503718089193e-09
9.354461279141819027e-09
9.174776132466689354e-09
8.998542467493413067e-09
8.825693986444135154e-09
8.656165665021704728e-09
8.489893727947988862e-09
8.326815624972233457e-09
8.166870007339920521e-09
8.009996704713964204e-09
7.856136702539057264e-09
7.705232119840831641e-09
7.557226187451443872e-09
7.399088585883995657e-09
7.244009366774867848e-09
7.092180489099059402e-09
6.943533828194287687e-09
6.798002687238859623e-09
6.655521767325288756e-09
6.516027138161135276e-09
6.379456209383805951e-09
6.245747702476677971e-09
6.114841623273842032e-09
5.986679235040994093e-09
5.861203032120808413e-09
5.738356714130313027e-09
5.618085160699434904e-09
5.498971406568781986e-09
5.380862748541672737e-09
5.265290865862116740e-09
5.152201272861776628e-09
5.041540654132926603e-09
4.933256839393073150e-09
4.827298778889675890e-09
4.723616519333007543e-09
4.622161180346053878e-09
4.522884931420017895e-09
4.425740969365071920e-09
4.330683496245136094e-09
4.237667697786797620e-09
4.146649722251853985e-09
4.057586659763745074e-09
3.972518190463542762e-09
3.889331513470914944e-09
3.807886810434662966e-09
3.728147603479099585e-09
3.650078178594898933e-09
3.573643569643446752e-09
3.498809542695915057e-09
3.425542580700440885e-09
3.353809868470362373e-09
3.283579277986754106e-09
3.214819354008735695e-09
3.147499299985165263e-09
3.081588964261357229e-09
3.017058826574513439e-09
2.953724457996478834e-09
2.891526366071469879e-09
2.830638011291588847e-09
2.771031813849531162e-09
2.712680774700183448e-09
2.655558463331149017e-09
2.599639005790907443e-09
2.544897072969015655e-09
2.491307869123109116e-09
2.438847120647496409e-09
2.387491065078251370e-09
2.337216440329884367e-09
2.288000474158521679e-09
2.239820873847146485e-09
2.192655816107943729e-09
2.148148491784954810e-09
2.104672383002440409e-09
2.062076181750572173e-09
2.020342079690836940e-09
1.979452628905447890e-09
1.939390734602871339e-09
1.900139647970897738e-09
1.861682959174440950e-09
1.824004590495017018e-09
1.787088789609068927e-09
1.750920123002368568e-09
1.715483469517630975e-09
1.680764014032790833e-09
1.646747241267186140e-09
1.613873865196986531e-09
1.582287916794987761e-09
1.551320153096253894e-09
1.520958475292704910e-09
1.491191021368228172e-09
1.462006161464253258e-09
1.433392493336119993e-09
1.405338837898307183e-09
1.377834234856883209e-09
1.350867938427400444e-09
1.324429413136655652e-09
1.298508329706558817e-09
1.273094561018593557e-09
1.248178178157228832e-09
1.223749446530823193e-09
1.200613552722015595e-09
1.178003191332003160e-09
1.155818635931788215e-09
1.134051867598652169e-09
1.112695018424918907e-09
1.091740368674035051e-09
1.071180343990138620e-09
1.051007512660203694e-09
1.031214582927748425e-09
1.011794400357107554e-09
9.927399452473856187e-10
9.740443300950665586e-10
9.557007971044461644e-10
9.377027157449123052e-10
9.201955093028221350e-10
9.032509705282853475e-10
8.866184495710231076e-10
8.702922009150592248e-10
8.542665848427151997e-10
8.385360654864259666e-10
8.230952089164451421e-10
8.079386812637618009e-10
7.930612468775692062e-10
7.784577665166580791e-10
7.641231955741476235e-10
7.500525823348572021e-10
7.362410662648143931e-10
7.226838763322289964e-10
7.093763293593888097e-10
6.963278669804322194e-10
6.835214065937126387e-10
6.709504752378041801e-10
6.586107411986592071e-10
6.464979524286187795e-10
6.346079350812230842e-10
6.229365920729962270e-10
6.114799016716553083e-10
6.002339161102972097e-10
5.891947602270700910e-10
5.783586301298629660e-10
5.677217918855540619e-10
5.572805802333653955e-10
5.470313973218802962e-10
5.368859832935014735e-10
5.267814232916679841e-10
5.168670379936036745e-10
5.071392481818119706e-10
4.975945420021060881e-10
4.882294736957940647e-10
4.790406623557039632e-10
4.700247907056424823e-10
4.611786039028143424e-10
4.524989083627814135e-10
4.439825706065462868e-10
4.356265161293154757e-10
4.274277282905724430e-10
4.193832472250304763e-10
4.114901687740824275e-10
4.034492688760986304e-10
3.955132133215276628e-10
3.877332640797529665e-10
3.801063504589535303e-10
3.726294621694013644e-10
3.652996481353210339e-10
3.581140153301282114e-10
3.510697276345574025e-10
3.441640047172798857e-10
3.373941209375194343e-10
3.307574042692605026e-10
3.242512352466251537e-10
3.178730459299746349e-10
3.116203188923747443e-10
3.053634461150993952e-10
2.989840847903848174e-10
2.927379949866376998e-10
2.866223925225878689e-10
2.806345513814233603e-10
2.747718024956694397e-10
2.690315325574585534e-10
2.634111828536550406e-10
2.579082481253099152e-10
2.525202754509533901e-10
2.472448631532060892e-10
2.420796597282375549e-10
2.370223627975891884e-10
2.320707180818903836e-10
2.272225183960238443e-10
2.221964807772080496e-10
2.172220803668079816e-10
2.123590438239022897e-10
2.076048780015867884e-10
2.029571455680221504e-10
1.984134637568800109e-10
1.939715031457632328e-10
1.896289864619743410e-10
1.853836874150195447e-10
1.812334295552499357e-10
1.771760851580549679e-10
1.732095741330348522e-10
1.693318629575983804e-10
1.655409636344238239e-10
1.617493037065389847e-10
1.578562355928158554e-10
1.540568679092694123e-10
1.503489454242016197e-10
1.467302671860263016e-10
1.431986852168304477e-10
1.397521032373731652e-10
1.363884754227757968e-10
1.331058051881572955e-10
1.299021440035037646e-10
1.267755902370539638e-10
1.237242880265310497e-10
1.207464261775361607e-10
1.178402370884593715e-10
1.150039957012631499e-10
1.120738405972682047e-10
1.091774223904465321e-10
1.063558587472241794e-10
1.036072151383683103e-10
1.009296070303066116e-10
9.832119859304758889e-11
9.578020144149309624e-11
9.330487340928010616e-11
9.089351735431094093e-11
8.854447999515521604e-11
8.625615077751818316e-11
8.402696077001120960e-11
8.185538158845435381e-11
7.973992434798079139e-11
7.763944237553373342e-11
7.549542171911376702e-11
7.341060839899744158e-11
7.138336739890742559e-11
6.941210885369818570e-11
6.749528680250225310e-11
6.563139797630998960e-11
6.381898061903036789e-11
6.205661334110713792e-11
6.034291400479237154e-11
5.867653864020576951e-11
5.705618039132337294e-11
5.548056849107673794e-11
5.394846726475113516e-11
5.245867516090840395e-11
5.094201618237596839e-11
4.944922353812913147e-11
4.800017533208316624e-11
4.659358968769534448e-11
4.522822229222680913e-11
4.390286529598082758e-11
4.261634624379864605e-11
4.136752703786725147e-11
4.015530293091927420e-11
3.897860154893671064e-11
3.783638194249318962e-11
3.672763366589458038e-11
3.565137588330591555e-11
3.460665650107036150e-11
3.357907870938836100e-11
3.254369687889222786e-11
3.154024015105287147e-11
3.056772414296005049e-11
2.962519482429860220e-11
2.871172758145209914e-11
2.782642631046521213e-11
2.696842253797208361e-11
2.613687456923189763e-11
2.533096666243228423e-11
2.454990822845398285e-11
2.379293305530898514e-11
2.305929855649260815e-11
2.234828504251237024e-11
2.165919501487860752e-11
2.097012513954025517e-11
2.029579588589417633e-11
1.964315081101640030e-11
1.901149262407132387e-11
1.840014645676988330e-11
1.780845914233513295e-11
1.723579851765462372e-11
1.668155274787177789e-11
1.614512967269791849e-11
1.562595617374332000e-11
1.512347756219316032e-11
1.463715698617438782e-11
1.416647485717845621e-11
1.371092829492990614e-11
1.326659445251992664e-11
1.282538364081084746e-11
1.239884629945361177e-11
1.198649442877447550e-11
1.158785625864020898e-11
1.120247570870776917e-11
1.082991186662459083e-11
1.046973848358248081e-11
1.012154348664826499e-11
9.784928507312359749e-12
9.459508425717375868e-12
9.144910930043768303e-12
8.840776090549565696e-12
8.546755947775981449e-12
8.262514114448411867e-12
7.987725390617217715e-12
7.722075391597760578e-12
7.465260188283967440e-12
7.216985959424410832e-12
6.976968655462411106e-12
6.744933673556360329e-12
6.520615543407410497e-12
6.303757623536082200e-12
6.094111807659873821e-12
5.891438240835587624e-12
5.695505045042507268e-12
5.506088053891523802e-12
5.322970556157377990e-12
5.145943047840098464e-12
4.974802992472312590e-12
4.809354589398167988e-12
4.649408549758574785e-12
4.494781879926479146e-12
4.345297672144677078e-12
4.200784902126249792e-12
4.061078233386532688e-12
3.926017828082125675e-12
3.795449164141138725e-12
3.669222858475092243e-12
3.547194496070315050e-12
3.429224464763306262e-12
3.315177795511012751e-12
3.204924007973271802e-12
3.098336961230839749e-12
2.995294709467935686e-12
2.895679362454653369e-12
2.799376950669138618e-12
2.706277294905574455e-12
2.616273880218529341e-12
2.529263734059639314e-12
2.445147308467164934e-12
2.363828366173564737e-12
2.285213870500767071e-12
2.209213878917331339e-12
2.135741440135496757e-12
2.064712494630652932e-12
1.996045778469081334e-12
1.929662730334249105e-12
1.865487401645150838e-12
1.803446369663761016e-12
1.743468653492449109e-12
1.685485632864972426e-12
1.629430969638337663e-12
1.575240531895560108e-12
1.522852320572595589e-12
1.472206398525483901e-12
1.423244821956498655e-12
1.375911574120849626e-12
1.330152501238178074e-12
1.285915250535398631e-12
1.243149210350154113e-12
1.201805452226161036e-12
1.161836674934383458e-12
1.123197150355875547e-12
1.085842671164446778e-12
1.049730500249188056e-12
1.014819321819161698e-12
9.810691941341402915e-13
9.484415038074432965e-13
9.168989216284932551e-13
8.864053598546165286e-13
8.569259309232155325e-13
8.284269075370461472e-13
8.008756840769338160e-13
7.742407392978320899e-13
7.484916002654717523e-13
7.235988074924306155e-13
6.995338812336185199e-13
6.762692889027312044e-13
6.537784135723241088e-13
6.320355235214920442e-13
6.110157427963095467e-13
5.906950227493513658e-13
5.710501145257279996e-13
5.520585424641751420e-13
5.336985783827160614e-13
5.159492167195582529e-13
4.987901505006999614e-13
4.822017481068130979e-13
4.661650308127747457e-13
4.506616510741825935e-13
4.356738715360189354e-13
4.211845447393946245e-13
4.071770935032192433e-13
3.936354919583122031e-13
3.805442472122696066e-13
3.678883816241077146e-13
3.556534156684037650e-13
3.438253513693283385e-13
3.323906562856170679e-13
3.213362480281584629e-13
3.106494792924846509e-13
3.003181233890405688e-13
2.903303602546761794e-13
2.806747629293649771e-13
2.713402844826527761e-13
2.623162453749205217e-13
2.535923212389583504e-13
2.451585310679036883e-13
2.370052257960057757e-13
2.291230772591680777e-13
2.215030675226369344e-13
2.141364785636180945e-13
2.070148822970169204e-13
2.001301309329042971e-13
1.934743476546576805e-13
1.870399176071346786e-13
1.808194791845394863e-13
1.748059156080423222e-13
1.689923467835039102e-13
1.633721214299800138e-13
1.579388094700245194e-13
1.526861946730592493e-13
1.476082675434125819e-13
1.426992184448760650e-13
1.379534309539231039e-13
1.333654754339834126e-13
1.289301028234173106e-13
1.246422386300824411e-13
1.204969771256298471e-13
1.164895757328789414e-13
1.126154495998541075e-13
1.088701663542735728e-13
1.052494410324900624e-13
1.017491311770809154e-13
9.836523209747903874e-14
9.509387228822240958e-14
9.193130899958002652e-14
8.887392395548656509e-14
8.591821921388854015e-14
8.306081316476088310e-14
8.029843666122048446e-14
7.762792927930967742e-14
7.504623570216762453e-14
7.255040222445284617e-14
7.013757337302240192e-14
6.780498863999454426e-14
6.554997932446561493e-14
