4.477456623200589887e-09
4.540253156271541215e-09
4.603930413578929486e-09
4.668500747320321925e-09
4.733976682933342843e-09
4.800370921525527434e-09
4.867696342337944405e-09
4.935966005243683432e-09
5.005193153281070973e-09
5.075391215222726984e-09
5.146573808180340127e-09
5.218754740246293045e-09
5.291948013172006181e-09
5.366167825084190462e-09
5.441428573238841751e-09
5.517744856814216185e-09
5.595131479742619308e-09
5.673603453582272935e-09
5.752252178877418773e-09
5.831499357515848839e-09
5.911838302496699099e-09
5.993284054781310587e-09
6.075851862546069242e-09
6.159557184037344521e-09
6.244415690465369189e-09
6.330443268938354007e-09
6.417656025436784367e-09
6.506070287828681396e-09
6.595702608926669593e-09
6.686569769586760014e-09
6.778688781850262649e-09
6.872076892128536839e-09
6.966751584432067807e-09
7.062730583643578986e-09
7.160031858836686428e-09
7.258673626639822323e-09
7.358674354646959570e-09
7.460052764874859477e-09
7.562827837268421652e-09
7.667018813253844944e-09
7.772645199341233935e-09
7.879726770776330022e-09
7.988283575243061178e-09
8.098335936616597703e-09
8.209904458768614651e-09
8.323010029424464806e-09
8.437673824074017482e-09
8.553917309935843850e-09
8.671762249976515660e-09
8.791230706984949526e-09
8.912345047702855553e-09
9.035127947012473200e-09
9.159602392181440490e-09
9.285791687166738821e-09
9.413719456977334504e-09
9.543409652097523778e-09
9.674886552970610732e-09
9.808174774544969523e-09
9.943299270882118678e-09
1.008028533982887708e-08
1.021915862775338821e-08
1.035994513434669847e-08
1.050267121749036270e-08
1.064736359819114402e-08
1.079404936558368297e-08
1.094275598200209745e-08
1.109351128812144289e-08
1.124634350817001384e-08
1.140128125521344988e-08
1.155835353651163662e-08
1.171758975894941613e-08
1.187901973454210254e-08
1.204267368601685676e-08
1.220799522909135748e-08
1.237235944348707381e-08
1.253893660066877912e-08
1.270775649493078790e-08
1.287884932170743346e-08
1.305224568297390711e-08
1.322797659271981159e-08
1.340607348249626731e-08
1.358656820703798270e-08
1.376949304996073696e-08
1.395488072953572114e-08
1.414276440454161099e-08
1.433317768019529479e-08
1.452615461416273183e-08
1.472172972265045934e-08
1.491993798657925001e-08
1.512081485784088961e-08
1.532439626563905405e-08
1.553071862291585256e-08
1.573981883286461610e-08
1.595173429553034198e-08
1.616650291449950384e-08
1.638416310367907806e-08
1.660475379416770143e-08
1.682831444121882137e-08
1.705488503129763836e-08
1.728450608923334963e-08
1.751721868546736889e-08
1.775306444339929235e-08
1.799208554683177240e-08
1.823432474751543711e-08
1.847982537279577134e-08
1.872863133336258474e-08
1.898078713110397923e-08
1.923633786706608963e-08
1.949532924951977543e-08
1.975780760213633176e-08
2.002381987227284796e-08
2.029341363936935813e-08
2.056663712345901415e-08
2.084353919379265462e-08
2.112416937757988376e-08
2.140857786884748753e-08
2.169681553741708959e-08
2.198893393800407838e-08
2.228498531943861964e-08
2.258502263401100393e-08
2.288909954694284152e-08
2.319727044598553719e-08
2.350959045114846358e-08
2.382611542455763726e-08
2.414690198044736901e-08
2.447200749528643348e-08
2.480149011804034322e-08
2.513540878057225813e-08
2.547382320818346677e-08
2.581013774783861435e-08
2.614735161148629820e-08
2.648897123193178280e-08
2.683505417114120614e-08
2.718565874313746376e-08
2.754084402382619125e-08
2.790066986094983410e-08
2.826519688417183302e-08
2.863448651529248643e-08
2.900860097859858804e-08
2.938760331134771937e-08
2.977155737439005285e-08
3.016052786292870435e-08
3.055458031742068329e-08
3.095378113462019711e-08
3.135819757876660992e-08
3.176789779291788556e-08
3.218295081043274129e-08
3.260342656660254754e-08
3.302939591043521724e-08
3.346093061659298372e-08
3.389810339748654229e-08
3.434098791552644219e-08
3.478965879553532203e-08
3.524419163732185588e-08
3.570466302841910305e-08
3.617115055698953815e-08
3.664373282489804508e-08
3.712248946095637564e-08
3.760750113434032350e-08
3.809884956818227367e-08
3.859661755334130456e-08
3.910088896235313913e-08
3.961174876356277039e-08
4.012928303544091971e-08
4.065357898108831134e-08
4.118472494292910002e-08
4.172281041759632356e-08
4.226792607101174955e-08
4.282016375366317997e-08
4.337961651608047102e-08
4.394637862451468213e-08
4.452054557682153186e-08
4.510221411855248280e-08
4.569148225925645316e-08
4.628844928899358432e-08
4.689321579506573635e-08
4.750588367896507463e-08
4.812655617354417550e-08
4.875533786041049631e-08
4.939233468754797609e-08
5.003765398716939308e-08
5.069140449380093510e-08
5.135369636260405816e-08
5.202464118793626139e-08
5.270027690800061596e-08
5.336230463745210387e-08
5.403264884530316548e-08
5.471141400423679822e-08
5.539870589933510810e-08
5.609463164456624352e-08
5.679929969947795887e-08
5.751281988610095106e-08
5.823530340606453664e-08
5.896686285792734959e-08
5.970761225472564050e-08
6.045766704174261167e-08
6.121714411449974768e-08
6.198616183697539552e-08
6.276484006005160036e-08
6.355330014019271730e-08
6.435166495835884971e-08
6.516005893915652301e-08
6.597860807023074968e-08
6.680743992189931907e-08
6.764668366703506946e-08
6.849647010119726718e-08
6.935693166301598389e-08
7.022820245483259539e-08
7.111041826359951231e-08
7.200371658204234540e-08
7.290823663008864789e-08
7.382411937656434686e-08
7.475150756116424262e-08
7.569054571669774087e-08
7.664138019161417194e-08
7.760415917281112489e-08
7.857903270872927727e-08
7.956615273273712191e-08
8.056567308681039497e-08
8.157774954550722448e-08
8.260253984024617238e-08
8.364020368388837482e-08
8.469090279562869052e-08
8.575480092619951024e-08
8.683206388339107864e-08
8.792285955789313272e-08
8.902735794945960407e-08
9.014573119340355790e-08
9.127815358742428827e-08
9.242480161877139995e-08
9.358585399175029762e-08
9.476149165557310559e-08
9.595189783255926659e-08
9.715725804669139147e-08
9.837776015252793477e-08
9.961359436448087532e-08
1.008649532864604135e-07
1.021320319418920852e-07
1.034150278041110302e-07
1.047141408271381274e-07
1.059899377307344447e-07
1.072602168968432739e-07
1.085457202360615722e-07
1.098466302086333192e-07
1.111631314615711357e-07
1.124954108548642375e-07
1.138436574880007578e-07
1.152080627268077194e-07
1.165888202306137806e-07
1.179861259797352684e-07
1.194001783032938657e-07
1.208311779073666395e-07
1.222793279034734005e-07
1.237448338374065803e-07
1.252279037184043837e-07
1.267287480486758685e-07
1.282475798532784714e-07
1.297846147103551780e-07
1.313400707817313650e-07
1.329141688438811067e-07
1.345071323192632122e-07
1.361191873080327621e-07
1.377505626201342081e-07
1.394014898077762713e-07
1.410722031982987537e-07
1.427629399274320272e-07
1.444739399729550267e-07
1.462054461887579649e-07
1.479577043393107235e-07
1.497309631345468201e-07
1.515254742651643002e-07
1.533414924383496694e-07
1.551792754139313241e-07
1.570390840409634608e-07
1.589211822947511826e-07
1.608258373143182083e-07
1.627533194403233484e-07
1.647039022534330309e-07
1.666778626131505351e-07
1.686754806971139794e-07
1.706970400408632741e-07
1.727428275780841657e-07
1.748131336813358835e-07
1.769082522032637132e-07
1.790284805183088316e-07
1.811741195649164082e-07
1.833454738882494119e-07
1.855428516834162760e-07
1.877665648392129767e-07
1.900169289823928922e-07
1.922942635224656076e-07
1.945988916970327919e-07
1.969311406176671818e-07
1.992913413163432746e-07
2.016798287924206583e-07
2.040663496294613821e-07
2.063133137317253725e-07
2.085850190403965902e-07
2.108817379796281143e-07
2.132037459732231044e-07
2.155513214776603238e-07
2.179247460154903460e-07
2.203243042090922526e-07
2.227502838148094055e-07
2.252029757574535985e-07
2.276826741651967265e-07
2.301896764048389351e-07
2.327242831174728629e-07
2.352867982545334168e-07
2.378775291142490676e-07
2.404967863784948237e-07
2.431448841500458785e-07
2.458221399902489509e-07
2.485288749571009160e-07
2.512654136437519052e-07
2.540320842174319761e-07
2.568292184588016160e-07
2.596571518017432855e-07
2.625162233735827246e-07
2.654067760357611456e-07
2.683291564249474599e-07
2.712837149946113428e-07
2.742708060570454380e-07
2.772907878258589892e-07
2.803440224589307748e-07
2.834308761018436339e-07
2.865517189317882485e-07
2.897069252019597934e-07
2.928968732864343238e-07
2.961219457255454422e-07
2.993825292717605025e-07
3.026790149360560880e-07
3.060117980348129839e-07
3.093812782372177827e-07
3.127878596131966373e-07
3.162319506818669220e-07
3.197139644605290888e-07
3.232343185141978191e-07
3.267934350056720997e-07
3.303917407461665115e-07
3.340296672464892780e-07
3.377076507687947604e-07
3.414261323788947831e-07
3.451855579991569006e-07
3.489863784619741455e-07
3.528290495638347951e-07
3.567140321199759543e-07
3.606417920196506027e-07
3.646128002819921703e-07
3.686275331125014707e-07
3.726864719601560444e-07
3.763674469682917234e-07
3.798608278265392998e-07
3.833866336724394020e-07
3.869451654694037867e-07
3.905367269743395478e-07
3.941616247635730360e-07
3.978201682590226475e-07
4.015126697546102117e-07
4.052394444429184937e-07
4.090008104420959789e-07
4.127970888230116905e-07
4.166286036366616281e-07
4.204956819418301116e-07
4.243986538330063986e-07
4.283378524685652059e-07
4.323136140992001232e-07
4.363262780966292422e-07
4.403761869825632069e-07
4.444636864579430437e-07
4.485891254324490956e-07
4.527528560542840766e-07
4.569552337402325773e-07
4.611966172059993499e-07
4.654773684968285959e-07
4.697978530184117222e-07
4.741584395680730826e-07
4.785595003662541922e-07
4.830014110882854040e-07
4.874845508964542057e-07
4.920093024723697133e-07
4.965760520496292378e-07
5.011851894467859724e-07
5.058371081006287051e-07
5.105322050997550282e-07
5.152708812184807143e-07
5.200535409510388837e-07
5.248805925461129014e-07
5.297524480416832077e-07
5.346695233001991962e-07
5.396322380440771998e-07
5.446410158915281847e-07
5.496962843927167399e-07
5.547984750662611029e-07
5.599480234360613060e-07
5.651453690684796866e-07
5.703909556098613770e-07
5.756852308244043001e-07
5.810286466323799429e-07
5.864216591487096725e-07
5.918647287218984991e-07
5.973583199733309466e-07
6.029029018369295586e-07
6.084989475991882162e-07
6.141469349395649165e-07
6.198473459712609027e-07
6.254488942169269282e-07
6.302711485514559038e-07
6.351305828012148610e-07
6.400274836259251304e-07
6.449621398954785234e-07
6.499348427069732821e-07
6.547850833515800365e-07
6.595730299039525013e-07
6.643959870770175244e-07
6.692542108768830362e-07
6.741479591816350381e-07
6.790516912937798009e-07
6.837219628723783508e-07
6.884243548873097721e-07
6.931590882513037912e-07
6.979263853964438373e-07
7.027264702846219695e-07
7.073757740913878619e-07
7.119070643358456162e-07
7.164673810073178203e-07
7.210569100425760453e-07
7.256758385694563466e-07
7.303165858481890853e-07
7.346117354374769849e-07
7.389321457292490575e-07
7.432779652871527973e-07
7.476493435485709359e-07
7.520464308297593327e-07
7.562582385134012652e-07
7.602696689097386155e-07
7.643023771884266893e-07
7.683564762140100816e-07
7.724320794497068513e-07
7.765293009605780126e-07
7.801740264954131300e-07
7.838122458022237064e-07
7.874674313746061391e-07
7.911396623320775931e-07
7.948290181631235262e-07
7.983025279394327040e-07
8.014666906103240313e-07
8.046433947990703029e-07
8.078326902154010264e-07
8.110346267660756319e-07
8.142492545556648589e-07
8.169083163605625034e-07
8.195020944374852367e-07
8.221041080588089769e-07
8.247143833733399313e-07
8.273329466129048649e-07
8.297047867681215266e-07
8.316113554667925633e-07
8.335223052468562767e-07
8.354376461755489077e-07
8.373573883432349322e-07
8.392815418634721760e-07
8.405474192932231133e-07
8.416671015184722662e-07
8.427882752577713240e-07
8.439109424979467081e-07
8.450351052284715003e-07
8.459004528797766695e-07
8.461090215993610890e-07
8.463176417445129396e-07
8.465263133279119872e-07
8.467350363622409618e-07
8.469438108601858759e-07
8.463809731703201890e-07
8.455614102677264570e-07
8.447426409597108024e-07
8.439246644778223832e-07
8.431074800543597699e-07
8.420455416850585136e-07
8.400955888054632123e-07
8.381501514966349942e-07
8.362092193017165445e-07
8.342727817880638321e-07
8.323408285471972995e-07
8.295765011915659845e-07
8.264331153981524886e-07
8.233016403498384116e-07
8.201820309150814912e-07
8.170742421333495938e-07
8.137798672276826340e-07
8.093659195902399474e-07
8.049759132353594301e-07
8.006097183053619451e-07
7.962672056469123558e-07
7.919482468072056542e-07
7.868007341960050587e-07
7.811563046337228680e-07
7.755523676430634329e-07
7.699886327343804129e-07
7.644648115019709806e-07
7.588674332219367910e-07
7.520332441304026875e-07
7.452606022057323429e-07
7.385489531680092163e-07
7.318977477290368263e-07
7.253064415473889357e-07
7.180399253576691204e-07
7.102443716404944578e-07
7.025334520162304815e-07
6.949062476367864640e-07
6.873618496297321165e-07
6.798834188102475057e-07
6.713010438912815323e-07
6.628270068979257095e-07
6.544599402476332512e-07
6.461984936212727153e-07
6.380413337451960612e-07
6.295158539039334243e-07
6.205995209216818461e-07
6.118094770445559241e-07
6.031439335396597381e-07
5.946011270093515109e-07
5.861793190323823243e-07
5.772627750330715842e-07
5.684470126334352710e-07
5.597658815837621135e-07
5.512173258394854266e-07
5.427993207552565948e-07
5.344067545994296094e-07
5.259988875221522007e-07
5.177233021351430150e-07
5.095779172392787628e-07
5.015606843791241045e-07
4.936695873277601766e-07
4.860192474222091067e-07
4.785034416991158401e-07
4.711038604588325093e-07
4.638187064049809555e-07
4.566462100345893504e-07
4.497404414760813406e-07
4.432318666239942681e-07
4.368174828712581305e-07
4.304959270986966948e-07
4.242658559139831450e-07
4.181259453661614975e-07
4.125646667854730492e-07
4.071906492482301061e-07
4.018866330145782538e-07
3.966517062559886986e-07
3.914849690213010601e-07
3.865162218897441593e-07
3.819485710167803117e-07
3.774348983038920670e-07
3.729745658648137834e-07
3.685669433514901908e-07
3.642114078649988589e-07
3.599286493692573864e-07
3.557035516175004181e-07
3.515280510596399034e-07
3.474015654886396619e-07
3.433235195318226987e-07
3.391622395678494022e-07
3.345609088262132589e-07
3.300220032077885637e-07
3.255446758062735168e-07
3.211280912051332492e-07
3.167714253217257496e-07
3.116299667568536120e-07
3.061728921453214757e-07
3.008113785083186867e-07
2.955437524401288177e-07
2.903683698386977576e-07
2.850754794993342543e-07
2.786384565915340579e-07
2.723467820805455277e-07
2.661971739900956509e-07
2.601864244511484891e-07
2.543113980285600396e-07
2.479538826671655473e-07
2.413682336494733047e-07
2.349574993075176287e-07
2.287170339118182720e-07
2.226423151233541961e-07
2.167275466870916873e-07
2.109527979387934570e-07
2.053319185237462749e-07
1.998608085628489039e-07
1.945354774190948271e-07
1.893520407867987932e-07
1.847806372368498132e-07
1.807150619871169999e-07
1.767389382208217461e-07
1.728502978110930561e-07
1.690472159341268641e-07
1.653334305565345147e-07
1.626418393511356088e-07
1.599940666474918879e-07
1.573893990902119988e-07
1.548271349371714112e-07
1.523065838704498725e-07
1.498521581476738431e-07
1.474649055724665326e-07
1.451156836464552827e-07
1.428038865140670977e-07
1.405289179714425167e-07
1.382901913126788318e-07
1.352314449546973441e-07
1.321854091688989422e-07
1.292079841563673340e-07
1.262976244860775029e-07
1.234528195372373889e-07
1.203699967608984288e-07
1.169316282483042194e-07
1.135914767195640119e-07
1.103467366068975026e-07
1.071946824835566960e-07
1.041326667745999467e-07
1.014231819484739066e-07
9.882264369665316583e-08
9.628878447293270015e-08
9.381989459556326641e-08
9.141430821984212679e-08
8.928249661067669264e-08
8.760986983591484864e-08
8.596857821007753638e-08
8.435803469750763488e-08
8.277766326012932076e-08
8.122689865141942702e-08
7.958082604918728976e-08
7.793823264793942861e-08
7.632954330644765871e-08
7.475405822568285713e-08
7.321109205086458900e-08
7.159408695189931205e-08
6.973231105024400443e-08
6.791894989421319976e-08
6.615274447750433665e-08
6.443246853377581891e-08
6.275692768525667937e-08
6.127360182160688941e-08
5.987767469161931285e-08
5.851354938973246085e-08
5.718050141088514514e-08
5.587782275559512714e-08
5.463091551127391505e-08
5.351307901182729923e-08
5.241811524712803663e-08
5.134555620419306072e-08
5.029494344633810854e-08
4.926582791723227879e-08
4.817211302317224307e-08
4.706103891747940614e-08
4.597559137435299346e-08
4.491517932546930276e-08
4.387922533530328708e-08
4.287747726979310013e-08
4.196388288107158815e-08
4.106975453280425527e-08
4.019467746025985285e-08
3.933824573613800409e-08
3.850006208226892259e-08
3.768933430898437910e-08
3.690194316125851650e-08
3.613100188803644050e-08
3.537616682483581218e-08
3.463710148688125826e-08
3.391397983397666732e-08
3.321291102745676069e-08
3.252633469495137464e-08
3.185395124845850962e-08
3.119546729305056532e-08
3.055059549885136559e-08
2.993202279107017528e-08
2.933714035471168776e-08
2.875408087851723432e-08
2.818260938767745687e-08
2.762249557737784103e-08
2.707351371998487246e-08
2.658256949400656423e-08
2.610059571853257639e-08
2.562736070400857610e-08
2.516270600624771235e-08
2.470647605384582080e-08
2.425851809609404582e-08
2.381868215183686059e-08
2.338682095925640706e-08
2.296278992656754515e-08
2.254644708360731258e-08
2.213765303430144425e-08
2.173627090999321419e-08
2.134216632361841047e-08
2.095520732471097155e-08
2.057526435522466598e-08
2.020221020615533087e-08
1.983591997495043728e-08
1.947627102369005125e-08
1.912314293802628632e-08
1.877641748686749655e-08
1.843597858279316450e-08
1.810171224318630881e-08
1.777350655207133130e-08
1.745125162264304955e-08
1.713483956047549325e-08
1.682416442739761330e-08
1.651912220602408157e-08
1.621961076492927315e-08
1.592552982445231468e-08
1.563678092312261076e-08
1.535326738469380472e-08
1.507489428577532115e-08
1.480156842405136044e-08
1.453319828707553836e-08
1.426969402163147592e-08
1.401096740364918343e-08
1.375693180866645082e-08
1.350750218282627735e-08
1.326259501439969674e-08
1.302212830582534364e-08
1.278602154625572947e-08
1.255631455328299242e-08
1.233135607880967988e-08
1.211042795217632759e-08
1.189345796581771718e-08
1.168037520583679140e-08
1.147111002882719400e-08
1.126559403911144794e-08
1.106376006638644574e-08
1.086554214376978973e-08
1.067087548623943369e-08
1.047969646945929178e-08
1.029194260898464260e-08
1.010755253983983555e-08
9.926465996461809703e-09
9.748623793003239187e-09
9.573967803988186698e-09
9.402440945314623545e-09
9.233987155597293183e-09
9.068551377844677954e-09
8.906079541464237419e-09
8.746518544590204112e-09
8.589816236727974403e-09
8.435921401709307518e-09
8.284783740952863384e-09
8.136353857024992154e-09
7.990583237494533500e-09
7.847424239077373958e-09
7.706830072064747087e-09
7.568754785030510208e-09
7.433153249812719198e-09
7.299981146763818610e-09
7.169194950265564329e-09
7.040751914502986110e-09
6.914610059493666026e-09
6.790728157367021505e-09
6.669065718889443820e-09
6.549582980230960075e-09
6.432240889968981703e-09
6.317001096324785193e-09
6.203825934628640424e-09
6.092678415009771657e-09
5.969098375909276524e-09
5.836081313323773226e-09
5.706028440273206249e-09
5.578873701926502126e-09
5.454552515436970653e-09
5.333001737140194657e-09
5.214159630482886038e-09
5.097965834666429989e-09
4.984361333989195831e-09
4.873288427871945181e-09
4.764690701551392779e-09
4.658512997426641941e-09
4.554701387044247291e-09
4.453203143707546565e-09
4.353966715696395455e-09
4.256941700083587541e-09
4.162078817134937815e-09
4.069329885279663409e-09
3.978647796638621537e-09
3.889986493097861294e-09
3.803300942915361195e-09
3.718547117849074124e-09
3.635681970794645416e-09
3.554663413921471272e-09
3.475450297295984339e-09
3.398002387981237331e-09
3.322280349602377936e-09
3.248245722367350988e-09
3.175860903532896367e-09
3.105089128305831668e-09
3.035894451169939153e-09
2.968241727628967561e-09
2.902096596356477737e-09
2.837425461743468257e-09
2.774195476834923172e-09
2.712374526646552648e-09
2.651931211853418698e-09
2.592834832841936819e-09
2.535055374117322915e-09
2.478563489058509030e-09
2.423330485012732104e-09
2.364583941253027969e-09
2.297124823900108188e-09
2.231590244912962711e-09
2.167925299216249812e-09
2.106076648119222481e-09
2.045992474628459675e-09
1.987622440035392081e-09
1.930917641742381948e-09
1.875830572291982626e-09
1.822315079565011537e-09
1.770326328114205442e-09
1.719820761600912367e-09
1.670756066303462188e-09
1.623091135666605020e-09
1.576786035862289992e-09
1.531801972332994170e-09
1.488101257289531883e-09
1.445647278136089057e-09
1.404404466796086801e-09
1.364338269913112961e-09
1.325415119902047479e-09
1.287602406826010137e-09
1.250868451075659843e-09
1.215182476827923879e-09
1.180514586261896020e-09
1.146835734510380698e-09
1.114117705325990316e-09
1.082333087441495042e-09
1.051455251604560136e-09
1.021458328267705035e-09
9.923171859146813432e-10
9.640074100052396773e-10
9.365052825205344805e-10
9.097877620921011396e-10
8.838324646977111436e-10
8.586176449079902524e-10
8.341221776680147976e-10
8.103255405986782939e-10
7.872077968029814007e-10
7.647495781628240648e-10
7.429320691123549207e-10
7.214510994248022435e-10
6.975807835740737652e-10
6.745002537244585399e-10
6.521833785951059816e-10
6.306048914986522725e-10
6.097403617348354107e-10
5.895661669305691770e-10
5.700594662952045618e-10
5.511981747606685830e-10
5.329609379772300434e-10
5.153271081365659458e-10
4.982767205947496109e-10
4.817904712687110873e-10
4.658496947805704748e-10
4.504363433250893863e-10
4.355329662363449530e-10
4.211226902304520832e-10
4.071892003019955461e-10
3.937167212525336648e-10
3.806899998302443978e-10
3.680942874605401652e-10
3.559153235480348327e-10
3.441393193310070121e-10
3.327529422700609960e-10
3.217433009533060465e-10
3.110979305009848567e-10
3.008047784529983698e-10
2.908521911233703313e-10
2.812289004061952399e-10
2.719240110181256969e-10
2.629269881629745719e-10
2.542276456044355187e-10
2.458161341334526042e-10
2.376829304171535145e-10
2.298188262167335685e-10
2.222149179620911232e-10
2.148625966713925900e-10
2.077535382041687709e-10
2.008796938369023944e-10
1.942332811504327059e-10
1.878067752188724311e-10
1.815929000900446167e-10
1.752209209382949616e-10
1.690134131868710013e-10
1.630258172603458312e-10
1.572503423974878949e-10
1.516794738384170464e-10
1.463059630467721644e-10
1.411228182782760800e-10
1.361232954834284801e-10
1.313008895324837329e-10
1.266493257513022120e-10
1.221625517570559113e-10
1.178347295831689022e-10
1.136602280832478065e-10
1.096336156041140024e-10
1.057496529184087364e-10
1.020032864075707645e-10
9.838964148631906482e-11
9.490401626008690535e-11
9.154187540715027025e-11
8.829884427749455121e-11
8.517070320073723159e-11
8.215338199570265072e-11
7.924295467450618245e-11
7.643563433425402736e-11
7.372776822971488463e-11
7.111583302054933860e-11
6.859643018691457309e-11
6.616628160748073871e-11
6.382222529410236468e-11
6.156121127759785836e-11
5.938029763928117550e-11
5.727664668308315604e-11
5.524752124328468804e-11
5.329028112305143151e-11
5.140237965914214264e-11
4.958136040831804596e-11
4.782485395113990818e-11
4.613057480899931364e-11
4.449631847036638937e-11
4.291995852239003188e-11
4.139944388411601842e-11
3.990598722308154894e-11
3.845104823971432859e-11
3.704915511719705669e-11
3.569837384772236473e-11
3.439684093579284907e-11
3.314276082740184947e-11
3.193440343294269616e-11
3.077010174043136503e-11
2.964824951574952848e-11
2.856729908673428110e-11
2.752575920805751341e-11
2.652219300395122067e-11
2.555521598593817308e-11
2.462349414283556303e-11
2.372574210039496525e-11
2.286072134803980846e-11
2.202723853025550667e-11
2.122414380027304700e-11
2.045032923377733275e-11
1.970472730044862820e-11
1.898630939123155852e-11
1.829408439929861027e-11
1.762709735274942998e-11
1.698442809716230468e-11
1.636519002617752278e-11
1.576852885836336448e-11
1.519362145867587706e-11
1.463967470288759730e-11
1.410592438341846816e-11
1.359163415505901551e-11
1.309609451913127349e-11
1.261862184468694629e-11
1.215855742539125640e-11
1.171526657079285728e-11
1.128813773072425695e-11
1.087658165162664243e-11
1.048003056363408890e-11
1.009793739729604291e-11
9.729775028857464822e-12
9.375035553055415616e-12
9.033229582428843679e-12
8.702350606202004257e-12
8.381360248870718615e-12
8.072209774136960890e-12
7.774462462277746689e-12
7.487697702185607046e-12
7.211510397194726473e-12
6.945510392823024553e-12
6.689321925622989297e-12
6.442583092361178461e-12
6.204945338777717645e-12
5.976072967203138224e-12
5.755642662336650632e-12
5.543343034516789097e-12
5.338874179838475698e-12
5.141947256495283031e-12
4.952284076748836628e-12
4.769616713948195896e-12
4.593687124044935512e-12
4.424246781068604113e-12
4.261056326047762297e-12
4.103885228881011341e-12
3.952511462679711575e-12
3.806721190123079023e-12
3.666308461382041044e-12
3.531074923185243924e-12
3.400829538616519238e-12
3.275388317247537772e-12
3.154574055224732730e-12
3.038216084943366597e-12
2.926150033954741486e-12
2.818217592766415715e-12
2.714266291207213260e-12
2.614149283040954182e-12
2.517725138525032720e-12
