6.303117358544361753e-09
6.397787944420818823e-09
6.493880448900463610e-09
6.591416228696079559e-09
6.690416961290776721e-09
6.790904649755688508e-09
6.892901627640266786e-09
6.996430563936035563e-09
7.101514468114639566e-09
7.208176695241825509e-09
7.316440951168222950e-09
7.426331297797841245e-09
7.537872158435942757e-09
7.651088323217264250e-09
7.766004954615473213e-09
7.882647593035664015e-09
8.001042162490843501e-09
8.121214976363401121e-09
8.243192743253424756e-09
8.367002572914659633e-09
8.492671982279834184e-09
8.620228901576107230e-09
8.749701680532874844e-09
8.881119094682302505e-09
9.014510351754872184e-09
9.149905098170774845e-09
9.287333425629022753e-09
9.426825877795161715e-09
9.568413457089745499e-09
9.712127631578804927e-09
9.857916059777842488e-09
1.000554854096651397e-08
1.015539197113971293e-08
1.030747946154350634e-08
1.046184461929909123e-08
1.061852155482904188e-08
1.077754488939477971e-08
1.093894976274683429e-08
1.110277184088988384e-08
1.126904732396386080e-08
1.143781295424321024e-08
1.160910602425591073e-08
1.178296438502411067e-08
1.195942645442806246e-08
1.213853122569555492e-08
1.232031827601823512e-08
1.250482777529709954e-08
1.269210049501895761e-08
1.288217781726568756e-08
1.307510174385869329e-08
1.327091490564003623e-08
1.346966057189269745e-08
1.367138265990188878e-08
1.387612574465958716e-08
1.408393506871425550e-08
1.429485655216836271e-08
1.450893680282534701e-08
1.472622312648866641e-08
1.494676353741511336e-08
1.517060676892449964e-08
1.539780228416856195e-08
1.562840028706083018e-08
1.586245173337031888e-08
1.610000834198134465e-08
1.634112260632200568e-08
1.658584780596363957e-08
1.683423801839432646e-08
1.708634813096838322e-08
1.734223385303499182e-08
1.760195172824844676e-08
1.786555914706258923e-08
1.813311435941273985e-08
1.840467648758715516e-08
1.868030553929146849e-08
1.896006242090875923e-08
1.924400895095802289e-08
1.953220787375458576e-08
1.982472287327470416e-08
2.012161858722799449e-08
2.042296062134061889e-08
2.072881556385216817e-08
2.103925100023006666e-08
2.135433552810392114e-08
2.167413877242373791e-08
2.199873140084514803e-08
2.232818513934483353e-08
2.266192245033631903e-08
2.300036385110706395e-08
2.334385965897877710e-08
2.369248535830739113e-08
2.404631756075964797e-08
2.440543402214886787e-08
2.476991365952183408e-08
2.513983656850140199e-08
2.551528404088761548e-08
2.589633858252170788e-08
2.628308393141733191e-08
2.667560507616213205e-08
2.707398827459409975e-08
2.747832107275735021e-08
2.788869232414049059e-08
2.830519220920231754e-08
2.872791225518959241e-08
2.915694535625025537e-08
2.959238579384732980e-08
3.003432925747734816e-08
3.048287286569881506e-08
3.093811518747414873e-08
3.140015626383034166e-08
3.186909762984370079e-08
3.234504233695232985e-08
3.282809497560184632e-08
3.331836169822984552e-08
3.381595024259306882e-08
3.432096995544296053e-08
3.483353181655543010e-08
3.535374846311847258e-08
3.588173421448507860e-08
3.641760509729502058e-08
3.696147887097221202e-08
3.751347505360246408e-08
3.807371494819840224e-08
3.864232166935603658e-08
3.921942017030932495e-08
3.980513727038955178e-08
4.039960168289408182e-08
4.100294404337126523e-08
4.161529693832855462e-08
4.223679493436849295e-08
4.286757460776032776e-08
4.350777457445280389e-08
4.415753552053595638e-08
4.481700023315711825e-08
4.548631363189859426e-08
4.616562280062476965e-08
4.685507701980401386e-08
4.755482779931328064e-08
4.826502891173346436e-08
4.898583642614119054e-08
4.971740874240517986e-08
5.045990662599577521e-08
5.121318330212866387e-08
5.197643875249603909e-08
5.275106937708523021e-08
5.353724470575473041e-08
5.433513679495085026e-08
5.514492026536205789e-08
5.596677234013548428e-08
5.680087288366297219e-08
5.764740444094420601e-08
5.850655227753756995e-08
5.937850442010574913e-08
6.026345169756634374e-08
6.116158778285449107e-08
6.207310923530908897e-08
6.299821554369062803e-08
6.393710916983907625e-08
6.488999559298353571e-08
6.585708335471228050e-08
6.683858410461183162e-08
6.783471264658752279e-08
6.884568698587359083e-08
6.987172837674471510e-08
7.091306137093730448e-08
7.196991386679351517e-08
7.304251715913792553e-08
7.413110598989602645e-08
7.523591859946856958e-08
7.635719677887152740e-08
7.749518592265172379e-08
7.865013508259270653e-08
7.982229702221999401e-08
8.101192827211968527e-08
8.221928918607965816e-08
8.344464399806999186e-08
8.468826088007007824e-08
8.595041200075937596e-08
8.723137358508183937e-08
8.853142597469924225e-08
8.985085368934350797e-08
9.118994548908527783e-08
9.254899443752949074e-08
9.392829796595375033e-08
9.532815793840083496e-08
9.674888071774292653e-08
9.819077723273052838e-08
9.965416304603877768e-08
1.011393584233297739e-07
1.026466884033440654e-07
1.041764828690350457e-07
1.057290766197652107e-07
1.073048094445785325e-07
1.089040261965628449e-07
1.105270768683226493e-07
1.121743166685754706e-07
1.138461060998910453e-07
1.155428110375868955e-07
1.172612655953195860e-07
1.190037325864234405e-07
1.207720921107495916e-07
1.225667289235211152e-07
1.243880334973083718e-07
1.262364021069856035e-07
1.281122369159518476e-07
1.300159460636336483e-07
1.319479437542850793e-07
1.339086503471114142e-07
1.358984924477279327e-07
1.379179030009805433e-07
1.399673213851455618e-07
1.420471935075267498e-07
1.441579719014768504e-07
1.463001158248566189e-07
1.484740913599600140e-07
1.506803715149239207e-07
1.529194363266420973e-07
1.551917729652128611e-07
1.574978758399339857e-07
1.598382467068762027e-07
1.622133947780548171e-07
1.646238368322206104e-07
1.670700973273017705e-07
1.695527085145120411e-07
1.720722105541573045e-07
1.746291516331635470e-07
1.772240880843475153e-07
1.798575845074649773e-07
1.825302138920525224e-07
1.852425577420981325e-07
1.879952062025645575e-07
1.907887581877893726e-07
1.936238215117962588e-07
1.965010130205428928e-07
1.994209587261300346e-07
2.023842939430107518e-07
2.053916634262178591e-07
2.084437215116491440e-07
2.115411322584374852e-07
2.146845695934322536e-07
2.178747174578339237e-07
2.211122699560014311e-07
2.243979315064747315e-07
2.277324169952419458e-07
2.311164519312792524e-07
2.345507726044088965e-07
2.380361262454961500e-07
2.415732711890312500e-07
2.451629770381273408e-07
2.488060248319653882e-07
2.525032072157348491e-07
2.562553286130916978e-07
2.600632054011843374e-07
2.638820754215260662e-07
2.675708790671752900e-07
2.713112484446553848e-07
2.751039043905720755e-07
2.789495778180954370e-07
2.828490098578199383e-07
2.868029520005937852e-07
2.908121662423446134e-07
2.948774252309299083e-07
2.989995124150402618e-07
3.031792221951838427e-07
3.074173600767818837e-07
3.117147428254040928e-07
3.160721986241740027e-07
3.204905672333747545e-07
3.249707001522862295e-07
3.295134607832841310e-07
3.341197245982333589e-07
3.387903793072069154e-07
3.435263250295641129e-07
3.483284744674192695e-07
3.531977530815362531e-07
3.581350992696813265e-07
3.631414645474692880e-07
3.682178137317375807e-07
3.733651251264842655e-07
3.785843907114043202e-07
3.838766163330624343e-07
3.892428218987375053e-07
3.946840415729773749e-07
4.002013239769007585e-07
4.057957323902855944e-07
4.114683449564821435e-07
4.172202548901907529e-07
4.230525706881439378e-07
4.289664163427335963e-07
4.349629315586249154e-07
4.410432719723976263e-07
4.472086093752582825e-07
4.534601319388655437e-07
4.597990444443119274e-07
4.662265685143073456e-07
4.727439428486074649e-07
4.793524234627335853e-07
4.860532839300296152e-07
4.928478156271022034e-07
4.997373279826928360e-07
5.067231487300280095e-07
5.138066241626974026e-07
5.209891193941088552e-07
5.282720186205706615e-07
5.356567253880507262e-07
5.431446628626654189e-07
5.507372741049494781e-07
5.584360223479592675e-07
5.662423912792647622e-07
5.732948750062527138e-07
5.800593135778735807e-07
5.869035673217280644e-07
5.938285779954579390e-07
6.008352984687213140e-07
6.079246928543048643e-07
6.150977366407848601e-07
6.223554168267524542e-07
6.296987320566228158e-07
6.371286927580473797e-07
6.446463212809465752e-07
6.522526520381834700e-07
6.599487316478973866e-07
6.677356190775165499e-07
6.756143857894705181e-07
6.835861158886213495e-07
6.916519062714344689e-07
6.998128667769100920e-07
7.080701203392947953e-07
7.164248031425958903e-07
7.248780647769176591e-07
7.334310683966436982e-07
7.420849908804846416e-07
7.508410229934145543e-07
7.597003695505183390e-07
7.686642495827724949e-07
7.777338965047809348e-07
7.869105582844916947e-07
7.961954976149144403e-07
8.055899920878651364e-07
8.150953343697606406e-07
8.247128323794870465e-07
8.344438094683676088e-07
8.442896046022532282e-07
8.542515725457617520e-07
8.643310840486917148e-07
8.745295260346349764e-07
8.848483017918148330e-07
8.952888311661764952e-07
9.058525507567551308e-07
9.165409141133494266e-07
9.273553919365278779e-07
9.382974722799944890e-07
9.493686607553421535e-07
9.605704807392230426e-07
9.719044735829615196e-07
9.833721988246421901e-07
9.949752344037000874e-07
1.006715176878041158e-06
1.018593641643726819e-06
1.030612263157249594e-06
1.042772695160431794e-06
1.055076610907976895e-06
1.067525703397706646e-06
1.080121685603515459e-06
1.092409413168579952e-06
1.102978750989117284e-06
1.113650349830678877e-06
1.124425199094547319e-06
1.135304297754713322e-06
1.146288654450501107e-06
1.156978250801252913e-06
1.167563823026370682e-06
1.178246246112131962e-06
1.189026406178718274e-06
1.199905197453714518e-06
1.210791151866252652e-06
1.221159595557900075e-06
1.231616827992696294e-06
1.242163609500840592e-06
1.252800706923522684e-06
1.263528893668669560e-06
1.273875057860105880e-06
1.283984224425916604e-06
1.294173614910097338e-06
1.304443865950402880e-06
1.314795619236784233e-06
1.325172664421713752e-06
1.334789636750860833e-06
1.344476400858291865e-06
1.354233463233169575e-06
1.364061334040330966e-06
1.373960527146954243e-06
1.383381640586671388e-06
1.392376302491869925e-06
1.401429447132717809e-06
1.410541454760347076e-06
1.419712708098258656e-06
1.428943592358400964e-06
1.437051615694066740e-06
1.445200948226046831e-06
1.453396494561338599e-06
1.461638516772401583e-06
1.469927278417873282e-06
1.477657775323939585e-06
1.484721399017832759e-06
1.491818788838448293e-06
1.498950106197452088e-06
1.506115513278116404e-06
1.513315173038983064e-06
1.519172392485017219e-06
1.524945780696743519e-06
1.530741109809718771e-06
1.536558463207066970e-06
1.542397924588797941e-06
1.547591696593349929e-06
1.551775431706399258e-06
1.555970477063316307e-06
1.560176863240037002e-06
1.564394620895155402e-06
1.568623780770148164e-06
1.571269838934370893e-06
1.573662201104956343e-06
1.576058205805054358e-06
1.578457858580650217e-06
1.580861164986183225e-06
1.582607986315894011e-06
1.582997269185390174e-06
1.583386647808954269e-06
1.583776122210142494e-06
1.584165692412507448e-06
1.584555358439616974e-06
1.583171940679080082e-06
1.581328023514293962e-06
1.579486253956108851e-06
1.577646629503211894e-06
1.575809147657200002e-06
1.573353838030797790e-06
1.569135779336661949e-06
1.564929028981894667e-06
1.560733556649578035e-06
1.556549332104074790e-06
1.552376325190798133e-06
1.546426566468346905e-06
1.539826295684708875e-06
1.533254195378325749e-06
1.526710145315377882e-06
1.520194025775203599e-06
1.513223430848653158e-06
1.504262151787650186e-06
1.495353941243018632e-06
1.486498484944057272e-06
1.477695470481172242e-06
1.468944587294850144e-06
1.458608065994897826e-06
1.447499431621264003e-06
1.436475399657643099e-06
1.425535325779310202e-06
1.414678570568663788e-06
1.403616210955783012e-06
1.390622336773494815e-06
1.377748752428946575e-06
1.364994344347783129e-06
1.352358009264484977e-06
1.339838654126924393e-06
1.326245565540051597e-06
1.311973492244879848e-06
1.297855004440534357e-06
1.283888449353627814e-06
1.270072191996687096e-06
1.256310753354094378e-06
1.241146564983994148e-06
1.226165414614887595e-06
1.211365092902699487e-06
1.196743417171037514e-06
1.182298231089322940e-06
1.167441540649727162e-06
1.152243317357772597e-06
1.137242950646376393e-06
1.122437864739031341e-06
1.107825517391724711e-06
1.093403399456404783e-06
1.078515528708811917e-06
1.063823058127493157e-06
1.049330741077611380e-06
1.035035850894793605e-06
1.020935698059638895e-06
1.006948596142315024e-06
9.930597439404524697e-07
9.793624608179097108e-07
9.658541044604319638e-07
9.525320689992323314e-07
9.393937845082960657e-07
9.265042591270794357e-07
9.137972957540754999e-07
9.012646078002856170e-07
8.889038050863370202e-07
8.767125302140575468e-07
8.647118785122797578e-07
8.529120363130556012e-07
8.412732145408505751e-07
8.297932159139147052e-07
8.184698731345638482e-07
8.073010484800176733e-07
7.961418455017816329e-07
7.851127268691794799e-07
7.742363969117336970e-07
7.635107390161394382e-07
7.529336658909762356e-07
7.423143044640366008e-07
7.314487226938082056e-07
7.207421852347248657e-07
7.101923640850767646e-07
6.997969653191473585e-07
6.895537285884180135e-07
6.787792487005466119e-07
6.679905267176541077e-07
6.573732839339948691e-07
6.469247948074899005e-07
6.366423771166424275e-07
6.263170364243588554e-07
6.155571057200573298e-07
6.049820272583542100e-07
5.945886253355664165e-07
5.843737788056014201e-07
5.743344201426848981e-07
5.640434907221803117e-07
5.537736575902975184e-07
5.436908126504464477e-07
5.337915513113816253e-07
5.240725309710212855e-07
5.144814472859198292e-07
5.048530925039307283e-07
4.954049292843330143e-07
4.861335854000026875e-07
4.770357517339621296e-07
4.681081810982908083e-07
4.591356094550230028e-07
4.502233420726986846e-07
4.414840704420842832e-07
4.329144365478911665e-07
4.245111475571673267e-07
4.162116894309546191e-07
4.076350826126009255e-07
3.992352084194590283e-07
3.910084250358913895e-07
3.829511656908182230e-07
3.750599371113161778e-07
3.669538119835382831e-07
3.587588765873808902e-07
3.507469532323953994e-07
3.429139548324013940e-07
3.352558855753945112e-07
3.277598851674865489e-07
3.202621067392005710e-07
3.129358461930700573e-07
3.057771799156980039e-07
2.987822740495859668e-07
2.919473824398984048e-07
2.854027914834774737e-07
2.791281314541911714e-07
2.729914215769635638e-07
2.669896289791979972e-07
2.611197874668498519e-07
2.553789960584770490e-07
2.500472689001438536e-07
2.448320823961020252e-07
2.397256680069945322e-07
2.347257570943027710e-07
2.298301283360536267e-07
2.250247534494472977e-07
2.203055332649407762e-07
2.156852845882731036e-07
2.111619317885173268e-07
2.067334427648884772e-07
2.023978280338284263e-07
1.980673897963976396e-07
1.938216952453156759e-07
1.896670097302981022e-07
1.856013824174942065e-07
1.816229042903614984e-07
1.776735704649858653e-07
1.737205625877930580e-07
1.698555040394530309e-07
1.660764380607864310e-07
1.623814514279842794e-07
1.587686734840000942e-07
1.551511109920505591e-07
1.516008550840998752e-07
1.481318381497620828e-07
1.447422012326678816e-07
1.414301279141440036e-07
1.382348329285729373e-07
1.351999543075525395e-07
1.322317049727194290e-07
1.293286221104554900e-07
1.264892750225046135e-07
1.237122644208960128e-07
1.211027029656206041e-07
1.185778484213853877e-07
1.161056342420091351e-07
1.136849629353538499e-07
1.113147598907527253e-07
1.089963238451577346e-07
1.067332792280730309e-07
1.045172212501541640e-07
1.023471743476656980e-07
1.002221832120896495e-07
9.814131236957609073e-08
9.608577559102406353e-08
9.406617844808785441e-08
9.208903059168390805e-08
9.015343979341278814e-08
8.825853257834692913e-08
8.641443555707863891e-08
8.465884302851552646e-08
8.293891705388478419e-08
8.125393303277480436e-08
7.960318108572904795e-08
7.798596575517639286e-08
7.644727387551380202e-08
7.496377560371489797e-08
7.350906537118623307e-08
7.208258453136880565e-08
7.068378527852408733e-08
6.931358700231513148e-08
6.798156955333205933e-08
6.667514983433424684e-08
6.539383592700583442e-08
6.413714536635442582e-08
6.290460495904446439e-08
6.171585627402385571e-08
6.056411695024500654e-08
5.943387134866372533e-08
5.832471835412824655e-08
5.723626433708418141e-08
5.617214680592705562e-08
5.521832845957933532e-08
5.428070620844168631e-08
5.335900503840819266e-08
5.245295460518654354e-08
5.156228915500488353e-08
5.068674744666222920e-08
4.982607267490463124e-08
4.898001239510135353e-08
4.814831844919963511e-08
4.733074689293870569e-08
4.652705792429727302e-08
4.573701581315803109e-08
4.496038883216496952e-08
4.419694918875576897e-08
4.344647295834774307e-08
4.270874001865885732e-08
4.198353398514300004e-08
4.127064214752300139e-08
4.056985540739950997e-08
3.988096821692144654e-08
3.920377851849609803e-08
3.853808768552345971e-08
3.788370046413767299e-08
3.724042491593612359e-08
3.660807236168308413e-08
3.598645732596723491e-08
3.537539748280052958e-08
3.477471360213962514e-08
3.418422949731611881e-08
3.360377197335941203e-08
3.303317077619637927e-08
3.247225854271469946e-08
3.192087075167304170e-08
3.137884567544562466e-08
3.084602433258572462e-08
3.032225044119505585e-08
2.980737037308425336e-08
2.930123310871275823e-08
2.880369019289249514e-08
2.831459569124531984e-08
2.783380614739826869e-08
2.734457326558739623e-08
2.686019484176834560e-08
2.638439663806023492e-08
2.591702666549440888e-08
2.545793562741598956e-08
2.500697687179276501e-08
2.456400634436887401e-08
2.412888254264761371e-08
2.370146647069033706e-08
2.328162159471553493e-08
2.286921379948425272e-08
2.246411134545850392e-08
2.206618482671835718e-08
2.167530712962450500e-08
2.129135339221304615e-08
2.091420096430975301e-08
2.054372936835048650e-08
2.017982026089580417e-08
1.982235739482772088e-08
1.947122658221525838e-08
1.912631565783863236e-08
1.878751444335891506e-08
1.845471471212283367e-08
1.812781015459079297e-08
1.780669634437737567e-08
1.749127070489334195e-08
1.718143247657869927e-08
1.687708268471589703e-08
1.657812410781331593e-08
1.628446124654914581e-08
1.599600029326473301e-08
1.571264910199881458e-08
1.543431715905252776e-08
1.516091555407540765e-08
1.489235695166414585e-08
1.462855556346414417e-08
1.436942712076509375e-08
1.411488884758244833e-08
1.386485943421515170e-08
1.361925901127232528e-08
1.337800912415975896e-08
1.310044555345253484e-08
1.280048477284061265e-08
1.250739219144661337e-08
1.222101054817667384e-08
1.194118618274262086e-08
1.166776895321456841e-08
1.140061215546094409e-08
1.113957244443333854e-08
1.088450975725357120e-08
1.063528723806194777e-08
1.039177116458604336e-08
1.015383087639117525e-08
9.921338704773294101e-09
9.694169904257573270e-09
9.472202585665107664e-09
9.255317650712508896e-09
9.043398728108566687e-09
8.836332111114488892e-09
8.634006696533623780e-09
8.436313925098192757e-09
8.243147723220927353e-09
8.054404446080642474e-09
7.869982822010428874e-09
7.689783898160032985e-09
7.513710987401560341e-09
7.341669616451428988e-09
7.173567475179950758e-09
7.009314367081625622e-09
6.848822160879478319e-09
6.692004743237649098e-09
6.538777972556448719e-09
6.389059633825647122e-09
6.242769394511339987e-09
6.099828761452910356e-09
5.960161038746912675e-09
5.823691286595270765e-09
5.690346281095863634e-09
5.560054474953417557e-09
5.432745959090578274e-09
5.308352425137396069e-09
5.186807128780059594e-09
5.056917890583076157e-09
4.910727910162627900e-09
4.768764122620459513e-09
4.630904353330170773e-09
4.497029959600545339e-09
4.367025728571124661e-09
4.240779778059580035e-09
4.118183460275492138e-09
3.999131268317485780e-09
3.883520745373691824e-09
3.771252396546868069e-09
3.662229603228730729e-09
3.556358539949618518e-09
3.453548093631801312e-09
3.353709785177288138e-09
3.256757693322301942e-09
3.162608380693056090e-09
3.071180821999233161e-09
2.982396334303318575e-09
2.896178509305648466e-09
2.812453147587197195e-09
2.731148194753221777e-09
2.652193679422869856e-09
2.575521653011657411e-09
2.501066131254549530e-09
2.428763037419612658e-09
2.358550147163381304e-09
2.290367034980259694e-09
2.224155022200111051e-09
2.159857126489166162e-09
2.097418012810772964e-09
2.036783945803814175e-09
1.977902743537852068e-09
1.920723732605165460e-09
1.865197704510945741e-09
1.811276873324327305e-09
1.758914834553560500e-09
1.708066525210138002e-09
1.658688185027418005e-09
1.610737318800309576e-09
1.564172659813769433e-09
1.518143396686769147e-09
1.468097709687617786e-09
1.419701781724854836e-09
1.372901228394121675e-09
1.327643458076171336e-09
1.283877612837606095e-09
1.241554511279799108e-09
1.200626593271858038e-09
1.161047866505417987e-09
1.122773854811283448e-09
1.085761548179815387e-09
1.049969354428876626e-09
1.015357052465091891e-09
9.818857470858062000e-10
9.495178252710285962e-10
9.182169139161920497e-10
8.879478389582764611e-10
8.586765858493402263e-10
8.303702613330254605e-10
8.029970564811190304e-10
7.765262109486132878e-10
7.509279784070865157e-10
7.261735931176050090e-10
7.022352376055195827e-10
6.790860114008809173e-10
6.566999008093275589e-10
6.350517496794654794e-10
6.141172311339296973e-10
5.938728202323057000e-10
5.742957675352334347e-10
5.553640735399732685e-10
5.370564639586830834e-10
5.193523658116931648e-10
5.022318843088227206e-10
4.856757804928278406e-10
4.696654496198315021e-10
4.541829002524350722e-10
4.392107340420452270e-10
4.247321261776586362e-10
4.107308064791632396e-10
3.971910411138999532e-10
3.840976149159302449e-10
3.707252203221534276e-10
3.577413991553732476e-10
3.452123072674479744e-10
3.331220187830613811e-10
3.214551655950383850e-10
3.101969178297614383e-10
2.993329649967477982e-10
2.888494977984196494e-10
2.787331905769407152e-10
2.689711843758201680e-10
2.595510705947335630e-10
2.504608752168191876e-10
2.416890435883571468e-10
2.332244257315121199e-10
2.250562621714728059e-10
2.171741702599509697e-10
2.095681309776785765e-10
2.022284761991168571e-10
1.951458764031860449e-10
1.883113288144045604e-10
1.817161459593493254e-10
1.753519446239162330e-10
1.692106351973121361e-10
1.632844113892582174e-10
1.575657403073210444e-10
1.520473528817662393e-10
1.467222346257607073e-10
1.415836167191720314e-10
1.366249674046462029e-10
1.318399836850125931e-10
1.272225833114693273e-10
1.227668970523670130e-10
1.184672612327605800e-10
1.143182105352446118e-10
1.103144710529236690e-10
1.064509535856884306e-10
1.027227471712748392e-10
9.912511284288138615e-11
9.565347760541191145e-11
9.230342862269083306e-11
8.907070760825259080e-11
8.589673965762652001e-11
8.281006330804689432e-11
7.983430584694962908e-11
7.696548143376389957e-11
7.419974745803300387e-11
7.153339939247949538e-11
6.896286583102090811e-11
6.648470370509736860e-11
6.409559367189638646e-11
6.179233566829948075e-11
5.957184462460140414e-11
5.743114633225052645e-11
5.536737346008371229e-11
5.337776171371529222e-11
5.145964613293849529e-11
4.961045752217895425e-11
4.782771900921680133e-11
4.610904272757306682e-11
4.445212661811158358e-11
4.285475134557472963e-11
4.131477732592337414e-11
3.983014186049854000e-11
3.839885637316545653e-11
3.701900374674021068e-11
3.568873575513178694e-11
3.440627058775938100e-11
3.316989046292850339e-11
3.197793932696966665e-11
3.082882063605931942e-11
2.972099521774849890e-11
2.865297920933823913e-11
2.762334207033876787e-11
2.663070466634980386e-11
2.567373742179671576e-11
2.475115853904709158e-11
2.386173228152336729e-11
2.300426731851145487e-11
2.217761512944723012e-11
2.138066846554593017e-11
2.061235986671150805e-11
1.987166023174059413e-11
1.915423294429364501e-11
1.845863529381780791e-11
1.778829869622540775e-11
1.714230578097574245e-11
1.651977249239852948e-11
1.591984687984450733e-11
1.534170793177172547e-11
1.478456445217300943e-11
1.424765397780699182e-11
1.373024173474930949e-11
1.323161963283933718e-11
1.275110529664217934e-11
1.228804113160304967e-11
1.184179342411450490e-11
1.141175147426507079e-11
1.099732676008314314e-11
1.059795213213136853e-11
1.021308103735008778e-11
9.842186771087353152e-12
9.484761756291742400e-12
9.140316848882116063e-12
8.808380668342908249e-12
8.488498952629438166e-12
8.180233936500244816e-12
7.883163752425476369e-12
7.596881853252005341e-12
7.320996455834463901e-12
7.055130004871335339e-12
6.798918656212155785e-12
6.552011778928591611e-12
6.314071475468383769e-12
6.084772119234920440e-12
5.863799908960030147e-12
5.650852439259984366e-12
5.445638286786917834e-12
5.247876611409635108e-12
5.057296771877551540e-12
4.873637955442123688e-12
4.696648820928927938e-12
4.526087154771392771e-12
4.361719539536446223e-12
4.203200820604493264e-12
4.050015855615563753e-12
3.902413691568167388e-12
3.760190864196998234e-12
3.623151324458581939e-12
3.491106168284729954e-12
3.363873376185012375e-12
3.241277562339522826e-12
3.123149732835774020e-12
3.009327052716749893e-12
2.899652621518776030e-12
2.793975256989823861e-12
2.692149286690283467e-12
2.594034347188698341e-12
2.499495190575886911e-12
2.408401498030570783e-12
2.320627700179522693e-12
2.236052804004759746e-12
2.154560226058982418e-12
2.076037631759537353e-12
2.000376780539240580e-12
1.927473376640612977e-12
1.857226925347978481e-12
1.789540594459079583e-12
1.724321080805414135e-12
1.661478481637177715e-12
1.600926170695525302e-12
1.542580678801424890e-12
1.486361578796399180e-12
1.432191374676555180e-12
1.379995394767195614e-12
1.329701688790545385e-12
1.281240928684915580e-12
1.234546313038467636e-12
1.189553475005853173e-12
1.146200393580863303e-12
