7.584544615978306856e-10
7.686508368796914540e-10
7.789842883792456911e-10
7.894566588973878804e-10
8.000698160089219248e-10
8.108256523956316243e-10
8.217260861837966286e-10
8.327730612862615027e-10
8.439685477491010207e-10
8.553145421029451757e-10
8.668130677190310091e-10
8.784661751700235503e-10
8.902759425957229119e-10
9.022444760736520611e-10
9.143739099946445873e-10
9.266265503620351069e-10
9.390007767649319081e-10
9.515402493276831917e-10
9.642471747573999036e-10
9.771237892296876007e-10
9.901723587821753522e-10
1.003395179713298065e-09
1.016794578986384554e-09
1.030372914639184529e-09
1.044132576198819819e-09
1.058075985102305215e-09
1.072205595122657530e-09
1.086523892800738063e-09
1.101033397882818732e-09
1.115736663764014784e-09
1.130522839259733091e-09
1.145501821877106349e-09
1.160679270118047589e-09
1.176057813573943164e-09
1.191640116677244585e-09
1.207428879163070248e-09
1.223426836536970697e-09
1.239636760548868574e-09
1.256061459673281642e-09
1.272703779595910116e-09
1.289566603706668782e-09
1.306652853599254451e-09
1.323965489577324871e-09
1.341507511167411915e-09
1.359216607496412539e-09
1.377081770817325366e-09
1.395181748853363345e-09
1.413519627943534390e-09
1.432098534992824245e-09
1.450921638005389668e-09
1.469992146624731149e-09
1.489313312681024466e-09
1.508888430745586673e-09
1.528720838692659746e-09
1.548813918268578462e-09
1.569171095668387255e-09
1.589795842120100418e-09
1.610691674476576718e-09
1.631862155815206317e-09
1.653129648390847866e-09
1.674663982421394260e-09
1.696478831378644843e-09
1.718577849363241339e-09
1.740964738075643275e-09
1.763643247436133347e-09
1.786617176212969490e-09
1.809890372658719620e-09
1.833466735154813584e-09
1.857350212864601225e-09
1.881544806394805493e-09
1.906054568465666340e-09
1.930883604589817354e-09
1.956036073759925763e-09
1.981407101721706953e-09
2.006962761580337407e-09
2.032848031517714481e-09
2.059067162756634573e-09
2.085624461351032952e-09
2.112524288893202503e-09
2.139771063230064720e-09
2.167369259188759721e-09
2.195323409311544520e-09
2.223638104600222908e-09
2.252317995270087494e-09
2.281367791513675412e-09
2.310792264274320340e-09
2.340596246029737794e-09
2.370784631585622623e-09
2.401065791555580065e-09
2.431707638150340506e-09
2.462740528908078372e-09
2.494169454244016511e-09
2.525999468259904069e-09
2.558235689556737153e-09
2.590883302057955745e-09
2.623947555842990710e-09
2.657433767991616263e-09
2.691347323438904828e-09
2.725693675841259906e-09
2.760478348453385932e-09
2.795706935016454433e-09
2.831385100657713815e-09
2.867345591865494557e-09
2.903507341839091931e-09
2.940125148510178610e-09
2.977204763472941091e-09
3.014752010858236919e-09
3.052772788248437418e-09
3.091273067603678903e-09
3.130258896199983101e-09
3.169736397579008554e-09
3.209711772509983511e-09
3.250191299963562614e-09
3.291181338098176089e-09
3.332688325258605487e-09
3.374718780987369152e-09
3.417279307048642775e-09
3.459865268599145838e-09
3.502920209148755092e-09
3.546510930071823881e-09
3.590644098677723237e-09
3.635326465244548470e-09
3.680564864051591122e-09
3.726366214424659921e-09
3.772737521794407512e-09
3.819685878767830022e-09
3.867218466213096658e-09
3.915342554357884251e-09
3.964065503901376012e-09
4.013394767140094877e-09
4.063337889107758387e-09
4.113622594189845440e-09
4.164067555498004957e-09
4.215131118552689658e-09
4.266820869208101023e-09
4.319144486343046487e-09
4.372109743001639704e-09
4.425724507548143943e-09
4.479996744835807248e-09
4.534934517390130238e-09
4.590545986606536781e-09
4.646839413962923995e-09
4.703823162246899660e-09
4.761505696798084253e-09
4.819895586765806805e-09
4.879001506382035779e-09
4.938007120864569573e-09
4.997598052571020020e-09
5.057908116318944387e-09
5.118945990457163402e-09
5.180720458063223034e-09
5.243240408207118021e-09
5.306514837230473746e-09
5.370552850041054946e-09
5.435363661422923848e-09
5.500956597362405730e-09
5.567341096390057111e-09
5.634526710938827668e-09
5.702523108718614378e-09
5.771340074107398159e-09
5.840537874978964302e-09
5.909733305331252501e-09
5.979748524491375016e-09
6.050593244859210727e-09
6.122277293901729267e-09
6.194810615516239267e-09
6.268203271409812943e-09
6.342465442494935001e-09
6.417607430301928428e-09
6.493639658407868462e-09
6.570572673882549728e-09
6.648417148751557811e-09
6.727183881476675223e-09
6.806883798453830217e-09
6.887527955528814276e-09
6.967715314139019879e-09
7.048564543910384125e-09
7.130351900120633205e-09
7.213088268231702404e-09
7.296784660013986571e-09
7.381452215011894056e-09
7.467102202026582026e-09
7.553746020615590242e-09
7.641395202610152520e-09
7.730061413650118042e-09
7.819756454736393999e-09
7.910492263801726836e-09
8.002280917299507758e-09
8.095134631811224541e-09
8.188345807833280938e-09
8.281130811745236954e-09
8.374967194916601268e-09
8.469866870892604135e-09
8.565841888215149179e-09
8.662904431952238914e-09
8.761066825245270676e-09
8.860341530873316221e-09
8.960741152835688639e-09
9.062278437951873441e-09
9.164966277480160543e-09
9.268817708754037473e-09
9.373845916837718577e-09
9.480064236199832491e-09
9.587486152406674093e-09
9.693765882241370739e-09
9.800677137169838127e-09
9.908767502112847511e-09
1.001804998131794239e-08
1.012853772245484420e-08
1.024024401819711261e-08
1.035318230782143805e-08
1.046736617882456969e-08
1.058280936855788553e-08
1.069952576588020849e-08
1.081752941282873935e-08
1.093683450630843912e-08
1.105745539980002306e-08
1.117940660508690364e-08
1.130156377340172365e-08
1.142237254099087662e-08
1.154447270140130432e-08
1.166787805905678960e-08
1.179260256594429010e-08
1.191866032319139314e-08
1.204606558266064020e-08
1.217483274856064150e-08
1.230497637907478798e-08
1.243651118800700657e-08
1.256945204644533451e-08
1.270381398444331454e-08
1.283961219271907183e-08
1.297686202437295783e-08
1.311557899662317040e-08
1.325184300609668480e-08
1.338844616871006407e-08
1.352645746934827488e-08
1.366589142343437901e-08
1.380676269601985963e-08
1.394908610332713286e-08
1.409287661430769465e-08
1.423814935221659454e-08
1.438491959620300635e-08
1.453320278291719202e-08
1.468301450813418264e-08
1.483437052839389237e-08
1.498728676265844257e-08
1.514177929398641513e-08
1.529609026508502476e-08
1.544721682236333632e-08
1.559983652173998722e-08
1.575396411557462653e-08
1.590961450198139806e-08
1.606680272626886654e-08
1.622554398239450893e-08
1.638585361443324780e-08
1.654774711806068876e-08
1.671124014205081037e-08
1.687634848978879477e-08
1.704308812079845969e-08
1.721147515228498998e-08
1.738152586069270401e-08
1.755325668327855303e-08
1.772022509022871045e-08
1.788672636243681726e-08
1.805479209974092383e-08
1.822443700203493241e-08
1.839567590733464921e-08
1.856852379307556798e-08
1.874299577742293878e-08
1.891910712059390701e-08
1.909687322619249690e-08
1.927630964255671482e-08
1.945743206411855663e-08
1.964025633277668748e-08
1.982479843928208840e-08
2.001107452463666324e-08
2.019640621972070191e-08
2.037516442611696219e-08
2.055550481976012048e-08
2.073744140457504077e-08
2.092098830843508209e-08
2.110615978425939336e-08
2.129297021111954537e-08
2.148143409535614186e-08
2.167156607170527080e-08
2.186338090443497777e-08
2.205689348849158276e-08
2.225211885065656502e-08
2.244907215071327161e-08
2.264776868262414753e-08
2.284822387571840503e-08
2.304012724948357613e-08
2.322986336800883252e-08
2.342116196899272159e-08
2.361403591952381041e-08
2.380849819265152977e-08
2.400456186825859160e-08
2.420224013394107279e-08
2.440154628589524544e-08
2.460249372981198740e-08
2.480509598177828009e-08
2.500936666918663072e-08
2.521531953165151895e-08
2.542296842193339400e-08
2.563232730687074839e-08
2.583951428374209010e-08
2.603448349097379225e-08
2.623092381687092824e-08
2.642884636159720233e-08
2.662826230907153875e-08
2.682918292759973012e-08
2.703161957051138303e-08
2.723558367680139991e-08
2.744108677177635784e-08
2.764814046770571143e-08
2.785675646447818050e-08
2.806694655026253832e-08
2.827872260217394535e-08
2.849209658694501767e-08
2.870708056160203719e-08
2.890791458724962538e-08
2.910357476395384841e-08
2.930055924596665550e-08
2.949887699670911369e-08
2.969853704027032670e-08
2.989954846181780588e-08
3.010192040801125905e-08
3.030566208741852334e-08
3.051078277093466457e-08
3.071729179220382280e-08
3.092519854804392654e-08
3.113451249887433852e-08
3.134524316914608890e-08
3.155740014777563551e-08
3.176564448584254130e-08
3.195286227155394274e-08
3.214118346630526793e-08
3.233061457327957775e-08
3.252116213398761811e-08
3.271283272849414975e-08
3.290563297564499279e-08
3.309956953329537492e-08
3.329464909854033757e-08
3.349087840794543329e-08
3.368826423777991787e-08
3.388681340425020722e-08
3.408653276373572306e-08
3.428742921302545337e-08
3.448950968955593554e-08
3.466946948461371275e-08
3.483936588806517441e-08
3.501009486231545055e-08
3.518166048734583362e-08
3.535406686313139869e-08
3.552731810973878273e-08
3.570141836742514198e-08
3.587637179673650697e-08
3.605218257860780520e-08
3.622885491446216917e-08
3.640639302631195165e-08
3.658480115685901308e-08
3.676408356959669637e-08
3.694424454891115984e-08
3.711835821240471176e-08
3.725859850653533139e-08
3.739936865546131322e-08
3.754067066107610741e-08
3.768250653283647349e-08
3.782487828779127289e-08
3.796778795061040700e-08
3.811123755361305383e-08
3.825522913679720169e-08
3.839976474786801810e-08
3.854484644226763499e-08
3.869047628320368968e-08
3.883665634167935491e-08
3.898338869652221066e-08
3.913067543441403600e-08
3.924562836929422865e-08
3.934345934763691407e-08
3.944153419773605678e-08
3.953985352751190804e-08
3.963841794640014045e-08
3.973722806535562651e-08
3.983628449685621061e-08
3.993558785490651399e-08
4.003513875504173983e-08
4.013493781433149811e-08
4.023498565138361064e-08
4.033528288634796902e-08
4.043583014092035294e-08
4.053662803834630135e-08
4.062939358762001041e-08
4.067159082403676060e-08
4.071383188603405542e-08
4.075611681912865288e-08
4.079844566888459929e-08
4.084081848091323579e-08
4.088323530087338372e-08
4.092569617447102032e-08
4.096820114745984786e-08
4.101075026564100242e-08
4.105334357486318631e-08
4.109598112102273418e-08
4.113866295006362631e-08
4.118138910797758121e-08
4.122415964080406887e-08
4.122442643233297080e-08
4.119941495456018347e-08
4.117441865162614832e-08
4.114943751432389515e-08
4.112447153345229696e-08
4.109952069981571922e-08
4.107458500422409931e-08
4.104966443749296633e-08
4.102475899044340804e-08
4.099986865390209072e-08
4.097499341870124590e-08
4.095013327567865715e-08
4.092528821567767334e-08
4.090045822954728797e-08
4.086698323541982672e-08
4.076621551362618272e-08
4.066569625973861401e-08
4.056542486109772000e-08
4.046540070655476352e-08
4.036562318646770033e-08
4.026609169269804245e-08
4.016680561860648409e-08
4.006776435904978472e-08
3.996896731037684506e-08
3.987041387042476957e-08
3.977210343851575635e-08
3.967403541545282884e-08
3.957620920351668591e-08
3.947862420646189027e-08
3.933203359808345085e-08
3.915337832931119770e-08
3.897553455443184919e-08
3.879849858745089374e-08
3.862226675911648476e-08
3.844683541684335991e-08
3.827220092463715735e-08
3.809835966301912909e-08
3.792530802895080134e-08
3.775304243575979304e-08
3.758155931306513127e-08
3.741085510670334769e-08
3.724092627865481316e-08
3.707176930697042299e-08
3.689600685028445220e-08
3.664431140964037688e-08
3.639433297309095287e-08
3.614605982765871682e-08
3.589948034026902028e-08
3.565458295720525521e-08
3.541135620356733514e-08
3.516978868273431242e-08
3.492986907582990698e-08
3.469158614119268061e-08
3.445492871384882516e-08
3.421988570498923217e-08
3.398644610145010947e-08
3.375459896519653593e-08
3.352433343281016534e-08
3.324905710860486095e-08
3.294177476787375997e-08
3.263733228021320587e-08
3.233570340016633668e-08
3.203686212483222833e-08
3.174078269162470500e-08
3.144743957605119373e-08
3.115680748951210639e-08
3.086886137712120549e-08
3.058357641554516065e-08
3.030092801086401615e-08
3.002089179645078955e-08
2.974344363087067776e-08
2.946855959580027096e-08
2.919190126918464119e-08
2.885158535050393684e-08
2.851523679672481504e-08
2.818280935675128231e-08
2.785425731867721556e-08
2.752953550350094749e-08
2.720859925891256450e-08
2.689140445315361262e-08
2.657790746894896011e-08
2.626806519750857663e-08
2.596183503260008608e-08
2.565917486468960138e-08
2.536004307515162570e-08
2.506439853054593205e-08
2.477220057696119302e-08
2.445378925505148111e-08
2.411530402113913541e-08
2.378150404284844031e-08
2.345232446765977555e-08
2.312770134073137536e-08
2.280757159247348418e-08
2.249187302629498282e-08
2.218054430651964292e-08
2.187352494646915421e-08
2.157075529671179971e-08
2.127217653347312594e-08
2.097773064720746338e-08
2.068736043132763362e-08
2.040100947109023601e-08
2.011743337135667092e-08
1.980441934431200537e-08
1.949627560958137847e-08
1.919292638862078228e-08
1.889429708195045322e-08
1.860031425080956783e-08
1.831090559909598490e-08
1.802599995558738458e-08
1.774552725643884129e-08
1.746941852795272437e-08
1.719760586961685339e-08
1.693002243740625270e-08
1.666660242734497831e-08
1.640728105932380817e-08
1.615199456116915054e-08
1.589112531339464987e-08
1.562581711198354092e-08
1.536493832890170793e-08
1.510841501337558856e-08
1.485617444926697836e-08
1.460814513446052872e-08
1.436425676059506073e-08
1.412444019313343574e-08
1.388862745176512139e-08
1.365675169113595545e-08
1.342874718189963499e-08
1.320454929208557400e-08
1.298409446877770979e-08
1.276732022009943896e-08
1.255407050072706736e-08
1.233167694709808293e-08
1.211322306329118255e-08
1.189863905862194783e-08
1.168785637873797489e-08
1.148080768371732712e-08
1.127742682655510433e-08
1.107764883203108084e-08
1.088140987595172209e-08
1.068864726475989471e-08
1.049929941550584111e-08
1.031330583617283911e-08
1.013060710635160760e-08
9.951144858256847311e-09
9.774861758080205900e-09
9.594262263345179249e-09
9.409524633074471247e-09
9.228344128000226344e-09
9.050652255635780307e-09
8.876381842318241326e-09
8.705467007814256962e-09
8.537843140415129571e-09
8.373446872511458256e-09
8.212216056637755060e-09
8.054089741978795035e-09
7.899008151328000663e-09
7.746912658489530917e-09
7.597745766115617877e-09
7.451451083970685525e-09
7.307973307613666242e-09
7.154747669680664951e-09
7.004492975599867028e-09
6.857393734951646151e-09
6.713383681011822719e-09
6.572397938703724119e-09
6.434372995372482516e-09
6.299246672173360388e-09
6.166958096060800266e-09
6.037447672365607339e-09
5.910657057948277412e-09
5.786529134915878882e-09
5.665007984891140635e-09
5.546038863821784842e-09
5.429568177318764000e-09
5.314386046369141439e-09
5.200356334950543626e-09
5.088773336091545121e-09
4.979584551173366128e-09
4.872738608029540058e-09
4.768185236775773786e-09
4.665875246158638745e-09
4.565760500411451128e-09
4.467793896607037826e-09
4.371929342496231091e-09
4.278121734821991232e-09
4.186326938098731539e-09
4.096501763847146772e-09
4.008603950274418006e-09
3.922592142390506285e-09
3.840404910743267118e-09
3.760033150122846312e-09
3.681343404825135463e-09
3.604300473735635201e-09
3.528869892426674287e-09
3.455017917740030655e-09
3.382711512692202924e-09
3.311918331695730678e-09
3.242606706089586640e-09
3.174745629972598189e-09
3.108304746333207579e-09
3.043254333469512161e-09
2.979565291693631819e-09
2.917209130314135643e-09
2.856004144819291869e-09
2.795892167636873925e-09
2.737045402133963394e-09
2.679437218665892943e-09
2.623041548077541008e-09
2.567832869906459912e-09
2.513786200834190027e-09
2.460877083380656253e-09
2.409081574836567106e-09
2.358376236428751184e-09
2.308738122713502236e-09
2.260144771193169119e-09
2.212574192151328228e-09
2.166004858701901644e-09
2.120415697047679358e-09
2.077446055164415796e-09
2.035474625682395084e-09
1.994351160886815001e-09
1.954058529025949787e-09
1.914579944467342300e-09
1.875898960705026327e-09
1.837999463508024314e-09
1.800865664207277695e-09
1.764482093118166605e-09
1.728833593095991017e-09
1.693905313221578549e-09
1.659682702614501850e-09
1.626151504371288345e-09
1.593297749626065947e-09
1.561545769095519179e-09
1.531034293578530897e-09
1.501118990236990690e-09
1.471788210297551993e-09
1.443030532595478122e-09
1.414834759127335488e-09
1.387189910690582753e-09
1.360085222608359804e-09
1.333510140537815756e-09
1.307454316360313571e-09
1.281907604151989897e-09
1.256860056232994467e-09
1.232301919293949696e-09
1.208223630598093180e-09
1.184615814257625934e-09
1.162252078149899671e-09
1.140395214503700107e-09
1.118949382592723677e-09
1.097906852712924123e-09
1.077260040522084176e-09
1.057001504306196216e-09
1.037123942297252622e-09
1.017620190041469321e-09
9.984832178170301646e-10
9.797061281003268332e-10
9.612821530799328504e-10
9.432046522172601585e-10
9.254671098531373487e-10
9.080631328593536359e-10
8.911308546134208490e-10
8.747384370643046762e-10
8.586475592404827771e-10
8.428526742965588498e-10
8.273483374217514327e-10
8.121292039629870769e-10
7.971900275824646163e-10
7.825256584491657923e-10
7.681310414635791453e-10
7.540012145151331083e-10
7.401313067716348903e-10
7.265165370002082944e-10
7.131522119191130821e-10
7.000337245798712027e-10
6.871565527791547730e-10
6.745202692226239595e-10
6.621169244993856783e-10
6.499416573704660207e-10
6.379902738551130361e-10
6.262586570931466999e-10
6.147427659268356118e-10
6.034386335088504597e-10
5.923423659358150001e-10
5.814501409069839957e-10
5.707582064075879867e-10
5.602628794163778537e-10
5.499605446369586795e-10
5.398476532524290123e-10
5.299207217029322038e-10
5.200924373970731528e-10
5.103005820524619380e-10
5.006930793809420873e-10
4.912664585481455641e-10
4.820173140656017754e-10
4.729423045604646083e-10
4.640381515683926665e-10
4.553016383491658058e-10
4.467296087245997716e-10
4.383189659383321626e-10
4.300666715370739399e-10
4.219697442729414768e-10
4.140252590264283695e-10
4.062303457496800847e-10
3.985821884296469980e-10
3.907858147153026535e-10
3.830903940253944707e-10
3.755465128677930231e-10
3.681511871002707402e-10
3.609014913448359103e-10
3.537945578305330601e-10
3.468275752590457051e-10
3.399977876926159667e-10
3.333024934638863901e-10
3.267390441071867276e-10
3.203048433108871534e-10
3.139973458903676603e-10
3.078140567812136787e-10
3.017525300522435045e-10
2.956859757292057721e-10
2.894986391938942164e-10
2.834407749249167065e-10
2.775096736680343894e-10
2.717026828611337271e-10
2.660172054479311084e-10
2.604506987164885358e-10
2.550006731620408747e-10
2.496646913736120928e-10
2.444403669439399503e-10
2.393253634022007345e-10
2.343173931690731444e-10
2.294142165336617663e-10
2.246136406518398501e-10
2.199135185655373827e-10
2.150405037348049342e-10
2.102176157015862891e-10
2.055028944954413705e-10
2.008939141710837124e-10
1.963883031918747173e-10
1.919837432095557534e-10
1.876779678713450918e-10
1.834687616537964117e-10
1.793539587228071730e-10
1.753314418191953229e-10
1.713991411692701426e-10
1.675550334198358136e-10
1.637971405970848116e-10
1.601235290888305643e-10
1.564490728686307048e-10
1.526759520871249426e-10
1.489938285878074748e-10
1.454005077668351230e-10
1.418938479481655401e-10
1.384717591070856149e-10
1.351322016245223709e-10
1.318731850713961843e-10
1.286927670222974271e-10
1.255890518977663682e-10
1.225601898344995200e-10
1.196043755828032366e-10
1.167198474306330259e-10
1.139048861535890272e-10
1.111578139902278163e-10
1.083198563522759583e-10
1.055147085972634184e-10
1.027822054541663516e-10
1.001204656532256050e-10
9.752765664372573261e-11
9.500199333231908902e-11
9.254173685403109391e-11
9.014519337508847788e-11
8.781071292674926286e-11
8.553668826933615675e-11
8.332155378568619677e-11
8.116378440325695362e-11
7.906189454414679837e-11
7.701443710230606958e-11
7.498164850165729597e-11
7.290699478486541931e-11
7.088974428780274170e-11
6.892830873112963455e-11
6.702114378132093001e-11
6.516674783473851886e-11
6.336366083534304447e-11
6.161046312512335591e-11
5.990577432633039641e-11
5.824825225463747502e-11
5.663659186237438261e-11
5.506952421099962180e-11
5.354581547200350021e-11
5.206426595545494709e-11
5.062370916542713097e-11
4.915751881482767500e-11
4.771455060407878805e-11
4.631393923532358362e-11
4.495444136719746986e-11
4.363485015533863548e-11
4.235399418105491416e-11
4.111073641144057927e-11
3.990397319001671709e-11
3.873263325700134534e-11
3.759567679833683400e-11
3.649209452263379942e-11
3.542090676520952554e-11
3.438116261842641828e-11
3.337193908755923101e-11
3.237939255459429893e-11
3.137954488046221830e-11
3.041057163888095448e-11
2.947151945404150037e-11
2.856146438955621940e-11
2.767951103939505872e-11
2.682479164689287959e-11
2.599646525096060295e-11
2.519371685866119898e-11
2.441575664333579945e-11
2.366181916749042442e-11
2.293116262967985520e-11
2.222306813464647839e-11
2.153683898599757542e-11
2.087180000072315294e-11
2.020693915952224415e-11
1.955637003305049554e-11
1.892674619596549940e-11
1.831739330770981652e-11
1.772765873834422111e-11
1.715691086956764314e-11
1.660453841824034602e-11
1.606994978168615589e-11
1.555257240407421269e-11
1.505185216319897889e-11
1.456725277700342108e-11
1.409825522920992787e-11
1.364435721344231890e-11
1.320507259524547033e-11
1.277664465784780682e-11
1.235133242021655894e-11
1.194017808587858002e-11
1.154271036290322309e-11
1.115847364784666580e-11
1.078702750351013174e-11
1.042794615408168720e-11
1.008081799708414746e-11
9.745245131569789436e-12
9.420842902019824938e-12
9.107239457427709469e-12
8.804075325058772546e-12
8.511002998399454487e-12
8.227686538822399744e-12
7.953801190511795079e-12
7.689033008207154084e-12
7.433078497338541948e-12
7.185644266141546831e-12
6.946446689352273333e-12
6.715211583097681900e-12
6.491673890608080026e-12
6.275577378391863293e-12
6.066674342523774537e-12
5.864725324710712483e-12
5.669498837808827721e-12
5.480771100477929559e-12
5.298325780668777070e-12
5.121953747649004211e-12
4.951452832284027150e-12
4.786627595297332411e-12
4.627289103245513464e-12
4.473254711950187064e-12
4.324347857139467980e-12
4.180397852058441994e-12
4.041239691816741462e-12
3.906713864249402409e-12
3.776666167073403764e-12
3.650947531131094298e-12
3.529413849517285389e-12
3.411925812394574043e-12
3.298348747307286850e-12
3.188552464811175738e-12
3.082411109241686519e-12
2.979803014450089611e-12
2.880610564341706428e-12
2.784720058056709582e-12
2.692021579638806433e-12
2.602408872042320170e-12
2.515779215333526534e-12
2.432033308946234565e-12
2.351075157857135135e-12
2.272811962549964665e-12
2.197154012642626533e-12
2.124014584055370903e-12
2.053309839601886706e-12
1.984958732889771191e-12
1.918882915419760622e-12
1.855006646777643883e-12
1.793256707815598941e-12
1.733562316723660199e-12
1.675855047894972622e-12
1.620068753491917579e-12
1.566139487623128678e-12
1.514005433044526047e-12
1.463606830300376310e-12
1.414885909223092202e-12
1.367786822713319737e-12
1.322255582724307004e-12
1.278239998377327319e-12
1.235689616137049880e-12
1.194555661978420448e-12
1.154790985478706155e-12
1.116350005770569457e-12
1.079188659294340906e-12
1.043264349289458949e-12
1.008535896967301943e-12
9.749634943093646477e-13
9.425086584367204315e-13
9.111341874984269938e-13
8.808041180283286351e-13
8.514836837213961801e-13
8.231392755823118766e-13
7.957384034006596427e-13
7.692496585085010293e-13
7.436426777777403306e-13
7.188881088158874986e-13
6.949575763204738027e-13
6.718236495533914807e-13
6.494598108980155384e-13
6.278404254629744848e-13
6.069407116977468307e-13
5.867367129864643958e-13
5.672052701872449527e-13
5.483239950856949563e-13
5.300712447320597750e-13
5.124260966326722668e-13
4.953683247672202291e-13
4.788783764043705693e-13
4.629373496891379421e-13
4.475269719763610596e-13
4.326295788853908815e-13
4.182280940520303658e-13
4.043060095544965162e-13
3.908473669909512443e-13
3.778367391869543005e-13
3.652592125118102958e-13
3.531003697836121483e-13
3.413462737433152702e-13
3.299834510789389651e-13
3.189988769815883124e-13
3.083799602155518392e-13
2.981145286854238696e-13
2.881908154836390774e-13
2.785974454024860666e-13
2.693234218950935760e-13
2.603581144704757221e-13
2.516912465081670308e-13
2.433128834784925738e-13
2.352134215549596313e-13
2.273835766057228943e-13
2.198143735515098633e-13
2.124971360777971989e-13
2.054234766894563556e-13
1.985852870964532646e-13
1.919747289196037540e-13
1.855842247057061303e-13
1.794064492417722782e-13
1.734343211583926396e-13
1.676609948126033211e-13
1.620798524409696649e-13
1.566844965738658832e-13
1.514687427022870399e-13
1.464266121887535555e-13
1.415523254142116428e-13
1.368402951530555039e-13
1.322851201686807565e-13
1.278815790222419709e-13
1.236246240874918767e-13
1.195093757648677251e-13
1.155311168881720455e-13
1.116852873174510182e-13
1.079674787118635553e-13
1.043734294765550213e-13
1.008990198777359921e-13
9.754026732037847903e-14
9.429332178310051335e-14
9.115446140502579483e-14
8.812008821954085219e-14
8.518672403007035295e-14
8.235100642314365732e-14
7.960968491417462293e-14
7.695961722154507924e-14
7.439776566471753216e-14
7.192119368224555016e-14
6.952706246569635525e-14
6.721262770562422659e-14
6.497523644586210481e-14
6.281232404253106091e-14
