4.692134935360881706e-09
4.756553052137983764e-09
4.821855562443017767e-09
4.888054608076344699e-09
4.955162497532574878e-09
5.023191708289047490e-09
5.092154889125927455e-09
5.162064862477850954e-09
5.232934626818163530e-09
5.304777359075688721e-09
5.377606417084669945e-09
5.451435342068538280e-09
5.526277861157598785e-09
5.602147889941260710e-09
5.679059535055526285e-09
5.757027096805791015e-09
5.836065071825651150e-09
5.916188155772450383e-09
5.997411246059480574e-09
6.079749444626042532e-09
6.163218060745310602e-09
6.247832613870727329e-09
6.333608836521714016e-09
6.420562677208770789e-09
6.508710303398724713e-09
6.598068104520932435e-09
6.688652695014515952e-09
6.780480917417428083e-09
6.873216628696847723e-09
6.965469625804282002e-09
7.058960851813125779e-09
7.153706926354860997e-09
7.249724692131228852e-09
7.347031217908473064e-09
7.445643801551488822e-09
7.545579973098834453e-09
7.646857497879017742e-09
7.749494379668460588e-09
7.853508863892156090e-09
7.958919440866975075e-09
8.065744849088691603e-09
8.174004078562935067e-09
8.283716374181178971e-09
8.394901239141710133e-09
8.507578438416718177e-09
8.621768002265710439e-09
8.737490229796430207e-09
8.854765692573270015e-09
8.973615238274093203e-09
9.094059994396479517e-09
9.216121372013346774e-09
9.339821069579195979e-09
9.465181076787234673e-09
9.592223678478627543e-09
9.720971458603859411e-09
9.851447304237443103e-09
9.983674409646521444e-09
1.011767628041387954e-08
1.025347673761668751e-08
1.039109992206096711e-08
1.053057029857299811e-08
1.067191266034838580e-08
1.081515213335952085e-08
1.096031418082209322e-08
1.110742460772156011e-08
1.125650956540045971e-08
1.140759555620732008e-08
1.156070943820773398e-08
1.171587842995899098e-08
1.187313011534856452e-08
1.203249244849756087e-08
1.219399375873007778e-08
1.235766275560929511e-08
1.252352853404090296e-08
1.269162057944540906e-08
1.286196877299946784e-08
1.303460339694796151e-08
1.320955513998696725e-08
1.338685510271937231e-08
1.356653480318345481e-08
1.374862618245567740e-08
1.393316161032880577e-08
1.412017389106627160e-08
1.430969626923347659e-08
1.449793268319575165e-08
1.468673228633113828e-08
1.487799053587653334e-08
1.507173944960140951e-08
1.526801146222724416e-08
1.546683943085729501e-08
1.566825664047706831e-08
1.587229680952642745e-08
1.607899409554425037e-08
1.628838310088661986e-08
1.650049887851945363e-08
1.671537693788658315e-08
1.693305325085424076e-08
1.715356425773301394e-08
1.737694687337801120e-08
1.760323849336884752e-08
1.783247700026975384e-08
1.806470076997135907e-08
1.829994867811506774e-08
1.853826010660105894e-08
1.877967495018104157e-08
1.902423362313690398e-08
1.927197706604627049e-08
1.952294675263621891e-08
1.977718469672622427e-08
2.003473345926152671e-08
2.029563615543807151e-08
2.055993646192031177e-08
2.082767862415276373e-08
2.109890746376720069e-08
2.137366838608591570e-08
2.165200738772286620e-08
2.193397106428378255e-08
2.221960661816655727e-08
2.250896186646321212e-08
2.280208524896473996e-08
2.309902583627024415e-08
2.339983333800162948e-08
2.370455811112528734e-08
2.401325116838221755e-08
2.432596418682765903e-08
2.464274951648241967e-08
2.496366018909640488e-08
2.528874992702648574e-08
2.561807315222994409e-08
2.595168499537502993e-08
2.628964130507016946e-08
2.663199865721334937e-08
2.697881436446325214e-08
2.733014648583375703e-08
2.768605383641334537e-08
2.804659599721110088e-08
2.841183332513092959e-08
2.878182696307566697e-08
2.915663885018280938e-08
2.953369919772739574e-08
2.990259620553223702e-08
3.027610100057884944e-08
3.065427113742267310e-08
3.103716488951662051e-08
3.142484125819065475e-08
3.181735998174360299e-08
3.221478154464812816e-08
3.261716718687136043e-08
3.302457891331134050e-08
3.343707950335157779e-08
3.385473252053502026e-08
3.427760232235848176e-08
3.470575407019010074e-08
3.513925373931000929e-08
3.557816812907672699e-08
3.602256487322058317e-08
3.647251245026529272e-08
3.692808019408049763e-08
3.738933830456533401e-08
3.785635785846585680e-08
3.832921082032746030e-08
3.880797005358422029e-08
3.929270933178634221e-08
3.978350334996860727e-08
4.028042773616010094e-08
4.078355906303802976e-08
4.129297485972714174e-08
4.180875362374609377e-08
4.233097483310391593e-08
4.285971895854665861e-08
4.339506747595752481e-08
4.393710287891169170e-08
4.448590869138815097e-08
4.504156948063979211e-08
4.560417087022520949e-08
4.617379955320233895e-08
4.675054330548734533e-08
4.733449099938043499e-08
4.792573261726003596e-08
4.852435926544908469e-08
4.913046318825351182e-08
4.974413778217652050e-08
5.036547761031050331e-08
5.099457841690813980e-08
5.163153714213655233e-08
5.227645193701471231e-08
5.292942217853796779e-08
5.359054848499134703e-08
5.425993273145427819e-08
5.493767806549839951e-08
5.562388892308254280e-08
5.631867104464521466e-08
5.702213149139853252e-08
5.773437866182579271e-08
5.845552230838445727e-08
5.915761277569284942e-08
5.985413749341544079e-08
6.055886312830888091e-08
6.127188623838574096e-08
6.199330451853733997e-08
6.272321681392000861e-08
6.346172313349753140e-08
6.420892466374437953e-08
6.496492378250960203e-08
6.572982407304456493e-08
6.650373033819468381e-08
6.728674861475947784e-08
6.807898618802111704e-08
6.888055160644393799e-08
6.969155469654779972e-08
7.051210657795514757e-08
7.134231967861656277e-08
7.218230775021489036e-08
7.303218588375143956e-08
7.389207052531434906e-08
7.476207949203401436e-08
7.564233198822566955e-08
7.653294862172202226e-08
7.743405142039895905e-08
7.834576384889422882e-08
7.926821082552467597e-08
8.020151873940163960e-08
8.114581546774813187e-08
8.210123039342049532e-08
8.306789442263487021e-08
8.404594000290395093e-08
8.503550114118395226e-08
8.603671342223629838e-08
8.704971402720367751e-08
8.807464175240666907e-08
8.911163702836074517e-08
9.016084193901712685e-08
9.122240024123126733e-08
9.229645738445845913e-08
9.338316053068344726e-08
9.448265857458342656e-08
9.559510216392958454e-08
9.672064372022700474e-08
9.785943745959945514e-08
9.901163941391891621e-08
1.001774074521851293e-07
1.013569013021547548e-07
1.025502825722273671e-07
1.037577147735879677e-07
1.049793633426102917e-07
1.062153956635249321e-07
1.074659810913522137e-07
1.087312909751072298e-07
1.100114986812767768e-07
1.113067796175741416e-07
1.125999309493026200e-07
1.138221453968257855e-07
1.150576263547559042e-07
1.163065178242528750e-07
1.175689653695354916e-07
1.188451161348474338e-07
1.201351188616075930e-07
1.214391239057466267e-07
1.227572832552316068e-07
1.240897505477810124e-07
1.254366810887718266e-07
1.267982318693409487e-07
1.281745615846842551e-07
1.295658306525517497e-07
1.309722012319459479e-07
1.323938372420221733e-07
1.338309043811940207e-07
1.352835701464462634e-07
1.367520038528574802e-07
1.382363766533345202e-07
1.397368615585611611e-07
1.412536334571630783e-07
1.427868691360930165e-07
1.443367473012345219e-07
1.459034485982320440e-07
1.474871556335457132e-07
1.490880529957351610e-07
1.507063272769739716e-07
1.523421670947980205e-07
1.539957631140896853e-07
1.556673080693008401e-07
1.573569967869165138e-07
1.590650262081641605e-07
1.607915954119662146e-07
1.625369056381450083e-07
1.643011603108777226e-07
1.660845650624066131e-07
1.678873277570063894e-07
1.697096585152117135e-07
1.715517697383077806e-07
1.734138761330867634e-07
1.752961947368723941e-07
1.771989449428182977e-07
1.791223485254770580e-07
1.810666296666504720e-07
1.830320149815188219e-07
1.850187335450537453e-07
1.870270169187181690e-07
1.890570991774557965e-07
1.911092169369736686e-07
1.931836093813208944e-07
1.952805182907662262e-07
1.974001880699803280e-07
1.995428657765199050e-07
2.017088011496249713e-07
2.038982466393268725e-07
2.059270466370705755e-07
2.078842547538477612e-07
2.098600649128283970e-07
2.118546539148193252e-07
2.138682002410087236e-07
2.159008840689371246e-07
2.179528872886202100e-07
2.200243935188247349e-07
2.221155881234993521e-07
2.242266582283613963e-07
2.263577927376413760e-07
2.285091823509867596e-07
2.306810195805260631e-07
2.328734987680956210e-07
2.350868161026296223e-07
2.373211696377151867e-07
2.395767593093172429e-07
2.418537869536643708e-07
2.441524563253140557e-07
2.464729731153852575e-07
2.488155449699591427e-07
2.511803815086670106e-07
2.535676943434423856e-07
2.559776970974565970e-07
2.584106054242391715e-07
2.608666370269698030e-07
2.633460116779615393e-07
2.658489512383263464e-07
2.683756796778274429e-07
2.709264230949210525e-07
2.735014097369881570e-07
2.761008700207587362e-07
2.787250365529299799e-07
2.813741441509807460e-07
2.840484298641833771e-07
2.867481329948158413e-07
2.894734951195748303e-07
2.922247601111929936e-07
2.950021741602610484e-07
2.978059857972577826e-07
3.006364459147890110e-07
3.034938077900383956e-07
3.063783271074311878e-07
3.092902619815135949e-07
3.122298729800495682e-07
3.151974231473370790e-07
3.181931780277461057e-07
3.212174056894801839e-07
3.242703767485639034e-07
3.273523643930583622e-07
3.304636444075067496e-07
3.336044951976122800e-07
3.367751978151507029e-07
3.399760359831189755e-07
3.432072961211267693e-07
3.463524321513204860e-07
3.489502514937227153e-07
3.515675558020419873e-07
3.542044912234290480e-07
3.568612050012146561e-07
3.595378454831273372e-07
3.622345621295795901e-07
3.649515055220131727e-07
3.676888273713063278e-07
3.704466805262484004e-07
3.732252189820700419e-07
3.760245978890451472e-07
3.788449735611528788e-07
3.816865034848088817e-07
3.845493463276548920e-07
3.874336619474212951e-07
3.903396114008517828e-07
3.932673569527002194e-07
3.962170620847859534e-07
3.991888915051261032e-07
4.021830111571314764e-07
4.051995882288721038e-07
4.082387911624160959e-07
4.113007896632301201e-07
4.143857547096590230e-07
4.174938585624721034e-07
4.206252747744812244e-07
4.237801782002351584e-07
4.269587450057780418e-07
4.301611526784898865e-07
4.333875800369953298e-07
4.366382072411522704e-07
4.399132158021065734e-07
4.432127885924306837e-07
4.465371098563336554e-07
4.498863652199522845e-07
4.532607417017112746e-07
4.566604277227692712e-07
4.600856131175396456e-07
4.635364891442892066e-07
4.670132484958220919e-07
4.705160853102334336e-07
4.740451951817538152e-07
4.776007751716699085e-07
4.811830238193273256e-07
4.847921411532206100e-07
4.884283287021569712e-07
4.920917895065127710e-07
4.957827281295696829e-07
4.995013506689408484e-07
5.032478647680735853e-07
5.070224796278472797e-07
5.108254060182543941e-07
5.146568562901686139e-07
5.185170443872061673e-07
5.224061858576660254e-07
5.257639496938633399e-07
5.288653273092584387e-07
5.319849993381803974e-07
5.351230736957586004e-07
5.382796589336923620e-07
5.414270882031020066e-07
5.444153469847091591e-07
5.474200986436406422e-07
5.504414342078225096e-07
5.534794452075878192e-07
5.565342236784429379e-07
5.594686683078768410e-07
5.623274623069853717e-07
5.652008642789659233e-07
5.680889488681863731e-07
5.709917911004366056e-07
5.738919435244639741e-07
5.765665731981119968e-07
5.792536680125781945e-07
5.819532860617899435e-07
5.846654857104172668e-07
5.873903255951441243e-07
5.899732456845788045e-07
5.924322869922434574e-07
5.949015777208713236e-07
5.973811605906216139e-07
5.998710784997086526e-07
6.023711696504979758e-07
6.045635441854538403e-07
6.067638980300841421e-07
6.089722602256790896e-07
6.111886599192235685e-07
6.134131263637882585e-07
6.154746125748826304e-07
6.173470384476361153e-07
6.192251607026242447e-07
6.211089966696495229e-07
6.229985637312361139e-07
6.248938793227897192e-07
6.264135125252554440e-07
6.279093945610793238e-07
6.294088487788890136e-07
6.309118837090925507e-07
6.324185079024686910e-07
6.337462340400259771e-07
6.348015987695316757e-07
6.358587209764813858e-07
6.369176035875689697e-07
6.379782495343571407e-07
6.390406617532956747e-07
6.396609325123200872e-07
6.402127040337477531e-07
6.407649515132906254e-07
6.413176753615116086e-07
6.418708759893236437e-07
6.422317917976564184e-07
6.422042332391985799e-07
6.421766758632965682e-07
6.421491196698985023e-07
6.421215646589521839e-07
6.420940108304095440e-07
6.415488516278331936e-07
6.408730907457861260e-07
6.401980416610847733e-07
6.395237036239723108e-07
6.388500758854853716e-07
6.379895556696295043e-07
6.366079400269029040e-07
6.352293163795267818e-07
6.338536782481042907e-07
6.324810191672712726e-07
6.311113326856611063e-07
6.291634798158255247e-07
6.270075982628448283e-07
6.248591040192341368e-07
6.227179717717594109e-07
6.205841762939195030e-07
6.182878300962680236e-07
6.153074623579370921e-07
6.123414610544995773e-07
6.093897569346168366e-07
6.064522810807666529e-07
6.035289649076371545e-07
6.000122686907583388e-07
5.962085716855466130e-07
5.924289877054553570e-07
5.886733638892065189e-07
5.849415483445692435e-07
5.811111178862745235e-07
5.764835985170009721e-07
5.718929291319293570e-07
5.673388162862919909e-07
5.628209688720916468e-07
5.583390980994890679e-07
5.533154536824599553e-07
5.479475252064518946e-07
5.426316730929102132e-07
5.373673921287817406e-07
5.321541820022819997e-07
5.269352705004942190e-07
5.209104341364915342e-07
5.149544841333856684e-07
5.090666328630269444e-07
5.032461017027946194e-07
4.974921209326303952e-07
4.913786694408875173e-07
4.849639246552901152e-07
4.786329217030767860e-07
4.723845673693333596e-07
4.662177827106167057e-07
4.601315028686393554e-07
4.534690149112706754e-07
4.468986788837088720e-07
4.404235407949149034e-07
4.340422213170277536e-07
4.277533611073381507e-07
4.213571071272752733e-07
4.148266350300841607e-07
4.083973765236710140e-07
4.020677629326306900e-07
3.958362498939336661e-07
3.897013169801080815e-07
3.835063649932363562e-07
3.773976469762315331e-07
3.713862322616423718e-07
3.654705709444586298e-07
3.596491378074810223e-07
3.539590123390373155e-07
3.484178374390645917e-07
3.429634087955840300e-07
3.375943684090473081e-07
3.323093795391819060e-07
3.271071263721845028e-07
3.222451041937293437e-07
3.174975350428869549e-07
3.128199108269673281e-07
3.082112010619974590e-07
3.036703904459076877e-07
2.993227824094973798e-07
2.952970276996292752e-07
2.913254175518742056e-07
2.874072237466019338e-07
2.835417278584035451e-07
2.797282211243638484e-07
2.761869399960103201e-07
2.727483516117395337e-07
2.693525744120832028e-07
2.659990753883415305e-07
2.626873281678888391e-07
2.594091490456285547e-07
2.561499574098254337e-07
2.529317139447319996e-07
2.497539041814643649e-07
2.466160201148764969e-07
2.435175601223486046e-07
2.401232164656676140e-07
2.366496964643231070e-07
2.332264229213483050e-07
2.298526689929144674e-07
2.265277183494045431e-07
2.230917000668946591e-07
2.190363807194123514e-07
2.150547782112617211e-07
2.111455525314756069e-07
2.073073880275568630e-07
2.035389929626930242e-07
1.992288288565628371e-07
1.946962668785737780e-07
1.902668230999050865e-07
1.859381515265954853e-07
1.817079595372936830e-07
1.774997241929147441e-07
1.728644375130014040e-07
1.683501982471199555e-07
1.639538453229460619e-07
1.596723002174446651e-07
1.555025648011539035e-07
1.514583761454750428e-07
1.475307565059631280e-07
1.437049879256358920e-07
1.399784292021326658e-07
1.363485076247732064e-07
1.328432636308387144e-07
1.299536313389881028e-07
1.271268548860706813e-07
1.243615670197545319e-07
1.216564302284448776e-07
1.190101360943569378e-07
1.167075133984870956e-07
1.147091611938486913e-07
1.127450262509569328e-07
1.108145226765952704e-07
1.089170746096431218e-07
1.070521160492991128e-07
1.051904298173453279e-07
1.033607213533268919e-07
1.015628392928046050e-07
9.979623003941083129e-08
9.806034962617069579e-08
9.610474226796121853e-08
9.389232581913819914e-08
9.173084116023030591e-08
8.961911579623729156e-08
8.755600422403495494e-08
8.554038731099717074e-08
8.321658080593655814e-08
8.092533696124417617e-08
7.869717908217304255e-08
7.653037019119996951e-08
7.442322113587468431e-08
7.244938796853637259e-08
7.064534770996288254e-08
6.888622931126705445e-08
6.717091418682692594e-08
6.549831160458211274e-08
6.386735799246102334e-08
6.254081159212286175e-08
6.128723301247043889e-08
6.005878137337676363e-08
5.885495302620552667e-08
5.767525441753927333e-08
5.648948178571789476e-08
5.526541444142072371e-08
5.406787134227521437e-08
5.289627773593275575e-08
5.175007132432087164e-08
5.062870199377115849e-08
4.940015044149273671e-08
4.816594878198800273e-08
4.696258212445605391e-08
4.578928009451045115e-08
4.464529156461502068e-08
4.355169194859910219e-08
4.254899276147443725e-08
4.156937891535215110e-08
4.061231891187657722e-08
3.967729348948317055e-08
3.876379534166916197e-08
3.791114993404940192e-08
3.709275503492157163e-08
3.629202697555168140e-08
3.550858437865157721e-08
3.474205409979452177e-08
3.398541133184641719e-08
3.321592299515144747e-08
3.246385720175114751e-08
3.172881947521140160e-08
3.101042427072568009e-08
3.030829477288659826e-08
2.963596555952267816e-08
2.898594195215146978e-08
2.835017570681180638e-08
2.772835410813507044e-08
2.712017129972821227e-08
2.652739520706343106e-08
2.596328613576469151e-08
2.541117292918748702e-08
2.487080049345427738e-08
2.434191915929728879e-08
2.382428456670349567e-08
2.332059672432920790e-08
2.282963930160900438e-08
2.234901777182389522e-08
2.187851453833949316e-08
2.141791658547992315e-08
2.096765630563281295e-08
2.053975564441940580e-08
2.012058743156346134e-08
1.970997345828618396e-08
1.930773915263159767e-08
1.891371350524787814e-08
1.854342632097641153e-08
1.819503405420542287e-08
1.785318735077561793e-08
1.751776323321719349e-08
1.718864103455029588e-08
1.686570235487570415e-08
1.654883101878111981e-08
1.623791303354765468e-08
1.593283654814172665e-08
1.563349181297703083e-08
1.533977114043301372e-08
1.505156886611450777e-08
1.476878131083981600e-08
1.449130674334267990e-08
1.421904534367484949e-08
1.395189916729653677e-08
1.368977210984137205e-08
1.343256987254339273e-08
1.318019992831354576e-08
1.293257148845369499e-08
1.268959546999571560e-08
1.245118446365449886e-08
1.221725270238291606e-08
1.198771603051756974e-08
1.176249187350436043e-08
1.154149920819260943e-08
1.132465853368742096e-08
1.111189184274987437e-08
1.090312259373409475e-08
1.069827568305202657e-08
1.049727741815518711e-08
1.030005549102416961e-08
1.010653895215641871e-08
9.916658185042305366e-09
9.730344881121171717e-09
9.547532015207467644e-09
9.368153821379109241e-09
9.192145769318225664e-09
9.019444541097016843e-09
8.849988008399348425e-09
8.683715210170369673e-09
8.521170960875353531e-09
8.363165058037574068e-09
8.208089018412987522e-09
8.055888514294247107e-09
7.906510225358849868e-09
7.759901819989452925e-09
7.616011936940561668e-09
7.474790167345180911e-09
7.336187037055091977e-09
7.200153989308609758e-09
7.066643367719711030e-09
6.935608399582603119e-09
6.807003179485862444e-09
6.680782653230391526e-09
6.556902602045739223e-09
6.435319627098691991e-09
6.315991134289652872e-09
6.198875319330515000e-09
6.083931153099513227e-09
5.971118367267386855e-09
5.860397440190199758e-09
5.751729583063843219e-09
5.645076726335170736e-09
5.540401506364992768e-09
5.437667252338611079e-09
5.336837973418814609e-09
5.237878346137454076e-09
5.140753702020364241e-09
5.045430015442089349e-09
4.951873891705679451e-09
4.860052555343545780e-09
4.769933838635246735e-09
4.681486170338188483e-09
4.594678564627285461e-09
4.509480610239718649e-09
4.425862459820965912e-09
4.343794819468400298e-09
4.263248938468770368e-09
4.184196599225976741e-09
4.106610107375618569e-09
4.030462282082839935e-09
3.954846209304902883e-09
3.865967220758000667e-09
3.779085648592684831e-09
3.694156603997040678e-09
3.611136206965024157e-09
3.529981563625161392e-09
3.450650744078739773e-09
3.373102760735984524e-09
3.297297547139166717e-09
3.223195937261556030e-09
3.150759645271672951e-09
3.079951245752299222e-09
3.010734154363972147e-09
2.943072608943103159e-09
2.876931651024822205e-09
2.812277107781130070e-09
2.749075574364960642e-09
2.687294396650985053e-09
2.626901654364281638e-09
2.567866144588270681e-09
2.510157365643121028e-09
2.453745501326624763e-09
2.398601405509125864e-09
2.344696587074656623e-09
2.292003195200599374e-09
2.240494004968016171e-09
2.190142403295506572e-09
2.140922375189087716e-09
2.092808490301087982e-09
2.045775889791196074e-09
1.999800273482657672e-09
1.954857887307242472e-09
1.910925511032285621e-09
1.867980446263541353e-09
1.826000504717737000e-09
1.784963996758564184e-09
1.744849720190426098e-09
1.705636949303912393e-09
1.667305424167565854e-09
1.629835340160229385e-09
1.593207337738639023e-09
1.557402492435039756e-09
1.514790139206234900e-09
1.471798340813725768e-09
1.430026707961776822e-09
1.389440610697628970e-09
1.350006401913580050e-09
1.311691389452467475e-09
1.274463809004867991e-09
1.238292797775556582e-09
1.203148368897275293e-09
1.169001386570725058e-09
1.135823541910112405e-09
1.103587329474208029e-09
1.072266024463514472e-09
1.041833660564559534e-09
1.012265008423087449e-09
9.835355547281252198e-10
9.556214818896966227e-10
9.284996482933443557e-10
9.021475691149966325e-10
8.765433976803961409e-10
8.516659073535133807e-10
8.274944739390457211e-10
8.040090585843255126e-10
7.811901911664789190e-10
7.590189541511431494e-10
7.374769669092313351e-10
7.165463704788275935e-10
6.962098127595859853e-10
6.764504341272885230e-10
6.572518534567272409e-10
6.385981545412317754e-10
6.204738728976693156e-10
6.028639829459098373e-10
5.857538855521589888e-10
5.691293959258381048e-10
5.529767318599681323e-10
5.372825023052854693e-10
5.220336962686712294e-10
5.072176720266357144e-10
4.928221466449412937e-10
4.788351857956811905e-10
4.639182910758171144e-10
4.486050690207173387e-10
4.337973126353729800e-10
4.194783372832988115e-10
4.056320090619512160e-10
3.922427266238359052e-10
3.792954035977079286e-10
3.667754515899944204e-10
3.546687637473318001e-10
3.429616988616685207e-10
3.316410660000423279e-10
3.206941096416893604e-10
3.101084953057761470e-10
2.998722956535099143e-10
2.899739770490290594e-10
2.804023865638719145e-10
2.711467394104149668e-10
2.621966067901247326e-10
2.535419041428978271e-10
2.451728797843000926e-10
2.370801039178453834e-10
2.292544580099836934e-10
2.216871245157880894e-10
2.143695769437920306e-10
2.072935702487647675e-10
2.004511315416119156e-10
1.938345511059181652e-10
1.874363737110335407e-10
1.812493902118840371e-10
1.752666294260798726e-10
1.694813502791280488e-10
1.638870342089346002e-10
1.584773778210111212e-10
1.532462857861290686e-10
1.481878639724076480e-10
1.432964128041042207e-10
1.385664208396143464e-10
1.339925585614612848e-10
1.295696723712565365e-10
1.252927787828916844e-10
1.211570588073898959e-10
1.170469983113048591e-10
1.128940482034456610e-10
1.088884491156646663e-10
1.050249728794193467e-10
1.012985768270618286e-10
9.770439721007464746e-11
9.423774285083416955e-11
9.089408901961013629e-11
8.766907152882550256e-11
8.455848103684815500e-11
8.155825755389778942e-11
7.866448514288368987e-11
7.587338680826413759e-11
7.318131956625758261e-11
7.058476968996159516e-11
6.808034812318601769e-11
6.566478605700356809e-11
6.333493066325207054e-11
6.108774097941493892e-11
5.892028393951183380e-11
5.682973054581506744e-11
5.481335217639976058e-11
5.286851702370607635e-11
5.099268665946170036e-11
4.918341272148996560e-11
4.743833371806785166e-11
4.575517194567317202e-11
4.413173051609020186e-11
4.256589048899786209e-11
4.105560810629832070e-11
3.959891212457106379e-11
3.819390124217768351e-11
3.683874161765304514e-11
3.553166447614833777e-11
3.427096380079918146e-11
3.305499410600647088e-11
3.188216828972424411e-11
3.075095556194921962e-11
2.965987944671106276e-11
2.860751585495340721e-11
2.759249122579167768e-11
2.660915968379144306e-11
2.563553556638910183e-11
2.469753617119716922e-11
2.379385799637137212e-11
2.292324523495344347e-11
2.208448802972407191e-11
2.127642079191045955e-11
2.049792058141244900e-11
1.974790554629588912e-11
1.902533341938385201e-11
1.832920006985841731e-11
1.765853810785833832e-11
1.701241554013389834e-11
1.638993447489244024e-11
1.579022987403195209e-11
1.521246835103094165e-11
1.465584701282289679e-11
1.411959234404668355e-11
1.360295913212202339e-11
1.310522943165570883e-11
1.262571156674076923e-11
1.216373916976082617e-11
1.171867025536418461e-11
1.128988632832197710e-11
1.087679152402866763e-11
1.047881178045174110e-11
1.009539404037999265e-11
9.726005482860791355e-12
9.370132782759334381e-12
9.027281397410441099e-12
8.696974879371427228e-12
8.378754214321439214e-12
8.072177183186559698e-12
7.776817747605301918e-12
7.492265457879172146e-12
7.218124882586376655e-12
6.954015059066136458e-12
6.699568964009250506e-12
6.454433003419948464e-12
6.218266521239909093e-12
5.990741325951513709e-12
5.771541234502621153e-12
5.557944297501936868e-12
5.352029404678018801e-12
5.153743401388985441e-12
4.962803646808147007e-12
4.778937971598367026e-12
4.601884289956394242e-12
4.431390226030574037e-12
4.267212754179305328e-12
4.109117852557383692e-12
3.956880169536644617e-12
3.810282702485124544e-12
3.669116488447374250e-12
3.533180306284359168e-12
3.402280389848867540e-12
3.276230151787372263e-12
3.154849917574723151e-12
3.037966669402385923e-12
2.925413799555562808e-12
2.817030872927125233e-12
2.712663398330247297e-12
2.612162608283550571e-12
2.515385246954990577e-12
2.422193365962156501e-12
