3.987223372124126823e-08
4.047519366828068143e-08
4.108727175754095799e-08
4.170860587631945182e-08
4.233933599708706764e-08
4.297960420902041247e-08
4.362955475001146185e-08
4.428882869581853291e-08
4.495700742300734966e-08
4.563526685958981706e-08
4.632375909167355965e-08
4.702263849986613158e-08
4.773206179389122159e-08
4.845218804772793396e-08
4.918317873528027235e-08
4.992519776658381460e-08
5.067841152455955757e-08
5.144298890232227738e-08
5.221910134105081665e-08
5.300692286843062183e-08
5.380663013767632613e-08
5.461840246714192177e-08
5.544242188053017502e-08
5.627887314770708081e-08
5.712794382613306320e-08
5.798982430291938545e-08
5.886470783751794220e-08
5.975279060505617311e-08
6.065427174032574700e-08
6.156935338243389038e-08
6.249824072012931166e-08
6.344114203781213744e-08
6.439826876223671522e-08
6.536983550992023271e-08
6.635606013526655065e-08
6.735716377941479138e-08
6.837337091982687108e-08
6.940490942062113557e-08
7.045201058366675092e-08
7.151490920044890726e-08
7.259384360471531779e-08
7.368905572591814791e-08
7.480079114346235951e-08
7.592929914177105811e-08
7.707483276618299700e-08
7.823764887969339535e-08
7.941800822054935957e-08
8.061617546071573694e-08
8.183241926522296872e-08
8.306701235240870867e-08
8.432023155507076954e-08
8.559235788254018563e-08
8.688367658369257607e-08
8.819447721090920406e-08
8.952505368500394493e-08
9.087570436112796829e-08
9.224673209567129874e-08
9.363844431417106185e-08
9.505115308024602974e-08
9.648517516557123048e-08
9.794083212090651791e-08
9.941845034819846453e-08
1.009183611737700566e-07
1.024378624475266113e-07
1.039795957962109790e-07
1.055445328867704321e-07
1.071330229453774405e-07
1.087454204542076009e-07
1.103820852305429851e-07
1.120433825070694865e-07
1.137296830133794295e-07
1.154413630587029710e-07
1.171788046158847866e-07
1.189423954066221607e-07
1.207325289879896141e-07
1.225496048402618602e-07
1.243940284560624352e-07
1.262662114308501361e-07
1.281665715547712873e-07
1.300955329058906450e-07
1.320535259448279798e-07
1.340409876108190509e-07
1.360583614192197128e-07
1.381060975604813708e-07
1.401846530006119213e-07
1.422944915831529065e-07
1.444360841326871528e-07
1.466099085599085223e-07
1.488164499682687348e-07
1.510562007622337893e-07
1.533296607571651286e-07
1.556373372908576782e-07
1.579797453367567324e-07
1.603574076188753637e-07
1.627708547284465035e-07
1.652206252423251252e-07
1.677072658431780897e-07
1.702313314414775893e-07
1.727933852993341887e-07
1.753939991561935224e-07
1.780337533564213745e-07
1.807132369788142214e-07
1.834330479680532666e-07
1.861937932681425960e-07
1.889960889578503558e-07
1.918405603881917809e-07
1.947278423219818444e-07
1.976585790754838620e-07
2.006334246621963260e-07
2.036530429387970531e-07
2.067181077532905169e-07
2.098293030953783514e-07
2.129873232490993472e-07
2.161928729477608824e-07
2.194466675312058894e-07
2.227494331054471985e-07
2.261019067046998321e-07
2.295048364558586831e-07
2.329564157448002345e-07
2.364545357492078841e-07
2.400051842213381694e-07
2.436091499391398185e-07
2.472672335250089520e-07
2.509802476236458323e-07
2.547490170825872566e-07
2.585743791354449836e-07
2.624571835878961684e-07
2.663982930064711779e-07
2.703985829101713958e-07
2.744589419649645046e-07
2.785802721812052599e-07
2.827634891140153754e-07
2.870095220666752972e-07
2.913193142970673094e-07
2.956938232272238612e-07
3.001340206560175936e-07
3.046408929750451557e-07
3.092154413877578046e-07
3.138586821318777519e-07
3.185716467051535142e-07
3.233553820945114420e-07
3.282109510086418082e-07
3.331394321140812377e-07
3.381419202748361573e-07
3.432195267956113770e-07
3.483733796686847774e-07
3.536046238244891434e-07
3.589144213859632403e-07
3.643039519267148042e-07
3.697744127330651128e-07
3.753270190700232071e-07
3.809630044512622383e-07
3.866836209131427254e-07
3.924901392928505414e-07
3.983838495107186584e-07
4.043660608567809881e-07
4.104381022816293081e-07
4.166013226916451131e-07
4.228570912486562081e-07
4.292067976740984570e-07
4.356518525577393342e-07
4.421936876710463396e-07
4.488337562852527933e-07
4.555735334942001029e-07
4.624145165420357519e-07
4.693582251558240278e-07
4.764062018831509606e-07
4.835600124348077544e-07
4.908212460326103620e-07
4.981915157624472638e-07
5.056724589326233208e-07
5.132657374375949393e-07
5.209730381271566866e-07
5.287960731811732197e-07
5.367267445085220634e-07
5.447742636484015831e-07
5.529424448662739872e-07
5.612330973329919597e-07
5.696480573455712990e-07
5.781891887339108340e-07
5.868583832736171186e-07
5.956575611050064312e-07
6.045886711584023469e-07
6.136536915858021508e-07
6.228546301990187114e-07
6.321935249143888716e-07
6.416724442041573067e-07
6.512934875546145162e-07
6.610587859311171714e-07
6.709705022500748840e-07
6.810308318580143600e-07
6.912420030178254388e-07
7.016062774023046395e-07
7.121259505950851520e-07
7.228033525990911275e-07
7.336408483526083835e-07
7.446408382530939197e-07
7.558057586888456870e-07
7.671380825786291735e-07
7.786403199194106241e-07
7.903150183422947281e-07
8.021647636767996509e-07
8.141921805235923380e-07
8.263999328358099789e-07
8.387907245091056999e-07
8.513672999805246802e-07
8.641324448363760759e-07
8.770889864292110781e-07
8.902397945040517344e-07
9.035877818340180254e-07
9.171359048654670148e-07
9.308871643728239627e-07
9.448446061232219737e-07
9.590113215511092124e-07
9.733904484429685259e-07
9.879851716323145426e-07
1.002798723705090004e-06
1.017834385715659541e-06
1.033095487913528998e-06
1.048585410480959516e-06
1.064307584281654023e-06
1.080265491620645525e-06
1.096462667015601922e-06
1.112902697979684774e-06
1.129589225816146672e-06
1.146525946424842763e-06
1.163716611120844267e-06
1.181165027465303039e-06
1.198875060108799290e-06
1.216682962691046494e-06
1.234404726535759966e-06
1.252384619180987087e-06
1.270626400437448690e-06
1.289133884879906254e-06
1.307910942644836540e-06
1.326961500239724995e-06
1.346289541364143484e-06
1.365899107742790891e-06
1.385794299970666194e-06
1.405979278370551261e-06
1.426458263862986947e-06
1.447235538848907267e-06
1.468315448105157989e-06
1.489702399693028831e-06
1.511400865880035795e-06
1.533415384075125377e-06
1.555750557777501601e-06
1.578411057539271764e-06
1.601401621942115873e-06
1.624727058588179665e-06
1.648392245105403188e-06
1.672402130167489718e-06
1.696761734528736916e-06
1.721476152073922945e-06
1.746550550883518801e-06
1.771990174314382284e-06
1.797800342096210596e-06
1.823986451443958456e-06
1.850553978186461639e-06
1.877508477911496776e-06
1.904855587127523038e-06
1.932601024442341612e-06
1.960750591758926649e-06
1.989310175488671429e-06
2.018285747782312728e-06
2.047683367778761047e-06
2.077509182872164491e-06
2.107769429997387146e-06
2.138470436934228482e-06
2.169618623630640437e-06
2.201220503545213229e-06
2.233282685009218732e-06
2.265811872608491369e-06
2.298814868585440856e-06
2.332298574261466162e-06
2.366269991480130243e-06
2.400736224071311548e-06
2.435704479336704571e-06
2.471182069556951921e-06
2.507176413520732344e-06
2.543695038076113845e-06
2.580745579704512429e-06
2.618335786117568589e-06
2.656473517877287551e-06
2.695166750039777014e-06
2.730890729706354448e-06
2.766338262719444562e-06
2.802245912127182986e-06
2.838619650336623325e-06
2.875465527277929542e-06
2.912789671410626111e-06
2.950598290742904760e-06
2.988897673864222435e-06
3.027694190991240446e-06
3.066994295027349191e-06
3.106804522635998228e-06
3.147131495327871539e-06
3.187981920562266260e-06
3.229362592862698172e-06
3.271280394947026617e-06
3.313742298872208510e-06
3.356755367193977928e-06
3.400326754141521986e-06
3.444463706807396958e-06
3.489173566352958650e-06
3.534463769229372254e-06
3.580341848414474844e-06
3.626815434665759454e-06
3.673892257789518840e-06
3.721580147926571201e-06
3.769887036854600854e-06
3.818820959307401892e-06
3.868390054311319141e-06
3.918602566538960547e-06
3.969466847680487191e-06
4.020991357832766379e-06
4.073184666906489883e-06
4.126055456051586388e-06
4.179612519101106050e-06
4.233864764033921875e-06
4.288821214456304698e-06
4.344491011102847775e-06
4.400883413356791821e-06
4.458007800790082529e-06
4.515873674723498529e-06
4.574490659806949751e-06
4.633868505620288373e-06
4.694017088294981361e-06
4.754946412156747900e-06
4.816666611389518357e-06
4.879187951721080666e-06
4.942520832130518331e-06
5.006675786577806810e-06
5.071663485755968087e-06
5.137494738865810519e-06
5.204180495413860457e-06
5.271731847033520350e-06
5.340160029329925985e-06
5.409476423748684975e-06
5.479692559468983541e-06
5.544272790083653170e-06
5.595984533635724470e-06
5.648178595522861522e-06
5.700859474355227063e-06
5.754031710701822202e-06
5.807699887481740260e-06
5.861868630359256815e-06
5.916542608142475597e-06
5.971726533185701322e-06
6.027425161795665684e-06
6.083643294641443020e-06
6.140385777168179320e-06
6.197657500014796357e-06
6.255463399435480365e-06
6.313808457725099256e-06
6.372697703648702533e-06
6.432136212874916710e-06
6.492129108413370912e-06
6.552681561056333925e-06
6.613798789824346703e-06
6.675486062416004480e-06
6.737748695662063844e-06
6.800592055983662148e-06
6.864021559854805124e-06
6.928042674269298028e-06
6.992660917211903484e-06
7.057881858133896272e-06
7.123711118433177699e-06
7.190154371938743712e-06
7.257217345399667706e-06
7.324905818978777580e-06
7.393225626750804285e-06
7.462182657205175498e-06
7.531782853753637389e-06
7.602032215242470686e-06
7.672936796469484013e-06
7.744502708705974228e-06
7.816736120223407271e-06
7.889643256825015197e-06
7.963230402382495733e-06
8.037503899377571265e-06
8.112470149448596134e-06
8.188135613942415546e-06
8.264506814471220280e-06
8.341590333474590313e-06
8.419392814786945910e-06
8.497920964210116488e-06
8.577181550091277968e-06
8.657181403906406015e-06
8.737927420849038467e-06
8.819426560424518087e-06
8.901685847049954457e-06
8.984712370659520510e-06
9.068513287315654555e-06
9.153095819825793442e-06
9.238467258364846908e-06
9.297750903271734561e-06
9.351751929830904152e-06
9.406066592547869775e-06
9.460696713010955676e-06
9.515644123388227461e-06
9.568433457579065047e-06
9.615503439456992880e-06
9.662804972633677080e-06
9.710339196179094428e-06
9.758107254766661443e-06
9.806110298700788363e-06
9.847188880907273753e-06
9.886157873830646531e-06
9.925281081568830010e-06
9.964559114407244952e-06
1.000399258504644022e-05
1.004117346673614933e-05
1.007017991437172246e-05
1.009927015440536621e-05
1.012844442889247806e-05
1.015770298058760833e-05
1.018704605294664891e-05
1.020816334865334571e-05
1.022560949615585461e-05
1.024308545980180404e-05
1.026059129054814215e-05
1.027812703943890393e-05
1.029364010087897137e-05
1.029819314264820365e-05
1.030274819830070451e-05
1.030730526872720365e-05
1.031186435481888983e-05
1.031642545746734486e-05
1.031219816373143363e-05
1.030267610618969979e-05
1.029316284110697027e-05
1.028365836036452576e-05
1.027416265585105506e-05
1.026327852645205797e-05
1.023829358035242403e-05
1.021336945765636326e-05
1.018850601029522014e-05
1.016370309056087533e-05
1.013896055110473094e-05
1.010534970858829397e-05
1.006475297421828087e-05
1.002431933117011791e-05
9.984048124248716099e-06
9.943938700891217554e-06
9.903626719272586609e-06
9.847609602222885133e-06
9.791909330455350483e-06
9.736524111822567016e-06
9.681452164313879158e-06
9.626691715998082850e-06
9.564278570666282083e-06
9.493993170099103351e-06
9.424224278696351391e-06
9.354968100766251535e-06
9.286220868510581316e-06
9.217978841819685103e-06
9.135708218838818845e-06
9.053488512382270684e-06
8.972008768276501484e-06
8.891262326995453267e-06
8.811242588947530366e-06
8.726192804562018360e-06
8.634133066083106149e-06
8.543044541011762628e-06
8.452916983224124367e-06
8.363740254691081241e-06
8.275504324337826196e-06
8.178455719198402766e-06
8.081319583931488506e-06
7.985337141867629784e-06
7.890494690505643196e-06
7.796778690089987965e-06
7.701322193801169287e-06
7.601875502754666840e-06
7.503712960599918119e-06
7.406817985202698673e-06
7.311174208552905010e-06
7.216765473999460436e-06
7.119743861025673955e-06
7.023193546338675997e-06
6.927952543257294623e-06
6.834003096304617960e-06
6.741327690784485083e-06
6.649430635408312741e-06
6.557605859629235241e-06
6.467049130681413658e-06
6.377742937574442656e-06
6.289670011134567971e-06
6.202813320665256468e-06
6.117443628618203975e-06
6.033342543466347713e-06
5.950397659001103582e-06
5.868593080064576428e-06
5.787913130021524037e-06
5.708451016828924904e-06
5.630464482864751434e-06
5.553543369180396362e-06
5.477673120437737299e-06
5.402839380147720308e-06
5.329027987953814279e-06
5.255716606554310879e-06
5.183182269155586122e-06
5.111648980804151602e-06
5.041102925985457850e-06
4.971530479853338988e-06
4.902433050364304733e-06
4.831591960370011193e-06
4.761774537599720657e-06
4.692965989867371879e-06
4.625151738736772384e-06
4.558317416432918235e-06
4.489079367091768549e-06
4.418829785445209720e-06
4.349679539167432624e-06
4.281611424764485934e-06
4.214608507959811045e-06
4.148202029049214304e-06
4.077906246487542377e-06
4.008801702204852467e-06
3.940868209376480752e-06
3.874085923265406516e-06
3.808435335425180252e-06
3.741576398189602429e-06
3.674017860698643666e-06
3.607679171609042662e-06
3.542538305131364118e-06
3.478573633177531326e-06
3.415730748258449142e-06
3.351886512003361695e-06
3.289235603561085923e-06
3.227755718157504000e-06
3.167424967922331623e-06
3.108221874096677049e-06
3.049263249344405035e-06
2.990511379038591121e-06
2.932891514067237303e-06
2.876381843446785310e-06
2.820960976438166831e-06
2.766607934449715724e-06
2.710125218632720800e-06
2.654622872308601128e-06
2.600257193185798742e-06
2.547004902747059473e-06
2.494843199210421965e-06
2.442125665205859621e-06
2.388269492743965496e-06
2.335601009905733902e-06
2.284094024583966748e-06
2.233722922285753584e-06
2.184462653394321739e-06
2.134687008632290149e-06
2.085831675891150471e-06
2.038094466569312081e-06
1.991449790830209696e-06
1.945872644496880276e-06
1.901835265829204880e-06
1.859712747202266313e-06
1.818523172982947880e-06
1.778245879989276102e-06
1.738860662694720767e-06
1.700347763091883580e-06
1.664320848237387888e-06
1.629427334699530700e-06
1.595265385203730593e-06
1.561819662058441022e-06
1.529075149136278770e-06
1.497040444085611089e-06
1.465736041230089916e-06
1.435086240354105605e-06
1.405077353167433015e-06
1.375695977613758944e-06
1.346928991885299776e-06
1.318369308398250748e-06
1.290282759948494775e-06
1.262794567512334751e-06
1.235891983709309339e-06
1.209562532729227035e-06
1.183574481012507770e-06
1.157340159574616147e-06
1.131687330583841699e-06
1.106603105066977499e-06
1.082074879739188306e-06
1.058090330671639476e-06
1.034148338837663478e-06
1.010519928150317195e-06
9.874313837187554016e-07
9.648703705798640937e-07
9.428248356020336277e-07
9.213796893300027584e-07
9.009888149208168316e-07
8.810492069808051746e-07
8.615508786196467846e-07
8.424840639649502887e-07
8.238392132709417006e-07
8.062143654641099149e-07
7.893481401778251839e-07
7.728347609429023872e-07
7.566668461233338262e-07
7.408371685089509752e-07
7.253506639660759533e-07
7.103322067188170840e-07
6.956247081144488781e-07
6.812217297235124420e-07
6.671169664248662866e-07
6.533042436455272959e-07
6.396561192469244528e-07
6.261925099816162851e-07
6.130122854428751851e-07
6.001094808925908902e-07
5.874782571396514807e-07
5.751155031494776215e-07
5.633407561083822100e-07
5.518070818033243682e-07
5.405095445814309974e-07
5.294433098409474861e-07
5.186036419623430075e-07
5.082342474618494718e-07
4.983425119962486045e-07
4.886432988390322041e-07
4.791328609390035478e-07
4.698075241736167280e-07
4.606636859295733140e-07
4.517965393661954257e-07
4.431062452206827739e-07
4.345831086466757367e-07
4.262239143728342816e-07
4.180255089734756458e-07
4.100642167664654508e-07
4.023684284995506353e-07
3.948170692138245139e-07
3.874074283707573724e-07
3.801368463012455290e-07
3.730027132509265353e-07
3.662341757129688822e-07
3.596217346310456639e-07
3.531286826721522714e-07
3.467528642386035873e-07
3.404921626525154386e-07
3.343840808645757249e-07
3.284615054065740389e-07
3.226438299783974893e-07
3.169291966018181414e-07
3.113157802069201460e-07
3.058017880492352454e-07
3.005076742859344624e-07
2.953343491889880174e-07
2.902500843552188657e-07
2.852533465868617527e-07
2.803426290805872856e-07
2.755402663641300968e-07
2.708831508112785145e-07
2.663047487094914333e-07
2.618037296628804697e-07
2.573787857615912836e-07
2.530286312017474128e-07
2.488051747091755618e-07
2.446708592075954660e-07
2.406052422959320637e-07
2.366071824318301492e-07
2.326755570415759963e-07
2.288170668452011902e-07
2.250526339972445417e-07
2.213501325203261018e-07
2.177085435372679071e-07
2.141268649331669388e-07
2.106041110796276384e-07
2.070479886993738212e-07
2.035076120981196550e-07
2.000277734743529228e-07
1.966074376707638609e-07
1.932455872305126773e-07
1.899412220945646686e-07
1.866933593041967107e-07
1.835010327085985478e-07
1.803632926774660160e-07
1.772792058185126709e-07
1.742478546998113015e-07
1.712683375768815564e-07
1.683397681244474995e-07
1.654612751727787005e-07
1.626320024485414837e-07
1.598511083200799215e-07
1.571177655470541501e-07
1.544311610343592727e-07
1.517904955902509722e-07
1.491949836886078469e-07
1.466438532352590556e-07
1.441363453383063043e-07
1.416717140823757486e-07
1.392492263067276810e-07
1.368681613871601587e-07
1.345278110216451606e-07
1.322274790196254893e-07
1.299664810949191325e-07
1.277441446621615497e-07
1.255598086367302165e-07
1.234128232380897263e-07
1.213025497965003012e-07
1.192283605630298637e-07
1.171896385228165445e-07
1.151857772115239875e-07
1.132161805349338547e-07
1.112802625916246397e-07
1.093774474986809143e-07
1.075071692203852826e-07
1.056688713998371912e-07
1.038620071934521139e-07
1.018805173943291798e-07
9.968182628645722172e-08
9.753058529673833101e-08
9.542577040060372595e-08
9.336637967303664570e-08
9.135143281163908060e-08
8.937997066999222919e-08
8.745105480108943422e-08
8.556376701061851050e-08
8.371720891988850887e-08
8.191050153818622021e-08
8.014278484436262527e-08
7.841321737745076724e-08
7.672097583611533235e-08
7.506525468674964288e-08
7.344526578002806383e-08
7.186023797573435830e-08
7.030941677568822045e-08
6.879206396459071944e-08
6.730745725862278163e-08
6.585488996162734393e-08
6.443367062870941149e-08
6.304312273709869497e-08
6.168258436411393086e-08
6.035140787207653805e-08
5.904895960002594890e-08
5.777461956208576373e-08
5.652778115234175549e-08
5.530785085608776238e-08
5.411424796730269885e-08
5.294640431222633621e-08
5.180376397889844662e-08
5.068578305253694891e-08
4.959192935662577770e-08
4.852168219958988113e-08
4.747453212693874271e-08
4.644998067875693762e-08
4.544754015243024593e-08
4.446673337049144482e-08
4.350709345347581087e-08
4.256816359767958661e-08
4.159358904159109095e-08
4.043938418204956104e-08
3.931720802905839244e-08
3.822617179928348902e-08
3.716541137276004681e-08
3.613408660849395605e-08
3.513138067905577959e-08
3.415649942363867319e-08
3.320867071906908965e-08
3.228714386827169535e-08
3.139118900570346030e-08
3.052009651928831397e-08
2.967317648839089276e-08
2.884975813738763484e-08
2.804918930440067467e-08
2.727083592477366440e-08
2.651408152888204959e-08
2.577832675387778140e-08
2.506298886898341596e-08
2.436750131395935616e-08
2.369131325037741765e-08
2.303388912534788020e-08
2.239470824735168217e-08
2.177326437384364316e-08
2.116906531029941620e-08
2.058163252038879334e-08
2.001050074696629044e-08
1.945521764357954178e-08
1.891534341620273236e-08
1.839045047491201658e-08
1.788012309522678058e-08
1.738395708884836118e-08
1.690155948353599721e-08
1.643254821186572445e-08
1.597655180862626373e-08
1.553320911661207601e-08
1.510216900058019716e-08
1.468309006914542576e-08
1.427564040439186693e-08
1.387949729898828146e-08
1.349434700059819521e-08
1.311988446338228486e-08
1.269708983511233633e-08
1.228698720696948006e-08
1.189013046176463779e-08
1.150609177143057304e-08
1.113445712629577796e-08
1.077482588876524082e-08
1.042681036141621370e-08
1.009003536904441768e-08
9.764137854209486454e-09
9.448766485843855116e-09
9.143581280503595716e-09
8.848253235851748664e-09
8.562463975980416903e-09
8.285905408188224655e-09
8.018279390843343015e-09
7.759297411974823110e-09
7.508680278244461944e-09
7.266157813964722197e-09
7.031468569838322128e-09
6.804359541104817872e-09
6.584585894791045410e-09
6.371910705771050938e-09
6.166104701350902455e-09
5.966946014103140679e-09
5.774219942684551898e-09
5.587718720379147643e-09
5.407241291117075354e-09
5.232593092727767795e-09
5.063585847193799911e-09
4.900037357679398758e-09
4.741771312114746068e-09
4.588617093124093550e-09
4.440409594093281348e-09
4.296989041177900571e-09
4.158200821060323852e-09
4.023895314270338653e-09
3.893927733889011606e-09
3.768157969462342319e-09
3.646450435956480865e-09
3.528673927591318203e-09
3.414701476395247581e-09
3.298191711902089958e-09
3.183713182024979975e-09
3.073208142759581194e-09
2.966538676300160384e-09
2.863571651896786331e-09
2.764178559699044870e-09
2.668235350367019673e-09
2.575622280249296176e-09
2.486223761934657499e-09
2.399928219991259115e-09
2.316627951712813798e-09
2.236218992698312589e-09
2.158600987097377359e-09
2.083677062359344223e-09
2.011353708329694322e-09
1.941540660543073790e-09
1.874150787567065972e-09
1.809099982256245138e-09
1.746307056780746102e-09
1.685693641298306789e-09
1.627184086143390729e-09
1.570705367411271788e-09
1.516186995819212658e-09
1.463560928731058067e-09
1.412761485235372266e-09
1.363725264171231722e-09
1.316391064999237059e-09
1.270699811419084535e-09
1.226594477638329766e-09
1.184020017200298750e-09
1.142923294282396949e-09
1.103253017378967492e-09
1.064959675286008151e-09
1.027995475307830066e-09
9.923142836084874293e-10
9.578715676336650718e-10
9.246243405309854911e-10
8.925311074995025952e-10
8.615518140013710135e-10
8.316477957710438118e-10
8.027817305596610411e-10
7.744566981884805736e-10
7.467317036830394506e-10
7.199992441019227118e-10
6.942237874064838973e-10
6.693710735796004697e-10
6.454080690881872638e-10
6.223029229759607095e-10
6.000249245280377090e-10
5.785444624511006242e-10
5.578329855149086468e-10
5.378629646027895405e-10
5.186078561207096747e-10
5.000420667162717221e-10
4.821409192607356744e-10
4.648806200488886723e-10
4.482382271730965247e-10
4.321916200295705830e-10
4.167194699162791382e-10
4.018012116834252097e-10
3.874170163988343618e-10
3.735477649918848292e-10
3.601750228409746500e-10
3.472810152707388895e-10
3.348486039264405676e-10
3.228612639941622405e-10
3.113030622364709011e-10
3.001586358144107996e-10
2.894131718676466377e-10
2.790523878256187890e-10
2.690625124235564904e-10
2.594302673980924394e-10
2.501428498381674435e-10
2.411879151677593510e-10
2.325535607378125629e-10
2.242283100055792858e-10
2.162010972803094282e-10
2.084612530150486540e-10
2.009984896249741703e-10
1.938028878134211722e-10
1.868648833874357821e-10
1.801752545453133698e-10
1.737004282695032954e-10
1.674022707913045908e-10
1.613324765245008620e-10
1.554827653083455084e-10
1.498451572102329617e-10
1.444119616398039475e-10
1.391757668577628528e-10
1.341294298650920123e-10
1.292660666588674012e-10
1.245790428413917829e-10
1.200619645698231072e-10
1.157086698339607868e-10
1.115132200502883117e-10
1.074698919608028258e-10
1.035731698255876029e-10
9.981773789846727344e-11
9.619847317548854342e-11
9.271043840633186403e-11
8.934887535911837923e-11
8.610919832943039441e-11
8.298698788468266885e-11
7.997798483531676505e-11
7.707808442459255741e-11
7.428333072904735304e-11
7.158991126199358953e-11
6.899415177268052318e-11
6.649251123403496352e-11
6.408157701213974059e-11
6.175806021085944680e-11
5.951879118526683263e-11
5.736071521774401492e-11
5.528088835086409939e-11
5.327647337136717119e-11
5.134473593975117008e-11
4.948304086020105873e-11
4.768884848576346217e-11
4.595971125386621166e-11
4.429327034745550736e-11
4.268725247719512540e-11
4.113946678034083334e-11
3.964780183205583143e-11
3.820974897832163205e-11
3.681774536232821023e-11
3.547645325632226038e-11
3.418402521018551650e-11
3.293868107749320655e-11
3.173870556360162407e-11
3.058244586305897259e-11
2.946830938308736435e-11
2.839476155000026067e-11
2.736032369553278768e-11
2.636357102017382673e-11
2.540313063069620256e-11
2.447767964917961673e-11
2.358594339092463992e-11
2.272669360874433914e-11
2.189874680121879927e-11
2.110096258258088823e-11
2.033224211198679160e-11
1.959152658001090533e-11
1.887779575027724704e-11
1.819006655422094624e-11
1.752739173704268251e-11
1.688885855299208147e-11
1.627358750818340978e-11
1.568073114920990825e-11
1.510947289589065022e-11
1.455902591654070669e-11
1.402863204421595183e-11
1.351756073243970486e-11
1.302510804897286393e-11
1.255059570624154079e-11
1.209337012708707672e-11
1.165280154455059539e-11
1.122828313445387921e-11
1.081923017958031901e-11
1.042507926430507836e-11
1.004528749856577431e-11
9.679331770104120236e-12
9.326708023948899435e-12
8.986930568147789979e-12
8.659531404791763543e-12
8.344059585410824556e-12
8.039930036758210513e-12
7.746858159207668611e-12
7.464469350417465320e-12
