1.258354497683853052e-07
1.277600958477170862e-07
1.297141792798577073e-07
1.316981503074518177e-07
1.337124660595791555e-07
1.357575906570835444e-07
1.378339953195106450e-07
1.399421584736823316e-07
1.420825658639316775e-07
1.442557106640237747e-07
1.464620935907885646e-07
1.487022230194915437e-07
1.509766151009694464e-07
1.532857938805558416e-07
1.556302914188289881e-07
1.580106479142032038e-07
1.604274118273970227e-07
1.628811400078045809e-07
1.653723978217999591e-07
1.679017592830042852e-07
1.704698071845434969e-07
1.730771332333323923e-07
1.757243381864091886e-07
1.784120319893570641e-07
1.811408339168422233e-07
1.839113727153019442e-07
1.867242867478150053e-07
1.895796846022733798e-07
1.924753423778151860e-07
1.954152287001589560e-07
1.984000191202507720e-07
2.014303995074665072e-07
2.045070662072131579e-07
2.076307262009436115e-07
2.108020972686113977e-07
2.140219081536066914e-07
2.172908987302158647e-07
2.206098201736323280e-07
2.239794351325707807e-07
2.274005179045135369e-07
2.308738546136333691e-07
2.344002433914389017e-07
2.379804945601718289e-07
2.416154308190128407e-07
2.453058874331265654e-07
2.490527124255941008e-07
2.528567667722822604e-07
2.567189245996813269e-07
2.606400733857727749e-07
2.646211141639593347e-07
2.686629617301104970e-07
2.727665448527752319e-07
2.769328064865976576e-07
2.811627039890007737e-07
2.854572093401741526e-07
2.898173093664214928e-07
2.942440059669260033e-07
2.987383163439698289e-07
3.033012732366795690e-07
3.079339251583354741e-07
3.126373366373054688e-07
3.174125884616648780e-07
3.222607779275470169e-07
3.271830190912864762e-07
3.321804430254208546e-07
3.372541980785925481e-07
3.424054501394301123e-07
3.476353829044537194e-07
3.529451981500723661e-07
3.583361160087429788e-07
3.638093752493363598e-07
3.693662335617966388e-07
3.750079678461416086e-07
3.807358745058765791e-07
3.865512697458978764e-07
3.924554898749350626e-07
3.984498916126241489e-07
4.045358524012634715e-07
4.107147707223307929e-07
4.169880664178437378e-07
4.233571810166159726e-07
4.298235780655090277e-07
4.363887434657358763e-07
4.430482725632717932e-07
4.498060319412113423e-07
4.566668665699489215e-07
4.636323486432744838e-07
4.707040743354512071e-07
4.778836641669859198e-07
4.851727633759832214e-07
4.925730422951537058e-07
5.000861967345830684e-07
5.077139483703342520e-07
5.154580451389778177e-07
5.233202616381400615e-07
5.313023995331610968e-07
5.394062879699537482e-07
5.476337839941661692e-07
5.559867729767257958e-07
5.644671690458859707e-07
5.730769155258568734e-07
5.818179853821273742e-07
5.906923816735798815e-07
5.997021380115000372e-07
6.088493190255945502e-07
6.181360208370978498e-07
6.275643715391255286e-07
6.371365316843241275e-07
6.468546947799780929e-07
6.567210877906613622e-07
6.667379716485578796e-07
6.769076417715645453e-07
6.872324285892977223e-07
6.977146980771225227e-07
7.083568522983263148e-07
7.191613299545688016e-07
7.301306069447141253e-07
7.412671969322006403e-07
7.525736519210577282e-07
7.640525628407101560e-07
7.757065601397023262e-07
7.875383143884765685e-07
7.995505368913553970e-07
8.117459803078326595e-07
8.241274392833815258e-07
8.366977510898432650e-07
8.494597962756097365e-07
8.624164993257142594e-07
8.755708293319909514e-07
8.889258006734570145e-07
9.024844737070722325e-07
9.162499554690330177e-07
9.302254003867722126e-07
9.444140110018007017e-07
9.588190387035924274e-07
9.734437844746546869e-07
9.882915996469642359e-07
1.003365886669941780e-06
1.018667395191052386e-06
1.034185186046641054e-06
1.049939365967173417e-06
1.065933535967156435e-06
1.082171351916879640e-06
1.098656525378042782e-06
1.115392824452133016e-06
1.132384074641726336e-06
1.149634159724889212e-06
1.167147022642922693e-06
1.184926666401618805e-06
1.202977154986245448e-06
1.221302614290483402e-06
1.239907233059486765e-06
1.258795263847337870e-06
1.277971023989069050e-06
1.297438896587509803e-06
1.317203331515138521e-06
1.337268846431224426e-06
1.357640027814446284e-06
1.378321532011259154e-06
1.399318086300202087e-06
1.420634489972449371e-06
1.442275615428801638e-06
1.464246409293409456e-06
1.486551893544429545e-06
1.509197166661937380e-06
1.532187404793309423e-06
1.555527862936359381e-06
1.579223876140512238e-06
1.603280860726245616e-06
1.627704315523139174e-06
1.652499823126763299e-06
1.677673051174735502e-06
1.703229753642182148e-06
1.729175772156963985e-06
1.755517037334937194e-06
1.782259570135525008e-06
1.809409483237973038e-06
1.836972982438549385e-06
1.864956368069049542e-06
1.893366036436874170e-06
1.922208481287081225e-06
1.951490295286691349e-06
1.981218171531602256e-06
2.011398905076483340e-06
2.042039394487929159e-06
2.073146643421319698e-06
2.104727762221671125e-06
2.136789969548903136e-06
2.169340594027819321e-06
2.202387075923265165e-06
2.235936968840780053e-06
2.269997941453182869e-06
2.304577779253410550e-06
2.339684386334109313e-06
2.375305206359029718e-06
2.411456514697585977e-06
2.448158033211692841e-06
2.485418135906374582e-06
2.523245324236045554e-06
2.561648229044260966e-06
2.600635612532990972e-06
2.640216370261814524e-06
2.680399533177600039e-06
2.721194269675039259e-06
2.762609887688577647e-06
2.804655836816126732e-06
2.847341710475148360e-06
2.890677248091555120e-06
2.934672337321874175e-06
2.979337016309280128e-06
3.024681475973968306e-06
3.070716062338330919e-06
3.117451278887580715e-06
3.164897788966269769e-06
3.213066418211315385e-06
3.261968157021995186e-06
3.311614163067598741e-06
3.362015763833203719e-06
3.413184459204239387e-06
3.465131924090313456e-06
3.517870011089070571e-06
3.571410753190495759e-06
3.625766366522448063e-06
3.680949253137941466e-06
3.736972003844889687e-06
3.793847401078843835e-06
3.851588421819528018e-06
3.910208240551717121e-06
3.969720232271227568e-06
4.030137975536575011e-06
4.091475255567149802e-06
4.153746067388552715e-06
4.216964619025715189e-06
4.281145334744702783e-06
4.346302858343854924e-06
4.412452056494935157e-06
4.479608022135223669e-06
4.547786077911177162e-06
4.617001779674561586e-06
4.687270920031697209e-06
4.758609531946808782e-06
4.831033892400215985e-06
4.904560526102115514e-06
4.979206209262980524e-06
5.054987973421286430e-06
5.131923109329553223e-06
5.210029170899432762e-06
5.289323979206926939e-06
5.369825626558566796e-06
5.451555897316694640e-06
5.534551687187530655e-06
5.618811024798881309e-06
5.704353146703506648e-06
5.791197582316076743e-06
5.879364158371737973e-06
5.968873003452557150e-06
6.059744552582990350e-06
6.151999551895144727e-06
6.245659063365246139e-06
6.340744469622033439e-06
6.437277478828545618e-06
6.535280129638030265e-06
6.634774796225501385e-06
6.735784193395759731e-06
6.838331381769180921e-06
6.942439773046593566e-06
7.048133135354098668e-06
7.155435598669470160e-06
7.264371660331033570e-06
7.374966190630400962e-06
7.487244438490510553e-06
7.601232037229873118e-06
7.716955010414814945e-06
7.834439777800657561e-06
7.953713161363341097e-06
8.074802391423042196e-06
8.197735112860775827e-06
8.322539391429898653e-06
8.449243720163435558e-06
8.577877025879226605e-06
8.708468675783826194e-06
8.841048484177217761e-06
8.975646719259409607e-06
9.112294110040668597e-06
9.251021853357131532e-06
9.391861620992944464e-06
9.534845566911130552e-06
9.680006334594324868e-06
9.827377064497285362e-06
9.976991401613053627e-06
1.012888350315400721e-05
1.028308804635016840e-05
1.043964023636591465e-05
1.059857581433752165e-05
1.075993106553286549e-05
1.092374282763535067e-05
1.109004849915416294e-05
1.125888604796224277e-05
1.143029401996456477e-05
1.160431154789818153e-05
1.178097836026623411e-05
1.196033479040809271e-05
1.214242178570757377e-05
1.232728091694124792e-05
1.251495438776905452e-05
1.269927328422499204e-05
1.288274073904359932e-05
1.306885876340459625e-05
1.325766565030605317e-05
1.344920024596824914e-05
1.364350195782594279e-05
1.384061076263640715e-05
1.404056721470443639e-05
1.424341245422623693e-05
1.444918821575384132e-05
1.465793683678181828e-05
1.486970126645800199e-05
1.508452507442022264e-05
1.530245245976041710e-05
1.552352826011838823e-05
1.574779796090721340e-05
1.597530770467139321e-05
1.620610430058062380e-05
1.644023523406056144e-05
1.667774867656274791e-05
1.691869349547567519e-05
1.716311926417902936e-05
1.741107627224331567e-05
1.766261553577654224e-05
1.791778880792069977e-05
1.817664858949970426e-05
1.843924813982123891e-05
1.870564148763462285e-05
1.897588344224700047e-05
1.925002960480008080e-05
1.952813637971000186e-05
1.981026098627206489e-05
2.009646147043350975e-05
2.038679671673620180e-05
2.068132646043186604e-05
2.098011129977235905e-05
2.128321270847751624e-05
2.159069304838310538e-05
2.190261558227150215e-05
2.221904448688770663e-05
2.254004486614362131e-05
2.286568276451262353e-05
2.319602518061811869e-05
2.353114008101819164e-05
2.387109641418942954e-05
2.421596412471277207e-05
2.456581416766434039e-05
2.492071852321406012e-05
2.528075021143550726e-05
2.564598330732916238e-05
2.601649295606323707e-05
2.639235538843442063e-05
2.677364793655204696e-05
2.716044904974885291e-05
2.755283831072154007e-05
2.794314120078537797e-05
2.829013306334199693e-05
2.864143379553548893e-05
2.899709690397391006e-05
2.935717655969852276e-05
2.972172760643506572e-05
3.009080556894657947e-05
3.046446666149055951e-05
3.084276779638113453e-05
3.122576659265700877e-05
3.161352138485760759e-05
3.200609123190819563e-05
3.240353592611476020e-05
3.280591600227116049e-05
3.321329274687939286e-05
3.362572820748373133e-05
3.404328520212137910e-05
3.446602732889051881e-05
3.489401897563647992e-05
3.532732532975889621e-05
3.576601238814058534e-05
3.621014696719911943e-05
3.665979671306384460e-05
3.711503011187927784e-05
3.757591650023571467e-05
3.804252607573048315e-05
3.851492990765921406e-05
3.899319994784069160e-05
3.947740904157569789e-05
3.996763093874239917e-05
4.046394030502868032e-05
4.096641273330473449e-05
4.147512475513688356e-05
4.199015385244354436e-05
4.251157846929680314e-05
4.303947802387045232e-05
4.357393292053568192e-05
4.411502456210769201e-05
4.466283536224445255e-05
4.521744875799858646e-05
4.577894922252591999e-05
4.634742227795187245e-05
4.692295450839667492e-05
4.750563357316375454e-05
4.809554822009046453e-05
4.869278829906551707e-05
4.929744477571435912e-05
4.990960974525351435e-05
5.052937644651803829e-05
5.115683927616248645e-05
5.179209380303887849e-05
5.243523678275222082e-05
5.308636617239758559e-05
5.374558114548032501e-05
5.441298210702053906e-05
5.508867070884606562e-05
5.570355460780575783e-05
5.628574071365119582e-05
5.687401154181318452e-05
5.746843068681146342e-05
5.806906240782402153e-05
5.867297446713956593e-05
5.925729533170908541e-05
5.984743541502223889e-05
6.044345267035262188e-05
6.104540562812673190e-05
6.165335340167282178e-05
6.224866763131471170e-05
6.283555444074891789e-05
6.342797447908909785e-05
6.402597991418343144e-05
6.462962340572442961e-05
6.523757035506055652e-05
6.581491492013652282e-05
6.639736891441130255e-05
6.698497755571188278e-05
6.757778646203752330e-05
6.817584165510165537e-05
6.875732281027634553e-05
6.932200680062462306e-05
6.989132837713713995e-05
7.046532562696671258e-05
7.104403695006492156e-05
7.162750106175103386e-05
7.216761647529517125e-05
7.271027861754441408e-05
7.325702129085486891e-05
7.380787517865234726e-05
7.436287119508631753e-05
7.489771284507208530e-05
7.540467410024416950e-05
7.591506683155195101e-05
7.642891426567860697e-05
7.694623978652217252e-05
7.746706693625953616e-05
7.793310123931470245e-05
7.839555660042107834e-05
7.886075617364803091e-05
7.932871624316220225e-05
7.979945318976056621e-05
8.024598527383471611e-05
8.064841710289838070e-05
8.105286711862261478e-05
8.145934544216840774e-05
8.186786224545463590e-05
8.227842775141164385e-05
8.262225729945649004e-05
8.295380108779449192e-05
8.328667528378767056e-05
8.362088522605053197e-05
8.395643627462033283e-05
8.426547904701411386e-05
8.451058257215683168e-05
8.475639903145363110e-05
8.500293049862087352e-05
8.525017905340610662e-05
8.549814678160669909e-05
8.566600003925392190e-05
8.580953433170975593e-05
8.595330911739629362e-05
8.609732479926249010e-05
8.624158178093244674e-05
8.635877861413618036e-05
8.638607510534058954e-05
8.641338022448582200e-05
8.644069397429921539e-05
8.646801635750839200e-05
8.649534737684242422e-05
8.643333119493571131e-05
8.633292516725117160e-05
8.623263577709802512e-05
8.613246288898360767e-05
8.603240636757199006e-05
8.590913665770359296e-05
8.566834536198967827e-05
8.542822897060314803e-05
8.518878559188155705e-05
8.495001333946434433e-05
8.471191033227867058e-05
8.437907044199945540e-05
8.399208622651909383e-05
8.360687682062433877e-05
8.322343408457958704e-05
8.284174991598085053e-05
8.244657771905442901e-05
8.191300208929354115e-05
8.138287964049618634e-05
8.085618802445478375e-05
8.033290503759475600e-05
7.981300862003794119e-05
7.920785571597711069e-05
7.853927426102529584e-05
7.787633620037908463e-05
7.721899389900604321e-05
7.656720012395393520e-05
7.591633986653686028e-05
7.512388339474799668e-05
7.433969901906879165e-05
7.356370039081464073e-05
7.279580206265599341e-05
7.203591947920899618e-05
7.121667581939291063e-05
7.033921723570795673e-05
6.947256979361635749e-05
6.861660028935803843e-05
6.777117716037268794e-05
6.693617046507843813e-05
6.600720658273020428e-05
6.508709981763001408e-05
6.417981887114890456e-05
6.328518495792254139e-05
6.240302178476324845e-05
6.150169382485349309e-05
6.057203342635182397e-05
5.965642578644577353e-05
5.875465848345472067e-05
5.786652230666726129e-05
5.699181120780347605e-05
5.610501445571852225e-05
5.522908048014658395e-05
5.436682193692232663e-05
5.351802531971432738e-05
5.268248045553723397e-05
5.186555302980636945e-05
5.107101675781489564e-05
5.028865210746115286e-05
4.951827261982749928e-05
4.875969469238874987e-05
4.801273753525463732e-05
4.731933091925738820e-05
4.664462936810175872e-05
4.597954803291883820e-05
4.532394974408875284e-05
4.467769928782129211e-05
4.406051677857317607e-05
4.349911712960978808e-05
4.294487058707581917e-05
4.239768600924801145e-05
4.185747341569008887e-05
4.132414397245736168e-05
4.083697523364390166e-05
4.036789050674282362e-05
3.990419404573940660e-05
3.944582395689088833e-05
3.899271905741344716e-05
3.854537114005205208e-05
3.810503099163712855e-05
3.766972126427072908e-05
3.723938449070618732e-05
3.681396386019942629e-05
3.639340321100911860e-05
3.592907477510400390e-05
3.544931266641875570e-05
3.497595683683666094e-05
3.450892174310382236e-05
3.404812298422789390e-05
3.357183636763407241e-05
3.298858077193547695e-05
3.241545828561429889e-05
3.185229286251441719e-05
3.129891151499293811e-05
3.075514426078362971e-05
3.012268201046047018e-05
2.944545732828281813e-05
2.878345815856096773e-05
2.813634219801554586e-05
2.750377483910399859e-05
2.687541163000320120e-05
2.616285981889522868e-05
2.546920000060588947e-05
2.479393128890204170e-05
2.413656607762210160e-05
2.349662968857948379e-05
2.286969857969275416e-05
2.225642108623780333e-05
2.165958934009643214e-05
2.107876232947942629e-05
2.051351086883995283e-05
1.996540379428066891e-05
1.951594240647788972e-05
1.907659929833562602e-05
1.864714668703192234e-05
1.822736191759412669e-05
1.781702734746075462e-05
1.746296008044561171e-05
1.716428366042090057e-05
1.687071563000874588e-05
1.658216861825280176e-05
1.629855674853939007e-05
1.601979561303898256e-05
1.575175392954914730e-05
1.548847348481966868e-05
1.522959360353769189e-05
1.497504073311306454e-05
1.472474255033984677e-05
1.444185513489723727e-05
1.411496832233147833e-05
1.379548048913719747e-05
1.348322416176200419e-05
1.317803565736424443e-05
1.287975499801146325e-05
1.252348863661583647e-05
1.216910269026556887e-05
1.182474505173071976e-05
1.149013194294759052e-05
1.116498761611958391e-05
1.085709693735131538e-05
1.057203616544187206e-05
1.029445986605303206e-05
1.002417152905638449e-05
9.760979803836048537e-06
9.504698363822192773e-06
9.299401309147239573e-06
9.108094829607308086e-06
8.920723890420707752e-06
8.737207529991624502e-06
8.557466452259179036e-06
8.379011431602001789e-06
8.198380507408284970e-06
8.021643542668051676e-06
7.848716593171360981e-06
7.679517524339436971e-06
7.513965972213428788e-06
7.328335429519562681e-06
7.139700761542581482e-06
6.955921635223730618e-06
6.776873066724942246e-06
6.602433289348729858e-06
6.434844610752721369e-06
6.279762401988780396e-06
6.128417733589825791e-06
5.980720529407927264e-06
5.836582884164639815e-06
5.695919011132263770e-06
5.566500016924539044e-06
5.443565812318228513e-06
5.323346566593854868e-06
5.205782320834740399e-06
5.090814440295878245e-06
4.977462746605224051e-06
4.861546503625997774e-06
4.748329743509929005e-06
4.637749600108657399e-06
4.529744671314432141e-06
4.424254984965295167e-06
4.322728477673159944e-06
4.224446826139513083e-06
4.128399708437483559e-06
4.034536320155760584e-06
3.942807011973344078e-06
3.853461778094388780e-06
3.769370303385068189e-06
3.687113899717336052e-06
3.606652521584304667e-06
3.527946997364963887e-06
3.450959010253951318e-06
3.376061771755944807e-06
3.303120042315901196e-06
3.231754260312072996e-06
3.161930376506236261e-06
3.093615077313290666e-06
3.026809033831912584e-06
2.963546806288871526e-06
2.901606799404265621e-06
2.840961377928172313e-06
2.781583484204903612e-06
2.723446626100910411e-06
2.669341011312571900e-06
2.619286570517990131e-06
2.570170731060827338e-06
2.521975892655152836e-06
2.474684785048711563e-06
2.428280461834285380e-06
2.382746294377068656e-06
2.338065965855921075e-06
2.294223465416378403e-06
2.251203082433250680e-06
2.208989400880879143e-06
2.167567293808891107e-06
2.126921917921570691e-06
2.087038708258915848e-06
2.047903372977347977e-06
2.009501888228378778e-06
1.971820493133239579e-06
1.934845684851794760e-06
1.898564213743892509e-06
1.862963078621473045e-06
1.828029522089665695e-06
1.793751025975307819e-06
1.760115306841111691e-06
1.727110311584022840e-06
1.694724213116077508e-06
1.662945406126235818e-06
1.631762502921737354e-06
1.601164329347371923e-06
1.571139920781336701e-06
1.541678518206143675e-06
1.512769564353188459e-06
1.484402699919663138e-06
1.456567759856340777e-06
1.429254769725051896e-06
1.402453942124383103e-06
1.376155673182463903e-06
1.350350539115475434e-06
1.325029292850706291e-06
1.300182860712959634e-06
1.275802339173041251e-06
1.251878991657272106e-06
1.228705459999645825e-06
1.206834819604111970e-06
1.185353470968794460e-06
1.164254484800728911e-06
1.143531055146585866e-06
1.123176497197245679e-06
1.103184245131460786e-06
1.083547849997922673e-06
1.064260977634984521e-06
1.045317406627443685e-06
1.026711026299692145e-06
1.008435834744560302e-06
9.904859368872863870e-07
9.728555425839162632e-07
9.555389647535703716e-07
9.385306175439391365e-07
9.218250145294379523e-07
9.054167669414546599e-07
8.893005819300613326e-07
8.734712608566943278e-07
8.579236976172231274e-07
8.426528769948435270e-07
8.276538730423229509e-07
8.129218474930227591e-07
7.984520482001979019e-07
7.842398076040936555e-07
7.702805412263087704e-07
7.565697461909855308e-07
7.431029997722872693e-07
7.298759579677633259e-07
7.168843540970834912e-07
7.041239974257243459e-07
6.915907718131597342e-07
6.792806343851062315e-07
6.671896142293961728e-07
6.553138111150760071e-07
6.436493942342974611e-07
6.321926009666045716e-07
6.209397356652138230e-07
6.098871684649055882e-07
5.990313341111226292e-07
5.883121527044228568e-07
5.755578134235723856e-07
5.630799824040974735e-07
5.508726650729435538e-07
5.389299968166628004e-07
5.272462401639591408e-07
5.158157820292906852e-07
5.046331310162593418e-07
4.936929147794319407e-07
4.829898774433793859e-07
4.725188770776540232e-07
4.622748832265133929e-07
4.522529744922079653e-07
4.424483361706433042e-07
4.328562579383186417e-07
4.234721315893974147e-07
4.142914488218425027e-07
4.053097990715548352e-07
3.965228673934502223e-07
3.879264323884901072e-07
3.795163641756403205e-07
3.712886224078056161e-07
3.632392543307732572e-07
3.553643928842420698e-07
3.476602548440125328e-07
3.401231390044645608e-07
3.327494244004245424e-07
3.255355685675953540e-07
3.184781058406920968e-07
3.115736456884708848e-07
3.048188710848627287e-07
2.982105369154073066e-07
2.917454684182508137e-07
2.854205596589267161e-07
2.792327720382118696e-07
2.731791328323314625e-07
2.672567337648029157e-07
2.614627296092559359e-07
2.557943368225281736e-07
2.502488322074062931e-07
2.448235516043500222e-07
2.395158886115819577e-07
2.331435222922048200e-07
2.266468209063094115e-07
2.203311544832661700e-07
2.141914783618201577e-07
2.082228884535992873e-07
2.024206173259623095e-07
1.967800303939896947e-07
1.912966222185955406e-07
1.859660129077914970e-07
1.807839446182279819e-07
1.757462781542336024e-07
1.708489896616133421e-07
1.660881674135803222e-07
1.614600086862527469e-07
1.569608167212104838e-07
1.525869977727007016e-07
1.483350582371164277e-07
1.442016018624709350e-07
1.401833270356286149e-07
1.362770241451266061e-07
1.324795730174912489e-07
1.287879404249849332e-07
1.251991776628054932e-07
1.217104181937972772e-07
1.183188753587937717e-07
1.150218401507657744e-07
1.118166790509895983e-07
1.087008319255165162e-07
1.056718099802559338e-07
1.027271937730409956e-07
9.986463128109213134e-08
9.708183602232999480e-08
9.437658522903944473e-08
9.174671807242523819e-08
8.919013393664388401e-08
8.670479074092703617e-08
8.428870330846387180e-08
8.193994178073356311e-08
7.965663007602368628e-08
7.743694439090299450e-08
7.527911174345164488e-08
7.297208145141981933e-08
7.058128354724131501e-08
6.826881580036331583e-08
6.603211186524415323e-08
6.386868947799862325e-08
6.177614770161701818e-08
5.975216426143566431e-08
5.779449296790863765e-08
5.590096122381680587e-08
5.406946761314830331e-08
5.229797956897605144e-08
5.058453111774175400e-08
4.892722069744554833e-08
4.732420904731761416e-08
4.577371716663105033e-08
4.427402434039179451e-08
4.282346622971190947e-08
4.142043302474834929e-08
4.006336765815812674e-08
3.875076407708558159e-08
3.748116557176566194e-08
3.625316315888668786e-08
3.506539401792002410e-08
3.391653997867992678e-08
3.280532605843575049e-08
3.173051904695404414e-08
3.069092613789809166e-08
2.968539360506732550e-08
2.871280552200779495e-08
2.777208252357177909e-08
2.686218060805321265e-08
2.598208997856838847e-08
2.513083392239725197e-08
2.430746772704055647e-08
2.351107763179049265e-08
2.274077981365186913e-08
2.199571940648703536e-08
2.127506955229679114e-08
2.057803048358475178e-08
1.990382863578593670e-08
1.925171578877551114e-08
1.860383606209513141e-08
1.794546219214040906e-08
1.731038761117065922e-08
1.669778777724698465e-08
1.610686732826559429e-08
1.553685904930835226e-08
1.498702287653771294e-08
1.445664493634349144e-08
1.394503661849259392e-08
1.345153368208024926e-08
1.297549539311995948e-08
1.251630369265372319e-08
1.207336239430237136e-08
1.164609641021328487e-08
1.123395100440204757e-08
1.083639107251682570e-08
1.045290044709189756e-08
1.008298122738727244e-08
9.726153132944894551e-09
9.381952880022002445e-09
9.049933580091769711e-09
8.729664159630791806e-09
8.420728800439397686e-09
8.122726399768913676e-09
7.835270049554385798e-09
7.557986534076853043e-09
7.290515845402901650e-09
7.032510715972400572e-09
6.783636167727705136e-09
6.543569077198378984e-09
6.311997755977734667e-09
6.088621546045653248e-09
5.873150429412498467e-09
5.665304651577651910e-09
5.464814358313261950e-09
5.271419245302270229e-09
5.084868220175003676e-09
4.904919076506329985e-09
4.731338179349652486e-09
4.563900161899601890e-09
4.402387632889580235e-09
4.246018163872740781e-09
4.090736751934503805e-09
3.941134146813148650e-09
3.797002668487843243e-09
3.658142232017577630e-09
3.524360069781022667e-09
3.395470463874315096e-09
3.271294488295345083e-09
3.151659760556709115e-09
3.036400202382374919e-09
2.925355809155984263e-09
2.818372427800616839e-09
2.715301542781730807e-09
2.616000069936251842e-09
2.520330157841556989e-09
2.428158996448502636e-09
2.339358632713093238e-09
2.253805792970601371e-09
2.171381711805615304e-09
2.091971967180663710e-09
2.015466321594187574e-09
1.941758569047585238e-09
1.870746387608916798e-09
1.802331197368347101e-09
1.736418023588509837e-09
1.672915364859450619e-09
1.611735066075328280e-09
1.552792196056551311e-09
1.496004929647311945e-09
1.441294434125004316e-09
1.388584759763762060e-09
1.337802734400181099e-09
1.288877861854888396e-09
1.241742224068963740e-09
1.196330386819340229e-09
1.152579308882243858e-09
1.110428254518691149e-09
1.069818709160442879e-09
1.030694298179389338e-09
9.930007086277160931e-10
9.566856138400050671e-10
9.216986007928026762e-10
8.875913198179201967e-10
8.546944019362163280e-10
8.230167469990143961e-10
7.925131652978686919e-10
7.631401419966509577e-10
7.348557750555197229e-10
7.076197154556393656e-10
6.813931096393565529e-10
6.561385440837097037e-10
6.318199919282306475e-10
6.084027615808863685e-10
5.858534472288329291e-10
5.641398811834239975e-10
5.432310879914262752e-10
5.230972402470515438e-10
5.037096160417097514e-10
4.850405579908195733e-10
4.670634337792025328e-10
4.497525981688081097e-10
4.330833564145316029e-10
4.170319290359671333e-10
4.015754178948288471e-10
3.866917735296431715e-10
3.723597637011281031e-10
