4.964823638539522783e-09
5.034498311286190222e-09
5.105150775063473429e-09
5.176794751863338204e-09
5.249444156247566643e-09
5.323113098050310058e-09
5.397815885118343127e-09
5.473567026089992058e-09
5.550381233212956769e-09
5.628273425201697135e-09
5.707258730134915149e-09
5.787352488393704590e-09
5.868570255640933174e-09
5.950927805842432052e-09
6.034441134330563442e-09
6.119126460910903379e-09
6.205000233012273707e-09
6.291174608357806562e-09
6.378054487820802869e-09
6.466134161269113649e-09
6.555430197620784165e-09
6.645959394607453133e-09
6.737738781934036246e-09
6.830785624482313144e-09
6.925117425558755307e-09
7.020751930186957183e-09
7.117707128445786417e-09
7.216001258853635338e-09
7.315652811799146751e-09
7.416680533019579562e-09
7.519103427127217031e-09
7.622940761184161798e-09
7.728212068326964398e-09
7.834937151440845391e-09
7.943136086884956191e-09
8.052829228269103762e-09
8.164037210282331266e-09
8.276780952574661617e-09
8.391081663692458869e-09
8.506960845067822707e-09
8.624440295063385836e-09
8.743542113072969225e-09
8.864288703678520369e-09
8.986702780864982326e-09
9.110807372292840396e-09
9.236625823630022326e-09
9.364181802943635094e-09
9.493499305152008137e-09
9.624602656538555086e-09
9.757516519327975139e-09
9.892265896325268884e-09
1.002887613561939828e-08
1.016737293535130625e-08
1.030778234854821166e-08
1.045013078802453531e-08
1.059444503135043309e-08
1.074075222588903970e-08
1.088907989390314925e-08
1.103945593773263958e-08
1.119190864504319303e-08
1.134646669414750463e-08
1.150315915940017555e-08
1.166201551666687915e-08
1.182306564886920073e-08
1.198633985160590389e-08
1.215186883885205771e-08
1.231968374873666996e-08
1.248981614940008706e-08
1.266229804493251393e-08
1.283716188139430231e-08
1.301444055291951966e-08
1.319416740790364721e-08
1.337581967776277511e-08
1.355680446106308402e-08
1.374023810301841588e-08
1.392615373850678229e-08
1.411458495074573331e-08
1.430556577735862709e-08
1.449913071652325531e-08
1.469531473320340000e-08
1.489415326546470828e-08
1.509568223087628281e-08
1.529993803299864482e-08
1.550695756795944770e-08
1.571677823111847822e-08
1.592943792382250934e-08
1.614497506025174180e-08
1.636342857435868809e-08
1.658483792690128554e-08
1.680924311257085062e-08
1.703668466721651228e-08
1.726720367516766623e-08
1.750084177665523418e-08
1.773764117533330326e-08
1.797764464590287579e-08
1.822089554183843104e-08
1.846743780321921468e-08
1.871731596466629483e-08
1.897057516338738981e-08
1.922726114733018234e-08
1.948742028344598285e-08
1.975109956606553869e-08
2.001834662538781971e-08
2.028920973608368254e-08
2.056373782601627999e-08
2.084198048507909213e-08
2.112398797415375302e-08
2.140981123418886746e-08
2.169950189540206772e-08
2.199311228660621032e-08
2.229069544466176072e-08
2.259230512405745728e-08
2.289799580662024370e-08
2.320782271135652789e-08
2.352184180442707361e-08
2.384010980925640152e-08
2.416268421677898281e-08
2.448962329582451828e-08
2.482098610364328549e-08
2.515683249657391990e-08
2.549722314085594923e-08
2.584221952358817968e-08
2.619188396383562388e-08
2.654627962388640329e-08
2.690547052066151369e-08
2.726952153727848250e-08
2.763849843477148247e-08
2.801246786397052870e-08
2.838512719392718065e-08
2.875928647909337726e-08
2.913837775451340818e-08
2.952246603134388932e-08
2.991161717768761081e-08
3.030589792988952200e-08
3.070537590398122860e-08
3.111011960727698286e-08
3.152019845012190813e-08
3.193568275779544556e-08
3.235664378257132313e-08
3.278315371593714410e-08
3.321528570097439565e-08
3.365311384490198105e-08
3.409671323178508216e-08
3.454615993541123157e-08
3.500153103233673088e-08
3.546290461510451387e-08
3.593035980563616750e-08
3.640397676880112840e-08
3.688383672616405413e-08
3.737002196991376378e-08
3.786261587697574656e-08
3.836170292331035590e-08
3.886736869840021611e-08
3.937969991992785418e-08
3.989878444864723585e-08
4.042471130345088035e-08
4.095757067663637858e-08
4.149745394937332059e-08
4.204445370737462934e-08
4.259866375677393523e-08
4.316017914021308756e-08
4.372909615314088161e-08
4.430551236032713725e-08
4.488952661259393560e-08
4.548123906376828864e-08
4.608075118785735349e-08
4.668816579645064491e-08
4.730358705635097973e-08
4.792712050743887825e-08
4.855887308077140829e-08
4.919895311692021035e-08
4.984747038455068881e-08
5.050453609924700157e-08
5.117026294258432371e-08
5.184476508145301083e-08
5.252815818763689874e-08
5.322055945765075554e-08
5.392208763283809706e-08
5.463286301973465958e-08
5.535300751069950858e-08
5.608264460481934866e-08
5.682189942908714637e-08
5.757089875986066438e-08
5.832598899122697744e-08
5.906946841604584291e-08
5.982242494814894207e-08
6.058497939190487263e-08
6.135725409157146767e-08
6.213937295092468572e-08
6.293146145313777254e-08
6.373364668091380497e-08
6.454605733687476655e-08
6.536882376421067553e-08
6.620207796759180925e-08
6.704595363434753216e-08
6.790058615591515526e-08
6.876611264956204309e-08
6.964267198038480639e-08
7.053040478358876999e-08
7.142945348705150118e-08
7.233996233417395865e-08
7.326207740702287526e-08
7.419594664976818610e-08
7.514171989241922106e-08
7.609954887486338074e-08
7.706958727121134567e-08
7.805199071445251130e-08
7.904691682142477822e-08
8.005452521810258834e-08
8.107497756520732349e-08
8.210843758414415564e-08
8.315507108326951803e-08
8.421504598449340570e-08
8.528853235022075391e-08
8.637570241063627520e-08
8.747673059133689763e-08
8.859179354131749506e-08
8.972107016131063762e-08
9.086474163249132066e-08
9.202299144554446207e-08
9.319600543010519994e-08
9.438397178457240089e-08
9.558708110630302886e-08
9.680552642219330348e-08
9.803950321964607908e-08
9.928920947793573356e-08
1.005548456999718377e-07
1.018366149444677990e-07
1.031347228585196677e-07
1.044493777106000821e-07
1.057807904239729502e-07
1.071291746105339387e-07
1.084947466050823648e-07
1.098777255000300132e-07
1.112783331805522485e-07
1.126967943601873411e-07
1.141333366168894979e-07
1.155881904295414621e-07
1.170615892149325698e-07
1.185166817267235069e-07
1.199697492460427136e-07
1.214406320229687778e-07
1.229295484805275394e-07
1.244367197197078059e-07
1.259623695522961751e-07
1.275067245341118280e-07
1.290700139986487987e-07
1.306524700911331303e-07
1.322543278029951577e-07
1.338758250067644326e-07
1.355172024913949147e-07
1.371787039980207738e-07
1.388605762561507429e-07
1.405630690203084337e-07
1.422864351071196485e-07
1.440309304328542032e-07
1.457968140514307342e-07
1.475843481928847529e-07
1.493937983023083379e-07
1.512254330792700961e-07
1.530795245177154167e-07
1.549563479463562319e-07
1.568561820695585676e-07
1.587793090087285201e-07
1.607260143442059504e-07
1.626965871576742848e-07
1.646913200750876691e-07
1.667105093101243934e-07
1.687544547081761720e-07
1.708234597908720071e-07
1.729178318011527817e-07
1.750378817488949429e-07
1.771839244570954496e-07
1.793562786086209236e-07
1.815552667935338688e-07
1.837812155569937870e-07
1.860344554477509527e-07
1.883153210672307807e-07
1.906241511192222087e-07
1.929612884601728723e-07
1.953270801501054201e-07
1.977218775041519248e-07
2.001460361447263482e-07
2.025999160543324659e-07
2.050838816290193229e-07
2.075983017324956802e-07
2.101435497509043799e-07
2.127200036482680628e-07
2.153280460226185746e-07
2.179680641628108272e-07
2.206404501060328154e-07
2.233456006960252619e-07
2.260839176420105461e-07
2.288558075783444177e-07
2.316304468934529668e-07
2.342612573521714857e-07
2.369219480091213327e-07
2.396128582373827874e-07
2.423343312645635025e-07
2.450867142165794137e-07
2.478703581619305546e-07
2.506856181564792946e-07
2.535328532887404497e-07
2.564124267256797183e-07
2.593247057590384428e-07
2.622700618521810959e-07
2.652488706874751804e-07
2.682615122142122768e-07
2.713083706970672218e-07
2.743898347651136817e-07
2.775062974613936849e-07
2.806581562930496904e-07
2.838458132820294096e-07
2.870696750163605221e-07
2.903301527020137088e-07
2.936276622153513030e-07
2.969626241561725165e-07
3.003354639013633422e-07
3.037466116591502847e-07
3.071965025239759191e-07
3.106855765319951137e-07
3.142142787172013382e-07
3.177830591681933833e-07
3.213923730855810062e-07
3.250426808400483515e-07
3.287344480310741924e-07
3.324681455463186812e-07
3.362442496216880966e-07
3.400632419020751531e-07
3.439256095027957298e-07
3.478318450717202725e-07
3.517824468521105620e-07
3.557779187461739201e-07
3.598187703793319928e-07
3.639055171652267179e-07
3.680386803714611456e-07
3.722187871860864426e-07
3.764463707848484207e-07
3.807219703991899883e-07
3.850461313850332433e-07
3.894194052923396190e-07
3.938423499354594639e-07
3.983155294642848743e-07
4.028395144362029724e-07
4.074148818888735599e-07
4.120422154138304570e-07
4.167221052309177528e-07
4.214551482635765281e-07
4.262419482149775537e-07
4.310831156450275965e-07
4.354931607828053162e-07
4.396854484498506684e-07
4.439180932969069500e-07
4.481914838235496186e-07
4.525060122692555805e-07
4.568620746494093961e-07
4.612600707916466059e-07
4.657004043725550846e-07
4.701834829547300866e-07
4.747097180241773145e-07
4.792795250280853478e-07
4.838933234129575307e-07
4.885515366631101492e-07
4.932545923395465318e-07
4.980029221191956915e-07
5.027969618345372689e-07
5.076371515136079565e-07
5.125239354203842184e-07
5.174577620955636441e-07
5.224390843977330794e-07
5.274683595449388855e-07
5.325460491566472577e-07
5.376726192961186362e-07
5.428485405131840348e-07
5.480742878874395922e-07
5.533503410718455807e-07
5.586771843367568736e-07
5.640553066143699396e-07
5.694852015436044720e-07
5.749673675154067343e-07
5.805023077184987623e-07
5.860905301855625181e-07
5.917325478398750887e-07
5.974288785423810602e-07
6.031800451392281123e-07
6.089865755097617050e-07
6.148490026149695401e-07
6.207678645464050195e-07
6.267437045755744539e-07
6.327770712038069748e-07
6.388685182125921143e-07
6.450186047144141698e-07
6.512278952040691657e-07
6.574969596104825174e-07
6.638263733490131043e-07
6.702167173742743500e-07
6.766685782334543111e-07
6.831825481201594440e-07
6.897592249287607686e-07
6.963992123092784263e-07
7.031031197227858939e-07
7.098715624973556623e-07
7.167051618845297586e-07
7.236045451163476157e-07
7.305703454629149843e-07
7.374253532407946163e-07
7.433372921118060277e-07
7.492966269952544049e-07
7.553037378649607143e-07
7.613590077409950969e-07
7.674628227140988397e-07
7.734251431204131662e-07
7.793148461567518753e-07
7.852493998191221106e-07
7.912291456491319516e-07
7.972544277892615287e-07
8.032958940642259900e-07
8.090547991637339565e-07
8.148549904047374521e-07
8.206967637715356772e-07
8.265804173703622557e-07
8.325062514446081110e-07
8.382507616635545859e-07
8.438503447988239144e-07
8.494873336039986331e-07
8.551619779519904019e-07
8.608745293848836415e-07
8.666179803470020735e-07
8.719465806043547828e-07
8.773079449877083565e-07
8.827022749548361273e-07
8.881297732022262802e-07
8.935906436726878907e-07
8.988308107997399570e-07
9.038269673256785799e-07
9.088508950180370963e-07
9.139027482430145601e-07
9.189826822248539771e-07
9.240908530506131126e-07
9.286559248997296097e-07
9.332122033854128295e-07
9.377908364085348401e-07
9.423919336474939357e-07
9.470156053188127832e-07
9.513791517184041953e-07
9.553614778535365827e-07
9.593604733905784901e-07
9.633762081050689813e-07
9.674087520646186920e-07
9.714581756301297683e-07
9.748458463940160533e-07
9.781530142960808252e-07
9.814714017766800449e-07
9.848010468982704598e-07
9.881419878524421667e-07
9.911893171448725259e-07
9.936700916743139718e-07
9.961570751510870917e-07
9.986502831151075752e-07
1.001149731145184959e-06
1.003655434859119402e-06
1.005361678548861941e-06
1.006885214449466163e-06
1.008411059132760071e-06
1.009939216097500074e-06
1.011469688847738232e-06
1.012694577882050961e-06
1.013125259620261820e-06
1.013556124520073147e-06
1.013987172659378305e-06
1.014418404116110252e-06
1.014849818968228420e-06
1.014356770181581492e-06
1.013548342113762389e-06
1.012740558351735951e-06
1.011933418381995653e-06
1.011126921691449806e-06
1.010029610087718428e-06
1.007848788496278787e-06
1.005672675660666052e-06
1.003501261413898442e-06
1.001334535610940797e-06
9.991724881286626555e-07
9.960003814895124938e-07
9.923576040365388481e-07
9.887281496985142918e-07
9.851119697474045155e-07
9.815090156333871299e-07
9.776897551776572990e-07
9.725260454759485944e-07
9.673896081249422729e-07
9.622802990845735771e-07
9.571979750755170980e-07
9.521424935751966143e-07
9.460863392883368223e-07
9.394167227504696539e-07
9.327941249496019216e-07
9.262182144181516031e-07
9.196886620252883959e-07
9.130752843672981688e-07
9.049483601824001744e-07
8.968937705550549698e-07
8.889108716637997294e-07
8.809990254175736618e-07
8.731575994047149797e-07
8.644962609270541922e-07
8.551783806012495145e-07
8.459609320502119862e-07
8.368428327808194527e-07
8.278230119674856653e-07
8.188877339147518330e-07
8.086013163925741322e-07
7.984441111922566581e-07
7.884144952196444350e-07
7.785108657690042346e-07
7.687316402669091298e-07
7.585003717980683995e-07
7.477782321852186650e-07
7.372076604319944829e-07
7.267865139794553935e-07
7.165126805558146380e-07
7.063840777482990503e-07
6.956153139063384051e-07
6.849623312364203942e-07
6.744724933931008119e-07
6.641433018991646223e-07
6.539722965402651319e-07
6.438179597373707797e-07
6.336219301990613106e-07
6.235873733515561416e-07
6.137117319808137944e-07
6.039924893709369299e-07
5.944271686628061998e-07
5.851246970762341625e-07
5.759837096815741214e-07
5.669855254380476842e-07
5.581279134334929687e-07
5.494086776076996714e-07
5.410032924999839257e-07
5.330669954491581195e-07
5.252471206304176152e-07
5.175419601772323039e-07
5.099498312767721508e-07
5.024690758023836222e-07
4.956810935973079375e-07
4.891236474949675371e-07
4.826529509175546387e-07
4.762678562414438504e-07
4.699672310251072540e-07
4.639126308302100136e-07
4.583664253633584959e-07
4.528865263366353764e-07
4.474721410379722821e-07
4.421224862323955687e-07
4.368367880487280398e-07
4.316817234696973600e-07
4.266111526699585157e-07
4.216001412326788904e-07
4.166479895684432545e-07
4.117540063052765944e-07
4.067773744665155688e-07
4.013218480497558037e-07
3.959394888501337026e-07
3.906293155798204705e-07
3.853903601116086818e-07
3.802216673024010437e-07
3.741597177533726918e-07
3.677295785299325340e-07
3.614099447630404855e-07
3.551989173560381694e-07
3.490946298492780290e-07
3.428526848783773202e-07
3.352201011232625663e-07
3.277574338872477658e-07
3.204609004901313082e-07
3.133268024617081373e-07
3.063515236670863623e-07
2.987530212255656665e-07
2.908437051475472851e-07
2.831437837078342967e-07
2.756477133026400270e-07
2.683500970919334342e-07
2.612349066232234163e-07
2.541667379912330283e-07
2.472898110598868064e-07
2.405989514495154388e-07
2.340891247823704247e-07
2.277554328946191745e-07
2.221199594264945785e-07
2.170713051500960315e-07
2.121374037759958890e-07
2.073156470391273023e-07
2.026034859587323899e-07
1.979999653265146889e-07
1.946650010468582929e-07
1.913862084272738629e-07
1.881626413540614232e-07
1.849933696491559222e-07
1.818774788017215499e-07
1.789036668660205187e-07
1.760789294075623485e-07
1.732987921624423991e-07
1.705625509310460414e-07
1.678695126324743503e-07
1.652189951289891687e-07
1.616579650334695369e-07
1.581076777075828112e-07
1.546353608058177173e-07
1.512393019633771331e-07
1.479178264219433140e-07
1.442811207344092813e-07
1.401673925018475722e-07
1.361709544586411837e-07
1.322884624391716358e-07
1.285166676263215672e-07
1.248524138329066094e-07
1.215143187159507614e-07
1.182988879747095253e-07
1.151685418141246648e-07
1.121210287828519217e-07
1.091541570059485003e-07
1.065259466992042175e-07
1.044732896391246089e-07
1.024601853935174403e-07
1.004858718160100339e-07
9.854960144608965109e-08
9.665064122612045243e-08
9.470861348950710685e-08
9.278590484950330925e-08
9.090222970791274793e-08
8.905679563369966474e-08
8.724882628321457820e-08
8.534562507591031679e-08
8.312621615463056494e-08
8.096452285679928732e-08
7.885904429037351438e-08
7.680831859393646926e-08
7.481092192170833668e-08
7.300049025194935052e-08
7.128248189866291455e-08
6.960490550263833051e-08
6.796680952998761287e-08
6.636726484041451578e-08
6.484457447722804959e-08
6.351330027628531000e-08
6.220935744442602063e-08
6.093218486228401207e-08
5.968123293040401601e-08
5.845596333273560063e-08
5.715374564901210078e-08
5.582988566108648843e-08
5.453669042221150128e-08
5.327344964063215165e-08
5.203946947717768597e-08
5.084369722793087632e-08
4.973878465578527928e-08
4.865788355130719331e-08
4.760047210798090591e-08
4.656603985895709731e-08
4.555408743062474443e-08
4.458534109946266984e-08
4.365130785225260267e-08
4.273684198044854403e-08
4.184153356054757629e-08
4.096498125667211958e-08
4.010689887876976002e-08
3.926838137378921110e-08
3.844739480801899348e-08
3.764357266098963017e-08
3.685655607509850475e-08
3.608599369540211588e-08
3.534809613301398177e-08
3.463980032083019985e-08
3.394569715301591733e-08
3.326550224111274756e-08
3.259893689516284731e-08
3.194572800952432265e-08
3.136257488618397229e-08
3.079040464970334379e-08
3.022867293049058762e-08
2.967718929109229459e-08
2.913576676834385296e-08
2.860422180998554946e-08
2.808237421243469821e-08
2.757004705969366076e-08
2.706706666337179714e-08
2.657326250380195544e-08
2.608846717223119126e-08
2.561251631406589409e-08
2.514524857315286160e-08
2.468650553707635015e-08
2.423613168345339342e-08
2.379397432720887997e-08
2.335988356881230116e-08
2.293371224345936429e-08
2.251531587118001488e-08
2.210455260785739334e-08
2.170128319713984884e-08
2.130537092323056875e-08
2.091668156453819709e-08
2.053508334817350995e-08
2.016044690527577289e-08
1.979264522715436752e-08
1.943155362223051027e-08
1.907704967376435585e-08
1.872901319835369491e-08
1.838732620518937967e-08
1.805187285605431865e-08
1.772253942605218709e-08
1.739921426505245587e-08
1.708178775983917909e-08
1.677015229694979253e-08
1.646420222619240211e-08
1.616383382482832072e-08
1.586894526240802809e-08
1.557943656624896334e-08
1.529520958754280849e-08
1.501616796808125501e-08
1.474600306801137176e-08
1.448183840042730828e-08
1.422240606412498358e-08
1.396762128259151231e-08
1.371740079802779468e-08
1.347166284414191752e-08
1.323032711942968352e-08
1.299331476093406826e-08
1.276054831847460999e-08
1.253195172933834979e-08
1.230745029342441563e-08
1.208697064883359994e-08
1.187044074789563147e-08
1.165778983362540647e-08
1.144894841660132852e-08
1.124384825225787227e-08
1.104242231858458396e-08
1.084460479422507354e-08
1.065033103696799268e-08
1.045953756262344750e-08
1.027216202427793920e-08
1.008814319192061103e-08
9.907420932434887511e-09
9.729936189948344010e-09
9.555630966534419285e-09
9.384448303260316326e-09
9.216332261573828880e-09
9.051227905024213287e-09
8.889081281309924036e-09
8.729839404648501441e-09
8.573450238461926137e-09
8.419862678372196095e-09
8.269026535501660127e-09
8.120892520072527736e-09
7.975412225300016498e-09
7.832538111574082913e-09
7.692223490924628043e-09
7.554422511765044474e-09
7.419090143908746106e-09
7.286182163854569699e-09
7.155655140335448148e-09
7.010943890846290497e-09
6.855224335320579438e-09
6.702963455309958190e-09
6.554084430428738734e-09
6.408512146543130839e-09
6.266173157873752189e-09
6.126995649939990834e-09
5.990909403327393323e-09
5.857845758259720066e-09
5.727737579957887704e-09
5.600519224768419386e-09
5.476126507044213343e-09
5.354496666760816474e-09
5.235568337851968693e-09
5.119281517248647848e-09
5.005577534605489314e-09
4.894399022699825859e-09
4.785689888488165686e-09
4.679395284805449372e-09
4.575461582692882187e-09
4.473836344340575838e-09
4.374468296630880510e-09
4.277307305269638005e-09
4.182304349491712468e-09
4.089411497328623425e-09
3.998581881425239805e-09
3.909769675393784845e-09
3.822930070693020450e-09
3.738019254020897299e-09
3.654994385209327155e-09
3.573813575610084982e-09
3.494435866960546954e-09
3.416821210719087140e-09
3.340930447859213665e-09
3.266725289112728290e-09
3.194168295651491480e-09
3.123222860198403630e-09
3.053853188557911207e-09
2.986024281556687359e-09
2.919701917385414051e-09
2.854852634332894731e-09
2.785963631032732930e-09
2.706776103102133298e-09
2.629839381502915847e-09
2.555089489883348215e-09
2.482464270339359866e-09
2.411903331727485709e-09
2.343347999446899854e-09
2.276741266648828098e-09
2.212027746832824249e-09
2.149153627790339201e-09
2.088066626857483662e-09
2.028715947439619115e-09
1.971052236771732220e-09
1.915027544879327042e-09
1.860595284705936209e-09
1.807710193373786176e-09
1.756328294545784401e-09
1.706406861857120332e-09
1.657904383386434935e-09
1.610780527136735380e-09
1.564996107497551704e-09
1.520513052660320895e-09
1.477294372959987861e-09
1.435304130116393194e-09
1.394507407349999953e-09
1.354870280347009611e-09
1.316359789049762299e-09
1.278943910248984235e-09
1.242591530955007664e-09
1.207272422525965505e-09
1.172957215531252356e-09
1.139617375329588079e-09
1.107225178341119624e-09
1.075753688994056796e-09
1.045176737326498761e-09
1.015468897224948291e-09
9.866054652813449401e-10
9.585624402510836014e-10
9.313165030948728595e-10
9.048449975879198183e-10
8.791259114802501720e-10
8.538158843328700739e-10
8.256331000063895849e-10
7.983805740025375012e-10
7.720276003223323607e-10
7.465444865114724036e-10
7.219025202052174260e-10
6.980739367775583031e-10
6.750318880582244664e-10
6.527504120822783113e-10
6.312044038382317883e-10
6.103695869816712629e-10
5.902224864826121232e-10
5.707404021756709810e-10
5.519013831833087091e-10
5.336842031833221345e-10
5.160683364926746959e-10
4.990339349407959285e-10
4.825618055062140754e-10
4.666333886913817376e-10
4.512307376112862216e-10
4.363364977723143975e-10
4.219338875185840687e-10
4.080066791236957849e-10
3.945391805066008534e-10
3.815162175510093805e-10
3.689231170083821963e-10
3.567456899652860367e-10
3.449702158564283492e-10
3.335834270054132710e-10
3.225724936757674909e-10
3.119250096154042652e-10
3.016289780782362298e-10
2.916727983071867673e-10
2.820452524633702395e-10
2.727354929867205806e-10
2.637330303738038828e-10
2.550277213590839312e-10
2.466097574862829617e-10
2.384696540569914764e-10
2.305982394440517834e-10
2.229866447576918045e-10
2.156262938527635853e-10
2.080732328343296146e-10
2.007113119543920839e-10
1.936098660923333680e-10
1.867596792791079919e-10
1.801518616194957244e-10
1.737778377551567349e-10
1.676293357358762916e-10
1.616983762845646718e-10
1.559772624420688908e-10
1.504585695783787053e-10
1.451351357572368229e-10
1.400000524416698429e-10
1.350466555283667631e-10
1.302685166992766755e-10
1.256594350791992857e-10
1.212134291885363522e-10
1.169247291807730896e-10
1.127877693546033883e-10
1.087971809309868704e-10
1.049477850857658642e-10
1.012345862287977374e-10
9.765276552087888235e-11
9.419767462005144316e-11
9.086482964917010325e-11
8.764990537691251612e-11
8.454872960466595612e-11
8.155727775201795348e-11
7.867166763381770695e-11
7.588815442203398805e-11
7.320312578586949787e-11
7.061309720382350676e-11
6.811470744161994914e-11
6.570471419013543563e-11
6.337998985766104708e-11
6.113751751103846674e-11
5.897438696040956895e-11
5.688779098248749556e-11
5.487502167745654378e-11
5.293346695476975412e-11
5.106060714328174815e-11
4.925401172132417037e-11
4.747908089132397053e-11
4.574927266315397041e-11
4.408248664287191687e-11
4.247642673856218464e-11
4.092888051196596674e-11
3.943771613072127295e-11
3.800087943164311739e-11
3.661639109099897547e-11
3.528234389787660709e-11
3.399690012689542494e-11
3.275828900663416904e-11
3.156480428029437658e-11
3.041480185523491537e-11
2.930669753814061636e-11
2.823896485270812737e-11
2.721013293683706500e-11
2.621878451643532637e-11
2.526355395304369506e-11
2.434312536259098103e-11
2.345623080269073227e-11
2.260164852597771687e-11
2.177820129708270865e-11
2.098475477092402608e-11
2.022021593008249507e-11
1.948353157910933714e-11
1.877368689368889867e-11
1.808970402266156551e-11
1.743064074097797474e-11
1.679558915173104450e-11
1.618367443547685959e-11
1.559405364512099498e-11
1.502591454471180924e-11
1.447847449053905507e-11
1.395097935299816704e-11
1.344270247773428053e-11
1.295294368463440851e-11
1.248102830329021833e-11
1.202630624360104360e-11
1.158815110023826465e-11
1.116595928973646636e-11
1.075914921902326243e-11
1.036531260069069972e-11
9.983154813050654172e-12
9.615086766866568644e-12
9.260588988714816557e-12
8.919161157591306680e-12
8.590321398782357114e-12
8.273605603770395666e-12
7.968566775213230035e-12
7.674774396074124211e-12
7.391813822010489265e-12
7.119285696165186633e-12
6.856805385533520169e-12
6.604002438110667627e-12
6.360520060053884433e-12
6.126014612120880166e-12
5.900155124673998131e-12
5.682622830565665656e-12
5.473110715245832807e-12
5.271323083456683777e-12
5.076975141902517007e-12
4.889792597306235641e-12
4.709511269285264130e-12
4.535876717499900862e-12
4.368643882548810757e-12
4.207576740103825492e-12
4.052447967796790265e-12
3.903038624387639476e-12
3.759137840761483125e-12
3.620542522317945304e-12
3.487057062333502646e-12
3.358493065891435575e-12
3.234669083990495882e-12
3.115410357456470342e-12
3.000548570295597430e-12
2.889921612141495955e-12
