4.689669529594084455e-09
4.754271602680170708e-09
4.819763595156244801e-09
4.886157766017787304e-09
4.953466543132761851e-09
5.021702525568105284e-09
5.090878485947858276e-09
5.161007372844086224e-09
5.232102313200611917e-09
5.304176614790158026e-09
5.377243768705338653e-09
5.451317451883963985e-09
5.526411529669131206e-09
5.602540058404583902e-09
5.679717288065818909e-09
5.757957664927447655e-09
5.837275834267288464e-09
5.917686643107719203e-09
5.999205142994787420e-09
6.081846592815607364e-09
6.165626461654563353e-09
6.250560431688864609e-09
6.336664401123980121e-09
6.423954487169520163e-09
6.512447029056099642e-09
6.602158591093769761e-09
6.693105965772576327e-09
6.785306176905830369e-09
6.878438589417062460e-09
6.971174125513663962e-09
7.065159927865190697e-09
7.160412852638969371e-09
7.256949983258135561e-09
7.354788633465594246e-09
7.453946350429295535e-09
7.554440917889110128e-09
7.656290359346391439e-09
7.759512941296548622e-09
7.864127176504924992e-09
7.970151827327112583e-09
8.077605909074046955e-09
8.186508693422165151e-09
8.296879711869874185e-09
8.408738759240426013e-09
8.522105897232206508e-09
8.637001458016564143e-09
8.753446047884440691e-09
8.871460550942181113e-09
8.991066132856838624e-09
9.112284244652306706e-09
9.235136626556622162e-09
9.359645311900816411e-09
9.485832631070653408e-09
9.613721215511664462e-09
9.743334001787814132e-09
9.874694235695251399e-09
1.000782547643150343e-08
1.014275160082055039e-08
1.027949680759520561e-08
1.041808562173715030e-08
1.055854289887538542e-08
1.070089382974398569e-08
1.084516394470012873e-08
1.099137911830285405e-08
1.113956557395354297e-08
1.128974988859919811e-08
1.144195899749877390e-08
1.159622019905413133e-08
1.175256115970585705e-08
1.191100991889522694e-08
1.207159489409293821e-08
1.223434488589588531e-08
1.239928908319230064e-08
1.256645706839689794e-08
1.273587882275633763e-08
1.290758473172623493e-08
1.308160559042090866e-08
1.325797260913621304e-08
1.343671741894723109e-08
1.361787207738116024e-08
1.380146907416669248e-08
1.398754133706113941e-08
1.417612223775587978e-08
1.436724559786142651e-08
1.455729308986327883e-08
1.474802987244114485e-08
1.494126578174563260e-08
1.513703356255893609e-08
1.533536638870132396e-08
1.553629786865280116e-08
1.573986205124810026e-08
1.594609343144648791e-08
1.615502695617699361e-08
1.636669803026050674e-08
1.658114252240923151e-08
1.679839677130469430e-08
1.701849759175572945e-08
1.724148228093678093e-08
1.746738862470814460e-08
1.769625490401899461e-08
1.792811990139414043e-08
1.816302290750612567e-08
1.840100372783313206e-08
1.864210268940409801e-08
1.888636064763254737e-08
1.913381899323960474e-08
1.938451965926793783e-08
1.963850512818734149e-08
1.989581843909386597e-08
2.015650319500282017e-08
2.042060357023762537e-08
2.068816431791518437e-08
2.095923077752978761e-08
2.123384888263597337e-08
2.151206516863208225e-08
2.179392678064616037e-08
2.207948148152476055e-08
2.236877765992668955e-08
2.266186433852252189e-08
2.295879118230199460e-08
2.325960850698982881e-08
2.356436728757199980e-08
2.387311916693376243e-08
2.418591646461060000e-08
2.450281218565431000e-08
2.482386002961484223e-08
2.514911439963978846e-08
2.547863041169358169e-08
2.581246390389694755e-08
2.615067144598907635e-08
2.649331034891341544e-08
2.684043867452962003e-08
2.719211524545227092e-08
2.754839965501847376e-08
2.790935227738658946e-08
2.827503427776671136e-08
2.864550762278546993e-08
2.902083509098663404e-08
2.940108028346902093e-08
2.978380649750162346e-08
3.015912486066534573e-08
3.053917276952161235e-08
3.092400982307936411e-08
3.131369637137971709e-08
3.170829352496040100e-08
3.210786316443892457e-08
3.251246795021648277e-08
3.292217133230472349e-08
3.333703756027577745e-08
3.375713169333764226e-08
3.418251961053723031e-08
3.461326802109095467e-08
3.504944447484654546e-08
3.549111737287590499e-08
3.593835597820188662e-08
3.639123042665981814e-08
3.684981173789662823e-08
3.731417182650790037e-08
3.778438351331528270e-08
3.826052053678673550e-08
3.874265756459958968e-08
3.923087020535045304e-08
3.972523502041181204e-08
4.022582953593849880e-08
4.073273225502505575e-08
4.124602267001698896e-08
4.176578127497655199e-08
4.229208957830551544e-08
4.282503011552780070e-08
4.336468646223243458e-08
4.391114324717959743e-08
4.446448616557257064e-08
4.502480199249621214e-08
4.559217859652470612e-08
4.616670495350173693e-08
4.674847116049291503e-08
4.733756844991542477e-08
4.793408920384468215e-08
4.853812696850188711e-08
4.914977646892350924e-08
4.976913362381660448e-08
5.039629556060051891e-08
5.103136063063803002e-08
5.167442842465953877e-08
5.232559978837998809e-08
5.298497683831421869e-08
5.365266297779044459e-08
5.432876291316611651e-08
5.501338267024752990e-08
5.570662961091741247e-08
5.640861244997106070e-08
5.711944127216461158e-08
5.783922754947921524e-08
5.856808415860165757e-08
5.930612539862533707e-08
6.002693395820027161e-08
6.074326484042482781e-08
6.146814405085806621e-08
6.220167360089849540e-08
6.294395671929668319e-08
6.369509786668300991e-08
6.445520275026731638e-08
6.522437833871600535e-08
6.600273287720473010e-08
6.679037590265199091e-08
6.758741825913451262e-08
6.839397211348529017e-08
6.921015097107976815e-08
7.003606969180822193e-08
7.087184450624097119e-08
7.171759303198440084e-08
7.257343429023352009e-08
7.343948872252217128e-08
7.431587820767157684e-08
7.520272607894337852e-08
7.610015714139499838e-08
7.700829768944452128e-08
7.792727552464284904e-08
7.885721997365959802e-08
7.979826190648349462e-08
8.075053375483847291e-08
8.171416953082190680e-08
8.268930484576288531e-08
8.367607692930702963e-08
8.467462464872928099e-08
8.568508852847522876e-08
8.670761076993842974e-08
8.774233527147093951e-08
8.878940764863454674e-08
8.984897525469355741e-08
9.092118720135045254e-08
9.200619437973160591e-08
9.310414948162056041e-08
9.421520702094763770e-08
9.533952335553324752e-08
9.647725670909241399e-08
9.762856719350205417e-08
9.879361683133194860e-08
9.997256957864759613e-08
1.011655913480818959e-07
1.023728500321855296e-07
1.035945155270528145e-07
1.048307597562315646e-07
1.060817566949183881e-07
1.073476823944404802e-07
1.086287150070328728e-07
1.099250348109080153e-07
1.112368242356268466e-07
1.125642678877724829e-07
1.139075525769281489e-07
1.152505580588865665e-07
1.165287177430580812e-07
1.178210525618732407e-07
1.191277197213877520e-07
1.204488781711139726e-07
1.217846886233578914e-07
1.231353135727678555e-07
1.245009173161017119e-07
1.258816659722126288e-07
1.272777275022558612e-07
1.286892717301218059e-07
1.301164703630932025e-07
1.315594970127327547e-07
1.330185272160020435e-07
1.344937384566150957e-07
1.359853101866271888e-07
1.374934238482659873e-07
1.390182628960020183e-07
1.405600128188654753e-07
1.421188611630089519e-07
1.436949975545230954e-07
1.452886137225027165e-07
1.468999035223697622e-07
1.485290629594553217e-07
1.501762902128413544e-07
1.518417856594700792e-07
1.535257518985175598e-07
1.552283937760392132e-07
1.569499184098886726e-07
1.586905352149112462e-07
1.604504559284201810e-07
1.622298946359521549e-07
1.640290677973100196e-07
1.658481942728944076e-07
1.676874953503256076e-07
1.695471947713641771e-07
1.714275187591266141e-07
1.733286960456046366e-07
1.752509578994892361e-07
1.771945381543037648e-07
1.791596732368471435e-07
1.811466021959561883e-07
1.831555667315831933e-07
1.851868112241979796e-07
1.872405827645158393e-07
1.893171311835534418e-07
1.914167090830217516e-07
1.935395718660522550e-07
1.956859777682658103e-07
1.978561878891862682e-07
2.000504662240001304e-07
2.022690796956727305e-07
2.045122981874164894e-07
2.067803945755212502e-07
2.090736447625486790e-07
2.113923277108927955e-07
2.135577487166003005e-07
2.156562476238900896e-07
2.177753671721561750e-07
2.199153099875857333e-07
2.220762806874490211e-07
2.242584858996608856e-07
2.264621342825412229e-07
2.286874365447652778e-07
2.309346054655096865e-07
2.332038559148009349e-07
2.354954048740592690e-07
2.378094714568447287e-07
2.401462769298117108e-07
2.425060447338621079e-07
2.448890005055138588e-07
2.472953720984743478e-07
2.497253896054257485e-07
2.521792853800297750e-07
2.546572940591406440e-07
2.571596525852443019e-07
2.596866002291122142e-07
2.622383786126813673e-07
2.648152317321550800e-07
2.674174059813376494e-07
2.700451501751894375e-07
2.726987155736220913e-07
2.753783559055217203e-07
2.780843273930085559e-07
2.808168887759400260e-07
2.835763013366467111e-07
2.863628289249194990e-07
2.891767379832367665e-07
2.920182975722393193e-07
2.948877793964609234e-07
2.977854578303065408e-07
3.007116099442855752e-07
3.036665155315091804e-07
3.066504571344383957e-07
3.096637200719049738e-07
3.127065924663909764e-07
3.157793652715766155e-07
3.188823323001644911e-07
3.220157902519715981e-07
3.251800387422971476e-07
3.283753803305757332e-07
3.316021205493024468e-07
3.348605679332516510e-07
3.381510340489767545e-07
3.414738335245995135e-07
3.448292840798987599e-07
3.482177065566849494e-07
3.516394249494831365e-07
3.550947664365106101e-07
3.585840614109589848e-07
3.621076435125900127e-07
3.655467738122678378e-07
3.684311656796326233e-07
3.713383171964875808e-07
3.742684079506533670e-07
3.772216189470074306e-07
3.801981326186715709e-07
3.831981328382762052e-07
3.862218049293214630e-07
3.892693356776278541e-07
3.923409133428690452e-07
3.954367276702082400e-07
3.985569699020137037e-07
4.017018327896752431e-07
4.048715106055137016e-07
4.080661991547762690e-07
4.112860957877389418e-07
4.145313994118918856e-07
4.178023105042292481e-07
4.210990311236362221e-07
4.244217649233651522e-07
4.277707171636228154e-07
4.311460947242444159e-07
4.345481061174759476e-07
4.379769615008576714e-07
4.414328726902001832e-07
4.449160531726764729e-07
4.484267181200037687e-07
4.519650844017380368e-07
4.555313705986740958e-07
4.591257970163417631e-07
4.627485856986224385e-07
4.663999604414594451e-07
4.700801468066853648e-07
4.737893721359593307e-07
4.775278655648038452e-07
4.812958580367673295e-07
4.850935823176839768e-07
4.889212730100554180e-07
4.927791665675460502e-07
4.966675013095831313e-07
5.005865174360870011e-07
5.045364570423017806e-07
5.085175641337539746e-07
5.125300846413288102e-07
5.165742664364553148e-07
5.206503593464271304e-07
5.247586151698271947e-07
5.288992876920866782e-07
5.330726327011649403e-07
5.372789080033434113e-07
5.415183734391602940e-07
5.457912908994540031e-07
5.500979243415453060e-07
5.544385398055457775e-07
5.588134054307847335e-07
5.632227914723827008e-07
5.670664984535015031e-07
5.706385518463992254e-07
5.742331062431060444e-07
5.778503033814731894e-07
5.814902858921840145e-07
5.851229737122957596e-07
5.885850575791145940e-07
5.920676260709428190e-07
5.955708003921989348e-07
5.990947024644507799e-07
6.026394549306539785e-07
6.060551381287412860e-07
6.093904845668344895e-07
6.127441866547051803e-07
6.161163454103102939e-07
6.195070624075448764e-07
6.228971855137692687e-07
6.260417657612924703e-07
6.292022208356137278e-07
6.323786308778350444e-07
6.355710764336356636e-07
6.387796384553146896e-07
6.418338836515152182e-07
6.447535361059398552e-07
6.476864698324675814e-07
6.506327452465756865e-07
6.535924230385615120e-07
6.565653372684303871e-07
6.591992940035010585e-07
6.618438174372497149e-07
6.644989499603227043e-07
6.671647341334213676e-07
6.698412126879904649e-07
6.723386208416808843e-07
6.746278142386690670e-07
6.769248019319336017e-07
6.792296104596666118e-07
6.815422664504182016e-07
6.838627966234039292e-07
6.857663621501396777e-07
6.876446451084243965e-07
6.895280725985280936e-07
6.914166587110913922e-07
6.933104175753471125e-07
6.950057457186843721e-07
6.963981212356937754e-07
6.977932862398279678e-07
6.991912463195525195e-07
7.005920070745243178e-07
7.019955741156201542e-07
7.029059380036517918e-07
7.037402457201042288e-07
7.045755437104029383e-07
7.054118331499413424e-07
7.062491152155124790e-07
7.068718066565040719e-07
7.070602160445833368e-07
7.072486756512398468e-07
7.074371854898619106e-07
7.076257455738367781e-07
7.078143559165554049e-07
7.074234115510561334e-07
7.068858773577361843e-07
7.063487516086440385e-07
7.058120339934240713e-07
7.052757242019566626e-07
7.045295900290855940e-07
7.031988281173416784e-07
7.018705798363832089e-07
7.005448404382958545e-07
6.992216051841392808e-07
6.979008693439184565e-07
6.959317496202566612e-07
6.937283948539812675e-07
6.915320160192232603e-07
6.893425910298340151e-07
6.871600978695908654e-07
6.847941152048316557e-07
6.816598381178851473e-07
6.785399065000929799e-07
6.754342546927801808e-07
6.723428173377875264e-07
6.692655293760976545e-07
6.655214868286321460e-07
6.614536817735679227e-07
6.574107399848182508e-07
6.533925094929567627e-07
6.493988392574203028e-07
6.452925406696707387e-07
6.402905434187362787e-07
6.353273192434545019e-07
6.304025675936037877e-07
6.255159902486792030e-07
6.206672912998376776e-07
6.152097532380034123e-07
6.093641200714580435e-07
6.035740312569615881e-07
5.978389590201996124e-07
5.921583806016884012e-07
5.864685658352651375e-07
5.798704984909151734e-07
5.733466627340989413e-07
5.668962234219947635e-07
5.605183548075554454e-07
5.542122404338096811e-07
5.475011695253122094e-07
5.404500438289090851e-07
5.334897277532956858e-07
5.266190517848958132e-07
5.198368614719970100e-07
5.131420172307679446e-07
5.057992905132977919e-07
4.985567982609011468e-07
4.914180105707869920e-07
4.843814425071271919e-07
4.774456303967494983e-07
4.703856706088838983e-07
4.631713141218530874e-07
4.560676050094630797e-07
4.490728462608259400e-07
4.421853668922943012e-07
4.354035215482799354e-07
4.285521315163926936e-07
4.217948486224182100e-07
4.151441125607920702e-07
4.085982433326662328e-07
4.021555874289127902e-07
3.958563739523666535e-07
3.897197679587786425e-07
3.836782922589000706e-07
3.777304721331879898e-07
3.718748557233527331e-07
3.661100136779625057e-07
3.607214149543021104e-07
3.554588987496663056e-07
3.502731566861161551e-07
3.451630687160315863e-07
3.401275311320215258e-07
3.353048155900779731e-07
3.308369631356997185e-07
3.264286436931549000e-07
3.220790640000107225e-07
3.177874413638619254e-07
3.135530035214782556e-07
3.096158864204902313e-07
3.057913003626246959e-07
3.020139581935761454e-07
2.982832763246908833e-07
2.945986783761976395e-07
2.909484129943243052e-07
2.873113885192497807e-07
2.837198289666208309e-07
2.801731659984482325e-07
2.766708383813005345e-07
2.732122918974886304e-07
2.694159249616842275e-07
2.655283460808128243e-07
2.616968636224412845e-07
2.579206681345406592e-07
2.541989618451938033e-07
2.503516216944632211e-07
2.458059800991462962e-07
2.413428738490104599e-07
2.369608043474185610e-07
2.326583002077975580e-07
2.284339167595808774e-07
2.236024509235368677e-07
2.185217060900874019e-07
2.135564070755719659e-07
2.087039306943086698e-07
2.039617133652222117e-07
1.992444873492392284e-07
1.940519467170076315e-07
1.889947296692630479e-07
1.840693095176632208e-07
1.792722514834202875e-07
1.746002103020367380e-07
1.700706308242591653e-07
1.656727192272809001e-07
1.613885346525474795e-07
1.572151361961070124e-07
1.531496590037994974e-07
1.492234918520964241e-07
1.459860154394369832e-07
1.428187776560478378e-07
1.397202546406194930e-07
1.366889555927583511e-07
1.337234220557116677e-07
1.311387430509635253e-07
1.288913388824342602e-07
1.266824498420749556e-07
1.245114158727775002e-07
1.223775882292317060e-07
1.202803292840694574e-07
1.181789948547109903e-07
1.161138159911064031e-07
1.140847261443691732e-07
1.120910946586457701e-07
1.101323018987993424e-07
1.079270632531918736e-07
1.054337977084055973e-07
1.029981300717752446e-07
1.006187297513669341e-07
9.829429689377386142e-08
9.602356167401451250e-08
9.341240254294185119e-08
9.083838133089379296e-08
8.833528844334751574e-08
8.590116941808155322e-08
8.353412364896934881e-08
8.131726731161317939e-08
7.929176037949800686e-08
7.731670617984294427e-08
7.539084800097102510e-08
7.351296043425262125e-08
7.168184859438637612e-08
7.018828456961551301e-08
6.877609527194129793e-08
6.739231924330041167e-08
6.603638480831021387e-08
6.470773179370506621e-08
6.337180915966820065e-08
6.199177127484241180e-08
6.064178625719541272e-08
5.932119965018235086e-08
5.802937124925577542e-08
5.676567479150086061e-08
5.538370675296034357e-08
5.399606382468146117e-08
5.264318839408916335e-08
5.132420935892021970e-08
5.003827744244375579e-08
4.880892681928151424e-08
4.768139557143568227e-08
4.657991133584175320e-08
4.550387240248217121e-08
4.445269096139545949e-08
4.342579278157291868e-08
4.246688296376474260e-08
4.154637126066672923e-08
4.064581255944724742e-08
3.976477435904945095e-08
3.890283353330563910e-08
3.805215254787162163e-08
3.718738823525649117e-08
3.634227635401006576e-08
3.551637028757652387e-08
3.470923356910366426e-08
3.392043965078267236e-08
3.316510177295359168e-08
3.243483940414588616e-08
3.172065668227987028e-08
3.102219954961300987e-08
3.033912174440022167e-08
2.967347470105441824e-08
2.904059615850113823e-08
2.842121570653744442e-08
2.781504545667087417e-08
2.722180366052061734e-08
2.664121457886077315e-08
2.607626403714957746e-08
2.552559933691139567e-08
2.498656328146892298e-08
2.445891030327502348e-08
2.394240002054745630e-08
2.343753985801674422e-08
2.295826671408641284e-08
2.248879420400606646e-08
2.202892191507769089e-08
2.157845353283304880e-08
2.113719675722923261e-08
2.072320774433873178e-08
2.033434953176657362e-08
1.995278800373043764e-08
1.957838624244512775e-08
1.921100989930329285e-08
1.885052714666622242e-08
1.849680863055966032e-08
1.814972742425685923e-08
1.780915898273278198e-08
1.747498109797308812e-08
1.714707385512137875e-08
1.682531958944950923e-08
1.650960284413550475e-08
1.619981032883340210e-08
1.589583087902071400e-08
1.559755541610869292e-08
1.530487690830093863e-08
1.501769033218679349e-08
1.473589263505509966e-08
1.445938269791524036e-08
1.418806129921223859e-08
1.392183107922210937e-08
1.366059650511633489e-08
1.340426383668086286e-08
1.315274109267897239e-08
1.290593801784514619e-08
1.266376605049818522e-08
1.242613829076229439e-08
1.219296946938422964e-08
1.196417591713569353e-08
1.173967553478988186e-08
1.151938776366127408e-08
1.130323355669845189e-08
1.109113535011920581e-08
1.088301703557779853e-08
1.067880393285470525e-08
1.047842276305859563e-08
1.028180162233140854e-08
1.008886995604661181e-08
9.899558533491724945e-09
9.713799423025911466e-09
9.532439447960727696e-09
9.356725597756419054e-09
9.184250725079587002e-09
9.014955125043995418e-09
8.848780193318718038e-09
8.685668405841069059e-09
8.525563298903856123e-09
8.368409449609686437e-09
8.214152456685247000e-09
8.062738921649594970e-09
7.914116430329360970e-09
7.768233534714898031e-09
7.625039735150505641e-09
7.484485462853453109e-09
7.346522062754727391e-09
7.211101776656429791e-09
7.078177726699602786e-09
6.947703899136518058e-09
6.819635128402530453e-09
6.693927081481103782e-09
6.570536242557330750e-09
6.449419897954329629e-09
6.330536121347044213e-09
6.213843759249000983e-09
6.099302416766200929e-09
5.986872443613895164e-09
5.876514920390967747e-09
5.768191645107468029e-09
5.661865119960225214e-09
5.557498538352585437e-09
5.455055772153063407e-09
5.354501359189096158e-09
5.255800490971318797e-09
5.158919000643903753e-09
5.063823351157346266e-09
4.970480623658929892e-09
4.878858506097420211e-09
4.788925282037797893e-09
4.700649819681975442e-09
4.614001561092212911e-09
4.528950511612779845e-09
4.444475253897103543e-09
4.345028654960919173e-09
4.247807206458687406e-09
4.152761119915956448e-09
4.059841720891753767e-09
3.969001424051785373e-09
3.880193708799282202e-09
3.793373095451211655e-09
3.708495121947379969e-09
3.625516321080921836e-09
3.544394198237950297e-09
3.465087209635676420e-09
3.387554741047073315e-09
3.311757087001888637e-09
3.237655430452814669e-09
3.165211822896786829e-09
3.094389164940993903e-09
3.025151187303806622e-09
2.957462432240678537e-09
2.891288235385846200e-09
2.826594708000075336e-09
2.763348719615923975e-09
2.701517881071025247e-09
2.641070527921240055e-09
2.581975704224772954e-09
2.524203146689242480e-09
2.467723269173399781e-09
2.412507147535689469e-09
2.358526504821728686e-09
2.305753696783321002e-09
2.254161697721426079e-09
2.203724086645956466e-09
2.154415033745161221e-09
2.106209287157841174e-09
2.059082160041542658e-09
2.013009517930024143e-09
1.967967766373690209e-09
1.923933838856525516e-09
1.880885184983438253e-09
1.838799758931837133e-09
1.797656008161686198e-09
1.757432862378130531e-09
1.709453039761249229e-09
1.661025631218359468e-09
1.613970131609866478e-09
1.568247675876067111e-09
1.523820499972659790e-09
1.480651909679876428e-09
1.438706250295228135e-09
1.397948877184834188e-09
1.358346127168981690e-09
1.319865290718363784e-09
1.282474584937920169e-09
1.246143127316050670e-09
1.210840910217493544e-09
1.176538776098771899e-09
1.143208393425813266e-09
1.110822233273777485e-09
1.079353546589767904e-09
1.048776342099720853e-09
1.019065364841126944e-09
9.901960753039528337e-10
9.621446291624385769e-10
9.348878575811003898e-10
9.084032480786459540e-10
8.826689259339810878e-10
8.576636361190069075e-10
8.333667257432084194e-10
8.097581269955885570e-10
7.868183405698603644e-10
7.645284195591393465e-10
7.428699538069527973e-10
7.218250547015222920e-10
7.013763404008320206e-10
6.815069214762549573e-10
6.622003869628866762e-10
6.434407908050476443e-10
6.252126386858013220e-10
6.075008752295533639e-10
5.902908715672043925e-10
5.735684132535697333e-10
5.573196885270882446e-10
5.415312769021238252e-10
5.246803801541285934e-10
5.073741334833636141e-10
4.906387222872192847e-10
4.744553179227617849e-10
4.588057127977970341e-10
4.436722998859166337e-10
4.290380529172065938e-10
4.148865072223822163e-10
4.012017412087297330e-10
3.879683584470967573e-10
3.751714703496885269e-10
3.627966794192596269e-10
3.508300630507974289e-10
3.392581578675041834e-10
3.280679445734610413e-10
3.172468333058889515e-10
3.067826494705835386e-10
2.966636200445372997e-10
2.868783603303763816e-10
2.774158611476849480e-10
2.682654764468235223e-10
2.594169113312844925e-10
2.508602104751408208e-10
2.425857469225147801e-10
2.345842112565165277e-10
2.268466011254115343e-10
2.193642111142818389e-10
2.121286229507491059e-10
2.051316960337613672e-10
1.983655582747893385e-10
1.918225972411035382e-10
1.854954515912011543e-10
1.793770027927169529e-10
1.734603671135224480e-10
1.677388878769888192e-10
1.622061279727092070e-10
1.568558626142426522e-10
1.516820723357497871e-10
1.466789362196165923e-10
1.418408253474768904e-10
1.371622964672326606e-10
1.325119582779426079e-10
1.278118455677462908e-10
1.232784427890578019e-10
1.189058368493674899e-10
1.146883243896989347e-10
1.106204043454976922e-10
1.066967707713806632e-10
1.029123059203846511e-10
9.926207356869371777e-11
9.574131257712990241e-11
9.234543068101615187e-11
8.906999850030673363e-11
8.591074376217650743e-11
8.286354572853094587e-11
7.992442982116702039e-11
7.708956243757759537e-11
7.435524595063573307e-11
7.171791388563546576e-11
6.917412626840283726e-11
6.672056513840329126e-11
6.435403022099784686e-11
6.207143475320109336e-11
5.986980145749745768e-11
5.774625865846100227e-11
5.569803653712113840e-11
5.372246351817868991e-11
5.181696278536740738e-11
4.997904892041311969e-11
4.820632466120575475e-11
4.649647777495893272e-11
4.484727804227453658e-11
4.325657434818149130e-11
4.172229187635374388e-11
4.024242940284569020e-11
3.881505668582050964e-11
3.743831194785973333e-11
3.611039944757529591e-11
3.482958713735479304e-11
3.359420440418421648e-11
3.240263989060371422e-11
3.125333939295113260e-11
3.013988711656070664e-11
2.903727431948688645e-11
2.797499860050382877e-11
2.695158430118176464e-11
2.596560974736296024e-11
2.501570527424570291e-11
2.410055132371707547e-11
2.321887661129034587e-11
2.236945636010358850e-11
2.155111059952225855e-11
2.076270252598530117e-11
2.000313692381655917e-11
1.927135864380755389e-11
1.856635113745932052e-11
1.788713504484553511e-11
1.723276683413656052e-11
1.660233749089366707e-11
1.599497125531339786e-11
1.540982440566750267e-11
1.484608408624821322e-11
1.430296717819122683e-11
1.377971921160759866e-11
1.327561331751299775e-11
1.278994921809929825e-11
1.232205225394471415e-11
1.187127244681172721e-11
1.143698359673131994e-11
1.101858241211800237e-11
1.061548767170871772e-11
1.022713941716016840e-11
9.852998175183716368e-12
9.492544208137063999e-12
9.145276792031479317e-12
8.810713520952222916e-12
8.488389636924919780e-12
8.177857384298113660e-12
7.878685387744177001e-12
7.590458053014946546e-12
7.312774989619908613e-12
7.045250454624328932e-12
6.787512816795172522e-12
6.539204040350261386e-12
6.297226839265450621e-12
6.063950000529093705e-12
5.839314756716928314e-12
5.623000985337466279e-12
5.414700422637105855e-12
5.214116224300598842e-12
5.020962542425185530e-12
4.834964118165252761e-12
4.655855889467416738e-12
4.483382613336620609e-12
4.317298502095249838e-12
4.157366873116887286e-12
4.003359811535286384e-12
3.855057845448249156e-12
3.712249633153191177e-12
3.574731661969053249e-12
3.442307958215009482e-12
3.314789807932979275e-12
3.191995487955727596e-12
3.073750006937310861e-12
2.959884855977026643e-12
2.850237768481211037e-12
2.744652488920932154e-12
