4.700669590385146972e-09
4.765188325146056983e-09
4.830592607605036064e-09
4.896894592289443624e-09
4.964106600552754227e-09
5.032241122864436723e-09
5.101310821131069366e-09
5.171328531049422986e-09
5.242307264491729755e-09
5.314260211923889461e-09
5.387200744856663742e-09
5.461142418330635837e-09
5.536098973435152564e-09
5.612084339862054211e-09
5.689112638494238656e-09
5.767198184029888553e-09
5.846355487642571683e-09
5.926599259678099561e-09
6.007944412388151737e-09
6.090406062701574039e-09
6.173999535033563346e-09
6.258740364133652087e-09
6.344644297972544593e-09
6.431727300668719325e-09
6.520005555455044315e-09
6.609495467686377749e-09
6.700213667888181817e-09
6.792177014847144932e-09
6.885047559504336222e-09
6.977427863173092898e-09
7.071047681955199270e-09
7.165923647076681603e-09
7.262072612913561492e-09
7.359511659985884893e-09
7.458258097991927312e-09
7.558329468883413926e-09
7.659743549981529630e-09
7.762518357135227789e-09
7.866672147921577139e-09
7.972223424889062524e-09
8.079190938844689809e-09
8.187593692184899929e-09
8.297450942271187092e-09
8.408782204851317791e-09
8.521607257525975268e-09
8.635946143262417617e-09
8.751819173954931145e-09
8.869246934033064999e-09
8.988250284118586722e-09
9.108850364731203427e-09
9.231068600043978318e-09
9.354926701689516255e-09
9.480446672616668538e-09
9.607650810999532066e-09
9.736561714198534384e-09
9.867202282774651870e-09
9.999595724557847939e-09
1.013376555876974949e-08
1.026973562020161708e-08
1.040753006344879328e-08
1.054717336720143748e-08
1.068869033859319294e-08
1.083210611760803461e-08
1.097744618154639091e-08
1.112473634955096155e-08
1.127400278719348203e-08
1.142527201112289959e-08
1.157857089377605437e-08
1.173392666815133538e-08
1.189136693264661010e-08
1.205091965596197032e-08
1.221261318206823047e-08
1.237647623524224907e-08
1.254253792516953289e-08
1.271082775211557330e-08
1.288137561216641096e-08
1.305421180253967144e-08
1.322936702696660254e-08
1.340687240114655958e-08
1.358675945827468116e-08
1.376906015464348348e-08
1.395380687531989355e-08
1.414103243989831017e-08
1.433077010833085747e-08
1.451920296990022203e-08
1.470819013319048424e-08
1.489963722131013092e-08
1.509357625352473648e-08
1.529003966587405272e-08
1.548906031659706958e-08
1.569067149162740111e-08
1.589490691016036153e-08
1.610180073029232533e-08
1.631138755473382882e-08
1.652370243659672092e-08
1.673878088525665355e-08
1.695665887229216895e-08
1.717737283750080410e-08
1.740095969499349282e-08
1.762745683936860211e-08
1.785690215196599996e-08
1.808933400720271950e-08
1.832479127899088460e-08
1.856331334723954145e-08
1.880494010444074665e-08
1.904971196234160275e-08
1.929766985870292601e-08
1.954885526414624719e-08
1.980331018908961841e-08
2.006107719077365878e-08
2.032219938037945682e-08
2.058672043023867043e-08
2.085468458113777983e-08
2.112613664971709903e-08
2.140112203596657408e-08
2.167968673081872531e-08
2.196187732384045432e-08
2.224774101102533348e-08
2.253732560268696037e-08
2.283067953145499847e-08
2.312785186037578001e-08
2.342889229111781859e-08
2.373385117228446144e-08
2.404277950783442261e-08
2.435572896561241398e-08
2.467275188599039001e-08
2.499390129062123296e-08
2.531923089130686687e-08
2.564879509898129013e-08
2.598264903281081291e-08
2.632084852941245900e-08
2.666345015219289782e-08
2.701051120080841271e-08
2.736208972074804647e-08
2.771824451304194890e-08
2.807903514409561452e-08
2.844452195565209526e-08
2.881476607488443764e-08
2.918982942461887087e-08
2.956712671436466799e-08
2.993618464457280612e-08
3.030984916902885868e-08
3.068817778740651631e-08
3.107122871709252852e-08
3.145906090214495068e-08
3.185173402236386102e-08
3.224930850247466684e-08
3.265184552142635572e-08
3.305940702180579696e-08
3.347205571936925107e-08
3.388985511269347646e-08
3.431286949294666470e-08
3.474116395378166629e-08
3.517480440135269789e-08
3.561385756445672215e-08
3.605839100480216057e-08
3.650847312740499199e-08
3.696417319111506273e-08
3.742556131927371313e-08
3.789270851050412369e-08
3.836568664963702763e-08
3.884456851877212733e-08
3.932942780847786182e-08
3.982033912913108015e-08
4.031737802239775245e-08
4.082062097285788171e-08
4.133014541977462955e-08
4.184602976901079921e-08
4.236835340509407874e-08
4.289719670343238107e-08
4.343264104268258968e-08
4.397476881727280914e-08
4.452366345008133661e-08
4.507940940527387628e-08
4.564209220130062467e-08
4.621179842405637006e-08
4.678861574020404284e-08
4.737263291066499898e-08
4.796393980427766450e-08
4.856262741162622187e-08
4.916878785904286531e-08
4.978251442278386334e-08
5.040390154338302174e-08
5.103304484018438005e-08
5.167004112605572970e-08
5.231498842228682506e-08
5.296798597367256534e-08
5.362913426378491257e-08
5.429853503043548467e-08
5.497629128133053750e-08
5.566250730992253799e-08
5.635728871145842750e-08
5.706074239922879750e-08
5.777297662101984362e-08
5.849410097577015600e-08
5.919598111985707452e-08
5.989219303943229855e-08
6.059659320131376724e-08
6.130927790852363053e-08
6.203034459671718575e-08
6.275989184750354270e-08
6.349801940192340018e-08
6.424482817408527055e-08
6.500042026496213771e-08
6.576489897635041445e-08
6.653836882499249632e-08
6.732093555686667069e-08
6.811270616164382508e-08
6.891378888731476651e-08
6.972429325498956787e-08
7.054433007387080764e-08
7.137401145640324375e-08
7.221345083360071600e-08
7.306276297055501492e-08
7.392206398212547301e-08
7.479147134881399012e-08
7.567110393282645892e-08
7.656108199432321112e-08
7.746152720786074754e-08
7.837256267902590348e-08
7.929431296126745215e-08
8.022690407292391541e-08
8.117046351445247858e-08
8.212512028586041233e-08
8.309100490434146335e-08
8.406824942211971505e-08
8.505698744450345965e-08
8.605735414815049743e-08
8.706948629955005163e-08
8.809352227372033247e-08
8.912960207312677986e-08
9.017786734682271834e-08
9.123846140981532281e-08
9.231152926265827147e-08
9.339721761127694901e-08
9.449567488702466477e-08
9.560705126697596073e-08
9.673149869445814755e-08
9.786917089982457580e-08
9.902022342147194542e-08
1.001848136271053060e-07
1.013631007352518336e-07
1.025552458370299211e-07
1.037614119181721546e-07
1.049817638813082617e-07
1.062164685685100978e-07
1.074656947841017934e-07
1.087296133177372858e-07
1.100083969677513371e-07
1.113022205647829911e-07
1.125937420677838110e-07
1.138136053872508232e-07
1.150466849520512978e-07
1.162931239496540500e-07
1.175530671188490841e-07
1.188266607665564198e-07
1.201140527848147140e-07
1.214153926679541397e-07
1.227308315299572920e-07
1.240605221220061507e-07
1.254046188502190825e-07
1.267632777935822903e-07
1.281366567220731154e-07
1.295249151149799840e-07
1.309282141794228615e-07
1.323467168690721251e-07
1.337805879030704064e-07
1.352299937851614273e-07
1.366951028230242155e-07
1.381760851478162192e-07
1.396731127339313563e-07
1.411863594189676252e-07
1.427160009239155526e-07
1.442622148735623173e-07
1.458251808171170025e-07
1.474050802490619263e-07
1.490020966302272715e-07
1.506164154090939379e-07
1.522482240433299900e-07
1.538977120215577895e-07
1.555650708853565753e-07
1.572504942515067672e-07
1.589541778344720197e-07
1.606763194691249839e-07
1.624171191337222554e-07
1.641767789731251474e-07
1.659555033222722708e-07
1.677534987299091356e-07
1.695709739825720739e-07
1.714081401288318058e-07
1.732652105038033162e-07
1.751424007539157461e-07
1.770399288619563502e-07
1.789580151723814303e-07
1.808968824169040089e-07
1.828567557403563131e-07
1.848378627268361724e-07
1.868404334261335208e-07
1.888647003804429832e-07
1.909108986513693508e-07
1.929792658472223175e-07
1.950700421506067255e-07
1.971834703463158366e-07
1.993197958495207475e-07
2.014792667342711956e-07
2.036621337623013235e-07
2.056832000564390630e-07
2.076320295511612570e-07
2.095993240269731095e-07
2.115852584378803603e-07
2.135900093955619264e-07
2.156137551850763273e-07
2.176566757807165545e-07
2.197189528620156315e-07
2.218007698299035037e-07
2.239023118230171862e-07
2.260237657341652320e-07
2.281653202269485830e-07
2.303271657525384394e-07
2.325094945666134253e-07
2.347125007464571334e-07
2.369363802082176923e-07
2.391813307243307574e-07
2.414475519411077004e-07
2.437352453964904519e-07
2.460446145379750365e-07
2.483758647407017612e-07
2.507292033257252393e-07
2.531048395784444515e-07
2.555029847672204239e-07
2.579238521621622010e-07
2.603676570540933958e-07
2.628346167736985758e-07
2.653249507108507015e-07
2.678388803341214719e-07
2.703766292104773283e-07
2.729384230251611181e-07
2.755244896017625928e-07
2.781350589224794365e-07
2.807703631485692998e-07
2.834306366409967572e-07
2.861161159812748707e-07
2.888270399925051173e-07
2.915636497606157343e-07
2.943261886558022412e-07
2.971149023541704016e-07
2.999300388595846969e-07
3.027718485257234767e-07
3.056405840783431130e-07
3.085365006377537026e-07
3.114598557415066324e-07
3.144109093672981917e-07
3.173899239560895481e-07
3.203971644354458404e-07
3.234328982430967708e-07
3.264973953507205485e-07
3.295909282879505510e-07
3.327137721666152891e-07
3.358662047052021476e-07
3.390485062535555959e-07
3.422609598178093909e-07
3.453868244697752370e-07
3.479641754685655018e-07
3.505607592165534334e-07
3.531767192326622156e-07
3.558122001067847498e-07
3.584673475077750937e-07
3.611423081914988741e-07
3.638372300089479151e-07
3.665522619144077539e-07
3.692875539736937651e-07
3.720432573724447784e-07
3.748195244244794287e-07
3.776165085802150289e-07
3.804343644351481160e-07
3.832732477384026026e-07
3.861333154013336190e-07
3.890147255062034078e-07
3.919176373149181505e-07
3.948422112778308638e-07
3.977886090426095164e-07
4.007569934631712153e-07
4.037475286086864836e-07
4.067603797726429362e-07
4.097957134819846600e-07
4.128536975063158616e-07
4.159345008671735490e-07
4.190382938473691406e-07
4.221652480004037121e-07
4.253155361599449197e-07
4.284893324493834896e-07
4.316868122914564660e-07
4.349081524179430907e-07
4.381535308794333169e-07
4.414231270551690614e-07
4.447171216629579309e-07
4.480356967691654582e-07
4.513790357987730360e-07
4.547473235455196543e-07
4.581407461821151586e-07
4.615594912705301654e-07
4.650037477723624747e-07
4.684737060592846389e-07
4.719695579235611479e-07
4.754914965886524869e-07
4.790397167198944225e-07
4.826144144352573322e-07
4.862157873161853150e-07
4.898440344185207987e-07
4.934993562835007744e-07
4.971819549488453049e-07
5.008920339599234306e-07
5.046297983810037789e-07
5.083954548065887119e-07
5.121892113728331777e-07
5.160112777690482647e-07
5.198618652492949651e-07
5.231825185839049471e-07
5.262473582415275163e-07
5.293301519434706734e-07
5.324310048657784212e-07
5.355500228006221873e-07
5.386596799843642858e-07
5.416107460638828511e-07
5.445779796631358452e-07
5.475614693564499361e-07
5.505613042034094500e-07
5.535775737515180662e-07
5.564739723176017946e-07
5.592949359138472591e-07
5.621301999733797158e-07
5.649798369903109076e-07
5.678439198262523271e-07
5.707051120813742534e-07
5.733420299858439381e-07
5.759911316536763801e-07
5.786524733794128785e-07
5.813261117177057393e-07
5.840121034845107918e-07
5.865569529584554072e-07
5.889785928543930796e-07
5.914102306537840880e-07
5.938519076336464712e-07
5.963036652414130386e-07
5.987653417451750595e-07
6.009214234416012993e-07
6.030852689278757003e-07
6.052569061604680703e-07
6.074363631965159654e-07
6.096236681941875376e-07
6.116491067515986325e-07
6.134868215833110180e-07
6.153300578745737338e-07
6.171788322147507743e-07
6.190331612430454469e-07
6.208930616486540023e-07
6.223802701995225996e-07
6.238438233277821670e-07
6.253108180621829469e-07
6.267812624958023482e-07
6.282551647407546340e-07
6.295515998186220322e-07
6.305779270422717319e-07
6.316059274370645781e-07
6.326356037306912418e-07
6.336669586552849759e-07
6.346999949474372852e-07
6.352947271568593988e-07
6.358215281937963432e-07
6.363487660663005784e-07
6.368764411366062739e-07
6.374045537672478721e-07
6.377420926934435966e-07
6.376946746919649339e-07
6.376472602161541880e-07
6.375998492657505786e-07
6.375524418404894079e-07
6.375050379401096840e-07
6.369448117079269692e-07
6.362552275167551654e-07
6.355663898994591481e-07
6.348782980477654565e-07
6.341909511542745561e-07
6.333185119983198685e-07
6.319299479465068432e-07
6.305444283503486581e-07
6.291619465348153012e-07
6.277824958395081962e-07
6.264060696186328852e-07
6.244570368868285828e-07
6.223020617885588937e-07
6.201545234191601835e-07
6.180143961147899826e-07
6.158816543001742335e-07
6.135880377952733614e-07
6.106170955854824029e-07
6.076605384305983267e-07
6.047182966793839419e-07
6.017903010178434612e-07
5.988764824675977855e-07
5.953751350047300000e-07
5.915897247753802830e-07
5.878283822804084016e-07
5.840909544965479232e-07
5.803772893734581754e-07
5.765661436879868598e-07
5.719658014178815016e-07
5.674021646484946450e-07
5.628749405116660114e-07
5.583838384759890534e-07
5.539285703281685011e-07
5.489369387448567399e-07
5.436045539410873494e-07
5.383239680338561317e-07
5.330946778476060607e-07
5.279161850946412245e-07
5.227322649548479892e-07
5.167504569908101509e-07
5.108371009455018532e-07
5.049914134996995844e-07
4.992126202979737594e-07
4.934999558461150423e-07
4.874315091256648939e-07
4.810649028493772055e-07
4.747814542572334776e-07
4.685800771817941742e-07
4.624596996426394434e-07
4.564192636610675850e-07
4.498082581315804370e-07
4.432887327703316261e-07
4.368637014744264236e-07
4.305317946459430646e-07
4.242916625379257862e-07
4.179453208271757131e-07
4.114661960603661154e-07
4.050875128002607514e-07
3.988077139698412082e-07
3.926252666304083166e-07
3.865386616073733714e-07
3.803925076461791168e-07
3.743319299629935051e-07
3.683679120203794061e-07
3.624989153868574750e-07
3.567234261419002211e-07
3.510780372260939161e-07
3.455801552442609900e-07
3.401683700929931247e-07
3.348413334959442135e-07
3.295977182907734609e-07
3.244362180985045891e-07
3.196114701846671850e-07
3.149001895581205884e-07
3.102583562675198904e-07
3.056849466140334170e-07
3.011789519888170056e-07
2.968643447480397908e-07
2.928684043796932476e-07
2.889262513378137196e-07
2.850371616184811589e-07
2.812004209632269069e-07
2.774153247278514778e-07
2.738997895373031870e-07
2.704860565350023898e-07
2.671148703817907819e-07
2.637857007976592652e-07
2.604980241117107438e-07
2.572437209726845019e-07
2.540083271231215350e-07
2.508136253196936614e-07
2.476591037722776417e-07
2.445442571276118416e-07
2.414685863883423289e-07
2.381001263146986291e-07
2.346534294556546487e-07
2.312566263930651998e-07
2.279089948728336876e-07
2.246098230960925435e-07
2.212008355336397634e-07
2.171788835636153934e-07
2.132300601494125523e-07
2.093530356417179874e-07
2.055465045673733812e-07
2.018091851897947388e-07
1.975356412377695044e-07
1.930420544961334814e-07
1.886506889115403488e-07
1.843592191333196940e-07
1.801653727084171156e-07
1.759933947033212408e-07
1.713987941274844992e-07
1.669241432491186455e-07
1.625663105816699004e-07
1.583222463912534375e-07
1.541889805623669968e-07
1.501801452590695354e-07
1.462868382794198238e-07
1.424944623463587737e-07
1.388004008986385559e-07
1.352021052073896435e-07
1.317273368355158404e-07
1.288621741017590727e-07
1.260593306837050997e-07
1.233174510921644240e-07
1.206352093207974880e-07
1.180113082048391714e-07
1.157277499064598310e-07
1.137455208844327448e-07
1.117972442368265642e-07
1.098823384144282066e-07
1.080002318290207703e-07
1.061503626827682420e-07
1.043038213071748486e-07
1.024890078786392250e-07
1.007057709325286559e-07
9.895356106016768464e-08
9.723183841220675874e-08
9.529265444637358551e-08
9.309929763248083589e-08
9.095642544556170100e-08
8.886287587789151183e-08
8.681751366774797886e-08
8.481922968379716180e-08
8.251593402883970631e-08
8.024492739742812499e-08
7.803642349570904932e-08
7.588870212121114575e-08
7.380009041494053767e-08
7.184353758651981754e-08
7.005517325530211600e-08
6.831132576009503047e-08
6.661088696613355854e-08
6.495277632288248175e-08
6.333594017739748460e-08
6.202055576990770928e-08
6.077745867568578807e-08
5.955927735924882461e-08
5.836551242599171361e-08
5.719567449082893132e-08
5.601986668530394880e-08
5.480619548687255334e-08
5.361881849199890886e-08
5.245716603639370145e-08
5.132068079755262164e-08
5.020881752737063507e-08
4.899089415328610759e-08
4.776741107134673212e-08
4.657448286858771773e-08
4.541134647712902688e-08
4.427725788570599593e-08
4.319309044192242408e-08
4.219896826892244160e-08
4.122772658177653532e-08
4.027883876851782464e-08
3.935179033755835236e-08
3.844607863872969564e-08
3.760065149139137925e-08
3.678916238080125534e-08
3.599518665230657642e-08
3.521834633589096409e-08
3.445827161880492930e-08
3.370800976455083037e-08
3.294506180141581363e-08
3.219938242217280013e-08
3.147058076924822706e-08
3.075827483174886426e-08
3.006209124522601801e-08
2.939543670331947390e-08
2.875088742918968942e-08
2.812047108905821629e-08
2.750387779222874740e-08
2.690080444293113138e-08
2.631300171991341469e-08
2.575360192131441682e-08
2.520609465166368396e-08
2.467022708240272821e-08
2.414575175996749932e-08
2.363242649151944798e-08
2.313292497427708376e-08
2.264604249632403425e-08
2.216940751399038104e-08
2.170280434654977228e-08
2.124602185274372995e-08
2.079948780208951429e-08
2.037510283526219185e-08
1.995937686051114826e-08
1.955213320300185309e-08
1.915319879270710921e-08
1.876240409085571119e-08
1.839510226328253601e-08
1.804947028611409033e-08
1.771033250843049862e-08
1.737756690845785005e-08
1.705105375713194599e-08
1.673067557501953449e-08
1.641631709004931143e-08
1.610786519603709457e-08
1.580520891199012558e-08
1.550823934217616015e-08
1.521684963694269836e-08
1.493093495427254480e-08
1.465039242206170253e-08
1.437512110110593244e-08
1.410502194878273669e-08
1.383999778341603405e-08
1.357995324930998313e-08
1.332479478244008980e-08
1.307443057678892995e-08
1.282877055131426004e-08
1.258772631753793171e-08
1.235121114774351534e-08
1.211913994377197681e-08
1.189142920640315209e-08
1.166799700531280210e-08
1.144876294959401167e-08
1.123364815883258599e-08
1.102257523472595441e-08
1.081546823323508792e-08
1.061225263726000538e-08
1.041285532982845933e-08
1.021720456778831521e-08
1.002522995599461110e-08
9.836862421981236028e-09
9.652034191108601173e-09
9.470678762178539036e-09
9.292730883506919697e-09
9.118126529446248361e-09
8.946802877349163416e-09
8.778698284964994960e-09
8.613752268260658723e-09
8.452487996419449685e-09
8.295683949660744751e-09
8.141788810798783232e-09
7.990748616014858041e-09
7.842510402585461121e-09
7.697022190310735355e-09
7.554232963287457118e-09
7.414092652020111543e-09
7.276552115863988159e-09
7.141563125793706743e-09
7.009078347491559331e-09
6.879051324749700264e-09
6.751436463180122699e-09
6.626189014226705762e-09
6.503265059474125239e-09
6.382621495247566235e-09
6.264216017498545193e-09
6.148007106970596900e-09
6.033954014640547456e-09
5.922016747429713662e-09
5.812156054180203857e-09
5.704333411891374505e-09
5.598511012211616763e-09
5.494651748180739062e-09
5.392719201218294477e-09
5.292677628353286842e-09
5.194491949690789671e-09
5.098127736111064030e-09
5.003551197196863290e-09
4.910729169384814490e-09
4.819629104336306131e-09
4.730219057524514963e-09
4.642467677032836969e-09
4.556344192561329463e-09
4.471818404636918375e-09
4.388860674023836185e-09
4.307441911330698061e-09
4.227533566810029833e-09
4.149107620347298090e-09
4.072136571635553810e-09
3.996593430532360132e-09
3.921578948355067903e-09
3.833415747765097440e-09
3.747234593192976793e-09
3.662990925158196502e-09
3.580641185946809498e-09
3.500142797090007076e-09
3.421454137349297912e-09
3.344534521196463095e-09
3.269344177777262929e-09
3.195844230348197153e-09
3.123996676175490798e-09
3.053764366885991975e-09
2.985110989259818428e-09
2.918001046454809338e-09
2.852399839653082834e-09
2.788273450120208981e-09
2.725588721667719757e-09
2.664313243509875232e-09
2.604415333505895082e-09
2.545864021778830250e-09
2.488629034702753743e-09
2.432680779250047947e-09
2.377990327690390131e-09
2.324529402633885605e-09
2.272270362410391487e-09
2.221186186777548397e-09
2.171250462950113914e-09
2.122437371943374029e-09
2.074721675223617281e-09
2.028078701658647975e-09
1.982484334761718154e-09
1.937915000222267900e-09
1.894347653716959506e-09
1.851759768994699518e-09
1.810129326229599664e-09
1.769434800635742315e-09
1.729655151337910984e-09
1.690769810492524353e-09
1.652758672653141963e-09
1.615602084375089829e-09
1.579280834053690332e-09
1.543776141991071492e-09
1.501528746236289644e-09
1.458906607367238251e-09
1.417494333261911149e-09
1.377257580905478667e-09
1.338162982138090758e-09
1.300178115982800925e-09
1.263271481758963278e-09
1.227412472958904921e-09
1.192571351866024092e-09
1.158719224893504702e-09
1.125828018622933186e-09
1.093870456523181266e-09
1.062820036330066831e-09
1.032651008068162794e-09
1.003338352696452318e-09
9.748577613601453148e-10
9.471856152314690427e-10
9.202989659226553057e-10
8.941755164549609477e-10
8.687936027678741965e-10
8.441321757532206676e-10
8.201707837992091540e-10
7.968895558300161964e-10
7.742691848267867707e-10
7.522909118164069567e-10
7.309365103147830908e-10
7.101882712116778929e-10
6.900289880846508768e-10
6.704419429298146596e-10
6.514108922977075245e-10
6.329200538226402911e-10
6.149540931344744266e-10
5.974981111418786971e-10
5.805376316765899799e-10
5.640585894883876946e-10
5.480473185808428655e-10
5.324905408781770367e-10
5.173753552137965278e-10
5.026892266314332356e-10
4.884199759899344438e-10
4.745557698631856078e-10
4.597708382448393462e-10
4.445937075209720117e-10
4.299175770299386558e-10
4.157259086501441205e-10
4.020027101868239452e-10
3.887325173508776957e-10
3.759003763325954427e-10
3.634918269506286439e-10
3.514928863572079354e-10
3.398900332812776636e-10
3.286701927917381676e-10
3.178207215636783932e-10
3.073293936309660998e-10
2.971843866091427180e-10
2.873742683731165337e-10
2.778879841746145531e-10
2.687148441848960892e-10
2.598445114486884368e-10
2.512669902357497149e-10
2.429726147769707612e-10
2.349520383722842159e-10
2.271962228581304070e-10
2.196964284226040748e-10
2.124442037568008758e-10
2.054313765312779978e-10
1.986500441868840432e-10
1.920925650295816137e-10
1.857515496192398796e-10
1.796198524426770666e-10
1.736905638615856572e-10
1.679570023262509635e-10
1.624127068462993764e-10
1.570514297099922105e-10
1.518671294438469753e-10
1.468539640046764942e-10
1.420062841963500686e-10
1.373186273038729272e-10
1.327857109376057666e-10
1.284024270806851640e-10
1.241638363329448029e-10
1.200651623448432909e-10
1.159919895272029521e-10
1.118764199541116842e-10
1.079068769556131448e-10
1.040781792900577898e-10
1.003853295540120995e-10
9.682350765940246704e-11
9.338806454210382032e-11
9.007451609374900737e-11
8.687853730885633237e-11
8.379595663961807027e-11
8.082275055099172314e-11
7.795503826898800690e-11
7.518907671529087413e-11
7.252125562161320815e-11
6.994809281739427611e-11
6.746622968470285080e-11
6.507242677440419468e-11
6.276355957787077126e-11
6.053661444872430071e-11
5.838868466927385739e-11
5.631696665652799083e-11
5.431875630282015815e-11
5.239144544627482309e-11
5.053251846650769811e-11
4.873954900111454438e-11
4.701019677866511039e-11
4.534220456406502027e-11
4.373339521230368707e-11
4.218166882673685923e-11
4.068500001819939480e-11
3.924143526136876846e-11
3.784909034492710530e-11
3.650614791219788431e-11
3.521085508904125888e-11
3.396152119591900504e-11
3.275651554113580180e-11
3.159426529238045259e-11
3.047325342378931049e-11
2.939201673584835896e-11
2.834914394555533518e-11
2.734327384434319681e-11
2.636881370645757480e-11
2.540398697886929499e-11
2.447446296245438349e-11
2.357894994194380749e-11
2.271620346553000021e-11
2.188502461551164810e-11
2.108425834221493547e-11
2.031279185887565422e-11
1.956955309525294670e-11
1.885350920782398279e-11
1.816366514449057920e-11
1.749906226180275021e-11
1.685877699277725485e-11
1.624191956346097352e-11
1.564763275645411309e-11
1.507509071967606863e-11
1.452349781871817800e-11
1.399208753118822600e-11
1.348012138151111958e-11
1.298688791470431013e-11
1.251170170770273885e-11
1.205390241685912868e-11
1.161285386029546991e-11
1.118794313383194621e-11
1.077857975926277956e-11
1.038419486379688186e-11
1.000424038952246146e-11
9.638188331796870789e-12
9.285530005503952275e-12
8.945775338158371154e-12
8.618452188875268898e-12
8.303105692258582336e-12
7.999297626296126483e-12
7.706605803383532631e-12
7.424623483630102467e-12
7.152958809631773004e-12
6.891234261925578345e-12
6.639086134368704084e-12
6.396164028713553832e-12
6.162130367675871369e-12
5.936659925819689364e-12
5.719439377607071499e-12
5.507772716807192879e-12
5.303718725284802176e-12
5.107224601171115235e-12
4.918010263714880038e-12
4.735806008699661567e-12
4.560352124010139927e-12
4.391398519441065177e-12
4.228704370221176104e-12
4.072037773744057519e-12
3.921175419016390568e-12
3.775902268352773565e-12
3.636011250863149124e-12
3.501302967296022806e-12
3.371585405816828524e-12
3.246673668316087865e-12
3.126389706857626766e-12
3.010562069890689567e-12
2.899025657864737470e-12
2.791621487898191968e-12
2.688196467165761292e-12
2.588603174681566879e-12
2.492699651166629475e-12
2.400349196701639025e-12
