6.800354676211936059e-09
6.902754398489092705e-09
7.006696055506643279e-09
7.112202865713754454e-09
7.219298397182942111e-09
7.328006572874602795e-09
7.438351675981127381e-09
7.550358355351030414e-09
7.664051630995239974e-09
7.779456899675822728e-09
7.896599940579306376e-09
8.015506921075147950e-09
8.136204402560879877e-09
8.258719346395620445e-09
8.383079119922425115e-09
8.509311502581864284e-09
8.637444692117112024e-09
8.767507310872981047e-09
8.899528412189486208e-09
9.033537486891638890e-09
9.169564469877366526e-09
9.307639746804056853e-09
9.447794160876393750e-09
9.590059019735805592e-09
9.734466102454209503e-09
9.880945469215332096e-09
1.002932924966363353e-08
1.017994133370580702e-08
1.033281518414280664e-08
1.048798476629195937e-08
1.064548455553327761e-08
1.080534954496930049e-08
1.096761525319964540e-08
1.113231773221264020e-08
1.129949357539524068e-08
1.146917992566323162e-08
1.164141448371375963e-08
1.181623551640143349e-08
1.199368186524057124e-08
1.217379295503489092e-08
1.235660880263678753e-08
1.254217002583839628e-08
1.273051785239580719e-08
1.292169412918916723e-08
1.311574133152009613e-08
1.331270257254870872e-08
1.351262161287263775e-08
1.371554287024947823e-08
1.392151142946570233e-08
1.413057305235330369e-08
1.434277418795731299e-08
1.455816198285569159e-08
1.477678429163421587e-08
1.499868968751895581e-08
1.522392747316796451e-08
1.545254769162551020e-08
1.568460113744046238e-08
1.592013936795167899e-08
1.615921471474317416e-08
1.640188029527081004e-08
1.664819002466414914e-08
1.689819862770496601e-08
1.715196165098617020e-08
1.740953547525298041e-08
1.767097732792941350e-08
1.793634529583325815e-08
1.820569833808143248e-08
1.847909629918970594e-08
1.875659992236876733e-08
1.903827086301995449e-08
1.932417170243405670e-08
1.961436596169521501e-08
1.990891811579428439e-08
2.020789360795347777e-08
2.051135886416674540e-08
2.081938130795809966e-08
2.113202937536155494e-08
2.144937253012644762e-08
2.177148127915048229e-08
2.209842718814519250e-08
2.243028289753596679e-08
2.276643252417311336e-08
2.310739527518272046e-08
2.345346447391756838e-08
2.380471659737798245e-08
2.416122926792608074e-08
2.452308127043981579e-08
2.489035256972323059e-08
2.526312432817768345e-08
2.564147892373798245e-08
2.602549996807632449e-08
2.641527232508015694e-08
2.681088212960554335e-08
2.721241680651185986e-08
2.761996508998212044e-08
2.803361704313157786e-08
2.845346407791082743e-08
2.887959897530664941e-08
2.931211590584548049e-08
2.975111045040390484e-08
3.019667962133086325e-08
3.064892188388616294e-08
3.110793717800009551e-08
3.157382694035890452e-08
3.204669412682105256e-08
3.252664323516916145e-08
3.301378032820275753e-08
3.350821305717682473e-08
3.401005068559137342e-08
3.451940411333736528e-08
3.503638590120416234e-08
3.556111029575409881e-08
3.609369325456954204e-08
3.663425247187808770e-08
3.718290740456152034e-08
3.773977929855428342e-08
3.830499121563736150e-08
3.887866806063338477e-08
3.946093660900905045e-08
4.005192553489092953e-08
4.065176543950085242e-08
4.126058888001716035e-08
4.187853039886818847e-08
4.250572655346448546e-08
4.314231594637630777e-08
4.378843925596305237e-08
4.444423926746144372e-08
4.510986090453931104e-08
4.578545126132187758e-08
4.647115963489778814e-08
4.716713755831188942e-08
4.787353883405215480e-08
4.859051956803811885e-08
4.931823820411837193e-08
5.005685555908465892e-08
5.080653485821041714e-08
5.156699020740429349e-08
5.233750350987362560e-08
5.311952981216890631e-08
5.391324114138512008e-08
5.471881209504356998e-08
5.553641987949978599e-08
5.636624434892439149e-08
5.720846804486635792e-08
5.806327623640848095e-08
5.893085696092179501e-08
5.981140106542894500e-08
6.070510224858669935e-08
6.161215710329465858e-08
6.253276515994061515e-08
6.346712893029319851e-08
6.441545395204932313e-08
6.537794883404707337e-08
6.635482530215553986e-08
6.734629824584887312e-08
6.835258576547707484e-08
6.937390922024242037e-08
7.041049327689401977e-08
7.146256595914811384e-08
7.253035869784880944e-08
7.361410638187689045e-08
7.471404740981930398e-08
7.583042374241210679e-08
7.696348095576534230e-08
7.811346829538432701e-08
7.928063873099699465e-08
8.046524901220218741e-08
8.166755972494795991e-08
8.288783534885370015e-08
8.412634431539038742e-08
8.538335906692858256e-08
8.665915611666870885e-08
8.795401610946839383e-08
8.926822388357707598e-08
9.060206853329314939e-08
9.195584347255878718e-08
9.332984649950356091e-08
9.472437986195222172e-08
9.613975032391322648e-08
9.757626923305891457e-08
9.903425258921387886e-08
1.005140211138686435e-07
1.020159003207299251e-07
1.035402205873262168e-07
1.050873172276821966e-07
1.066575305660809499e-07
1.082512060119266744e-07
1.098686941357257183e-07
1.115103507462053444e-07
1.131765369685812943e-07
1.148676193239983354e-07
1.165839698101551977e-07
1.183225339560803462e-07
1.200859070552675640e-07
1.218755598881871951e-07
1.236918841044599109e-07
1.255352771905014862e-07
1.274061425565095485e-07
1.293048896247452702e-07
1.312319339191334657e-07
1.331876971561951260e-07
1.351726073373370049e-07
1.371870988425147223e-07
1.392316125252946102e-07
1.413065958093296009e-07
1.434125027862743825e-07
1.455497943151581661e-07
1.477189381232413756e-07
1.499204089083724589e-07
1.521546884428717668e-07
1.544222656789621418e-07
1.567236368557733189e-07
1.590593056079385118e-07
1.614297830758107629e-07
1.638355880173203413e-07
1.662772469215021976e-07
1.687552941237124301e-07
1.712702719225617648e-07
1.738227306985949834e-07
1.764132290347352492e-07
1.790423338385254671e-07
1.817106204661913729e-07
1.844186728485515515e-07
1.871670836188077888e-07
1.899564542422360601e-07
1.927873951478126967e-07
1.956605258617996879e-07
1.985764751433249032e-07
2.015358811219788894e-07
2.045393914374645568e-07
2.075876633813259089e-07
2.106813640407927387e-07
2.138211704447656457e-07
2.170077697119764712e-07
2.202418592013606551e-07
2.235241466646663671e-07
2.268553504013405435e-07
2.302361994157205462e-07
2.336674335765730305e-07
2.371498037790057752e-07
2.406840721087953564e-07
2.442710120091609471e-07
2.479114084500284195e-07
2.516060580998119887e-07
2.553557694997585804e-07
2.591613632408905258e-07
2.630236721435822105e-07
2.668841853541705270e-07
2.706274109794903816e-07
2.744231377976539331e-07
2.782721021723014483e-07
2.821750507950558225e-07
2.861327408303812541e-07
2.901459400624680217e-07
2.942154270441833875e-07
2.983419912481084765e-07
3.025264332196963923e-07
3.067695647325726374e-07
3.110722089460223605e-07
3.154352005646772434e-07
3.198593860004485598e-07
3.243456235367313411e-07
3.288947834949059076e-07
3.335077484031802284e-07
3.381854131678009026e-07
3.429286852466592851e-07
3.477384848253381790e-07
3.526157449956285826e-07
3.575614119365433823e-07
3.625764450978760631e-07
3.676618173863347165e-07
3.728185153542785569e-07
3.780475393911134335e-07
3.833499039173599426e-07
3.887266375814513161e-07
3.941787834592917364e-07
3.997073992566061550e-07
4.053135575141355589e-07
4.109983458157103500e-07
4.167628669992343931e-07
4.226082393706360627e-07
4.285355969208199562e-07
4.345460895456527855e-07
4.406408832690481380e-07
4.468211604691664137e-07
4.530881201077968529e-07
4.594429779629562777e-07
4.658869668647422394e-07
4.724213369345025657e-07
4.790473558273591566e-07
4.857663089781248906e-07
4.925794998506785936e-07
4.994882501908372502e-07
5.064939002827661108e-07
5.135978092089944076e-07
5.208013551140777587e-07
5.281059354719492948e-07
5.355129673570300237e-07
5.430238877191416325e-07
5.506401536622658770e-07
5.583632427272225583e-07
5.661946531783135187e-07
5.741359042939759623e-07
5.812560399976700637e-07
5.881619205142688248e-07
5.951498495300288687e-07
6.022208018599897944e-07
6.093757639009382338e-07
6.166157337689981890e-07
6.239417214388736144e-07
6.313547488847391121e-07
6.388558502228045772e-07
6.464460718555750726e-07
6.541264726178227698e-07
6.618981239242952014e-07
6.697621099191768715e-07
6.777195276273274118e-07
6.857714871073162950e-07
6.939191116062761276e-07
7.021635377165948511e-07
7.105059155344709926e-07
7.189474088203512340e-07
7.274891951612750760e-07
7.361324661351483022e-07
7.448784274769674771e-07
7.537282992470199377e-07
7.626833160010823583e-07
7.717447269626405484e-07
7.809137961971563169e-07
7.901918027884043797e-07
7.995800410169040846e-07
8.090798205404716843e-07
8.186924665769171904e-07
8.284193200889122784e-07
8.382617379710523262e-07
8.482210932391519727e-07
8.582987752217611725e-07
8.684961897540011689e-07
8.788147593736587619e-07
8.892559235196387162e-07
8.998211387327639332e-07
9.105118788589623491e-07
9.213296352548684070e-07
9.322759169958669487e-07
9.433522510866090655e-07
9.545601826740291322e-07
9.659012752628921397e-07
9.773771109339033026e-07
9.889892905644067285e-07
1.000739434051708726e-06
1.012629180539052640e-06
1.024660188644279424e-06
1.036834136691204212e-06
1.049152722943742797e-06
1.061617665842818270e-06
1.074230704246084264e-06
1.086993597670494863e-06
1.099908126537756745e-06
1.112384433543719871e-06
1.123275070879824022e-06
1.134272331410223552e-06
1.145377259013726023e-06
1.156590907789088075e-06
1.167914342155067177e-06
1.178909196097656925e-06
1.189837895804784379e-06
1.200867906518462574e-06
1.212000167409891814e-06
1.223235626356565139e-06
1.234442196329029055e-06
1.245177221951793996e-06
1.256005602107856639e-06
1.266928148632155229e-06
1.277945680419559537e-06
1.289059023486251737e-06
1.299749911405767874e-06
1.310254649782153929e-06
1.320844288743940836e-06
1.331519514468086856e-06
1.342281018677314239e-06
1.353018483446591800e-06
1.363035474588433419e-06
1.373126625923031867e-06
1.383292486490923580e-06
1.393533609397433074e-06
1.403850551842768243e-06
1.413638797281111946e-06
1.423068537503045122e-06
1.432561179224869195e-06
1.442117142033825898e-06
1.451736848316032072e-06
1.461356083744214301e-06
1.469903821755890181e-06
1.478501557044706764e-06
1.487149582053842700e-06
1.495848190937041464e-06
1.504597679568593006e-06
1.512709939412204231e-06
1.520228283334623192e-06
1.527783994298709103e-06
1.535377258022991261e-06
1.543008261149052059e-06
1.550677191246093552e-06
1.556897898226470005e-06
1.563123225175113669e-06
1.569373444376265564e-06
1.575648655362734444e-06
1.581948958065302408e-06
1.587498721891714531e-06
1.592127455895062186e-06
1.596769686084688945e-06
1.601425451811975871e-06
1.606094792543031892e-06
1.610777747859042983e-06
1.613747849186971446e-06
1.616570881084935430e-06
1.619398851492407433e-06
1.622231769048636896e-06
1.625069642407986235e-06
1.627101334151572549e-06
1.627839564217913682e-06
1.628578129225674490e-06
1.629317029326820731e-06
1.630056264673384020e-06
1.630795835417474744e-06
1.629596269516599623e-06
1.628059224462367783e-06
1.626523629158324293e-06
1.624989482237052832e-06
1.623456782332436430e-06
1.621128443103988940e-06
1.617093442089977850e-06
1.613068484224156136e-06
1.609053544509048607e-06
1.605048598009402052e-06
1.601053619852027059e-06
1.595030118798979670e-06
1.588469023252047027e-06
1.581934916521359020e-06
1.575427687589443180e-06
1.568947225895503159e-06
1.561817348308403062e-06
1.552700630242451041e-06
1.543637128737567208e-06
1.534626533155392530e-06
1.525668534670831729e-06
1.516762826261488459e-06
1.505966021696003105e-06
1.494481513655541253e-06
1.483084586558491626e-06
1.471774572511936884e-06
1.460550808716306652e-06
1.448947279815562382e-06
1.435365290226998406e-06
1.421910614063670470e-06
1.408582057928391707e-06
1.395378439610504549e-06
1.382298587981042393e-06
1.367833414319708493e-06
1.352711020496417147e-06
1.337755815742025474e-06
1.322965951659704329e-06
1.308339600287995973e-06
1.293660475433493126e-06
1.277507767544215448e-06
1.261556743154676706e-06
1.245804884034845169e-06
1.230249703397434082e-06
1.214888745505304647e-06
1.198936596165838517e-06
1.182636323528027273e-06
1.166557663016261158e-06
1.150697601678820178e-06
1.135053167526902976e-06
1.119587039525535809e-06
1.103642538404903821e-06
1.087925109505556188e-06
1.072431518998268644e-06
1.057158579108114867e-06
1.042103147458586207e-06
1.027202941665113207e-06
1.012460421295829585e-06
9.979294870679215951e-07
9.836071022757195216e-07
9.694902737966579578e-07
9.555760514657688654e-07
9.421877368686540335e-07
9.289938150614387186e-07
9.159846542799098940e-07
9.031576672238651463e-07
8.905103028243414458e-07
8.782465066797984124e-07
8.664051659427091017e-07
8.547234812354308963e-07
8.431992999260614701e-07
8.318304984064900638e-07
8.206149817010813920e-07
8.097893510615994938e-07
7.991293692136695902e-07
7.886097142456243481e-07
7.782285389091756170e-07
7.679840202730177206e-07
7.577526963927941699e-07
7.474600247510259766e-07
7.373071600542288995e-07
7.272922032831229799e-07
7.174132812131052377e-07
7.076685460638654931e-07
6.972594013644424725e-07
6.868583418272887298e-07
6.766124355075513671e-07
6.665193679755536224e-07
6.565768593260985874e-07
6.463804266891784100e-07
6.354625069994028838e-07
6.247290003355015798e-07
6.141767918033310937e-07
6.038028191219800523e-07
5.936040717350877683e-07
5.826402773087678949e-07
5.716142183611473954e-07
5.607968198523108037e-07
5.501841330296772596e-07
5.397722838680445972e-07
5.293759501928764619e-07
5.186242305252395318e-07
5.080908801956324316e-07
4.977714640839721530e-07
4.876616371482573112e-07
4.777571425950620000e-07
4.678784503001846321e-07
4.581334547063527616e-07
4.485914283646052931e-07
4.392481438212818812e-07
4.300994616723371898e-07
4.211282497518665332e-07
4.122837501742425992e-07
4.036250020222821514e-07
3.951481041603886986e-07
3.868492373842826335e-07
3.787246627002869405e-07
3.706078012226658756e-07
3.625756695320827187e-07
3.547176171222965499e-07
3.470298711970985448e-07
3.395087407275680915e-07
3.321284253105231265e-07
3.247279113909841244e-07
3.174922963542254034e-07
3.104179059092670190e-07
3.035011476359940693e-07
2.967385091609027361e-07
2.901982473159433273e-07
2.838543020443482418e-07
2.776490400417990243e-07
2.715794295909183947e-07
2.656425052498831065e-07
2.598490197894229302e-07
2.545059119732513492e-07
2.492726710373108575e-07
2.441470378597953227e-07
2.391267997717665325e-07
2.342097896019685872e-07
2.293763485455151258e-07
2.246258766347396397e-07
2.199737888142078068e-07
2.154180475117805514e-07
2.109566573542174797e-07
2.065876642932199849e-07
2.019812766255918889e-07
1.974683639256861222e-07
1.930562842404895443e-07
1.887427846354711381e-07
1.845256625139196240e-07
1.803508230887330982e-07
1.762053617939693981e-07
1.721551861710542357e-07
1.681981060272398342e-07
1.643319815125464417e-07
1.605547219626029343e-07
1.569760104538065559e-07
1.534886273225787096e-07
1.500787199857013362e-07
1.467445672389128946e-07
1.434844861162689890e-07
1.403439895543733122e-07
1.373506318339399173e-07
1.344211186035405823e-07
1.315540881418948695e-07
1.287482077714954943e-07
1.260021732391400702e-07
1.233722467933194582e-07
1.208082112776809615e-07
1.182974639066319481e-07
1.158388971969350075e-07
1.134314266820878013e-07
1.110593987868847835e-07
1.087040979258940172e-07
1.063987472915961685e-07
1.041422875606631673e-07
1.019336818754490223e-07
9.977191536754736644e-08
9.768600593823716390e-08
9.565253167312878062e-08
9.366138709022165648e-08
9.171169103649271885e-08
8.980258070138335422e-08
8.795524158893542702e-08
8.621608925661420439e-08
8.451132544714138311e-08
8.284027019103890369e-08
8.120225696396864183e-08
7.959663242087830660e-08
7.804324057370948701e-08
7.652871568081974651e-08
7.504358200277859822e-08
7.358726916698003079e-08
7.215921786959819366e-08
7.076330003446898614e-08
6.941591971562090904e-08
6.809419441459613452e-08
6.679763564278447786e-08
6.552576421272340914e-08
6.427811006099931948e-08
6.308558336742835663e-08
6.193297921160997232e-08
6.080143369183958258e-08
5.969056205663955888e-08
5.859998658412773514e-08
5.753827763775444679e-08
5.657491287876568048e-08
5.562767775898342885e-08
5.469630221947270770e-08
5.378052072290138336e-08
5.288007217783557725e-08
5.199469986430142455e-08
5.112415136059381741e-08
5.026817847131009033e-08
4.942653715658915897e-08
4.859898746253534721e-08
4.778529345280671892e-08
4.698522314134914764e-08
4.619854842625664223e-08
4.542504502473861886e-08
4.466449240917688755e-08
4.391667374425236182e-08
4.318137582512488189e-08
4.245838901664821123e-08
4.174750719360184341e-08
4.104852768192531862e-08
4.036125120093462201e-08
3.968548180650700543e-08
3.902102683521693441e-08
3.836769684940698760e-08
3.772530558317920296e-08
3.709366988928992366e-08
3.647260968693418071e-08
3.586194791040429963e-08
3.526151045860777577e-08
3.467112614543113695e-08
3.409062665093382564e-08
3.351984647336028847e-08
3.295862288195482143e-08
3.240679587056645847e-08
3.186420811203123793e-08
3.133070491331760588e-08
3.080613417142314435e-08
3.029034633000970048e-08
2.978319433676426746e-08
2.928453360147444686e-08
2.879422195480514518e-08
2.829020346167530697e-08
2.779183076809052913e-08
2.730223762754240276e-08
2.682126937555499866e-08
2.634877407228975621e-08
2.588460245454743171e-08
2.542860788861515391e-08
2.498064632394384983e-08
2.454057624764271982e-08
2.410825863977432092e-08
2.368355692943776143e-08
2.326633695162522666e-08
2.285646690483881924e-08
2.245381730945406899e-08
2.205826096681645052e-08
2.166967291905914272e-08
2.128793040962821632e-08
2.091291284450305353e-08
2.054450175410071695e-08
2.018258075585060281e-08
1.982703551742865831e-08
1.947775372063959890e-08
1.913462502593486359e-08
1.879754103755600480e-08
1.846639526929211421e-08
1.814108311084030960e-08
1.782150179475880402e-08
1.750755036400250193e-08
1.719912964003000514e-08
1.689614219147282689e-08
1.659849230335646787e-08
1.630608594686358324e-08
1.601883074962997980e-08
1.573663596656354679e-08
1.545941245117792135e-08
1.518707262743049256e-08
1.491953046205672716e-08
1.465670143739212149e-08
1.439850252467251696e-08
1.414485215780505486e-08
1.389567020760118424e-08
1.360203822085128159e-08
1.328812067241861707e-08
1.298144793727155013e-08
1.268185281443706950e-08
1.238917196172563295e-08
1.210324580667528122e-08
1.182391845955129754e-08
1.155103762835348070e-08
1.128445453578520108e-08
1.102402383813844357e-08
1.076960354605111752e-08
1.052105494709294540e-08
1.027824253013810294e-08
1.004103391148332949e-08
9.809299762670935381e-09
9.582913739977782406e-09
9.361752415531274081e-09
9.145695210015368942e-09
8.934624326929680061e-09
8.728424688365398818e-09
8.526983872263958108e-09
8.330192051123314568e-09
8.137941932118853577e-09
7.950128698606362513e-09
7.766649952975071954e-09
7.587405660819242641e-09
7.412298096398693375e-09
7.241231789357516138e-09
7.074113472672951056e-09
6.910852031805057113e-09
6.751358455020403634e-09
6.595545784861805601e-09
6.443329070738356007e-09
6.294625322609579929e-09
6.149353465738405207e-09
6.007434296488341123e-09
5.868790439141063771e-09
5.733346303710240382e-09
5.601028044729207455e-09
5.471763520989768441e-09
5.345482256209939257e-09
5.208558539601620472e-09
5.056521977632621866e-09
4.908923326075804083e-09
4.765633043401344459e-09
4.626525369365293149e-09
4.491478214634771939e-09
4.360373053634900909e-09
4.233094820523668065e-09
4.109531808203100224e-09
3.989575570278350106e-09
3.873120825878564467e-09
3.760065367256006240e-09
3.650309970082332649e-09
3.543758306363309837e-09
3.440316859895518443e-09
3.339894844190876023e-09
3.242404122796851963e-09
3.147759131942655948e-09
3.055876805443223776e-09
2.966676501795311206e-09
2.880079933401616222e-09
2.796011097860849398e-09
2.714396211263368176e-09
2.635163643434012095e-09
2.558243855065068877e-09
2.483569336684373376e-09
2.411074549404907068e-09
2.340695867403857251e-09
2.272371522080794989e-09
2.206041547845764475e-09
2.141647729489844177e-09
2.079133551091993728e-09
2.018444146417163947e-09
1.959526250762450626e-09
1.902328154208713377e-09
1.846799656236826390e-09
1.792892021668661629e-09
1.740557937894113304e-09
1.689751473346724177e-09
1.640428037191327510e-09
1.592544340188433254e-09
1.544895093021498413e-09
1.493732413485928684e-09
1.444264101282538162e-09
1.396434043622035420e-09
1.350187986016491738e-09
1.305473470737512570e-09
1.262239777312478225e-09
1.220437864991439795e-09
1.180020317119294097e-09
1.140941287350250932e-09
1.103156447643479945e-09
1.066622937981024644e-09
1.031299317750941012e-09
9.971455187404546803e-10
9.641227996858751011e-10
9.321937023276947269e-10
9.013220089209991449e-10
8.714727011530578477e-10
8.426119204214105967e-10
8.147069294274546818e-10
7.877260750419460374e-10
7.616387524002769083e-10
7.364153701868516002e-10
7.120273170691157914e-10
6.884469292432117434e-10
6.656474590544465629e-10
6.436030446569215152e-10
6.222886806780071108e-10
6.016801898542885711e-10
5.817541956068673175e-10
5.624880955248927114e-10
5.438600357272346254e-10
5.258488860732503994e-10
5.084342161944798553e-10
4.915962723201155437e-10
4.753159548699509138e-10
4.595747967893768029e-10
4.443549426018845751e-10
4.296391281552719756e-10
4.154106610386093824e-10
4.016534016477419726e-10
3.883517448778402879e-10
3.747711047300958775e-10
3.616342909097316907e-10
3.489579605022367851e-10
3.367259722288803177e-10
3.249227506095476859e-10
3.135332661298615274e-10
3.025430161035021171e-10
2.919380062053524222e-10
2.817047326519655981e-10
2.718301650066581753e-10
2.623017295873290195e-10
2.531072934558938997e-10
2.442351489689249820e-10
2.356739988698414895e-10
2.274129419036616329e-10
2.194414589359946149e-10
2.117493995586117803e-10
2.043269691645216569e-10
1.971647164761060346e-10
1.902535215104307437e-10
1.835845839664032686e-10
1.771494120190020965e-10
1.709398115062928323e-10
1.649478754954747804e-10
1.591659742146677094e-10
1.535867453376153030e-10
1.482030846089446332e-10
1.430081367980307571e-10
1.379952869699579780e-10
1.331581520624596342e-10
1.284905727581050935e-10
1.239866056414010957e-10
1.196405156307984031e-10
1.154467686759842440e-10
1.114000247111550500e-10
1.074951308552950439e-10
1.037271148508095839e-10
1.000911787321486319e-10
9.658269271636576624e-11
9.319718930783067474e-11
8.993035760958665448e-11
8.672253963680787434e-11
8.360921115652092446e-11
8.060765078481058036e-11
7.771384606035998263e-11
7.492392856871790110e-11
7.223416877103583937e-11
6.964097101844985284e-11
6.714086874544682888e-11
6.473051983578844925e-11
6.240670215479650237e-11
6.016630924203119189e-11
5.800634615859926071e-11
5.592392548354443100e-11
5.391626345396697676e-11
5.198067624371137116e-11
5.011457637565083426e-11
4.831546926276817362e-11
4.658094987341255203e-11
4.490869951627303250e-11
4.329648274077030790e-11
4.174214434872579428e-11
4.024360651330960022e-11
3.879886600141884332e-11
3.740599149577218890e-11
3.606312101314012076e-11
3.476845941526193701e-11
3.352027600911900905e-11
3.231690223335868819e-11
3.115672942777528176e-11
3.003820668286575738e-11
2.895983876658739951e-11
2.792018412554333916e-11
2.691785295792591754e-11
2.595150535564111621e-11
2.501984951312996870e-11
2.412164000049410773e-11
2.325567609861486737e-11
2.242080019404188758e-11
2.161589623150494254e-11
2.083988822198049527e-11
2.009173880431802243e-11
1.936690020228889995e-11
1.866479162991275431e-11
1.798813661191315634e-11
1.733601238013736465e-11
1.670752961956244846e-11
1.610183125551879090e-11
1.551809128487972497e-11
1.495551364962439784e-11
1.441333115123740141e-11
1.389080440446437359e-11
1.338722082899770822e-11
1.290189367771611435e-11
1.243416110015372860e-11
1.198338523992126910e-11
1.154895136484816377e-11
1.113026702866013637e-11
1.072676126304803033e-11
1.033788379902675551e-11
9.963104316522594154e-12
9.601911721164339684e-12
9.253813447294382385e-12
8.918334786246335447e-12
8.595018238975446316e-12
8.283422892157884634e-12
7.983123816908170890e-12
7.693711489295260205e-12
7.414791231866317267e-12
7.145982675417126968e-12
6.886919240274921824e-12
6.637247636386150884e-12
6.396627381527850170e-12
6.164730336985023038e-12
5.941240260061255860e-12
5.725852372812173559e-12
5.518272946413488408e-12
5.318218900597194618e-12
5.125417417609182740e-12
4.939605570162160337e-12
4.760529962876409275e-12
4.587946386719291336e-12
4.421619485972569804e-12
4.261182555394191876e-12
4.106205125602698155e-12
3.956864160204021819e-12
3.812954663342337334e-12
3.674279094775505699e-12
3.540647098717489384e-12
3.411875242542637483e-12
3.287786764993340287e-12
3.168211333545043759e-12
3.052984810596011311e-12
2.941949028160524080e-12
2.834951570756408212e-12
2.731845566188963989e-12
2.632489483943823653e-12
2.536746940912360264e-12
2.444486514182600298e-12
2.355581560639021376e-12
2.269910043123315965e-12
2.187354362917625294e-12
2.107801198320380132e-12
2.031141349092929551e-12
1.957269586563721579e-12
1.886084509184034627e-12
1.817488403337108971e-12
1.751387109209613880e-12
1.687689891541317693e-12
1.626309315075498702e-12
1.567161124539209712e-12
1.510164128988577326e-12
1.455240090360446919e-12
1.402313616077355589e-12
1.351312055558387343e-12
1.302165400493910901e-12
1.254806188747286382e-12
1.209169411751575878e-12
1.165192425274300434e-12
1.122814863427541207e-12
1.081978555805510958e-12
1.042627447635792716e-12
1.004707522834605595e-12
9.681667298605999466e-13
