7.081019878648147514e-10
7.175075047738341251e-10
7.270379524835600258e-10
7.366949904142153085e-10
7.464803000276257474e-10
7.563955851200044399e-10
7.664425721185949040e-10
7.766230103822846430e-10
7.869386725061970350e-10
7.973913546303310317e-10
8.079828767522981915e-10
8.187150830442295312e-10
8.295898421738590190e-10
8.406090476299049949e-10
8.517746180517566516e-10
8.630452276972121843e-10
8.744187297317867837e-10
8.859421156245675349e-10
8.976173605957458937e-10
9.094464658956481797e-10
9.214314591477396660e-10
9.335743946962089741e-10
9.458773539580718745e-10
9.583424457799780215e-10
9.709718067996555872e-10
9.837676018121792887e-10
9.967320241410268603e-10
1.009867296014021682e-09
1.023175668944274473e-09
1.036659424116080834e-09
1.050205685965154075e-09
1.063925766980166286e-09
1.077825089667138009e-09
1.091905995672380018e-09
1.106170857233889029e-09
1.120622077581022138e-09
1.135262091339363270e-09
1.150093364940909012e-09
1.165118397039564957e-09
1.180339718932116936e-09
1.195759894984674889e-09
1.211381523064716119e-09
1.227207234978723397e-09
1.243239696915589956e-09
1.259410209227421581e-09
1.275706160810844611e-09
1.292212971442460737e-09
1.308933369501656423e-09
1.325870118671256779e-09
1.343026018394372655e-09
1.360403904337071712e-09
1.378006648857124302e-09
1.395837161478725939e-09
1.413898389373450920e-09
1.432193317847340518e-09
1.450724970834383643e-09
1.469496411396291292e-09
1.488510742228830354e-09
1.507771106174616029e-09
1.527091556960260832e-09
1.546648801131180509e-09
1.566456512144004740e-09
1.586517897691914390e-09
1.606836206548566847e-09
1.627414729094201295e-09
1.648256797848488200e-09
1.669365788010202827e-09
1.690745118003810682e-09
1.712398250033052960e-09
1.734328690641620946e-09
1.756539991281012400e-09
1.779035748885658034e-09
1.801819606455416312e-09
1.824780906468626895e-09
1.847883435664230717e-09
1.871278453044767562e-09
1.894969661639356435e-09
1.918960811359093986e-09
1.943255699590592790e-09
1.967858171797075711e-09
1.992772122126998030e-09
2.018001494030454988e-09
2.043550280883356150e-09
2.069422526619506784e-09
2.095622326370693866e-09
2.122153827114873907e-09
2.149021228332570136e-09
2.176228782671575814e-09
2.203456921255686732e-09
2.230997252204759968e-09
2.258881801287370257e-09
2.287114870780201671e-09
2.315700816732772764e-09
2.344644049639497660e-09
2.373949035120243522e-09
2.403620294609249173e-09
2.433662406052809336e-09
2.464080004615523924e-09
2.494877783395529686e-09
2.526060494148515264e-09
2.557632948020933675e-09
2.589600016292279451e-09
2.621780268710988922e-09
2.654085284539665582e-09
2.686788355865256767e-09
2.719894387442496633e-09
2.753408344461415545e-09
2.787335253292085107e-09
2.821680202238436125e-09
2.856448342301356716e-09
2.891644887951313321e-09
2.927275117910315976e-09
2.963344375943704691e-09
2.999858071661505899e-09
3.036821681329841212e-09
3.074240748692211069e-09
3.112120885800901410e-09
3.149948266783311124e-09
3.188172740322089622e-09
3.226861066043039442e-09
3.266018872770524405e-09
3.305651857634371879e-09
3.345765786898864913e-09
3.386366496801577827e-09
3.427459894402606148e-09
3.469051958443886918e-09
3.511148740219162734e-09
3.553756364454284733e-09
3.596881030198419876e-09
3.640529011725846148e-09
3.684706659448922967e-09
3.729118937140635016e-09
3.773569091562890463e-09
3.818549080581861847e-09
3.864065219691899709e-09
3.910123899666497051e-09
3.956731587455505680e-09
4.003894827093196879e-09
4.051620240617058899e-09
4.099914528997643086e-09
4.148784473079323011e-09
4.198236934532438915e-09
4.248278856816690150e-09
4.298917266156108978e-09
4.350159272525490827e-09
4.402012070648747518e-09
4.453586867567752376e-09
4.505626662795475793e-09
4.558274538738333028e-09
4.611537600769347495e-09
4.665423037287181877e-09
4.719938120686401957e-09
4.775090208338904909e-09
4.830886743586813136e-09
4.887335256747145513e-09
4.944443366128055914e-09
5.002218779056939308e-09
5.060669292920736280e-09
5.119802796218213479e-09
5.179627269624528522e-09
5.239670212675982083e-09
5.299520250501162671e-09
5.360053924296241273e-09
5.421279042880623378e-09
5.483203504269874606e-09
5.545835296694480498e-09
5.609182499630367965e-09
5.673253284841058569e-09
5.738055917431967285e-09
5.803598756916522506e-09
5.869890258294475382e-09
5.936938973142725227e-09
6.004753550718383889e-09
6.073342739074566299e-09
6.142715386188793865e-09
6.211372575081309601e-09
6.280507183645128232e-09
6.350411283016895310e-09
6.421093437881038952e-09
6.492562308249646860e-09
6.564826650523651372e-09
6.637895318565566907e-09
6.711777264784293501e-09
6.786481541231971530e-09
6.862017300713068789e-09
6.938393797905678401e-09
7.015620390495570208e-09
7.093706540322592782e-09
7.172661814539962926e-09
7.251731658011958760e-09
7.330082312666007804e-09
7.409279499620814746e-09
7.489332365155177341e-09
7.570250154368127856e-09
7.652042212246379040e-09
7.734717984743769186e-09
7.818287019872061068e-09
7.902758968803519099e-09
7.988143586985690724e-09
8.074450735267938726e-09
8.161690381040151296e-09
8.249872599384046750e-09
8.339007574236617951e-09
8.429105599566146566e-09
8.517664322452692200e-09
8.606571685086396478e-09
8.696407062587937419e-09
8.787180141574592942e-09
8.878900709772493150e-09
8.971578657072144155e-09
9.065223976594601020e-09
9.159846765769130241e-09
9.255457227421905167e-09
9.352065670876293523e-09
9.449682513064245703e-09
9.548318279649624239e-09
9.647983606163264347e-09
9.748689239149537246e-09
9.849239477019598726e-09
9.947986324601097278e-09
1.004772319176025158e-08
1.014846000426974618e-08
1.025020678741647908e-08
1.035297366699913813e-08
1.045677087033605786e-08
1.056160872728297578e-08
1.066749767126099464e-08
1.077444824029505633e-08
1.088247107806251575e-08
1.099157693495256233e-08
1.110177666913592501e-08
1.121308124764564990e-08
1.132550174746834670e-08
1.143490389675366546e-08
1.154422980479022391e-08
1.165460094716155966e-08
1.176602731705994472e-08
1.187851900321969686e-08
1.199208619083068484e-08
1.210673916246059503e-08
1.222248829898578426e-08
1.233934408053125974e-08
1.245731708741963388e-08
1.257641800112891673e-08
1.269665760525983424e-08
1.281804678651201549e-08
1.294059653566977200e-08
1.306246129819171989e-08
1.318049940360537252e-08
1.329960415289352611e-08
1.341978518471609755e-08
1.354105222483214270e-08
1.366341508688691879e-08
1.378688367320607706e-08
1.391146797559700056e-08
1.403717807615741295e-08
1.416402414809127137e-08
1.429201645653208083e-08
1.442116535937348612e-08
1.455148130810767228e-08
1.468297484867103933e-08
1.481565662229768061e-08
1.494286203102059568e-08
1.506903751900598783e-08
1.519627841559482149e-08
1.532459371695202881e-08
1.545399249520480408e-08
1.558448389908427419e-08
1.571607715457206930e-08
1.584878156555288895e-08
1.598260651447202465e-08
1.611756146299896379e-08
1.625365595269623475e-08
1.639089960569391636e-08
1.652930212537018260e-08
1.666887329703706176e-08
1.680688204163496980e-08
1.693760980712872910e-08
1.706935440302735795e-08
1.720212373846984972e-08
1.733592578411439341e-08
1.747076857261666932e-08
1.760666019911219464e-08
1.774360882170239128e-08
1.788162266194416104e-08
1.802071000534358666e-08
1.816087920185330561e-08
1.830213866637379478e-08
1.844449687925850652e-08
1.858796238682314057e-08
1.873254380185846958e-08
1.886796744993518642e-08
1.900061166142192364e-08
1.913418837858988070e-08
1.926870415707270809e-08
1.940416559859083439e-08
1.954057935127578398e-08
1.967795210999612255e-08
1.981629061668636730e-08
1.995560166067751839e-08
2.009589207903061125e-08
2.023716875687191661e-08
2.037943862773119122e-08
2.052270867388161598e-08
2.066698592668280790e-08
2.080845532160854303e-08
2.093728168296024443e-08
2.106690561583384397e-08
2.119733205804113055e-08
2.132856597796432131e-08
2.146061237474503597e-08
2.159347627847487266e-08
2.172716275038715497e-08
2.186167688304946656e-08
2.199702380055777055e-08
2.213320865873174327e-08
2.227023664531090210e-08
2.240811298015236782e-08
2.254684291542984123e-08
2.268643173583338713e-08
2.281141266619609872e-08
2.293063851312368784e-08
2.305048750438625043e-08
2.317096289690224425e-08
2.329206796461270672e-08
2.341380599857016350e-08
2.353618030702825193e-08
2.365919421553135427e-08
2.378285106700514093e-08
2.390715422184738494e-08
2.403210705801921323e-08
2.415771297113711558e-08
2.428397537456492709e-08
2.441089769950676361e-08
2.453341380081495647e-08
2.463534801063232184e-08
2.473770574826421201e-08
2.484048877343211981e-08
2.494369885316882868e-08
2.504733776184918709e-08
2.515140728122022125e-08
2.525590920043211466e-08
2.536084531606881048e-08
2.546621743217874959e-08
2.557202736030625046e-08
2.567827691952222078e-08
2.578496793645581858e-08
2.589210224532568658e-08
2.599968168797132548e-08
2.608571049015836867e-08
2.616166277345789965e-08
2.623783620271172022e-08
2.631423142181786231e-08
2.639084907654930167e-08
2.646768981455923199e-08
2.654475428538658052e-08
2.662204314046155019e-08
2.669955703311091687e-08
2.677729661856387590e-08
2.685526255395735256e-08
2.693345549834163354e-08
2.701187611268597191e-08
2.709052505988396046e-08
2.716303838693667947e-08
2.720395232659666873e-08
2.724492789229548952e-08
2.728596517685643187e-08
2.732706427324276796e-08
2.736822527455756347e-08
2.740944827404434600e-08
2.745073336508687007e-08
2.749208064120976902e-08
2.753349019607832004e-08
2.757496212349910924e-08
2.761649651741979674e-08
2.765809347192976514e-08
2.769975308125995746e-08
2.774147543978324765e-08
2.775431018607550083e-08
2.775182298449972301e-08
2.774933600581443162e-08
2.774684924999964861e-08
2.774436271703534958e-08
2.774187640690167558e-08
2.773939031957859891e-08
2.773690445504615474e-08
2.773441881328432200e-08
2.773193339427324834e-08
2.772944819799291601e-08
2.772696322442336346e-08
2.772447847354457956e-08
2.772199394533671858e-08
2.771245819169423719e-08
2.765981989817760996e-08
2.760728158821075133e-08
2.755484307188050348e-08
2.750250415963427990e-08
2.745026466227958234e-08
2.739812439098328945e-08
2.734608315727093879e-08
2.729414077302608158e-08
2.724229705048957801e-08
2.719055180225892221e-08
2.713890484128758054e-08
2.708735598088424047e-08
2.703590503471236724e-08
2.698455181678919473e-08
2.689881604773804810e-08
2.679293700395305334e-08
2.668747472096133587e-08
2.658242755831012696e-08
2.647779388200403006e-08
2.637357206447914334e-08
2.626976048457821116e-08
2.616635752752494508e-08
2.606336158489929776e-08
2.596077105461228363e-08
2.585858434088089209e-08
2.575679985420364602e-08
2.565541601133544227e-08
2.555443123526335491e-08
2.544727916122676160e-08
2.528972680841368984e-08
2.513314991327998828e-08
2.497754243645106707e-08
2.482289837594391096e-08
2.466921176693592540e-08
2.451647668153446739e-08
2.436468722854859666e-08
2.421383755326144871e-08
2.406392183720480502e-08
2.391493429793426859e-08
2.376686918880663662e-08
2.361972079875783222e-08
2.347348345208297370e-08
2.332815150821731395e-08
2.314961056434617678e-08
2.294994399714879351e-08
2.275199956423723405e-08
2.255576241211579779e-08
2.236121781540092920e-08
2.216835117571621705e-08
2.197714802059711792e-08
2.178759400240470262e-08
2.159967489724919312e-08
2.141337660392258527e-08
2.122868514284051598e-08
2.104558665499323945e-08
2.086406740090567912e-08
2.068411375960642977e-08
2.050124231838292334e-08
2.027364961516477585e-08
2.004858351193275959e-08
1.982601595986377405e-08
1.960591922151605404e-08
1.938826586737270945e-08
1.917302877242306391e-08
1.896018111278230507e-08
1.874969636234869561e-08
1.854154828949748113e-08
1.833571095381208755e-08
1.813215870285104256e-08
1.793086616895114433e-08
1.773180826606614919e-08
1.753496018664015471e-08
1.731713010707128476e-08
1.708503514968706194e-08
1.685605087339776913e-08
1.663013558691912220e-08
1.640724815773913635e-08
1.618734800462959395e-08
1.597039509025702200e-08
1.575634991389324911e-08
1.554517350422345710e-08
1.533682741225063903e-08
1.513127370429515306e-08
1.492847495508827061e-08
1.472839424095779462e-08
1.453099513310580759e-08
1.433462831660628238e-08
1.411623688770277887e-08
1.390117270350806669e-08
1.368938507266754516e-08
1.348082407612139039e-08
1.327544055533834614e-08
1.307318610072893349e-08
1.287401304023515606e-08
1.267787442809394288e-08
1.248472403377205262e-08
1.229451633106916842e-08
1.210720648738740823e-08
1.192275035316402138e-08
1.174110445146521158e-08
1.156222596773850571e-08
1.137856932744248332e-08
1.119172364660378896e-08
1.100794612903269887e-08
1.082718639290717089e-08
1.064939488371709200e-08
1.047452286067909404e-08
1.030252238337445349e-08
1.013334629860651667e-08
9.966948227473746126e-09
9.803282552655104254e-09
9.642304405904523411e-09
9.483969655750137931e-09
9.328234895396023207e-09
9.175057430822357202e-09
9.024095008771326384e-09
8.867203967586861294e-09
8.713040601452363427e-09
8.561557487576085086e-09
8.412708027648985308e-09
8.266446433510642766e-09
8.122727713064050764e-09
7.981507656435454570e-09
7.842742822374810618e-09
7.706390524892528209e-09
7.572408820128860707e-09
7.440756493451263594e-09
7.311393046776229473e-09
7.184278686111548520e-09
7.059374309315003218e-09
6.931618870054867125e-09
6.801636837148842103e-09
6.674092233246767310e-09
6.548939351568947516e-09
6.426133342431195083e-09
6.305630197172725547e-09
6.187386732385165147e-09
6.071360574437304379e-09
5.957510144290273824e-09
5.845794642597235375e-09
5.736174035082489281e-09
5.628609038194990914e-09
5.523061105030544898e-09
5.419492411518327289e-09
5.317791853786062602e-09
5.208087189198744104e-09
5.100645703344862007e-09
4.995420707434988361e-09
4.892366475857359310e-09
4.791438226307679907e-09
4.692592100328980558e-09
4.595785144252808261e-09
4.500975290533791860e-09
4.408121339469072105e-09
4.317182941294975694e-09
4.228120578652921249e-09
4.140895549417220930e-09
4.055469949876969955e-09
3.971806658264973950e-09
3.888559059770088469e-09
3.805742510857069073e-09
3.724689746592409418e-09
3.645363202789644385e-09
3.567726115285205471e-09
3.491742502899942355e-09
3.417377150763519513e-09
3.344595593993973563e-09
3.273364101724791952e-09
3.203649661472304077e-09
3.135419963835877770e-09
3.068643387524028261e-09
3.003288984699419733e-09
2.939326466635981161e-09
2.876726189681493316e-09
2.817463888476671698e-09
2.759461224791451100e-09
2.702652652362675555e-09
2.647013588630888710e-09
2.592519957113723533e-09
2.539148176987379696e-09
2.486875152882581439e-09
2.435678264890604159e-09
2.385535358775049349e-09
2.336424736385132323e-09
2.288325146266286835e-09
2.241215774464158746e-09
2.195076235517825519e-09
2.149886563638481606e-09
2.105509266905711670e-09
2.061916339407443048e-09
2.019225969479317828e-09
1.977419470370674830e-09
1.936478542225430204e-09
1.896385264071757980e-09
1.857122085977578154e-09
1.818671821368470160e-09
1.781017639504634153e-09
1.744143058113606466e-09
1.708031936175549983e-09
1.672668466857814632e-09
1.638037170595915047e-09
1.604122888317691123e-09
1.570910774807730702e-09
1.539644253181134990e-09
1.509059523921016729e-09
1.479082354272141311e-09
1.449700675182725310e-09
1.420902657350317764e-09
1.392676706459231900e-09
1.365011458512557323e-09
1.337895775256956625e-09
1.311318739698296364e-09
1.285269651706361873e-09
1.259738023706928959e-09
1.234713576459365877e-09
1.210186234918112236e-09
1.186146124176415027e-09
1.162970705721269962e-09
1.140730049998524997e-09
1.118914724651290714e-09
1.097516595660027243e-09
1.076527684560211571e-09
1.055940165467490001e-09
1.035746362159765667e-09
1.015938745215021466e-09
9.965099292039455769e-10
9.774526699361973608e-10
9.587598617593559869e-10
9.404245349095266897e-10
9.224398529125940559e-10
9.047991100351979659e-10
8.874957287844530125e-10
8.711915589128541899e-10
8.552383196500900875e-10
8.395772157281442541e-10
8.242028975715408253e-10
8.091101135661179833e-10
7.942937082651445246e-10
7.797486206283085834e-10
7.654698822929486156e-10
7.514526158769431691e-10
7.376920333126767966e-10
7.241834342115154904e-10
7.109222042582308124e-10
6.979038136348257444e-10
6.851238154732237667e-10
6.727111792644594499e-10
6.607087491730729194e-10
6.489204649626217472e-10
6.373425058686463347e-10
6.259711192962964484e-10
6.148026196040576691e-10
6.038333869091776828e-10
5.930598659144070519e-10
5.824785647556748934e-10
5.720860538703121377e-10
5.618789648854920109e-10
5.518539895264791163e-10
5.420078785443686474e-10
5.323374406629549808e-10
5.228395415443899863e-10
5.135384847692302988e-10
5.044058535013073011e-10
4.954356345089013107e-10
4.866249394954759751e-10
4.779709315291916979e-10
4.694708241294447115e-10
4.611218803696642815e-10
4.529214119960449255e-10
4.448667785619708682e-10
4.369553865778220747e-10
4.291846886759105556e-10
4.215521827902496740e-10
4.140554113509261888e-10
4.066919604927990155e-10
3.993933455730812898e-10
3.921230695486763641e-10
3.849851365241158695e-10
3.779771374203566612e-10
3.710967070115405482e-10
3.643415231267155258e-10
3.577093058661036005e-10
3.511978168316199542e-10
3.448048583714067194e-10
3.385282728381189426e-10
3.323659418607044991e-10
3.263157856294547780e-10
3.203757621940553366e-10
3.145438667744214587e-10
3.088181310840787345e-10
3.029563679529651439e-10
2.971719335403315571e-10
2.914979430232984046e-10
2.859322876643128312e-10
2.804728989885636739e-10
2.751177480152301992e-10
2.698648445034183635e-10
2.647122362124836042e-10
2.596580081764833767e-10
2.547002819924757111e-10
2.498372151224190487e-10
2.450670002083845162e-10
2.403878644008591091e-10
2.357980686998623157e-10
2.311864106280415724e-10
2.264748573637977816e-10
2.218593250295978809e-10
2.173378567295950646e-10
2.129085354492642851e-10
2.085694832426218468e-10
2.043188604360146166e-10
2.001548648481307370e-10
1.960757310259150589e-10
1.920797294960479503e-10
1.881651660316831591e-10
1.843303809341293122e-10
1.805737483291670333e-10
1.768936754777144632e-10
1.732886021005338103e-10
1.695218265508007327e-10
1.657955522709084521e-10
1.621511855559091437e-10
1.585869259883663392e-10
1.551010127259779618e-10
1.516917236316744467e-10
1.483573744228323321e-10
1.450963178391918519e-10
1.419069428290704455e-10
1.387876737534529324e-10
1.357369696075853463e-10
1.327533232596757428e-10
1.298352607063294393e-10
1.269813403443505152e-10
1.241134165673758542e-10
1.211609424724594185e-10
1.182787033571471317e-10
1.154650284354463718e-10
1.127182866668851773e-10
1.100368858110261957e-10
1.074192715044704187e-10
1.048639263598177939e-10
1.023693690860639506e-10
9.993415362992131137e-11
9.755686833756516869e-11
9.523613513632037034e-11
9.297060873581829929e-11
9.075897584815136149e-11
8.859995442658487004e-11
8.635418389179937596e-11
8.413598266086580478e-11
8.197476091232859154e-11
7.986905500016247162e-11
7.781743887537982274e-11
7.581852312026392825e-11
7.387095400741511265e-11
7.197341258296251918e-11
7.012461377332917046e-11
6.832330551493989144e-11
6.656826790628636045e-11
6.485831238177023611e-11
6.319228090677233318e-11
6.156904519339265426e-11
5.995185677816348796e-11
5.829904926282177169e-11
5.669180785384543515e-11
5.512887634321939410e-11
5.360903315521649379e-11
5.213109039162503661e-11
5.069389290329603994e-11
4.929631738728589212e-11
4.793727150889298305e-11
4.661569304789451172e-11
4.533054906832579106e-11
4.408083511114298740e-11
4.286557440914611745e-11
4.168381712354571707e-11
4.053463960157395427e-11
3.936084053601029097e-11
3.820687677234295433e-11
3.708674440937039818e-11
3.599945159300759526e-11
3.494403554791029223e-11
3.391956172495687261e-11
3.292512297372472283e-11
3.195983873922751475e-11
3.102285428220151890e-11
3.011333992225191351e-11
2.923049030318739908e-11
2.837352367989480306e-11
2.754168122611892630e-11
2.673422636253841623e-11
2.593887031273399023e-11
2.513844800340667776e-11
2.436272514573413745e-11
2.361093956341901595e-11
2.288235259941911930e-11
2.217624839019011981e-11
2.149193316232231035e-11
2.082873455088358929e-11
2.018600093879557724e-11
1.956310081659626562e-11
1.895942216195825531e-11
1.837437183835430071e-11
1.780737501227910637e-11
1.725787458845422723e-11
1.672533066246103099e-11
1.619257322084923291e-11
1.567190843171462399e-11
1.516798538084163555e-11
1.468026574529018665e-11
1.420822851164841098e-11
1.375136941945250905e-11
1.330920042250324107e-11
1.288124916750379181e-11
1.246705848946176417e-11
1.206618592331603433e-11
1.167820323126733374e-11
1.130269594530676257e-11
1.093926292445505120e-11
1.058751592623763565e-11
1.024424643168450919e-11
9.904070804309472336e-12
9.575191220838856233e-12
9.257232579126489035e-12
8.949832232857860103e-12
8.652639577935219638e-12
8.365315652597959084e-12
8.087532750820855937e-12
7.818974048550917769e-12
7.559333242354704549e-12
7.308314200065603730e-12
7.065630623031388510e-12
6.831005719577680377e-12
6.604171889314387553e-12
6.384870417925370879e-12
6.168922857660547886e-12
5.958952422968060668e-12
5.756128711368415806e-12
5.560208471229375252e-12
5.370956730427454000e-12
5.188146514539910864e-12
5.011558574628570549e-12
4.840981124288897385e-12
4.676209585649385417e-12
4.517046344015910833e-12
4.363300510867508261e-12
4.214787694918916609e-12
4.071329780975348829e-12
3.932754716314522062e-12
3.798322423962751158e-12
3.666605060180811585e-12
3.539455361274346225e-12
3.416714930796510455e-12
3.298230865136442581e-12
3.183855563040113790e-12
3.073446541736286374e-12
2.966866259438957682e-12
2.863981944005016180e-12
2.764665427533555218e-12
2.668792986701143951e-12
2.576245188633685060e-12
2.486906742123219564e-12
2.400666354004136202e-12
2.317416590509985933e-12
2.237053743438133103e-12
2.159477700955477505e-12
2.084591822884340534e-12
2.012302820313247391e-12
1.942520639382410690e-12
1.875158349099396724e-12
1.810132033045016910e-12
1.747360684834617808e-12
1.686766107204613950e-12
1.628272814598368287e-12
1.571807939130288336e-12
1.517301139810769691e-12
1.464684514919115303e-12
1.413892517415101932e-12
1.364861873283893432e-12
1.317531502712593617e-12
1.271842444000219670e-12
1.227737780106280741e-12
1.185162567746515452e-12
1.144063768947406803e-12
1.104390184974257122e-12
1.066092392550491906e-12
1.029122682288709935e-12
9.934349992568373878e-13
9.589848856052670898e-13
9.257294251836454109e-13
8.936271900781414194e-13
8.626381890027297005e-13
8.327238174801272003e-13
8.038468097503612018e-13
7.759711923470402453e-13
7.490622392834802819e-13
7.230864287928927680e-13
6.980114015687108448e-13
6.738059204530642103e-13
6.504398315231657008e-13
6.278840265271254054e-13
6.061104066224046095e-13
5.850918473717650131e-13
5.648021649530431965e-13
5.452160835407326495e-13
5.263092038186642009e-13
5.080579725846287747e-13
4.904396534090228233e-13
4.734322983109894271e-13
4.570147204167752817e-13
4.411664675662352332e-13
4.258677968345940369e-13
4.110996499377488883e-13
3.968436294904416153e-13
3.830819760877787033e-13
3.697975461814792809e-13
3.569737907233427676e-13
3.445947345493124162e-13
3.326449564784400502e-13
3.211095701020021597e-13
3.099742052387789164e-13
2.992249900334375889e-13
2.888485336756957225e-13
2.788319097187584971e-13
2.691626399762172603e-13
2.598286789773870119e-13
2.508183989616794872e-13
2.421205753933547856e-13
2.337243729785783766e-13
2.256193321673754541e-13
2.177953561236775309e-13
2.102426981472042240e-13
2.029519495315402383e-13
1.959140278432578588e-13
1.891201656074947859e-13
1.825618993858941438e-13
1.762310592332969312e-13
1.701197585200490840e-13
1.642203841072521782e-13
1.585255868627109143e-13
1.530282725057699408e-13
1.477215927696312448e-13
1.425989368701393602e-13
1.376539232704139512e-13
1.328803917310602935e-13
1.282723956360720248e-13
1.238241945848431091e-13
1.195302472410781987e-13
1.153852044296864829e-13
1.113839024730552398e-13
1.075213567584159619e-13
1.037927555282706587e-13
1.001934538861571572e-13
9.671896801027883221e-14
9.336496956779467850e-14
9.012728032280930467e-14
8.700186693134429312e-14
8.398483591680811666e-14
8.107242881970909657e-14
7.826101751556020785e-14
7.554709969515408950e-14
7.292729450156669292e-14
7.039833831846470422e-14
6.795708070446200565e-14
6.560048046846395813e-14
6.332560188111119246e-14
6.112961101760191133e-14
5.900977222733576192e-14
5.696344472598411195e-14
5.498807930573708526e-14
5.308121515963663334e-14
5.124047681602995703e-14
4.946357117933162242e-14
4.774828467340536073e-14
4.609248048400507582e-14
4.449409589684576107e-14
4.295113972798029290e-14
4.146168984328715763e-14
4.002389076397572909e-14
3.863595135512818749e-14
3.729614259439758850e-14
3.600279541808189066e-14
3.475429864189121452e-14
3.354909695381973998e-14
3.238568897661817033e-14
3.126262539745758785e-14
3.017850716245008946e-14
2.913198373378213901e-14
2.812175140728353184e-14
2.714655168834182759e-14
2.620516972413561418e-14
2.529643279023415623e-14
2.441920882967831561e-14
2.357240504272389892e-14
2.275496652548807030e-14
2.196587495580603481e-14
2.120414732465776149e-14
2.046883471158740279e-14
1.975902110258741836e-14
1.907382224897649318e-14
1.841238456584811342e-14
1.777388406872007245e-14
1.715752534705706151e-14
1.656254057338995562e-14
1.598818854679663726e-14
1.543375376955211445e-14
1.489854555579966425e-14
