7.860385113487485815e-10
7.966686450955091300e-10
8.074425373755254868e-10
8.183621323332811192e-10
8.294294004052487212e-10
8.406463386754544198e-10
8.520149712358469708e-10
8.635373495515591073e-10
8.752155528310717939e-10
8.870516884014210783e-10
8.990478920884605667e-10
9.112063286022706173e-10
9.235291919277790815e-10
9.360187057206653516e-10
9.486771237086180243e-10
9.614674412828249473e-10
9.743882054468365039e-10
9.874826064282937037e-10
1.000752977660729631e-09
1.014201683935727537e-09
1.027831121824324902e-09
1.041643720104100432e-09
1.055641940191960542e-09
1.069828276582781445e-09
1.084205257293926293e-09
1.098775444315736221e-09
1.113541434068096818e-09
1.128505857863095342e-09
1.143671382373940722e-09
1.159040710110162901e-09
1.174508254101386854e-09
1.190179210858501926e-09
1.206059258428581294e-09
1.222151186620105989e-09
1.238457822464767535e-09
1.254982030714121244e-09
1.271726714342871446e-09
1.288694815058845492e-09
1.305889313819824067e-09
1.323313231357216411e-09
1.340969628706746517e-09
1.358861607746223312e-09
1.376992311740455807e-09
1.395364925893495006e-09
1.413918439289491034e-09
1.432642255473347429e-09
1.451614021809586252e-09
1.470837021778332253e-09
1.490314582341173762e-09
1.510050074517016059e-09
1.530046913965459801e-09
1.550308561578006862e-09
1.570838524076991414e-09
1.591640354622547897e-09
1.612717653427517234e-09
1.634074068380561780e-09
1.655713295677532844e-09
1.677639080461131732e-09
1.699855217469142447e-09
1.722191184103461152e-09
1.744810704271176366e-09
1.767727312646832858e-09
1.790944911232004639e-09
1.814467453277753692e-09
1.838298943957718416e-09
1.862443441050117216e-09
1.886905055628644079e-09
1.911687952762433566e-09
1.936796352225295187e-09
1.962234529214177872e-09
1.988006815077124688e-09
2.014117598050735785e-09
2.040571324007401592e-09
2.067265935803949890e-09
2.094168646940387542e-09
2.121421461009368581e-09
2.149028934134000508e-09
2.176995681729225225e-09
2.205326379273494586e-09
2.234025763090355992e-09
2.263098631140294189e-09
2.292549843822883463e-09
2.322384324789294073e-09
2.352607061765453587e-09
2.383223107385924354e-09
2.414237580038545482e-09
2.445655664720151599e-09
2.477482613903431659e-09
2.509437389305412848e-09
2.541779132824152951e-09
2.574537698208329042e-09
2.607718457477162754e-09
2.641326851884705638e-09
2.675368392812105647e-09
2.709848662671476084e-09
2.744773315821311979e-09
2.780148079493704965e-09
2.815978754733620096e-09
2.852271217350108887e-09
2.889031418879952388e-09
2.926265387563609823e-09
2.963979229333742017e-09
3.002010476598648753e-09
3.040280618526453882e-09
3.079038634755349720e-09
3.118290744790207043e-09
3.158043247423207267e-09
3.198302521744571542e-09
3.239075028166288993e-09
3.280367309458785782e-09
3.322185991800800944e-09
3.364537785842770488e-09
3.407429487783649880e-09
3.450867980461455726e-09
3.494860234457854637e-09
3.539413309216621850e-09
3.584534354176568470e-09
3.629739997396826133e-09
3.675456508091782429e-09
3.721748817425654713e-09
3.768624177572057986e-09
3.816089932045602042e-09
3.864153516852336755e-09
3.912822461654670939e-09
3.962104390950981127e-09
4.012007025270063682e-09
4.062538182380622570e-09
4.113705778516066594e-09
4.165517829614577215e-09
4.217982452574949039e-09
4.271107866528172393e-09
4.324635071732860488e-09
4.378391785355210178e-09
4.432816713569437400e-09
4.487918162514640250e-09
4.543704541578104576e-09
4.600184364678719365e-09
4.657366251566336035e-09
4.715258929137285053e-09
4.773871232766246730e-09
4.833212107654670606e-09
4.893290610195964249e-09
4.954115909357642586e-09
5.015697288080670163e-09
5.078044144696184140e-09
5.141165994359837878e-09
5.204269504256884541e-09
5.268022693152271537e-09
5.332556869483243266e-09
5.397881600479085712e-09
5.464006570569275889e-09
5.530941582819138996e-09
5.598696560383286639e-09
5.667281547976645058e-09
5.736706713363634173e-09
5.806982348865452787e-09
5.878118872886058072e-09
5.950126831456635021e-09
6.023016899798975253e-09
6.096799883908230038e-09
6.171041126733494874e-09
6.245361682376729439e-09
6.320577313077401304e-09
6.396698798617165026e-09
6.473737048603238856e-09
6.551703104032025085e-09
6.630608138871568589e-09
6.710463461662808097e-09
6.791280517140510224e-09
6.873070887873293169e-09
6.955846295923841901e-09
7.039618604528672099e-09
7.124399819798575266e-09
7.210202092439089051e-09
7.297037719492142577e-09
7.383589532621669865e-09
7.470912089357379725e-09
7.559267372639054980e-09
7.648667596082041944e-09
7.739125117746887922e-09
7.830652441847643716e-09
7.923262220480350152e-09
8.016967255371982449e-09
8.111780499650064175e-09
8.207715059633222100e-09
8.304784196642911920e-09
8.403001328836564643e-09
8.502380033062426618e-09
8.602934046736319846e-09
8.703974864496954806e-09
8.804739156973116511e-09
8.906669978856393985e-09
9.009780834840007533e-09
9.114085385958493803e-09
9.219597451397634868e-09
9.326331010325308362e-09
9.434300203743726853e-09
9.543519336362728958e-09
9.654002878495146259e-09
9.765765467973926720e-09
9.878821912091474523e-09
9.993187189561451169e-09
1.010887645250327771e-08
1.022590502844968723e-08
1.034201815085971120e-08
1.045892360758521480e-08
1.057715055549482204e-08
1.069671393263335337e-08
1.081762884590418340e-08
1.093991057297814879e-08
1.106357456422381223e-08
1.118863644465957064e-08
1.131511201592800959e-08
1.144301725829239134e-08
1.157236833265569523e-08
1.170318158260269993e-08
1.183547353646493397e-08
1.196926090940896932e-08
1.210345910082832049e-08
1.223656630270227139e-08
1.237113734454486993e-08
1.250718832486489327e-08
1.264473551921360416e-08
1.278379538213189605e-08
1.292438454911873314e-08
1.306651983862108391e-08
1.321021825404602634e-08
1.335549698579469739e-08
1.350237341331891049e-08
1.365086510720013338e-08
1.380098983125144175e-08
1.395276554464258094e-08
1.410621040404839558e-08
1.425752315463110174e-08
1.440941383891719651e-08
1.456292267102063014e-08
1.471806688967044114e-08
1.487486391724636056e-08
1.503333136173507760e-08
1.519348701870781669e-08
1.535534887331853948e-08
1.551893510232371481e-08
1.568426407612364652e-08
1.585135436082519398e-08
1.602022472032698187e-08
1.619089411842626558e-08
1.636338172094880554e-08
1.653598023965789096e-08
1.670576778539849163e-08
1.687729866962100827e-08
1.705059079251394618e-08
1.722566223806058810e-08
1.740253127592642520e-08
1.758121636336543119e-08
1.776173614714645347e-08
1.794410946549881139e-08
1.812835535007844175e-08
1.831449302795383367e-08
1.850254192361236180e-08
1.869252166098761998e-08
1.888445206550696459e-08
1.907835316616072002e-08
1.926794359460989867e-08
1.945741194739815459e-08
1.964874340802311631e-08
1.984195629706845625e-08
2.003706911527048852e-08
2.023410054528966221e-08
2.043306945349948505e-08
2.063399489179300318e-08
2.083689609940724059e-08
2.104179250476515833e-08
2.124870372733617890e-08
2.145764957951472997e-08
2.166865006851738642e-08
2.188172539829859087e-08
2.209424016474610127e-08
2.230064460799696529e-08
2.250897728203907428e-08
2.271925620040893039e-08
2.293149954492559924e-08
2.314572566726268730e-08
2.336195309053531766e-08
2.358020051090145906e-08
2.380048679917868347e-08
2.402283100247577987e-08
2.424725234583962120e-08
2.447377023391766505e-08
2.470240425263548587e-08
2.493317417089045704e-08
2.516609994226100052e-08
2.539099569648805165e-08
2.561416398237779016e-08
2.583929375431650385e-08
2.606640225233218937e-08
2.629550686798029774e-08
2.652662514567512126e-08
2.675977478403367751e-08
2.699497363723084620e-08
2.723223971636669212e-08
2.747159119084551753e-08
2.771304638976762988e-08
2.795662380333249495e-08
2.820234208425508510e-08
2.845022004919409595e-08
2.869637852040682453e-08
2.893075827115150390e-08
2.916705233549223974e-08
2.940527634872402644e-08
2.964544607384426451e-08
2.988757740259583534e-08
3.013168635651841139e-08
3.037778908800892486e-08
3.062590188139010968e-08
3.087604115398810281e-08
3.112822345721873751e-08
3.138246547768272384e-08
3.163878403826987525e-08
3.189719609927197087e-08
3.215771875950539183e-08
3.240447329817847932e-08
3.264648598217181865e-08
3.289030613696317316e-08
3.313594726164136964e-08
3.338342295611284839e-08
3.363274692185519161e-08
3.388393296267512527e-08
3.413699498547332369e-08
3.439194700101390588e-08
3.464880312470031110e-08
3.490757757735703749e-08
3.516828468601645624e-08
3.543093888471263370e-08
3.569555471527985843e-08
3.595672170757542718e-08
3.619706110152765147e-08
3.643900695517760236e-08
3.668257000631035598e-08
3.692776106448375613e-08
3.717459101150812613e-08
3.742307080192928933e-08
3.767321146351446824e-08
3.792502409774212766e-08
3.817851988029436555e-08
3.843371006155301619e-08
3.869060596709891658e-08
3.894921899821454113e-08
3.920956063239003096e-08
3.947164242383263798e-08
3.971162448894782105e-08
3.994179819359213598e-08
4.017330601475762019e-08
4.040615568515577040e-08
4.064035498231813027e-08
4.087591172885575381e-08
4.111283379272062093e-08
4.135112908746813824e-08
4.159080557252194934e-08
4.183187125343954582e-08
4.207433418217942015e-08
4.231820245737048830e-08
4.256348422458230650e-08
4.281018767659727324e-08
4.305109557724448985e-08
4.325715196211349043e-08
4.346419459909012494e-08
4.367222820869389871e-08
4.388125753403859009e-08
4.409128734093969123e-08
4.430232241802368201e-08
4.451436757683696637e-08
4.472742765195535795e-08
4.494150750109450540e-08
4.515661200522093311e-08
4.537274606866265177e-08
4.558991461922166823e-08
4.580812260828600552e-08
4.602737501094235831e-08
4.621389155458342806e-08
4.638320776633765590e-08
4.655314431060659093e-08
4.672370346013439283e-08
4.689488749599186615e-08
4.706669870760740351e-08
4.723913939279698248e-08
4.741221185779533372e-08
4.758591841728663273e-08
4.776026139443548931e-08
4.793524312091801646e-08
4.811086593695301182e-08
4.828713219133313240e-08
4.846404424145675102e-08
4.863273298134513203e-08
4.874755571984199806e-08
4.886264955684532537e-08
4.897801513242344192e-08
4.909365308815591482e-08
4.920956406713707737e-08
4.932574871397963565e-08
4.944220767481821538e-08
4.955894159731299496e-08
4.967595113065327886e-08
4.979323692556112401e-08
4.991079963429496613e-08
5.002863991065330564e-08
5.014675840997800318e-08
5.026515578915846844e-08
5.033766325109151431e-08
5.038280368477079813e-08
5.042798459825439583e-08
5.047320602784246685e-08
5.051846800986804609e-08
5.056377058069664026e-08
5.060911377672636684e-08
5.065449763438797391e-08
5.069992219014489976e-08
5.074538748049337209e-08
5.079089354196202424e-08
5.083644041111259002e-08
5.088202812453945369e-08
5.092765671886982867e-08
5.096373373830682194e-08
5.092514619425000090e-08
5.088658786701937954e-08
5.084805873449332926e-08
5.080955877456689079e-08
5.077108796515182716e-08
5.073264628417672291e-08
5.069423370958657387e-08
5.065585021934338271e-08
5.061749579142574201e-08
5.057917040382889385e-08
5.054087403456487540e-08
5.050260666166204905e-08
5.046436826316571123e-08
5.042615881713769538e-08
5.033163893653482993e-08
5.019991747148027960e-08
5.006854073083203307e-08
4.993750781242211420e-08
4.980681781644314825e-08
4.967646984544304810e-08
4.954646300431800633e-08
4.941679640030717485e-08
4.928746914298571658e-08
4.915848034425950481e-08
4.902982911835821466e-08
4.890151458183004895e-08
4.877353585353486268e-08
4.864589205463892199e-08
4.850980308376235595e-08
4.828250913794771493e-08
4.805628018383619299e-08
4.783111123138151422e-08
4.760699731391811935e-08
4.738393348805227566e-08
4.716191483355225389e-08
4.694093645324049032e-08
4.672099347288528573e-08
4.650208104109298067e-08
4.628419432920154039e-08
4.606732853117374267e-08
4.585147886349090819e-08
4.563664056504802076e-08
4.542280889704798046e-08
4.515109800975883525e-08
4.483759726317740642e-08
4.452627326804707230e-08
4.421711091037851150e-08
4.391009518112468275e-08
4.360521117545180085e-08
4.330244409201595067e-08
4.300177923224413484e-08
4.270320199962125732e-08
4.240669789898111049e-08
4.211225253580286797e-08
4.181985161551193168e-08
4.152948094278645678e-08
4.124112642086797263e-08
4.094883775230685320e-08
4.056725168132357638e-08
4.018922146045866192e-08
3.981471395414709992e-08
3.944369633560113209e-08
3.907613608393290071e-08
3.871200098130387170e-08
3.835125911010091949e-08
3.799387885013833227e-08
3.763982887588669081e-08
3.728907815372673472e-08
3.694159593922927489e-08
3.659735177446031855e-08
3.625631548531136693e-08
3.591845717885460788e-08
3.553722184565578102e-08
3.512199034081970588e-08
3.471161057153445032e-08
3.430602584812805594e-08
3.390518014331377524e-08
3.350901808445077131e-08
3.311748494589484118e-08
3.273052664143889165e-08
3.234808971684110282e-08
3.197012134244099778e-08
3.159656930586173765e-08
3.122738200479717273e-08
3.086250843988377579e-08
3.050189820765545870e-08
3.014326336860149639e-08
2.972587769312097745e-08
2.931427144503570366e-08
2.890836459816627651e-08
2.850807823443391228e-08
2.811333452851768103e-08
2.772405673272275599e-08
2.734016916205908114e-08
2.696159717952635419e-08
2.658826718160270782e-08
2.622010658393465706e-08
2.585704380722460731e-08
2.549900826331433790e-08
2.514593034146089454e-08
2.479774139480260755e-08
2.443305937467032035e-08
2.405441629206376141e-08
2.368164110270000981e-08
2.331464287088608891e-08
2.295333207017414561e-08
2.259762056152235684e-08
2.224742157179376582e-08
2.190264967258884270e-08
2.156322075940577742e-08
2.122905203112398187e-08
2.090006196980513340e-08
2.057617032080765695e-08
2.025729807320917645e-08
1.994336744053234629e-08
1.963412341740241295e-08
1.930568302371510189e-08
1.898273679393381220e-08
1.866519282146717055e-08
1.835296073714102957e-08
1.804595168348035390e-08
1.774407828942135597e-08
1.744725464544701587e-08
1.715539627913796499e-08
1.686842013113291350e-08
1.658624453149085917e-08
1.630878917644870514e-08
1.603597510556800992e-08
1.576772467926354412e-08
1.550396155670826392e-08
1.523603341808939673e-08
1.496410471211538305e-08
1.469702931796496523e-08
1.443472061500873577e-08
1.417709352859949689e-08
1.392406450247991083e-08
1.367555147168263025e-08
1.343147383591422521e-08
1.319175243341402082e-08
1.295630951527964693e-08
1.272506872025052971e-08
1.249795504994184114e-08
1.227489484452006522e-08
1.205581575881296808e-08
1.184064673884594326e-08
1.161190378426120053e-08
1.138724270770147263e-08
1.116692825683366111e-08
1.095087633540404179e-08
1.073900447420941759e-08
1.053123179961787357e-08
1.032747900269847418e-08
1.012766830894821644e-08
9.931723448604789053e-09
9.739569627533618221e-09
9.551133498677996801e-09
9.366343134062031518e-09
9.185127997334986490e-09
9.007418916846643628e-09
8.826402514861925955e-09
8.641495345112872346e-09
8.460461855650553619e-09
8.283220895489943024e-09
8.109693013704322313e-09
7.939800423810249534e-09
7.773466968898460107e-09
7.610618087495588582e-09
7.451180780140726655e-09
7.295083576662361615e-09
7.142256504140812613e-09
6.992631055541712229e-09
6.846140159006865850e-09
6.702718147788165385e-09
6.562300730811514348e-09
6.420726202445240648e-09
6.282012664022753195e-09
6.146295896547196024e-09
6.013511157699900692e-09
5.883595103856958652e-09
5.756485759871785738e-09
5.632122489510501721e-09
5.510445966526023168e-09
5.391398146357075534e-09
5.274922238438619118e-09
5.160962679110501955e-09
5.049465105111290066e-09
4.940376327644946737e-09
4.833644307007570982e-09
4.729941351626367284e-09
4.629361681323567836e-09
4.530920783856641164e-09
4.434573179366409037e-09
4.340274355098528800e-09
4.247980744838544226e-09
4.157649708784240293e-09
4.069239513845915864e-09
3.982709314365726737e-09
3.898019133246856991e-09
3.815129843484048290e-09
3.734003150086876195e-09
3.654601572387337483e-09
3.576888426723810023e-09
3.500827809493081554e-09
3.426410583468469285e-09
3.353577240658887432e-09
3.282292076532389395e-09
3.212522182298258238e-09
3.144235348690037137e-09
3.077400051096095538e-09
3.011985435006256888e-09
2.947961301767906884e-09
2.885298094644697230e-09
2.823966885171720006e-09
2.763939359800708113e-09
2.705187806829060825e-09
2.647685103606718064e-09
2.591404704015014560e-09
2.536923869976056881e-09
2.484424428209122204e-09
2.433011416909596337e-09
2.382662353340125168e-09
2.333355220024117383e-09
2.285068455117614012e-09
2.237780942980301710e-09
2.191472004941786565e-09
2.146121390258818007e-09
2.101709267259742980e-09
2.058216214672164485e-09
2.015623213130118588e-09
1.973911636856911085e-09
1.933063245520192611e-09
1.893060176255466330e-09
1.855105747452723471e-09
1.818044178665479190e-09
1.781723031216934654e-09
1.746127512863366257e-09
1.711243126882589393e-09
1.677055666170036658e-09
1.643551207452713836e-09
1.610716105618751277e-09
1.578536988160309623e-09
1.547000749727403213e-09
1.516094546790627821e-09
1.485805792410452822e-09
1.456122151111012333e-09
1.427031533856372031e-09
1.398884800711143005e-09
1.371855640251391636e-09
1.345348735459003103e-09
1.319353995344192448e-09
1.293861523894618268e-09
1.268861616308041132e-09
1.244344755297774735e-09
1.220301607469522106e-09
1.196723019768220053e-09
1.173600015993539791e-09
1.150923793382692994e-09
1.128685719259306619e-09
1.106877327747024403e-09
1.085490316546583933e-09
1.064516543775214735e-09
1.044324071549961212e-09
1.024567774695145918e-09
1.005185223190120597e-09
9.861693466012146593e-10
9.675132082516958018e-10
9.492100026913701306e-10
9.312530532140893745e-10
9.136358094221841592e-10
8.963518448369910945e-10
8.793948545545796978e-10
8.627586529458280899e-10
8.464371714000079768e-10
8.304244561110558735e-10
8.147146659057233455e-10
7.993152678020516672e-10
7.842298850818050549e-10
7.694292070093747096e-10
7.549078603875443658e-10
7.406605734268143321e-10
7.266821738315370616e-10
7.129675869222021682e-10
6.995118337931152614e-10
6.863100295048901243e-10
6.733573813110250758e-10
6.606491869179492315e-10
6.481808327779340981e-10
6.359477924141824935e-10
6.239456247775676719e-10
6.121699726343560497e-10
6.004232870894478188e-10
5.888678887460758380e-10
5.775348788971939096e-10
5.664199775828226452e-10
5.555189872126080371e-10
5.448277909805849258e-10
5.343423513104507131e-10
5.240587083307477558e-10
5.139729783794143927e-10
5.040813525370944570e-10
4.943800951886842530e-10
4.848655426125641310e-10
4.755341015969696505e-10
4.663822480830118153e-10
4.572847890721606923e-10
4.481270245744845050e-10
4.391526570596055549e-10
4.303580137476322145e-10
4.217394954112031745e-10
4.132935749024955982e-10
4.050167957097320345e-10
3.969057705425968294e-10
3.889571799459736491e-10
3.811677709414607122e-10
3.735343556960757571e-10
3.660538102176298306e-10
3.587230730762264381e-10
3.515391441513647774e-10
3.444990834041335316e-10
3.372847798812046023e-10
3.301542223026916098e-10
3.231744122657630184e-10
3.163421628076796849e-10
3.096543543414762653e-10
3.031079332315558902e-10
2.966999103994170125e-10
2.904273599588443784e-10
2.842874178799535044e-10
2.782772806814905590e-10
2.723942041507610072e-10
2.666355020906374086e-10
2.609985450930453179e-10
2.554807593383795923e-10
2.499708591147905698e-10
2.443403034482371606e-10
2.388365751935925424e-10
2.334568175826515530e-10
2.281982381954772044e-10
2.230581075109680267e-10
2.180337574900729375e-10
2.131225801909146033e-10
2.083220264151115730e-10
2.036296043845874441e-10
1.990428784481887500e-10
1.945594678174363804e-10
1.901770453307503164e-10
1.858933362455104149e-10
1.817061170573288505e-10
1.773880325472260087e-10
1.731156406828223793e-10
1.689461494029785504e-10
1.648770803464763332e-10
1.609060148434455453e-10
1.570305924776908119e-10
1.532485096836575379e-10
1.495575183771829601e-10
1.459554246192235041e-10
1.424400873117716429e-10
1.390094169251786826e-10
1.356613742561299156e-10
1.323939692155368025e-10
1.292052596456171004e-10
1.260333676096804903e-10
1.227896641176599377e-10
1.196294433774197658e-10
1.165505568048296870e-10
1.135509111135749102e-10
1.106284668919637470e-10
1.077812372163621286e-10
1.050072863003179040e-10
1.023047281784501039e-10
9.967172542420874360e-11
9.710648790063972702e-11
9.460727154329693576e-11
9.217237717448287951e-11
8.980014934800256565e-11
8.748897522365372351e-11
8.512483834317755210e-11
8.279148131046153868e-11
8.052208392980589067e-11
7.831489300312119746e-11
7.616820338923271645e-11
7.408035668659250745e-11
7.204973995209828528e-11
7.007478445503374073e-11
6.815396446516157224e-11
6.628579607403760312e-11
6.446883604863381097e-11
6.270168071638345411e-11
6.098296488079075429e-11
5.931136076676225153e-11
5.766113336593014899e-11
5.598717216546637395e-11
5.436180775693282537e-11
5.278362932615717856e-11
5.125126701633361689e-11
4.976339073898914572e-11
4.831870901946875436e-11
4.691596787593651472e-11
4.555394973092139667e-11
4.423147235446200982e-11
4.294738783793195225e-11
4.170058159765699973e-11
4.048997140745725636e-11
3.931450645927730862e-11
3.817316645108546107e-11
3.702236088792801739e-11
3.589181289795523656e-11
3.479578833455417816e-11
3.373323295943287339e-11
3.270312472746404261e-11
3.170447280360687715e-11
3.073631660984690190e-11
2.979772490124074990e-11
2.888779487017554100e-11
2.800565127798024759e-11
2.715044561305672283e-11
2.632135527471702399e-11
2.551758278194501891e-11
2.473835500631985734e-11
2.397533907870099607e-11
2.321093327718807670e-11
2.247089902793844820e-11
2.175445929268471979e-11
2.106086180747218684e-11
2.038937829278048064e-11
1.973930368882675107e-11
1.910995541525146168e-11
1.850067265440631002e-11
1.791081565749396244e-11
1.733976507282967126e-11
1.678692129552036873e-11
1.625170383787714640e-11
1.573355071990201536e-11
1.523191787920633779e-11
1.474627859974449939e-11
1.427612295875992755e-11
1.382095729136453224e-11
1.338030367218947933e-11
1.295369941356139277e-11
1.254069657967963387e-11
1.214086151628166023e-11
1.175377439530517248e-11
1.137902877406697857e-11
1.101623116849712211e-11
1.066500063997927866e-11
1.032496839536420849e-11
9.995777399735481290e-12
9.677082001522052457e-12
9.368547569562746261e-12
9.069850141742612845e-12
8.780676084831816515e-12
8.500721765169495165e-12
8.229693229847811622e-12
7.967305898060048167e-12
7.713284262290365113e-12
7.467361599029641123e-12
7.229279688715253821e-12
6.998788544599507700e-12
6.775646150262901577e-12
6.559618205496071974e-12
6.350477880283927772e-12
6.148005576633367522e-12
5.951988697994654513e-12
5.762221426034454053e-12
5.578504504525896388e-12
5.400645030129004848e-12
5.228456249841431713e-12
5.061757364907420441e-12
4.900373340978295241e-12
4.744134724326141234e-12
4.592877463916614112e-12
4.446442739155005995e-12
4.304676793124082122e-12
4.167430771138713012e-12
4.034560564448226880e-12
3.905926658921559105e-12
3.781393988557132163e-12
3.660831793663019099e-12
3.544113483558926168e-12
3.431116503655550258e-12
3.321722206771937606e-12
3.215815728555474587e-12
3.113285866874082601e-12
3.014024965053474797e-12
2.917928798837482045e-12
2.824896466952165338e-12
2.734830285159145241e-12
2.647635683686938654e-12
2.563221107932268160e-12
2.481497922327599052e-12
2.402380317273387782e-12
2.325785219037826334e-12
2.251632202529088392e-12
2.179843406848816035e-12
2.110343453537824060e-12
2.043059367428601811e-12
1.977920500021094321e-12
1.914858455301542410e-12
1.853807017926521758e-12
1.794702083696529244e-12
1.737481592246482607e-12
1.682085461882053432e-12
1.628455526493766161e-12
1.576535474482351623e-12
1.526270789631422062e-12
1.477608693865259879e-12
1.430498091831691948e-12
1.384889517251798493e-12
1.340735080980154124e-12
1.297988420721094358e-12
1.256604652348148640e-12
1.216540322775589730e-12
1.177753364332520932e-12
1.140203050591736528e-12
1.103849953606787733e-12
1.068655902512582788e-12
1.034583943445804001e-12
1.001598300743276025e-12
9.696643393773778927e-13
9.387485285891695655e-13
9.088184066810015370e-13
8.798425469316078217e-13
8.517905245979632103e-13
8.246328849692180371e-13
7.983411124391387577e-13
7.728876005646439464e-13
7.482456230789621535e-13
7.243893058289456908e-13
7.012935996071580651e-13
6.789342538500913056e-13
6.572877911750404290e-13
6.363314827287435943e-13
6.160433243220404367e-13
5.964020133253858101e-13
5.773869263010311764e-13
5.589780973483572551e-13
5.411561971395996634e-13
5.239025126240128274e-13
5.071989273790929996e-13
4.910279025882866869e-13
4.753724586251749404e-13
4.602161572248201688e-13
4.455430842235229554e-13
4.313378328489180793e-13
4.175854875427933802e-13
4.042716082997321224e-13
3.913822155050415053e-13
3.789037752561270954e-13
3.668231851518493850e-13
3.551277605349512143e-13
3.438052211731478975e-13
3.328436783648271207e-13
3.222316224558883005e-13
3.119579107545597192e-13
3.020117558315434913e-13
2.923827141931783444e-13
2.830606753157436280e-13
2.740358510293693623e-13
2.652987652404380431e-13
2.568402439816433210e-13
2.486514057793100074e-13
2.407236523278112951e-13
2.330486594613192909e-13
2.256183684134127360e-13
2.184249773553357417e-13
2.114609332040664437e-13
2.047189236915452401e-13
1.981918696867783885e-13
1.918729177627218595e-13
1.857554330001686937e-13
1.798329920210537950e-13
1.740993762438971839e-13
1.685485653542682927e-13
1.631747309834360042e-13
1.579722305885687905e-13
1.529356015280391105e-13
1.480595553256418703e-13
