4.223554803368941033e-09
4.280594628880160145e-09
4.338404786930158902e-09
4.396995680990808728e-09
4.456377855034636461e-09
4.516561995432313807e-09
4.577558932875760453e-09
4.639379644327234704e-09
4.702035254994734257e-09
4.765537040334080996e-09
4.829896428078047148e-09
4.895125000292875175e-09
4.961234495462582669e-09
5.028236810601408753e-09
5.096144003394792429e-09
5.164968294369263363e-09
5.234722069091638860e-09
5.305417880397922403e-09
5.377068450652300822e-09
5.449686674036651191e-09
5.523285618870969384e-09
5.597878529965133898e-09
5.673478831002430918e-09
5.750100126955272435e-09
5.827756206533535051e-09
5.906461044665964507e-09
5.986228805015097564e-09
6.067073842526138828e-09
6.148622345105180786e-09
6.229342196175287863e-09
6.311121747124664933e-09
6.393974909820333218e-09
6.477915778765971555e-09
6.562958633499594528e-09
6.649117941022701516e-09
6.736408358261320987e-09
6.824844734559364484e-09
6.914442114204709652e-09
7.005215738988447422e-09
7.097181050797730103e-09
7.190353694242654638e-09
7.284749519317634339e-09
7.380384584097710725e-09
7.477275157470255452e-09
7.575437721902578511e-09
7.674888976245699094e-09
7.775645838575249434e-09
7.877725449069356098e-09
7.981145172924454953e-09
8.085922603309366547e-09
8.192075564358136483e-09
8.299622114202180100e-09
8.408580548042226135e-09
8.518969401260590388e-09
8.630807452574310466e-09
8.744113727229670985e-09
8.858907500238668486e-09
8.975208299657971926e-09
9.093035909910914760e-09
9.212410375153109220e-09
9.333352002682251889e-09
9.455881366392671476e-09
9.580019310275285499e-09
9.705786951963311635e-09
9.833205686324898405e-09
9.962297189102549476e-09
1.009308342060049796e-08
1.022558662942056011e-08
1.035982935624674142e-08
1.049583443767993174e-08
1.063362501012263337e-08
1.077322451371481207e-08
1.091465669632140561e-08
1.105794561757216140e-08
1.120311565295453440e-08
1.135019149796030055e-08
1.149919817228661018e-08
1.165016102409221946e-08
1.180310573430948195e-08
1.195805832101317747e-08
1.211504514384646938e-08
1.227409290850507214e-08
1.243522867128027618e-08
1.259847984366160744e-08
1.275959722709920325e-08
1.292063962148840659e-08
1.308371457633614433e-08
1.324884774514835938e-08
1.341606510521088720e-08
1.358539296167613336e-08
1.375685795170108262e-08
1.393048704863753451e-08
1.410630756627548859e-08
1.428434716313978525e-08
1.446463384684116506e-08
1.464719597848205608e-08
1.483206227711829505e-08
1.501926182427672305e-08
1.520882406853024041e-08
1.540077883013030431e-08
1.559515630569789489e-08
1.579198707297395889e-08
1.599130209562954763e-08
1.619313272813665021e-08
1.639751072070077405e-08
1.660446822425550115e-08
1.681403779552024757e-08
1.702625240212164626e-08
1.724114542777997946e-08
1.745875067756053151e-08
1.767910238319173485e-08
1.790223520845007277e-08
1.812818425461313857e-08
1.835698506598132422e-08
1.858867363546954477e-08
1.882328641026922017e-08
1.906086029758170229e-08
1.930143267042442442e-08
1.954504137350997824e-08
1.979172472919938569e-08
2.004152154353091548e-08
2.029447111232437825e-08
2.055061322736309063e-08
2.080998818265338259e-08
2.107263678076340154e-08
2.133860033924162032e-08
2.160792069711681915e-08
2.188064022147969044e-08
2.215680181414752561e-08
2.243644891841341335e-08
2.271962552588023047e-08
2.300637618338085473e-08
2.329674599998616477e-08
2.359078065410105858e-08
2.388852640065003917e-08
2.419003007835389921e-08
2.449533911709779600e-08
2.480450154539259922e-08
2.511756599793009065e-08
2.543157760870610246e-08
2.573464238951815288e-08
2.604131875364531506e-08
2.635164973985318058e-08
2.666567889979450243e-08
2.698345030412154694e-08
2.730500854867071139e-08
2.763039876072115126e-08
2.795966660532793964e-08
2.829285829173047371e-08
2.863002057983776925e-08
2.897120078679051090e-08
2.931644679360153901e-08
2.966580705187552413e-08
3.001933059060838506e-08
3.037706702306835285e-08
3.073906655375839971e-08
3.110537998546201119e-08
3.147605872637283463e-08
3.185115479730906385e-08
3.223072083901434042e-08
3.261481011954510517e-08
3.300347654174625288e-08
3.339677465081588431e-08
3.379475964195988337e-08
3.419748736813839738e-08
3.460501434790388292e-08
3.501739777333309953e-08
3.543469551805305793e-08
3.585696614536341745e-08
3.628426891645495557e-08
3.671666379872629326e-08
3.715421147419976946e-08
3.759697334803720599e-08
3.804501155715793174e-08
3.849838897895872216e-08
3.895716924013807602e-08
3.942141672562559041e-08
3.989119658761740679e-08
4.036657475472010369e-08
4.084761794120274496e-08
4.133439365635959814e-08
4.182697021398444946e-08
4.232541674195736905e-08
4.282980319194656013e-08
4.334020034922503415e-08
4.385667984260462640e-08
4.437931415448842421e-08
4.490817663104256065e-08
4.544334149249010664e-08
4.598488384352671749e-08
4.653287968386095869e-08
4.708740591887970139e-08
4.764854037044152579e-08
4.821636178779781470e-08
4.879094985864447548e-08
4.933937481531416675e-08
4.987751166875917816e-08
5.042151789679841726e-08
5.097145751578367037e-08
5.152739524028309597e-08
5.208939649069652736e-08
5.265752740095377795e-08
5.323185482629741155e-08
5.381244635114936900e-08
5.439937029706442884e-08
5.499269573076988672e-08
5.559249247229305492e-08
5.619883110317736280e-08
5.681178297478812363e-08
5.743142021670884141e-08
5.805781574522910295e-08
5.869104327192510106e-08
5.933117731233352992e-08
5.997829319472077811e-08
6.063246706894651971e-08
6.129377591542512427e-08
6.196229755418438308e-08
6.263811065402290804e-08
6.332129474176765917e-08
6.401193021163224256e-08
6.471009833467726250e-08
6.541588126837464697e-08
6.612936206627408027e-08
6.685062468777826617e-08
6.757975400802146287e-08
6.831683582785792052e-08
6.906195688395838160e-08
6.981520485901689412e-08
7.057666839206898314e-08
7.134643708892226600e-08
7.212460153270092719e-08
7.291125329450493981e-08
7.370648494418646872e-08
7.451039006124210542e-08
7.532306324582555367e-08
7.614460012987960121e-08
7.697509738838973330e-08
7.781465275076036754e-08
7.866336501231528490e-08
7.952133404592340838e-08
8.038866081375145132e-08
8.126544737914456035e-08
8.215179691863732200e-08
8.304781373409416677e-08
8.395360326498384274e-08
8.486927210078689975e-08
8.579492799353872532e-08
8.673067987050928375e-08
8.767663784702130548e-08
8.863291323940811763e-08
8.957800386355631752e-08
9.042639683847672240e-08
9.128282494042441213e-08
9.214736427006039611e-08
9.302009164879533592e-08
9.390108462561468534e-08
9.479042148397025630e-08
9.568818124873594757e-08
9.659444369323060077e-08
9.750928934630527067e-08
9.843279949949972710e-08
9.936505621426560789e-08
1.003061423292582872e-07
1.012561414676975787e-07
1.022151380447991392e-07
1.031832172752742444e-07
1.041604651809025805e-07
1.051469685981758832e-07
1.061428151860137327e-07
1.071480934335537553e-07
1.081628926680132014e-07
1.091873030626273241e-07
1.102214156446618221e-07
1.112653223035010511e-07
1.123191157988141095e-07
1.133828897687959662e-07
1.144567387384888048e-07
1.155407581281811760e-07
1.166350442618866518e-07
1.177396943759039005e-07
1.188548066274555365e-07
1.199804801034111693e-07
1.211168148290917824e-07
1.222639117771576097e-07
1.234218728765813646e-07
1.245908010217039486e-07
1.257708000813784894e-07
1.269619749081996653e-07
1.281644313478205112e-07
1.293782762483586140e-07
1.306036174698889431e-07
1.318405638940291663e-07
1.330892254336143806e-07
1.343497130424634820e-07
1.356221387252395019e-07
1.369066155474003652e-07
1.382032576452468452e-07
1.395121802360643005e-07
1.408334996283602595e-07
1.421673332322006577e-07
1.435137995696408630e-07
1.448730182852585303e-07
1.462451101567847387e-07
1.476301971058357136e-07
1.490284022087478340e-07
1.504398497075121127e-07
1.516559910982292317e-07
1.527783387275010625e-07
1.539089924196706556e-07
1.550480136447134573e-07
1.561954643275205546e-07
1.573514068512643874e-07
1.585159040607921475e-07
1.596890192660415981e-07
1.608708162454820654e-07
1.620613592495836475e-07
1.632607130043092402e-07
1.644689427146339055e-07
1.656861140680887257e-07
1.669122932383338526e-07
1.681475468887552744e-07
1.693919421760880519e-07
1.706455467540693334e-07
1.719084287771156423e-07
1.731806569040270053e-07
1.744623003017218911e-07
1.757534286489964751e-07
1.770541121403118823e-07
1.783644214896124531e-07
1.796844279341692349e-07
1.810142032384517959e-07
1.823538196980320943e-07
1.837033501435137051e-07
1.850628679444904024e-07
1.864324470135372458e-07
1.878121618102277407e-07
1.892020873451809612e-07
1.906022991841418403e-07
1.920128734520883006e-07
1.934338868373687979e-07
1.948654165958738795e-07
1.963075405552348207e-07
1.977603371190556657e-07
1.992238852711741214e-07
2.006982645799585552e-07
2.021835552026305365e-07
2.036798378896256010e-07
2.051871939889818072e-07
2.067057054507631811e-07
2.082354548315132827e-07
2.097765252987462545e-07
2.113290006354669068e-07
2.128929652447246314e-07
2.144685041542045586e-07
2.160557030208489687e-07
2.176546481355129824e-07
2.192654264276587908e-07
2.208881254700783934e-07
2.225228334836576027e-07
2.241696393421706213e-07
2.258286325771127616e-07
2.273905492584354230e-07
2.284254493522531531e-07
2.294650594844065745e-07
2.305094010912273163e-07
2.315584957066066738e-07
2.326123649624423664e-07
2.336710305890832821e-07
2.347345144157760230e-07
2.358028383711179619e-07
2.368760244835078641e-07
2.379540948815987584e-07
2.390370717947571089e-07
2.401249775535195772e-07
2.412178345900522730e-07
2.423156654386159607e-07
2.434184927360294128e-07
2.445263392221345898e-07
2.456392277402685964e-07
2.467571812377325141e-07
2.478802227662658988e-07
2.490083754825197953e-07
2.501416626485373230e-07
2.512801076322318258e-07
2.524237339078672988e-07
2.535725650565452202e-07
2.547266247666894778e-07
2.558859368345332013e-07
2.570505251646125293e-07
2.582204137702578360e-07
2.593956267740874976e-07
2.605761884085084367e-07
2.617621230162139654e-07
2.629534550506844349e-07
2.641502090766943964e-07
2.653524097708176447e-07
2.665600819219345375e-07
2.677732504317459863e-07
2.689919403152858047e-07
2.702161767014344346e-07
2.714459848334406119e-07
2.726813900694402278e-07
2.739224178829774123e-07
2.751690938635331362e-07
2.764214437170508476e-07
2.776794932664672970e-07
2.789432684522430446e-07
2.802127953329004853e-07
2.814881000855597024e-07
2.827692090064763340e-07
2.840561485115873267e-07
2.853489451370538306e-07
2.866476255398066360e-07
2.879522164980993386e-07
2.892627449120588579e-07
2.905792378042380737e-07
2.919017223201768258e-07
2.928469061763651023e-07
2.936057042869814598e-07
2.943664685258386961e-07
2.951292039873896853e-07
2.958939157792850801e-07
2.966440794143663088e-07
2.972908196463356275e-07
2.979389698944039517e-07
2.985885332326732284e-07
2.992395127419475001e-07
2.998919115097475687e-07
3.004683527756163642e-07
3.009946787692803250e-07
3.015219267204457406e-07
3.020500982440913568e-07
3.025791949580249565e-07
3.030998952198928209e-07
3.034940891444286827e-07
3.038887957344336016e-07
3.042840156566507796e-07
3.046797495786906218e-07
3.050759981690298361e-07
3.053944502613676920e-07
3.056449680795676790e-07
3.058956913997902791e-07
3.061466203906101367e-07
3.063977552207418151e-07
3.066489977697147980e-07
3.067483258845239251e-07
3.068476861731691048e-07
3.069470786460706423e-07
3.070465033136541896e-07
3.071459601863486811e-07
3.071664265998743672e-07
3.070966596985131786e-07
3.070269086433523052e-07
3.069571734307912749e-07
3.068874540572324210e-07
3.068177505190782357e-07
3.065816368159072807e-07
3.063337676589623810e-07
3.060860989025358831e-07
3.058386303846047836e-07
3.055913619432788518e-07
3.052673951858242651e-07
3.048281928135044351e-07
3.043896223420265505e-07
3.039516828622443674e-07
3.035143734663219490e-07
3.030776932477278951e-07
3.024602874953240676e-07
3.018159923528075445e-07
3.011730696755296917e-07
3.005315165398912289e-07
2.998913300285200504e-07
2.991758529522055318e-07
2.983079655525906419e-07
2.974425958312280919e-07
2.965797364845149902e-07
2.957193802300376624e-07
2.948615198065081241e-07
2.938053185450784781e-07
2.927021832491026471e-07
2.916031898368995923e-07
2.905083227571572192e-07
2.894175665169538611e-07
2.882596752374935866e-07
2.869086314113301344e-07
2.855639197903870888e-07
2.842255106962605163e-07
2.828933745896477695e-07
2.815674820696933125e-07
2.800277772976047973e-07
2.784156387989765662e-07
2.768127814886790143e-07
2.752191519342937946e-07
2.736346970110188275e-07
2.719946783623222785e-07
2.701013522717678716e-07
2.682212054231999804e-07
2.663541460773143129e-07
2.645000831333924982e-07
2.626589261248602459e-07
2.606113939113362737e-07
2.584690773388106887e-07
2.563443713558607806e-07
2.542371311972967912e-07
2.521472132879492670e-07
2.500297784228659638e-07
2.476301012413235483e-07
2.452534551187686722e-07
2.428996190131045316e-07
2.405683740036984311e-07
2.382595032710247759e-07
2.357607704993802140e-07
2.331454377409976948e-07
2.305591172963367209e-07
2.280014873270600386e-07
2.254722295650352237e-07
2.229506602501992984e-07
2.201474581929705825e-07
2.173795013409578082e-07
2.146463465493353163e-07
2.119475562450204965e-07
2.092826983566258037e-07
2.064976734271877582e-07
2.036138115051637152e-07
2.007702244174627647e-07
1.979663497022456445e-07
1.952016327527846682e-07
1.924755267077638267e-07
1.895520319602060604e-07
1.866713922987257932e-07
1.838345299830934015e-07
1.810407797249577966e-07
1.782894863464172107e-07
1.755118746739672116e-07
1.726986901838917699e-07
1.699305966997088823e-07
1.672068714821817422e-07
1.645268033764680830e-07
1.618896926264395978e-07
1.592428731100500752e-07
1.566352259908955062e-07
1.540702798313838105e-07
1.515473353912144466e-07
1.490657048803447723e-07
1.466407598350581996e-07
1.442797625714514156e-07
1.419567786684206918e-07
1.396711960898557730e-07
1.374224126537650793e-07
1.352098358736206644e-07
1.331257535296506559e-07
1.310889240393564122e-07
1.290832581238219246e-07
1.271082789790743773e-07
1.251635170962623727e-07
1.232923534305974042e-07
1.215392131346663196e-07
1.198110013992800985e-07
1.181073637558701726e-07
1.164279507761906512e-07
1.147724180006454899e-07
1.132072250326858746e-07
1.116808516379285918e-07
1.101750583407712850e-07
1.086895676596892640e-07
1.072241058544418831e-07
1.057697632944777017e-07
1.043104633220850965e-07
1.028712972361934306e-07
1.014519872506088654e-07
1.000522594117384818e-07
9.867184354571383857e-08
9.716988662168951888e-08
9.563775063772479844e-08
9.412977276235702552e-08
9.264557208017327364e-08
9.118477368188297896e-08
8.968676596274910484e-08
8.795953846103645295e-08
8.626557467232145948e-08
8.460423398927166224e-08
8.297488814165484291e-08
8.137692095874490892e-08
7.959489855698536718e-08
7.774153103786732421e-08
7.593131918856209320e-08
7.416325812913252526e-08
7.243636637827372261e-08
7.072748105264004680e-08
6.890212779526719171e-08
6.712388373031306294e-08
6.539153305146682785e-08
6.370389133026296450e-08
6.205980470627479042e-08
6.049291829731752925e-08
5.898939773737189672e-08
5.752324641233542431e-08
5.609353552897746868e-08
5.469935937874868225e-08
5.335214188921319172e-08
5.225006447748045490e-08
5.117075231149884370e-08
5.011373513717475525e-08
4.907855241429697171e-08
4.806475311587979614e-08
4.716475250467509379e-08
4.636591069907958891e-08
4.558059908703919078e-08
4.480858850411054893e-08
4.404965366726886467e-08
4.330357310916705022e-08
4.251227283362259371e-08
4.173463034165346302e-08
4.097121263243548725e-08
4.022175950356664618e-08
3.948601551231622002e-08
3.866479858410944465e-08
3.774366160709888554e-08
3.684446948332660445e-08
3.596669940609205338e-08
3.510984102386343309e-08
3.427339614354969684e-08
3.336287791888124930e-08
3.246843446874267553e-08
3.159797063713224689e-08
3.075084354147905448e-08
2.992642753459896826e-08
2.916746877749833113e-08
2.849549876832818897e-08
2.783900983146735851e-08
2.719764530873685121e-08
2.657105675876924365e-08
2.595890376770743814e-08
2.544262395876828323e-08
2.495069400310863535e-08
2.446827545168416000e-08
2.399518440268224234e-08
2.353124051000888837e-08
2.305533294452409056e-08
2.254491641517159510e-08
2.204579987589359295e-08
2.155773315889895496e-08
2.108047163480181998e-08
2.061377609000797080e-08
2.012312056815416812e-08
1.963488476689559972e-08
1.915849475251801383e-08
1.869366311744815938e-08
1.824010942731876636e-08
1.781003888133539689e-08
1.742684422766309792e-08
1.705189425799072979e-08
1.668501158254106996e-08
1.632602262819406472e-08
1.597475755636914224e-08
1.563393116364111485e-08
1.530149757648995101e-08
1.497613272264139799e-08
1.465768629541022349e-08
1.434601118417192890e-08
1.403897715191504323e-08
1.372976362372276435e-08
1.342736063485844901e-08
1.313161818074039194e-08
1.284238956069190603e-08
1.255953130517152073e-08
1.229156237713700377e-08
1.203391925102933064e-08
1.178167657592974102e-08
1.153472115312210059e-08
1.129294215664572408e-08
1.105640505215457797e-08
1.082614544633318247e-08
1.060068120444994819e-08
1.037991245872644810e-08
1.016374142122078046e-08
9.952072340513119598e-09
9.747163954114463878e-09
9.548141706638314044e-09
9.353183190435889545e-09
9.162205430301818409e-09
8.975127145257979646e-09
8.792042626774518492e-09
8.616193433952683362e-09
8.443861391800926076e-09
8.274976153969409297e-09
8.109468781102032114e-09
7.947271712695209586e-09
7.792851699706358899e-09
7.645660931131917311e-09
7.501250290190901056e-09
7.359567266051732199e-09
7.220560339703284935e-09
7.084178965221449149e-09
6.950373551389548609e-09
6.819095443665896257e-09
6.690296906491925402e-09
6.563931105934620163e-09
6.439952092656540873e-09
6.318314785207635968e-09
6.198974953632884683e-09
6.081889203389065395e-09
5.967014959565695668e-09
5.854310451403842504e-09
5.743734697107377341e-09
5.635247488941106391e-09
5.528809378610367370e-09
5.424381662916777175e-09
5.321926369684915951e-09
5.221406243954814890e-09
5.122784734435256566e-09
5.026025980212928019e-09
4.931094797712600821e-09
4.837956667903721631e-09
4.746577723748345928e-09
4.656924737886531309e-09
4.568965110554128834e-09
4.482666857728707479e-09
4.397998599499550229e-09
4.314929548657218655e-09
4.233429499498660075e-09
4.153468816843760278e-09
4.075018425259348182e-09
3.998049798486746482e-09
3.922534949069000388e-09
3.848446418174034841e-09
3.775757265610033619e-09
3.704441060029397013e-09
3.634471869317735660e-09
3.565311735008744478e-09
3.496200609131036852e-09
3.428429155089927331e-09
3.361971404264488862e-09
3.296801891417723435e-09
3.232895644938808704e-09
3.170228177274495179e-09
3.108775475545978388e-09
3.048513992347662285e-09
2.989420636724279326e-09
2.931472765322912930e-09
2.874648173716533773e-09
2.818925087895708926e-09
2.764282155925298374e-09
2.710698439762777252e-09
2.658153407235199321e-09
2.606626924171793658e-09
2.556099246688854802e-09
2.506551013624350113e-09
2.457963239119110982e-09
2.410317305341844274e-09
2.363594955355163594e-09
2.317778286119909848e-09
2.272849741635073177e-09
2.228792106210699473e-09
2.185588497871191587e-09
2.143222361886486443e-09
2.101677464428622824e-09
2.060937886351268297e-09
2.020988017089869766e-09
1.981812548679925818e-09
1.943396469891367529e-09
1.905725060476553755e-09
1.868783885529736877e-09
1.832558789955938275e-09
1.797035893046999737e-09
1.762201583162782749e-09
1.728042512515469658e-09
1.694545592054966353e-09
1.661697986453449993e-09
1.629487109187135272e-09
1.597539269853340362e-09
1.560196233054124950e-09
1.523726102745343040e-09
1.488108474433791224e-09
1.453323420588381259e-09
1.419351479491005206e-09
1.386173644348010849e-09
1.353771352656150138e-09
1.322126475817152678e-09
1.291221308995062883e-09
1.261038561210615446e-09
1.231561345667207325e-09
1.202773170303002495e-09
1.174657928563833756e-09
1.147199890391871288e-09
1.120383693424832459e-09
1.094194334401034899e-09
1.068617160765241268e-09
1.043637862470813209e-09
1.019242463973422959e-09
9.954173164119631780e-10
9.721490899722043302e-10
9.494247664289785421e-10
9.272316318626497854e-10
9.055572695458961058e-10
8.843895529967098659e-10
8.637166391938238974e-10
8.435269619507282353e-10
8.238092254445367178e-10
8.045523978961738708e-10
7.857457053982191157e-10
7.673786258871127092e-10
7.494408832561791522e-10
7.319224416063276780e-10
7.148134996310948328e-10
6.981044851329720971e-10
6.817860496678985255e-10
6.658490633149575117e-10
6.502846095683022070e-10
6.350839803485261301e-10
6.202386711306034795e-10
6.057403761857455561e-10
5.887777403127664721e-10
5.717213017522640139e-10
5.551589751060723249e-10
5.390764463318410720e-10
5.234598160540241140e-10
5.082955875513049800e-10
4.935706550920074076e-10
4.792722926074295311e-10
4.653881426932935804e-10
4.519062059298252415e-10
4.388148305112211069e-10
4.261027021755337002e-10
4.137588344262904369e-10
4.017725590373665753e-10
3.901335168329578633e-10
3.788316487346169760e-10
3.678571870676685649e-10
3.572006471194615114e-10
3.468528189421796116e-10
3.368047593931183909e-10
3.270477844055418240e-10
3.175734614834531241e-10
3.083736024137803403e-10
2.994402561896900350e-10
2.907657021389077504e-10
2.823424432510987133e-10
2.741631996985559966e-10
2.662209025445833549e-10
2.585086876341468940e-10
2.510198896615100458e-10
2.437480364097198656e-10
2.366868431569705547e-10
2.298302072450190847e-10
2.231722028049407839e-10
2.167070756356758853e-10
2.104292382309498386e-10
2.043332649502464801e-10
1.984138873296873778e-10
1.926659895287429175e-10
1.870846039088495920e-10
1.816649067401147068e-10
1.759339804688084931e-10
1.700800831582130765e-10
1.644209641026870026e-10
1.589501423944454136e-10
1.536613527666419980e-10
1.485485384182928696e-10
1.436058440779354974e-10
1.388276092980855034e-10
1.342083619728052408e-10
1.297428120709702650e-10
1.254258455780420054e-10
1.212525186394258267e-10
1.172180518986928608e-10
1.133178250241883839e-10
1.095473714177621660e-10
1.059023730995496848e-10
1.023786557629602665e-10
9.897218399419727867e-11
9.567905665084074764e-11
9.249550239420320106e-11
8.941787537033484232e-11
8.644265103473606647e-11
8.356642211599894095e-11
8.078589471374616324e-11
7.809788452640953497e-11
7.549931320451874749e-11
7.298720482533023510e-11
7.055868248475502116e-11
6.821096500268569798e-11
6.594136373794803763e-11
6.374727950922790684e-11
6.162619961845034258e-11
5.957569497320055563e-11
5.759341730488905427e-11
5.567709647948226586e-11
5.382453789770910429e-11
5.203361998177358187e-11
5.030229174569255705e-11
4.862857044647428937e-11
4.701053931345400112e-11
4.544634535317776362e-11
4.389574511454458918e-11
4.233481667827061402e-11
4.082939470570538685e-11
3.937750539238605295e-11
3.797724512214524418e-11
3.662677797122173543e-11
3.532433330112477609e-11
3.406820343709653189e-11
3.285674142912810182e-11
3.168835889259306478e-11
3.056152392566776322e-11
2.947475910080924133e-11
2.842663952765421928e-11
2.741579098480245054e-11
2.644088811803354886e-11
2.550065270259457269e-11
2.459385196728053463e-11
2.371929697811086673e-11
2.287584107948225931e-11
2.206237839075298896e-11
2.127784235628991680e-11
2.052120434707461390e-11
1.979147231203688064e-11
1.908768947734581346e-11
1.840893309195556410e-11
1.775431321775784426e-11
1.712297156275690156e-11
1.651408035573734538e-11
1.592684126094766183e-11
1.536048433137818944e-11
1.481426699926034173e-11
1.428747310246330194e-11
1.377941194551201008e-11
1.328941739399547639e-11
1.281684700117787908e-11
1.236108116566675913e-11
1.192152231903520222e-11
1.149759414233160240e-11
1.108874081045006098e-11
1.069442626337178492e-11
1.031413350332013112e-11
9.945876008755436313e-12
9.582042791591265426e-12
9.231519071729846965e-12
8.893817970265970033e-12
8.568470418964724637e-12
8.255024508723741858e-12
7.953044861869733798e-12
7.662112027416761147e-12
7.381821898447370307e-12
7.111785150806364539e-12
6.851626702327773961e-12
6.600985191844322463e-12
6.359512477255097152e-12
6.126873151954987584e-12
5.902744078953251525e-12
5.686813942034996635e-12
5.478782813341754636e-12
5.278361736770206102e-12
5.085272326611183779e-12
4.899246380870624479e-12
4.720025508735990421e-12
4.547360771670253678e-12
4.381012337635233797e-12
4.220749147963982646e-12
4.066348596419320047e-12
3.917596219992762762e-12
3.774285401014599864e-12
3.636217080160991440e-12
3.503199479959897694e-12
3.375047838411216393e-12
3.251584152351658868e-12
3.132636930207669139e-12
3.018040953792780300e-12
2.907637048818998769e-12
2.801271863802979205e-12
2.698797657060234145e-12
2.600072091491263021e-12
2.504958036874718443e-12
2.413323379393057672e-12
2.325040838125789634e-12
2.239987788255802323e-12
2.158046090742971125e-12
2.078275902411233467e-12
2.001378177166345086e-12
1.927325723880284201e-12
1.856013265413925209e-12
1.787339419959111271e-12
1.721206556908590586e-12
1.657520658058829697e-12
1.596191183948466684e-12
1.537130945142264801e-12
1.480255978277758606e-12
1.425485426698133339e-12
1.372741425501932307e-12
1.321948990845854355e-12
1.273035913343545156e-12
1.225932655408648190e-12
1.180572252396244465e-12
1.136890217402157195e-12
1.094824449584726169e-12
1.054315145878771640e-12
1.015304715976155256e-12
9.777377004521940713e-13
9.415606919213676882e-13
9.067222591104243720e-13
