6.691050896294408954e-10
6.778932234775763752e-10
6.867967820889185680e-10
6.958172814708747432e-10
7.049562575423291478e-10
7.142152663951741486e-10
7.235958845592604211e-10
7.330997092708442524e-10
7.427283587445306120e-10
7.524834724488153887e-10
7.623667113852465437e-10
7.723797583712242368e-10
7.825243183265460137e-10
7.928021185636971561e-10
8.032149090819723268e-10
8.137190421242884479e-10
8.243120139720079567e-10
8.350428848324762521e-10
8.459134498712108650e-10
8.569255276231339387e-10
8.680809602968081210e-10
8.793816140826155226e-10
8.908293794649530508e-10
9.024261715384871327e-10
9.141739303285443411e-10
9.260746211156357518e-10
9.381302347642434528e-10
9.503427880558673439e-10
9.627143240264138072e-10
9.752469123079724672e-10
9.878217417199000927e-10
1.000555360057892009e-09
1.013453122420180434e-09
1.026517144722297361e-09
1.039749570155185907e-09
1.053152569536830866e-09
1.066728341668357891e-09
1.080479113694765720e-09
1.094407141470309637e-09
1.108514709928549403e-09
1.122804133457235371e-09
1.137277756277954397e-09
1.151937952830742567e-09
1.166787128163586760e-09
1.181752729040913382e-09
1.196821147219567370e-09
1.212081701384737507e-09
1.227536841444352339e-09
1.243189048544901448e-09
1.259040835469735112e-09
1.275094747042468921e-09
1.291353360535525381e-09
1.307819286083885525e-09
1.324495167104117518e-09
1.341383680718745122e-09
1.358487538186030896e-09
1.375809485335237390e-09
1.393352303007437691e-09
1.411118807501948936e-09
1.428912818059786176e-09
1.446919869432038811e-09
1.465153844305168820e-09
1.483617602351989380e-09
1.502314039282694162e-09
1.521246087298997891e-09
1.540416715553999757e-09
1.559828930617842054e-09
1.579485776949236627e-09
1.599390337372934201e-09
1.619545733563216828e-09
1.639955126533449844e-09
1.660621717131870351e-09
1.681548746543555979e-09
1.702619193482652239e-09
1.723794435484264729e-09
1.745233031074009689e-09
1.766938255544437750e-09
1.788913424922464468e-09
1.811161896475978944e-09
1.833687069226751646e-09
1.856492384469722263e-09
1.879581326298744126e-09
1.902957422138869755e-09
1.926624243285254073e-09
1.950585405448761701e-09
1.974844569308359202e-09
1.999405441070375207e-09
2.024271773034720843e-09
2.049106834930176272e-09
2.074216656878007689e-09
2.099634175402457907e-09
2.125363161027423879e-09
2.151407430480889768e-09
2.177770847261185429e-09
2.204457322210038526e-09
2.231470814092795412e-09
2.258815330185604381e-09
2.286494926869944706e-09
2.314513710234288452e-09
2.342875836683287561e-09
2.371585513554273220e-09
2.400646999741455448e-09
2.429868531723621753e-09
2.459156364604510323e-09
2.488797211298146759e-09
2.518795326771174623e-09
2.549155017276449992e-09
2.579880640971217516e-09
2.610976608542684373e-09
2.642447383841241086e-09
2.674297484521209274e-09
2.706531482689364903e-09
2.739154005561278805e-09
2.772169736125511687e-09
2.805583413815929579e-09
2.839399835192005708e-09
2.873623854627397069e-09
2.907713154823938509e-09
2.942140830958003064e-09
2.976976134949740547e-09
3.012223893162360622e-09
3.047888989103835995e-09
3.083976364103465022e-09
3.120491017996445968e-09
3.157438009816670548e-09
3.194822458497604400e-09
3.232649543581467077e-09
3.270924505936924961e-09
3.309652648485150290e-09
3.348839336934560202e-09
3.388490000524167139e-09
3.428293552862055520e-09
3.468042458282403865e-09
3.508252227236666230e-09
3.548928203147404355e-09
3.590075791390758343e-09
3.631700460014800084e-09
3.673807740466221758e-09
3.716403228325312697e-09
3.759492584049607576e-09
3.803081533726067385e-09
3.847175869832072360e-09
3.891781452005085829e-09
3.936904207821377348e-09
3.982550133583779881e-09
4.028725295118433480e-09
4.074496158982324447e-09
4.120641048139165264e-09
4.167308541984325500e-09
4.214504559172436321e-09
4.262235085388611398e-09
4.310506174107641544e-09
4.359323947361783759e-09
4.408694596517092567e-09
4.458624383058713857e-09
4.509119639384969176e-09
4.560186769610543961e-09
4.611832250378582038e-09
4.664062631682153720e-09
4.716884537695016463e-09
4.769802066750962072e-09
4.822383951094200373e-09
4.875545493570520308e-09
4.929293084280871546e-09
4.983633183770205878e-09
5.038572323803897889e-09
5.094117108152940363e-09
5.150274213387783730e-09
5.207050389680731863e-09
5.264452461617484016e-09
5.322487329017296805e-09
5.381161967762522293e-09
5.440483430636968768e-09
5.500458848173721995e-09
5.561095429512311959e-09
5.620830013920062441e-09
5.680904377696389021e-09
5.741620804864456570e-09
5.802986157675864318e-09
5.865007371724680122e-09
5.927691456731212300e-09
5.991045497334398191e-09
6.055076653892428972e-09
6.119792163292043309e-09
6.185199339766451819e-09
6.251305575722000700e-09
6.318118342573669640e-09
6.385645191589504935e-09
6.453893754744070536e-09
6.522079756616418581e-09
6.589338314840069132e-09
6.657290472931086478e-09
6.725943383596759769e-09
6.795304273306138019e-09
6.865380443050908059e-09
6.936179269113688158e-09
7.007708203844682789e-09
7.079974776445900314e-09
7.152986593763908812e-09
7.226751341090313654e-09
7.301276782970916329e-09
7.376570764022934975e-09
7.452641209760647261e-09
7.529496127429838612e-09
7.604558759700047671e-09
7.679771560983243707e-09
7.755728253615775530e-09
7.832436195046511953e-09
7.909902815493084411e-09
7.988135618661572152e-09
8.067142182473474874e-09
8.146930159799537741e-09
8.227507279201169903e-09
8.308881345679026412e-09
8.391060241429034753e-09
8.474051926605854431e-09
8.557864440094069032e-09
8.642505900286654173e-09
8.726753910691627346e-09
8.808927820024892664e-09
8.891875505202442778e-09
8.975604252345410257e-09
9.060121416183372167e-09
9.145434420700363245e-09
9.231550759787139243e-09
9.318477997899215650e-09
9.406223770721485804e-09
9.494795785838892322e-09
9.584201823413471115e-09
9.674449736867751472e-09
9.765547453574604835e-09
9.857502975553583641e-09
9.950324380173819696e-09
1.003984171336303173e-08
1.012902320349944882e-08
1.021899687128266419e-08
1.030976975343551392e-08
1.040134894918627549e-08
1.049374162082395748e-08
1.058695499425852083e-08
1.068099635958587135e-08
1.077587307165807833e-08
1.087159255065865381e-08
1.096816228268271560e-08
1.106558982032265262e-08
1.116388278325863594e-08
1.126304885885461726e-08
1.136124810054397842e-08
1.145535681013288169e-08
1.155024505108507275e-08
1.164591928049840603e-08
1.174238600895687627e-08
1.183965180097358363e-08
1.193772327543757339e-08
1.203660710606416133e-08
1.213631002184909890e-08
1.223683880752647559e-08
1.233820030403041969e-08
1.244040140896061742e-08
1.254344907705169646e-08
1.264735032064651066e-08
1.275211221017322966e-08
1.285121881988703724e-08
1.294902374034736057e-08
1.304757301063166967e-08
1.314687229565592951e-08
1.324692730344936905e-08
1.334774378548238885e-08
1.344932753699738372e-08
1.355168439734165641e-08
1.365482025030329930e-08
1.375874102444919191e-08
1.386345269346601614e-08
1.396896127650342031e-08
1.407527283852023899e-08
1.418239349063290143e-08
1.428769193472245603e-08
1.438567384291025813e-08
1.448432768988114533e-08
1.458365808364635338e-08
1.468366966381775012e-08
1.478436710182477511e-08
1.488575510113241003e-08
1.498783839746109786e-08
1.509062175900770931e-08
1.519410998666851098e-08
1.529830791426314441e-08
1.540322040876064981e-08
1.550885237050667942e-08
1.561520873345231213e-08
1.572229446538471781e-08
1.582031885530202782e-08
1.591537753955588291e-08
1.601100739772441880e-08
1.610721186178911584e-08
1.620399438435291480e-08
1.630135843876432382e-08
1.639930751924193221e-08
1.649784514099985738e-08
1.659697484037391632e-08
1.669670017494841588e-08
1.679702472368403156e-08
1.689795208704610324e-08
1.699948588713389040e-08
1.710162976781060163e-08
1.720079367129435953e-08
1.728774865094261777e-08
1.737514321312585522e-08
1.746297958006076738e-08
1.755125998519790366e-08
1.763998667327865015e-08
1.772916190039220914e-08
1.781878793403285986e-08
1.790886705315782475e-08
1.799940154824511915e-08
1.809039372135167231e-08
1.818184588617208371e-08
1.827376036809735614e-08
1.836613950427389692e-08
1.845898564366321379e-08
1.853805424076790192e-08
1.861153577449601242e-08
1.868530857589056439e-08
1.875937379948452699e-08
1.883373260438723286e-08
1.890838615430252319e-08
1.898333561754694570e-08
1.905858216706804851e-08
1.913412698046277339e-08
1.920997123999569012e-08
1.928611613261792894e-08
1.936256284998516685e-08
1.943931258847686447e-08
1.951636654921460300e-08
1.958915714470517774e-08
1.964314218231763626e-08
1.969727599530947855e-08
1.975155899368529873e-08
1.980599158857960973e-08
1.986057419225995675e-08
1.991530721813003413e-08
1.997019108073282198e-08
2.002522619575371957e-08
2.008041298002370842e-08
2.013575185152248573e-08
2.019124322938166054e-08
2.024688753388789377e-08
2.030268518648611091e-08
2.035863660978267516e-08
2.039542563661277911e-08
2.042319708207511716e-08
2.045100634254542863e-08
2.047885346951458499e-08
2.050673851454345044e-08
2.053466152926321936e-08
2.056262256537534357e-08
2.059062167465168447e-08
2.061865890893458591e-08
2.064673432013699322e-08
2.067484796024257570e-08
2.070299988130566369e-08
2.073119013545158945e-08
2.075941877487662423e-08
2.078225488871263476e-08
2.077803141861254904e-08
2.077380880682643361e-08
2.076958705317985590e-08
2.076536615749846611e-08
2.076114611960781515e-08
2.075692693933362269e-08
2.075270861650160177e-08
2.074849115093749851e-08
2.074427454246713516e-08
2.074005879091624462e-08
2.073584389611072520e-08
2.073162985787645871e-08
2.072741667603941627e-08
2.072320435042547306e-08
2.069515142404625255e-08
2.065453752399611100e-08
2.061400332806813529e-08
2.057354867984427153e-08
2.053317342321343586e-08
2.049287740237091228e-08
2.045266046181774382e-08
2.041252244636014691e-08
2.037246320110889265e-08
2.033248257147872778e-08
2.029258040318776586e-08
2.025275654225689836e-08
2.021301083500919574e-08
2.017334312806931850e-08
2.012817935449082318e-08
2.004911041059917988e-08
1.997035207094938138e-08
1.989190311540382115e-08
1.981376232861780878e-08
1.973592850002097155e-08
1.965840042379834190e-08
1.958117689887173251e-08
1.950425672888110497e-08
1.942763872216609384e-08
1.935132169174737521e-08
1.927530445530852504e-08
1.919958583517753326e-08
1.912416465830860914e-08
1.904903975626400317e-08
1.894835890701042411e-08
1.883293714409505501e-08
1.871821845965840592e-08
1.860419857097822541e-08
1.849087322142009596e-08
1.837823818027828772e-08
1.826628924261797218e-08
1.815502222911815706e-08
1.804443298591582239e-08
1.793451738445061895e-08
1.782527132131085059e-08
1.771669071808039283e-08
1.760877152118621704e-08
1.750150970174717853e-08
1.739028703461366494e-08
1.724410910929851474e-08
1.709915991504496229e-08
1.695542912348078703e-08
1.681290649305124747e-08
1.667158186828916042e-08
1.653144517909147533e-08
1.639248644000161567e-08
1.625469574949796466e-08
1.611806328928835299e-08
1.598257932361045261e-08
1.584823419853805016e-08
1.571501834129315361e-08
1.558292225956388922e-08
1.545193654082811594e-08
1.530008717289819422e-08
1.513527734892413359e-08
1.497224282712785601e-08
1.481096448426934219e-08
1.465142340310070897e-08
1.449360087014731717e-08
1.433747837351275686e-08
1.418303760070747509e-08
1.403026043650081445e-08
1.387912896079615984e-08
1.372962544652900464e-08
1.358173235758762718e-08
1.343543234675619688e-08
1.329070825368000926e-08
1.314497012835661330e-08
1.297421067864865545e-08
1.280566947587316103e-08
1.263931770394143314e-08
1.247512692109946991e-08
1.231306905506533857e-08
1.215311639822945009e-08
1.199524160291731560e-08
1.183941767671382200e-08
1.168561797784823906e-08
1.153381621063918237e-08
1.138398642099877083e-08
1.123610299199506905e-08
1.109014063947240919e-08
1.094607440772837967e-08
1.079199472787706521e-08
1.063139054458965708e-08
1.047317643879392753e-08
1.031731684186211103e-08
1.016377671449117616e-08
1.001252153882565407e-08
9.863517310697496565e-09
9.716730531981434944e-09
9.572128203064278125e-09
9.429677815426076947e-09
9.289347344331803131e-09
9.151105241631764453e-09
9.014920428669154676e-09
8.880762289293174905e-09
8.747939226542795289e-09
8.606997053739191010e-09
8.468325666724154879e-09
8.331888479797293716e-09
8.197649496707816987e-09
8.065573301157393296e-09
7.935625047456374431e-09
7.807770451330544783e-09
7.681975780875661458e-09
7.558207847658215122e-09
7.436433997959109441e-09
7.316622104158703219e-09
7.198740556260673289e-09
7.082758253552132250e-09
6.968644596398552658e-09
6.852537734187201099e-09
6.735249269508127115e-09
6.619968321530222306e-09
6.506660529471976319e-09
6.395292120673243626e-09
6.285829900528765658e-09
6.178241242594222966e-09
6.072494078861638553e-09
5.968556890200986604e-09
5.866398696965648320e-09
5.765989049758643552e-09
5.667298020356707507e-09
5.570296192789940280e-09
5.474954654574000904e-09
5.381013448925365490e-09
5.282202593559859424e-09
5.185206189176633012e-09
5.089990917246513935e-09
4.996524071064178781e-09
4.904773544513313173e-09
4.814707821038072399e-09
4.726295962817057357e-09
4.639507600136110810e-09
4.554312920956156209e-09
4.470682660672803453e-09
4.388588092063791652e-09
4.308001015421138831e-09
4.228893748864456608e-09
4.151239118832155016e-09
4.071336030029305790e-09
3.989655038807141744e-09
3.909612768702047988e-09
3.831176342947204642e-09
3.754313544364470526e-09
3.678992802131293293e-09
3.605183178813335641e-09
3.532854357657110425e-09
3.461976630137552849e-09
3.392520883755569529e-09
3.324458590080180313e-09
3.257761793030777398e-09
3.192403097394328145e-09
3.128355657572958448e-09
3.065573748736389124e-09
3.001452410946864955e-09
2.938672272651122679e-09
2.877205280534217537e-09
2.817023968060823907e-09
2.758101443201760162e-09
2.700411376417303471e-09
2.643927988891787183e-09
2.588626041014399836e-09
2.534480821100815736e-09
2.481468134350796166e-09
2.429564292036699734e-09
2.378746100918229497e-09
2.328990852878500541e-09
2.280276314776883883e-09
2.233226590990753572e-09
2.187795899623429096e-09
2.143289408123004775e-09
2.099688315424169383e-09
2.056974202933114495e-09
2.015129026746794056e-09
1.974135110030605167e-09
1.933975135551081698e-09
1.894632138360499200e-09
1.856089498630301810e-09
1.818330934630318503e-09
1.781340495850801794e-09
1.745102556264386522e-09
1.709601807725122381e-09
1.674823253501787661e-09
1.640626307763925924e-09
1.607125167597059555e-09
1.574308111543174267e-09
1.542161170791915854e-09
1.510670661772214775e-09
1.479823180327777208e-09
1.449605596011512274e-09
1.420005046496464950e-09
1.391008932100875726e-09
1.362604910425044672e-09
1.334780891097677824e-09
1.307525030629571424e-09
1.280825727372323694e-09
1.254671616580018190e-09
1.229331306869964875e-09
1.204815301391888683e-09
1.180788207667095179e-09
1.157240275546729691e-09
1.134161949324817900e-09
1.111543863860564518e-09
1.089376840777986736e-09
1.067651884741357115e-09
1.046360179804921931e-09
1.025493085835398169e-09
1.005042135005810917e-09
9.849990283592955592e-10
9.653556324413630249e-10
9.461039759993883413e-10
9.272362467478795950e-10
9.095702336454876169e-10
8.922798652318393514e-10
8.753181760436294494e-10
8.586789180917736568e-10
8.423559621575907878e-10
8.263432955350651480e-10
8.106350198160057179e-10
7.952253487173286810e-10
7.801086059496077868e-10
7.652792231261739333e-10
7.507317377119586083e-10
7.364607910113023956e-10
7.224611261940410582e-10
7.087275863591139818e-10
6.954344560149613028e-10
6.826140800858294609e-10
6.700300485562893410e-10
6.576780044031573958e-10
6.455536709252225260e-10
6.336528502625255757e-10
6.219714219429072498e-10
6.105053414553548226e-10
5.992506388496587725e-10
5.882034173618850008e-10
5.773598520651761476e-10
5.667161885454262283e-10
5.562687416013789159e-10
5.460138939686884179e-10
5.359480950674923418e-10
5.263285431757642210e-10
5.169017073090517146e-10
5.076437112964782248e-10
4.985515311226936695e-10
4.896221969341382833e-10
4.808527920689798919e-10
4.722404521044132946e-10
4.637823639210353947e-10
4.554757647839664462e-10
4.473179414404394322e-10
4.393062292335516224e-10
4.314380112318801103e-10
4.237107173746957020e-10
4.161218236324775271e-10
4.086822105906208131e-10
4.013941753100582442e-10
3.942361076592944153e-10
3.872056899238621926e-10
3.803006457211287672e-10
3.735187392632216361e-10
3.668577746331074274e-10
3.603155950735645577e-10
3.538900822888587991e-10
3.475791557588417035e-10
3.413807720653182342e-10
3.352929242303901644e-10
3.293136410666282089e-10
3.234409865388104685e-10
3.176730591370583362e-10
3.119067190979836131e-10
3.062340914132443912e-10
3.006646314478243294e-10
2.951964628969676812e-10
2.898277435801504299e-10
2.845566648204723175e-10
2.793814508353238107e-10
2.743003581381408025e-10
2.693116749510397896e-10
2.644137206281293659e-10
2.596048450893217405e-10
2.548834282644296257e-10
2.502478795473792340e-10
2.456966372603495460e-10
2.411513534830808590e-10
2.365709883836713567e-10
2.320776215288938858e-10
2.276696004970754248e-10
2.233453042522008416e-10
2.191031425477858487e-10
2.149415553420676265e-10
2.108590122243045579e-10
2.068540118519723113e-10
2.029250813986498360e-10
1.990707760123920180e-10
1.952896782843890502e-10
1.915803977277220593e-10
1.879415702660109073e-10
1.843718577317826850e-10
1.806764115797976900e-10
1.770277326386418179e-10
1.734527371290922388e-10
1.699499370473602270e-10
1.665178744392235069e-10
1.631551207931881512e-10
1.598602764459119319e-10
1.566319699996222300e-10
1.534688577513087830e-10
1.503696231334398609e-10
1.473329761659733592e-10
1.443576529194344326e-10
1.414424149888360697e-10
1.385860489782228647e-10
1.357113708528333881e-10
1.327645680815783252e-10
1.298817514488314874e-10
1.270615315755830410e-10
1.243025492514494301e-10
1.216034747796014432e-10
1.189630073359163983e-10
1.163798743420378210e-10
1.138528308520608920e-10
1.113806589525229282e-10
1.089621671754301137e-10
1.065961899240267145e-10
1.042815869110334738e-10
1.020172426090835723e-10
9.980206571309374626e-11
9.748915788836615642e-11
9.520423299171517775e-11
9.297286155574006053e-11
9.079378840870467370e-11
8.866578779725305670e-11
8.658766269691004721e-11
8.455824413873999033e-11
8.257639055179094903e-11
8.064098712094532143e-11
7.875094515982608882e-11
7.690520149839697079e-11
7.510271788491796389e-11
7.334248040191564624e-11
7.162349889584500158e-11
6.990110004473142084e-11
6.813519927517973599e-11
6.641391018592934294e-11
6.473610575894295018e-11
6.310068744786714219e-11
6.150658445875649557e-11
5.995275304896883689e-11
5.843817584377249253e-11
5.696186117021690774e-11
5.552284240783387730e-11
5.412017735573960292e-11
5.275294761572670105e-11
5.142025799094106903e-11
5.012123589974877282e-11
4.885503080441253090e-11
4.754802051877703007e-11
4.626052601554555129e-11
4.500789399613112832e-11
4.378918046211219414e-11
4.260346697644318691e-11
4.144985997130813504e-11
4.032749007471698538e-11
3.923551145533785175e-11
3.817310118506647145e-11
3.713945861885988413e-11
3.613380479135964747e-11
3.515538182985397039e-11
3.420345238313684218e-11
3.327729906583036632e-11
3.235887258703406074e-11
3.142783081585284197e-11
3.052357733209877794e-11
2.964534137299285166e-11
2.879237435243458370e-11
2.796394922292791314e-11
2.715935985586286899e-11
2.637792043963046405e-11
2.561896489505344189e-11
2.488184630763771254e-11
2.416593637615868924e-11
2.347062487711313990e-11
2.279531914458049899e-11
2.213944356504885897e-11
2.150243908677698082e-11
2.085790549206266136e-11
2.022619684386340976e-11
1.961362030921026511e-11
1.901959644729663545e-11
1.844356336643004308e-11
1.788497619253475699e-11
1.734330655375145065e-11
1.681804208064574162e-11
1.630868592155461152e-11
1.581475627261014417e-11
1.533578592199785954e-11
1.487132180801737046e-11
1.442092459052806561e-11
1.398416823537378148e-11
1.355554699792386655e-11
1.312743244824898318e-11
1.271283871537862149e-11
1.231133878162033561e-11
1.192251911545742985e-11
1.154597924562514879e-11
1.118133134863856406e-11
1.082819984934744594e-11
1.048622103410649549e-11
1.015504267616233966e-11
9.834323672871672912e-12
9.523733694377015186e-12
9.222952843378068639e-12
8.931671325648113383e-12
8.649589130956186704e-12
8.369242316840855752e-12
8.095881179823754940e-12
7.831448725762926075e-12
7.575653320740705094e-12
7.328212856358648402e-12
7.088854438609614089e-12
6.857314086911622075e-12
6.633336442972508641e-12
6.416674489163480938e-12
6.207089276091473245e-12
6.004349659069690243e-12
5.808232043195580931e-12
5.618520136755473484e-12
5.435004712683404742e-12
5.256261873869510203e-12
5.079933754074254568e-12
4.909520789683429576e-12
4.744824549139499693e-12
4.585653257528714614e-12
4.431821573275535311e-12
4.283150372327829175e-12
4.139466539582065251e-12
4.000602767305302323e-12
3.866397360319478655e-12
3.736694047720872873e-12
3.611341800915922055e-12
3.490194657760955003e-12
3.373111552601750849e-12
3.259956152014349152e-12
3.148891729435267432e-12
3.041035534598495964e-12
2.936873642317739666e-12
2.836279514924985613e-12
2.739130948934692754e-12
2.645309926588930876e-12
2.554702472487296540e-12
2.467198515127674297e-12
2.382691753189457807e-12
2.301079526396861934e-12
2.222262690805478554e-12
2.146145498360443537e-12
2.072635480580080597e-12
2.001643336223582614e-12
1.932830850412386331e-12
1.865558535093106713e-12
1.800627637496672115e-12
1.737956664412593330e-12
1.677466959007345160e-12
1.619082602104133504e-12
1.562730316898488201e-12
1.508339376990341205e-12
1.455841517617018887e-12
1.405170849975747659e-12
1.356263778528259211e-12
1.309058921183497972e-12
1.263497032258461728e-12
1.219520928120367979e-12
1.177075415416822861e-12
1.136107221804020194e-12
1.096564929085853123e-12
1.058398908680193822e-12
1.021561259331252688e-12
9.860057469898404012e-13
9.516877467861648905e-13
9.185641870221877522e-13
8.865934951133899019e-13
8.557355454120190064e-13
8.259516088463351074e-13
7.972043043127169922e-13
7.694575517595023577e-13
7.426765269037981197e-13
7.168276175243589786e-13
6.918783812756809196e-13
6.677975049704213820e-13
6.445547652789406700e-13
6.221209907967412997e-13
6.004680254321379897e-13
5.795686930682107957e-13
5.593967634547380512e-13
5.399269192872142674e-13
5.211347244317218938e-13
5.029965932557253841e-13
4.854897610263004415e-13
4.685922553386844719e-13
4.522828685392185446e-13
4.365411311081407692e-13
4.213472859687832855e-13
4.066822636909309981e-13
3.925276585572548772e-13
3.788657054627209823e-13
3.656792576180420140e-13
3.529517650291537794e-13
3.406672537257077404e-13
3.288103057125388058e-13
3.173660396188953097e-13
3.063200920211952511e-13
2.956585994158378963e-13
2.853681808194472758e-13
2.754359209747334609e-13
2.658493541408509009e-13
2.565964484479526536e-13
2.476655907962792196e-13
2.390455722808306864e-13
2.307255741233495920e-13
2.226951540939217307e-13
2.149442334051892077e-13
2.074630840627064212e-13
2.002423166555634809e-13
1.932728685719704348e-13
1.865459926249825494e-13
1.800532460741199660e-13
1.737864800290869422e-13
1.677378292222916185e-13
1.618997021373447604e-13
1.562647714811224928e-13
1.508259649874604566e-13
1.455764565409208156e-13
1.405096576095018587e-13
1.356192089755235182e-13
1.308989727543321589e-13
1.263430246907856590e-13
1.219456467238634258e-13
1.177013198100675456e-13
1.136047169965989804e-13
1.096506967356319471e-13
1.058342964312782070e-13
1.021507262111522220e-13
9.859536291471938982e-14
9.516374429087414749e-14
9.185156339747984552e-14
8.865466319582706408e-14
8.556903133323423283e-14
8.259079510724175910e-14
7.971621660507281075e-14
7.694168801227212340e-14
7.426372708462299786e-14
7.167897277766627408e-14
6.918418102833556800e-14
6.677622068340869883e-14
6.445206956967537801e-14
6.220881070087873769e-14
6.004362861667593782e-14
5.795380584902275562e-14
5.593671951154218993e-14
5.398983800760525936e-14
5.211071785298359820e-14
5.029700060909111837e-14
4.854640992296539277e-14
4.685674867026967233e-14
4.522589619773692276e-14
4.365180566158782122e-14
4.213250145858627954e-14
4.066607674650816056e-14
3.925069105090761624e-14
3.788456795518359060e-14
3.656599287104091090e-14
3.529331088655253489e-14
3.406492468911850523e-14
3.287929256071733547e-14
3.173492644293341141e-14
3.063039006932994660e-14
2.956429716282607696e-14
2.853530969581314232e-14
2.754213621082843075e-14
2.658353019967847356e-14
2.565828853897598610e-14
2.476524998012911588e-14
2.390329369188569278e-14
2.307133785360486744e-14
2.226833829749048080e-14
2.149328719808066034e-14
2.074521180735072955e-14
2.002317323384005589e-14
1.932626526427197372e-14
1.865361322618765220e-14
1.800437289016529377e-14
1.737772941024842904e-14
1.677289630125196006e-14
1.618911445166348842e-14
1.562565117090105348e-14
1.508179926973041150e-14
1.455687617268914073e-14
1.405022306140224128e-14
1.356120404771503797e-14
1.308920537560551030e-14
1.263363465087356021e-14
1.219392009764154327e-14
1.176950984073182611e-14
1.135987121302151980e-14
1.096449008690500599e-14
1.058287022902447872e-14
1.021453267745960545e-14
9.859015140593646921e-15
9.515871416902574228e-15
9.184670834938038977e-15
8.864997712802192400e-15
8.556450836435292459e-15
8.258642956061396461e-15
7.971200300160643419e-15
7.693762106357429468e-15
7.425980168636377398e-15
