7.990246071858012325e-10
8.098584941142050066e-10
8.208392765260827868e-10
8.319689461611647391e-10
8.432495217649613639e-10
8.546830494549421875e-10
8.662716030916451744e-10
8.780172846548695772e-10
8.899222246249135552e-10
9.019885823690385398e-10
9.142185465331147496e-10
9.266143354386362442e-10
9.391781974850598170e-10
9.519124115576589072e-10
9.648192874408464161e-10
9.778629086495735827e-10
9.910419745115727313e-10
1.004398660135461571e-09
1.017935359376778874e-09
1.031654498354052274e-09
1.045558535883620019e-09
1.059649963920311861e-09
1.073931308004071784e-09
1.088405127712597852e-09
1.103074017120082516e-09
1.117940605262137956e-09
1.133007556606984420e-09
1.148277571532989862e-09
1.163753386812647945e-09
1.179437776103074223e-09
1.195224051001737418e-09
1.211218582287117132e-09
1.227427152966052015e-09
1.243852627321413123e-09
1.260497907966008509e-09
1.277365936355514613e-09
1.294459693308279453e-09
1.311782199532053661e-09
1.329336516157823282e-09
1.347125745280734396e-09
1.365153030508281848e-09
1.383421557515829265e-09
1.401934554609562749e-09
1.420695293296978112e-09
1.439645663939724348e-09
1.458775758072228632e-09
1.478160053992495801e-09
1.497801929548457668e-09
1.517704807473082926e-09
1.537872155980812629e-09
1.558307489371919853e-09
1.579014368644907899e-09
1.599996402117012799e-09
1.621257246053016299e-09
1.642800605302349879e-09
1.664630233944696604e-09
1.686749935944165883e-09
1.709163565812159818e-09
1.731875029279049445e-09
1.754709425180288414e-09
1.777834691824692248e-09
1.801264725714145450e-09
1.825003543367675464e-09
1.849055214237923783e-09
1.873423861408713150e-09
1.898113662301872359e-09
1.923128849393379862e-09
1.948473710938865481e-09
1.974152591708793029e-09
2.000169893733209886e-09
2.026530077056395460e-09
2.053237660501454003e-09
2.080297222444907627e-09
2.107612507073458710e-09
2.135152834171796918e-09
2.163053032742779067e-09
2.191317805253313186e-09
2.219951915617788031e-09
2.248960190000999933e-09
2.278347517631623720e-09
2.308118851626214888e-09
2.338279209824075549e-09
2.368833675632981260e-09
2.399787398885960638e-09
2.431145596709316776e-09
2.462913554401895419e-09
2.495096626325938630e-09
2.527700236809533877e-09
2.560445362860320448e-09
2.593589659347873212e-09
2.627163000096861587e-09
2.661170938973192450e-09
2.695619101736105659e-09
2.730513186968857295e-09
2.765858967021343256e-09
2.801662288965031708e-09
2.837929075560191998e-09
2.874665326235713660e-09
2.911877118081490714e-09
2.949570606853771606e-09
2.987752027993447906e-09
3.026427697657602300e-09
3.065433676483578377e-09
3.104690789180908347e-09
3.144450643434564943e-09
3.184719677544644179e-09
3.225504412262568598e-09
3.266811451846990352e-09
3.308647485133202972e-09
3.351019286616316184e-09
3.393933717548166882e-09
3.437397727048412945e-09
3.481418353229789206e-09
3.526002724337786151e-09
3.571158059904923802e-09
3.616891671919810207e-09
3.663210966011166536e-09
3.709653334330146631e-09
3.756627738337795392e-09
3.804196967368972668e-09
3.852368553542825687e-09
3.901150124355872756e-09
3.950549403889650139e-09
4.000574214033802824e-09
4.051232475724575725e-09
4.102532210199079232e-09
4.154481540265276144e-09
4.207088691588212783e-09
4.260361993992438029e-09
4.314309882781018905e-09
4.368940900071087373e-09
4.423998993592946127e-09
4.479313916219700644e-09
4.535320462119776869e-09
4.592027278919016174e-09
4.649443122367699726e-09
4.707576857692624001e-09
4.766437460965772853e-09
4.826034020490407520e-09
4.886375738204185804e-09
4.947471931100129321e-09
5.009332032665046743e-09
5.071965594336260075e-09
5.135382286976221180e-09
5.199591902365892080e-09
5.264604354716471293e-09
5.329617070120854834e-09
5.395306255774633571e-09
5.461805081043266436e-09
5.529123524986420503e-09
5.597271689658857820e-09
5.666259801626215756e-09
5.736098213499820777e-09
5.806797405490077388e-09
5.878367986979240399e-09
5.950820698113566375e-09
6.024166411414854206e-09
6.098416133412206928e-09
6.173581006293520977e-09
6.249672309577716998e-09
6.326284823823333183e-09
6.403065301397556022e-09
6.480777643707670690e-09
6.559433160554206850e-09
6.639043299001810215e-09
6.719619645045179338e-09
6.801173925295225317e-09
6.883718008685664510e-09
6.967263908200466959e-09
7.051823782621988462e-09
7.137409938300600246e-09
7.224034830945653278e-09
7.311711067438213974e-09
7.400451407665790500e-09
7.490268766379337531e-09
7.579790789729876257e-09
7.670116129645746985e-09
7.761517840566734306e-09
7.854008749176267766e-09
7.947601835008238866e-09
8.042310232268429614e-09
8.138147231677803453e-09
8.235126282337446819e-09
8.333260993616034825e-09
8.432565137059663914e-09
8.533052648324441893e-09
8.634737629132088490e-09
8.737634349249017909e-09
8.841757248488646961e-09
8.946454052829986195e-09
9.051001196527292138e-09
9.156770065076783650e-09
9.263774935402319881e-09
9.372030251266223293e-09
9.481550625218704477e-09
9.592350840570446382e-09
9.704445853388053460e-09
9.817850794512810772e-09
9.932580971603247688e-09
1.004865187120115713e-08
1.016607916082214070e-08
1.028487869107049280e-08
1.040506649777862554e-08
1.052665880417168126e-08
1.064740572393686614e-08
1.076901243246691448e-08
1.089200804191263623e-08
1.101640841526201699e-08
1.114222959667816030e-08
1.126948781356868184e-08
1.139819947867848628e-08
1.152838119220658863e-08
1.166004974394705954e-08
1.179322211545445174e-08
1.192791548223393445e-08
1.206414721595646321e-08
1.220193488669922669e-08
1.234129626521170300e-08
1.248116535225957122e-08
1.262006501526059462e-08
1.276051045670759058e-08
1.290251887916926809e-08
1.304610767665738439e-08
1.319129443675705100e-08
1.333809694278117530e-08
1.348653317594844853e-08
1.363662131758600706e-08
1.378837975135619263e-08
1.394182706550837619e-08
1.409698205515583380e-08
1.425386372457768271e-08
1.441249128954687035e-08
1.457288417968359415e-08
1.473129295894571639e-08
1.489039218102421431e-08
1.505120968828898460e-08
1.521376403836681791e-08
1.537807398930836721e-08
1.554415850175293401e-08
1.571203674111629824e-08
1.588172807980241390e-08
1.605325209943874886e-08
1.622662859313611587e-08
1.640187756777258434e-08
1.657901924630225065e-08
1.675807407008873781e-08
1.693906270126424512e-08
1.712029882295888733e-08
1.729889399045624574e-08
1.747935222320633403e-08
1.766169295629345495e-08
1.784593582754436581e-08
1.803210067964339906e-08
1.822020756226926845e-08
1.841027673425453643e-08
1.860232866576737583e-08
1.879638404051634701e-08
1.899246375797775701e-08
1.919058893564662975e-08
1.939078091131113176e-08
1.959306124535039725e-08
1.979745172305666886e-08
1.999771960562223885e-08
2.019802178769347843e-08
2.040033024672698289e-08
2.060466507809668321e-08
2.081104657845683054e-08
2.101949524775806693e-08
2.123003179128371902e-08
2.144267712170631460e-08
2.165745236116508645e-08
2.187437884336387441e-08
2.209347811569025293e-08
2.231477194135584438e-08
2.253828230155811582e-08
2.276403139766358003e-08
2.298940916306751028e-08
2.320891420225633565e-08
2.343051509618799352e-08
2.365423185628058043e-08
2.388008468502294702e-08
2.410809397779935255e-08
2.433828032473110648e-08
2.457066451253577929e-08
2.480526752640462458e-08
2.504211055189742478e-08
2.528121497685572691e-08
2.552260239333404456e-08
2.576629459955001889e-08
2.601231360185271480e-08
2.626068161670973042e-08
2.650127948839272533e-08
2.674036716841114483e-08
2.698161183555768378e-08
2.722503294961168537e-08
2.747065014591336226e-08
2.771848323694805258e-08
2.796855221394420052e-08
2.822087724848576628e-08
2.847547869413975022e-08
2.873237708809752766e-08
2.899159315283192659e-08
2.925314779776832768e-08
2.951706212097170907e-08
2.978335741084832238e-08
3.004814342152095803e-08
3.030132306086015921e-08
3.055663594114129187e-08
3.081410003662535983e-08
3.107373347302087924e-08
3.133555452875996023e-08
3.159958163628512199e-08
3.186583338334695384e-08
3.213432851431270175e-08
3.240508593148590598e-08
3.267812469643713614e-08
3.295346403134585680e-08
3.323112332035397293e-08
3.351112211093016839e-08
3.379348011524595721e-08
3.406225793922803341e-08
3.432650984751035546e-08
3.459281179813434412e-08
3.486117969514273886e-08
3.513162956596016874e-08
3.540417756235057758e-08
3.567883996138205403e-08
3.595563316639839161e-08
3.623457370799934406e-08
3.651567824502727311e-08
3.679896356556261075e-08
3.708444658792597861e-08
3.737214436168879089e-08
3.766207406869171887e-08
3.794877715384843676e-08
3.821470449800220183e-08
3.848249533704748815e-08
3.875216272948816738e-08
3.902371982533570101e-08
3.929717986675094642e-08
3.957255618868963576e-08
3.984986221955244060e-08
4.012911148184031739e-08
4.041031759281327405e-08
4.069349426515506590e-08
4.097865530764121343e-08
4.126581462581303544e-08
4.155498622265507021e-08
4.184618419927857818e-08
4.211534121433340534e-08
4.237484915730485977e-08
4.263595614638452970e-08
4.289867203463675931e-08
4.316300673583886522e-08
4.342897022485518102e-08
4.369657253801380818e-08
4.396582377348482291e-08
4.423673409166169246e-08
4.450931371554457077e-08
4.478357293112611530e-08
4.505952208777958702e-08
4.533717159864943180e-08
4.561653194104421110e-08
4.589028815921570624e-08
4.612896430760111075e-08
4.636888181458532026e-08
4.661004713649495577e-08
4.685246676323610805e-08
4.709614721846895877e-08
4.734109505978336775e-08
4.758731687887533379e-08
4.783481930172445468e-08
4.808360898877187690e-08
4.833369263510011145e-08
4.858507697061279013e-08
4.883776876021589087e-08
4.909177480399979030e-08
4.934710193742222943e-08
4.956912457879715271e-08
4.977373108560732686e-08
4.997918214682470317e-08
5.018548124851724345e-08
5.039263189114204719e-08
5.060063758960515995e-08
5.080950187332099803e-08
5.101922828627266652e-08
5.122982038707144344e-08
5.144128174901760738e-08
5.165361596016083486e-08
5.186682662336152418e-08
5.208091735635127894e-08
5.229589179179472152e-08
5.250259220655941263e-08
5.265384902528704801e-08
5.280554160583615225e-08
5.295767120361038981e-08
5.311023907763016979e-08
5.326324649054306844e-08
5.341669470863427148e-08
5.357058500183704948e-08
5.372491864374328628e-08
5.387969691161400727e-08
5.403492108639004015e-08
5.419059245270221901e-08
5.434671229888264722e-08
5.450328191697491475e-08
5.466030260274492435e-08
5.477020644712678207e-08
5.485200961781204095e-08
5.493393496730888571e-08
5.501598267809999678e-08
5.509815293294061390e-08
5.518044591485903906e-08
5.526286180715660342e-08
5.534540079340874594e-08
5.542806305746498690e-08
5.551084878344953672e-08
5.559375815576128274e-08
5.567679135907485460e-08
5.575994857834059777e-08
5.584322999878520887e-08
5.591660792866086469e-08
5.591195181474652515e-08
5.590729608854173107e-08
5.590264075001399077e-08
5.589798579913122951e-08
5.589333123586095563e-08
5.588867706017100173e-08
5.588402327202920703e-08
5.587936987140307987e-08
5.587471685826045286e-08
5.587006423256919168e-08
5.586541199429679145e-08
5.586076014341122372e-08
5.585610867988000347e-08
5.585145760367099638e-08
5.578716933555284930e-08
5.568335775551188536e-08
5.557973935329787069e-08
5.547631376943599138e-08
5.537308064512001389e-08
5.527003962221149746e-08
5.516719034323845087e-08
5.506453245139397578e-08
5.496206559053545947e-08
5.485978940518270204e-08
5.475770354051708930e-08
5.465580764238028906e-08
5.455410135727288136e-08
5.445258433235359086e-08
5.434185016768158996e-08
5.413313681180469750e-08
5.392522507134540355e-08
5.371811186750106562e-08
5.351179413329362117e-08
5.330626881352448970e-08
5.310153286472966021e-08
5.289758325513399765e-08
5.269441696460662157e-08
5.249203098461655596e-08
5.229042231818740641e-08
5.208958797985382388e-08
5.188952499561657230e-08
5.169023040289878725e-08
5.149170125050244638e-08
5.122962339230316898e-08
5.092141589149562549e-08
5.061506262769518187e-08
5.031055244544693331e-08
5.000787425640938645e-08
4.970701703895057695e-08
4.940796983774716476e-08
4.911072176338489269e-08
4.881526199196245292e-08
4.852157976469726591e-08
4.822966438753370787e-08
4.793950523075368735e-08
4.765109172858951804e-08
4.736441337883951149e-08
4.707281939857302019e-08
4.668071616042732060e-08
4.629187903107504448e-08
4.590628080475584955e-08
4.552389450232595148e-08
4.514469336937010059e-08
4.476865087432980457e-08
4.439574070664668510e-08
4.402593677492211357e-08
4.365921320509132564e-08
4.329554433861325888e-08
4.293490473067497530e-08
4.257726914841186645e-08
4.222261256914184780e-08
4.187091017861476663e-08
4.146811665057118752e-08
4.102498201607219141e-08
4.058658278602726915e-08
4.015286835718060519e-08
3.972378866703017826e-08
3.929929418804984530e-08
3.887933592197186902e-08
3.846386539413178846e-08
3.805283464787252893e-08
3.764619623900947844e-08
3.724390323035352634e-08
3.684590918629386411e-08
3.645216816743739838e-08
3.606263472530672834e-08
3.567451089212384901e-08
3.521303630723938121e-08
3.475753121674092004e-08
3.430791840107101925e-08
3.386412163956076354e-08
3.342606569750876404e-08
3.299367631342657589e-08
3.256688018644968431e-08
3.214560496391139228e-08
3.172977922907682393e-08
3.131933248903619000e-08
3.091419516275465512e-08
3.051429856927621946e-08
3.011957491608077445e-08
2.972995728759175826e-08
2.931779221036650684e-08
2.888630998728003106e-08
2.846117806872889164e-08
2.804230299462237100e-08
2.762959268036119448e-08
2.722295639659346938e-08
2.682230474926939166e-08
2.642754965998858608e-08
2.603860434663759803e-08
2.565538330431150874e-08
2.527780228651688118e-08
2.490577828665136156e-08
2.453922951975530404e-08
2.417807540453275857e-08
2.382198964005355747e-08
2.343792508582316534e-08
2.306005252411921806e-08
2.268827212596498448e-08
2.232248567185342003e-08
2.196259652579906346e-08
2.160850960980777562e-08
2.126013137875858949e-08
2.091736979569024679e-08
2.058013430748621065e-08
2.024833582095192399e-08
1.992188667927709734e-08
1.960070063887851298e-08
1.928469284661514302e-08
1.897377981737127030e-08
1.865701943475617634e-08
1.833461328846425751e-08
1.801777854244504943e-08
1.770641891906437508e-08
1.740043980443199224e-08
1.709974821965074092e-08
1.680425279256285284e-08
1.651386372998447605e-08
1.622849279041968982e-08
1.594805325724654177e-08
1.567245991236592234e-08
1.540162901030618610e-08
1.513547825277520150e-08
1.487392676365192484e-08
1.461689506441038451e-08
1.434395467909604549e-08
1.407571670150947604e-08
1.381249488677544215e-08
1.355419543054159392e-08
1.330072628263639854e-08
1.305199711426511587e-08
1.280791928581949257e-08
1.256840581528915060e-08
1.233337134726384411e-08
1.210273212251537805e-08
1.187640594814823159e-08
1.165431216830862947e-08
1.143637163544111745e-08
1.122250668208276887e-08
1.100403687339699203e-08
1.078021109323389656e-08
1.056093800409156072e-08
1.034612500271617057e-08
1.013568136943500131e-08
9.929518229843687709e-09
9.727548517272910426e-09
9.529686936018447616e-09
9.335849925319106999e-09
9.145955624067566418e-09
8.959923836238613254e-09
8.777675997020973746e-09
8.599135139637806566e-09
8.424225862842284958e-09
8.252874299073985350e-09
8.077605498618311831e-09
7.905709706482399287e-09
7.737471949312305986e-09
7.572814382155313490e-09
7.411660816641191306e-09
7.253936685729261343e-09
7.099569009205510036e-09
6.948486359914243475e-09
6.800618830708051294e-09
6.655898002101241337e-09
6.514256910611626743e-09
6.375630017775876275e-09
6.239953179824512232e-09
6.107163618001962836e-09
5.977087901021637785e-09
5.849643541648033425e-09
5.724916569906184007e-09
5.602849045251858018e-09
5.483384262557749258e-09
5.366466725771728253e-09
5.252042122136764195e-09
5.140057296960527423e-09
5.030460228922965356e-09
4.923200005910346633e-09
4.818226801364680125e-09
4.715491851137232710e-09
4.614947430835662109e-09
4.516546833654351415e-09
4.420244348677081124e-09
4.324723336139995092e-09
4.231169064047780958e-09
4.139638598138379527e-09
4.050088158567524694e-09
3.962474912555275085e-09
3.876756953898824021e-09
3.792893282928320957e-09
3.710843786896392396e-09
3.630569220791793873e-09
3.552031188568273520e-09
3.475192124779280632e-09
3.400015276610175878e-09
3.326464686298986435e-09
3.254505173937444603e-09
3.184990868315980346e-09
3.118192379731416334e-09
3.052794849033913074e-09
2.988768894076614093e-09
2.926085748941433048e-09
2.864717251014949330e-09
2.804635828335348420e-09
2.745814487204793339e-09
2.688226800061494410e-09
2.631846893606187938e-09
2.576649437177740997e-09
2.522609631372349757e-09
2.469703196901577104e-09
2.417906363684065885e-09
2.367195860165890263e-09
2.318200834163296693e-09
2.270290258958119639e-09
2.223369858194536185e-09
2.177419167801310854e-09
2.132418146640954150e-09
2.088347167768918668e-09
2.045187009873442777e-09
2.002918848892223172e-09
1.961524249802471105e-09
1.920985158580523688e-09
1.881283894327706085e-09
1.842403141558921431e-09
1.804325942650582215e-09
1.767035690444623602e-09
1.731108158307719062e-09
1.696828637948873077e-09
1.663227922961259747e-09
1.630292571595180210e-09
1.598009408275394602e-09
1.566365518330272384e-09
1.535348242825386441e-09
1.504945173499376259e-09
1.475144147800126825e-09
1.445933244019181208e-09
1.417300776522556297e-09
1.389235291075998154e-09
1.361725560262753179e-09
1.334760578992131449e-09
1.308329560097006235e-09
1.282869954236570448e-09
1.257969074977188080e-09
1.233551529032958177e-09
1.209607934763528426e-09
1.186129092628936941e-09
1.163105981654940881e-09
1.140529755967048618e-09
1.118391741391776253e-09
1.096683432123858765e-09
1.075396487458191340e-09
1.054522728585184031e-09
1.034054135448321424e-09
1.013982843662719856e-09
9.943011414934916366e-10
9.750779498357470306e-10
9.563593151705126776e-10
9.380000233493921845e-10
9.199931760444934947e-10
9.023320073555798737e-10
8.850098812678291447e-10
8.680202891584300807e-10
8.513568473510256120e-10
8.350132947171080460e-10
8.189834903234598121e-10
8.032614111247568217e-10
7.878411497004666250e-10
7.727169120351921627e-10
7.578830153416258643e-10
7.433338859252968417e-10
7.289644584956457543e-10
7.148552274747606921e-10
7.010190830189042762e-10
6.874507394911876883e-10
6.741450135591223209e-10
6.610968222144929066e-10
6.483011808315830835e-10
6.357532012629466884e-10
6.234480899720625166e-10
6.113811462021287062e-10
5.995477601802902308e-10
5.879434113566247288e-10
5.765636666772218217e-10
5.654041788906881814e-10
5.543549027623258815e-10
5.433149352243823777e-10
5.324948284338256350e-10
5.218902038679765799e-10
5.114967702023534268e-10
5.013103215741214770e-10
4.913267358801238232e-10
4.815419731088188087e-10
4.719520737054073840e-10
4.625531569695563946e-10
4.533414194850110774e-10
4.443131335804746742e-10
4.354646458211565929e-10
4.267923755303518788e-10
4.182928133404653680e-10
4.096484513251608145e-10
4.011156225235523620e-10
3.927605294539421260e-10
3.845794699454333726e-10
3.765688189420124628e-10
3.687250268962673971e-10
3.610446181965724332e-10
3.535241896270326754e-10
3.461604088595071408e-10
3.389500129770424593e-10
3.318898070280631642e-10
3.249766626106771999e-10
3.182075164864718133e-10
3.115793692231763949e-10
3.049742057779978480e-10
2.982555621119854915e-10
2.916849315298864762e-10
2.852590532734128110e-10
2.789747384194436969e-10
2.728288682974844653e-10
2.668183929419843554e-10
2.609403295787495900e-10
2.551917611447118894e-10
2.495698348402901248e-10
2.440717607136613939e-10
2.386948102762036744e-10
2.334363151484572543e-10
2.282936657359005697e-10
2.232643099339093094e-10
2.180952288598970920e-10
2.129824506742904708e-10
2.079895306850866971e-10
2.031136590721208268e-10
1.983520918854778373e-10
1.937021495013050106e-10
1.891612151138242976e-10
1.847267332626963931e-10
1.803962083949075279e-10
1.761672034603698694e-10
1.720373385404448729e-10
1.680042895086182907e-10
1.640657867225724756e-10
1.602196137469205636e-10
1.563946877212629400e-10
1.524889669388688839e-10
1.486807856257003580e-10
1.449677078810391104e-10
1.413473586371048686e-10
1.378174221398417264e-10
1.343756404676471239e-10
1.310198120870988340e-10
1.277477904447398364e-10
1.245574825940396935e-10
1.214468478566419946e-10
1.184138965170457934e-10
1.154566885498853555e-10
1.125733323789938290e-10
1.097619836674594729e-10
1.068872231424813935e-10
1.040483812876301066e-10
1.012849368735576610e-10
9.859488740263727420e-11
9.597628356202805539e-11
9.342722781112988627e-11
9.094587300654847449e-11
8.853042106359002102e-11
8.617912165329593526e-11
8.389027093408903581e-11
8.166221031710606136e-11
7.949332526431688101e-11
7.738204411857323808e-11
7.532683696472199051e-11
7.329619095357243298e-11
7.123466070439103791e-11
6.923111309950475389e-11
6.728391731780920706e-11
6.539148840670816292e-11
6.355228599201743983e-11
6.176481302414961043e-11
6.002761455956625930e-11
5.833927657650312513e-11
5.669842482400161220e-11
5.510372370331620899e-11
5.355387518077985712e-11
5.204761773124868170e-11
5.058372531126201547e-11
4.916100636108468133e-11
4.772407937494646387e-11
4.631076013126864422e-11
4.493929546730637695e-11
4.360844588543642195e-11
4.231700859499529319e-11
4.106381642522483820e-11
3.984773677041036228e-11
3.866767056625846928e-11
3.752255129658882291e-11
3.641134402944147817e-11
3.533304448172919468e-11
3.428667811159094950e-11
3.327129923762282276e-11
3.228599018419376550e-11
3.131978469923049902e-11
3.034934779187975096e-11
2.940897966693590504e-11
2.849774864953303660e-11
2.761475193255408270e-11
2.675911468216952671e-11
2.592998917109133148e-11
2.512655393868223785e-11
2.434801297708895686e-11
2.359359494259325543e-11
2.286255239139921422e-11
2.215416103909854024e-11
2.146771904308256116e-11
2.080254630718719295e-11
2.015798380788420483e-11
1.953339294135031927e-11
1.892815489076638061e-11
1.834167001322186427e-11
1.777335724561480996e-11
1.722265352896064654e-11
1.668901325053860126e-11
1.617190770332242928e-11
1.567082456216157960e-11
1.518526737619178357e-11
1.471475507697384296e-11
1.425882150187263278e-11
1.381701493220347361e-11
1.338889764568986746e-11
1.297404548278733824e-11
1.257204742644522676e-11
1.218250519488944595e-11
1.180503284702227204e-11
1.143925640004949696e-11
1.108481345895457937e-11
1.074135285745395280e-11
1.040853431007723599e-11
1.008602807502723364e-11
9.773514627486749953e-12
9.470684343047529056e-12
9.177237190947917573e-12
8.892882436816244511e-12
8.617338354623694025e-12
8.350331947563001453e-12
8.091598677575287106e-12
7.840882203257297570e-12
7.597934125890198686e-12
7.362513743336778692e-12
7.134387811564755799e-12
6.913330313558899192e-12
6.699122235393243998e-12
6.491551349242211796e-12
6.290412003114395990e-12
6.095504917101945461e-12
5.906636985942842837e-12
5.723621087700645443e-12
5.546275898372715336e-12
5.374425712242187938e-12
5.207900267796754726e-12
5.046534579041088415e-12
4.890168772035921920e-12
4.738647926502340355e-12
4.591821922333418119e-12
4.449545290862062942e-12
4.311677070737093602e-12
4.178080668264887739e-12
4.048623722078663334e-12
3.923177972000521418e-12
3.801619131967106435e-12
3.683826766892474268e-12
3.569684173346264996e-12
3.459078263929328159e-12
3.351899455231648350e-12
3.248041559261961966e-12
3.147401678241518323e-12
3.049880102657446544e-12
2.955380212475053715e-12
2.863808381411030181e-12
2.775073884172613915e-12
2.689088806571102510e-12
2.605767958420312249e-12
2.525028789133966358e-12
2.446791305938283029e-12
2.370977994618624374e-12
2.297513742721943657e-12
2.226325765138642584e-12
2.157343531990356933e-12
2.090498698752118564e-12
2.025725038539581505e-12
1.962958376494443766e-12
1.902136526202795154e-12
1.843199228083613424e-12
1.786088089686277560e-12
1.730746527837873802e-12
1.677119712583167257e-12
1.625154512861473057e-12
1.574799443866789175e-12
1.526004616038961991e-12
1.478721685635286451e-12
1.432903806833729261e-12
1.388505585320130472e-12
1.345483033313557711e-12
1.303793525985187515e-12
1.263395759227484499e-12
1.224249708731968343e-12
1.186316590334900013e-12
1.149558821591624833e-12
1.113939984541623870e-12
1.079424789627162392e-12
1.045979040730004383e-12
1.013569601291411763e-12
9.821643614818887157e-13
9.517322063882420409e-13
9.222429851862813392e-13
8.936674812687181197e-13
8.659773832986822363e-13
8.391452571600656870e-13
8.131445187770693542e-13
7.879494077758587881e-13
7.635349619623265596e-13
7.398769925906882518e-13
7.169520603983121503e-13
6.947374523831817309e-13
6.732111593008429137e-13
6.523518538586196408e-13
6.321388695855037375e-13
6.125521803567037025e-13
5.935723805526864665e-13
5.751806658329346059e-13
5.573588145054389935e-13
5.400891694734765779e-13
5.233546207417175554e-13
5.071385884644333127e-13
4.914250065189074126e-13
4.761983065878332669e-13
4.614434027349344057e-13
4.471456764584667872e-13
4.332909622078840392e-13
4.198655333492263220e-13
4.068560885653799607e-13
3.942497386777382428e-13
3.820339938761571321e-13
3.701967513446291092e-13
3.587262832703400788e-13
3.476112252242721410e-13
3.368405649018450537e-13
3.264036312123980461e-13
3.162900837067667128e-13
3.064899023324163117e-13
2.969933775060176386e-13
2.877911004936321044e-13
2.788739540889539597e-13
2.702331035803804712e-13
2.618599879979879721e-13
2.537463116316905235e-13
2.458840358122284498e-13
2.382653709468106661e-13
2.308827688015257231e-13
2.237289150229010199e-13
