9.839275290259160516e-09
9.989401306122226611e-09
1.014181791961307166e-08
1.029656008028700707e-08
1.045366327095375367e-08
1.061316351581386324e-08
1.077509738871911444e-08
1.093950202155893148e-08
1.110641511277497933e-08
1.127587493600534831e-08
1.144792034886098844e-08
1.162259080183567707e-08
1.179992634735229772e-08
1.197996764894690066e-08
1.216275599059288957e-08
1.234833328616772648e-08
1.253674208906369842e-08
1.272802560194571056e-08
1.292222768665769877e-08
1.311939287428019468e-08
1.331956637534161218e-08
1.352279409018492989e-08
1.372912261949299694e-08
1.393859927497396119e-08
1.415127209021018958e-08
1.436710604599679037e-08
1.458598609594857979e-08
1.480820074064154618e-08
1.503380078197421924e-08
1.526283779580211166e-08
1.549536414372881313e-08
1.573143298507669173e-08
1.597109828903996056e-08
1.621441484702305261e-08
1.646143828516663004e-08
1.671222507706474494e-08
1.696683255667562652e-08
1.722531893142909577e-08
1.748774329553387988e-08
1.775416564348732122e-08
1.802464688379121975e-08
1.829924885287649215e-08
1.857803432923993337e-08
1.886106704779658108e-08
1.914841171445031361e-08
1.944013402088684026e-08
1.973630065959184367e-08
2.003697933909794669e-08
2.034223879946413036e-08
2.065214882799062033e-08
2.096678027517353663e-08
2.128620507090245323e-08
2.161049624090469238e-08
2.193972792344038368e-08
2.227397538625140480e-08
2.261331504376901130e-08
2.295782447458335844e-08
2.330758243917925608e-08
2.366266889794203770e-08
2.402316502943800715e-08
2.438915324897291061e-08
2.476071722743359227e-08
2.513794191041648976e-08
2.552091353764753863e-08
2.590971966269817783e-08
2.630444917300122458e-08
2.670519231017220064e-08
2.711204069063998443e-08
2.752508732659176195e-08
2.794442664723737868e-08
2.837015452039703632e-08
2.880236827441848205e-08
2.924116672042780967e-08
2.968665017491921620e-08
3.013892048268924611e-08
3.059808104011981789e-08
3.106423681881656774e-08
3.153749438960699031e-08
3.201796194690423307e-08
3.250574933344236410e-08
3.300096806538780874e-08
3.350316901522481164e-08
3.401282918514815082e-08
3.453024245713441378e-08
3.505552677367772432e-08
3.558880187144850786e-08
3.613018930858701063e-08
3.667981249241207009e-08
3.723779670755135700e-08
3.780426914449954787e-08
3.837935892861095251e-08
3.896319714953316113e-08
3.955591689108854697e-08
4.015765326160984466e-08
4.076854342473849986e-08
4.138872663068947584e-08
4.201834424799374043e-08
4.265753979572233085e-08
4.330645897620104916e-08
4.396524970822281599e-08
4.463406216076521335e-08
4.531304878722097193e-08
4.600236436014917203e-08
4.670216600655505915e-08
4.741261324370664686e-08
4.813386801549603469e-08
4.886609472935398406e-08
4.960946029372597126e-08
5.036413415611839273e-08
5.113028834172348591e-08
5.190809749263198496e-08
5.269773890764160462e-08
5.349939258267286662e-08
5.431324125179697345e-08
5.513947042889061235e-08
5.597826844992262595e-08
5.682982651588460005e-08
5.769433873637448734e-08
5.857200217384314020e-08
5.946301688851403628e-08
6.036758598398625520e-08
6.128591565353121492e-08
6.221821522709372272e-08
6.316469721900790860e-08
6.412557737643919184e-08
6.510107472856314616e-08
6.609141163649175253e-08
6.709681384396130651e-08
6.811751052878798903e-08
6.915373435510964244e-08
7.020572152641999891e-08
7.127371183941056793e-08
7.235794873863148561e-08
7.345867937198372676e-08
7.457615464705565000e-08
7.571062928831647561e-08
7.686198466880025978e-08
7.802974252145096072e-08
7.921524202373919948e-08
8.041875272309790613e-08
8.164054826217282832e-08
8.288090644103936445e-08
8.414010928036727957e-08
8.541844308554332300e-08
8.671619851176807936e-08
8.803367063014355695e-08
8.937115899476218094e-08
9.072896771081794346e-08
9.210740550374949132e-08
9.350678578943655220e-08
9.492742674545995617e-08
9.636965138344731531e-08
9.783378762251467131e-08
9.932016836382706033e-08
1.008291315662896551e-07
1.023610203233890983e-07
1.039161829412041519e-07
1.054949730175985130e-07
1.070977495226202151e-07
1.087248768801189965e-07
1.103767250506072851e-07
1.120536696153764332e-07
1.137560918618945528e-07
1.154843788704982200e-07
1.172389236024048363e-07
1.190201249890585510e-07
1.208283880228370469e-07
1.226641238491341070e-07
1.245277498598411751e-07
1.264196897882515870e-07
1.283403738054029186e-07
1.302902386178872685e-07
1.322697275671432397e-07
1.342792907302604299e-07
1.363193850223129504e-07
1.383904743002474869e-07
1.404930294683524542e-07
1.426275285853255549e-07
1.447944569729723792e-07
1.469943073265518752e-07
1.492275798268029941e-07
1.514947822536685512e-07
1.537964301017518256e-07
1.561330466975221764e-07
1.585051633183065489e-07
1.609133193130835990e-07
1.633580622251179442e-07
1.658399479164542863e-07
1.683595406943032776e-07
1.709174134393488797e-07
1.735141477360051970e-07
1.761503340046508127e-07
1.788222814175579393e-07
1.815333611787841451e-07
1.842855429403505599e-07
1.870794498393766079e-07
1.899157144602070155e-07
1.927949789776393660e-07
1.957178953023212482e-07
1.986851252283551713e-07
2.016973405831376871e-07
2.047552233794720816e-07
2.078594659699866101e-07
2.110107712038945938e-07
2.142098525861286441e-07
2.174574344388921059e-07
2.207542520656550658e-07
2.241010519176391545e-07
2.274985917628257655e-07
2.309476408575271053e-07
2.344489801205559667e-07
2.380034023100408390e-07
2.416117122029168745e-07
2.452747267771405692e-07
2.489932753966663000e-07
2.527681999992278119e-07
2.566003552869642529e-07
2.604906089199409977e-07
2.644398417125995638e-07
2.684489478331883958e-07
2.725188350062163916e-07
2.766504247179767130e-07
2.808446524251834405e-07
2.851024677667768741e-07
2.894248347789346409e-07
2.938127321133450447e-07
2.982671532587899322e-07
3.027891067660833979e-07
3.073796164764274192e-07
3.120397217532230696e-07
3.167704777173998818e-07
3.215729554863092619e-07
3.264482424162460626e-07
3.313974423486406683e-07
3.364216758599864422e-07
3.415220805155560049e-07
3.466998111269637308e-07
3.519560400136340719e-07
3.572919572682299204e-07
3.627087710261129524e-07
3.682077077388812195e-07
3.737900124520578356e-07
3.794569490869897358e-07
3.852098007270160106e-07
3.910498699079827372e-07
3.969784789131546517e-07
4.029969700726013801e-07
4.090157521925672114e-07
4.148578063898993035e-07
4.207833038215354066e-07
4.267934363239641046e-07
4.328894127569108039e-07
4.390724592464898698e-07
4.453438194318213927e-07
4.517047547151703403e-07
4.581565445156664895e-07
4.647004865266401292e-07
4.713378969766335161e-07
4.780701108941484343e-07
4.848984823761672328e-07
4.918243848605086465e-07
4.988492114020836748e-07
5.059743749530827511e-07
5.132013086471793314e-07
5.205314660877833585e-07
5.279663216404110958e-07
5.355073707292412080e-07
5.431561301378963733e-07
5.509141383145212567e-07
5.587829556812290574e-07
5.667641649479513557e-07
5.748593714307869762e-07
5.830702033748872412e-07
5.913983122819528957e-07
5.998453732424187239e-07
6.084130852723731856e-07
6.171031716552890950e-07
6.259173802886472897e-07
6.348574840354996674e-07
6.439252810810536456e-07
6.531225952943623237e-07
6.624512765951619589e-07
6.719132013259683517e-07
6.815102726294744935e-07
6.912444208313386250e-07
7.011176038284529167e-07
7.111318074827440145e-07
7.212890460205996849e-07
7.315913624380119792e-07
7.420408289114955743e-07
7.526395472148742521e-07
7.633896491420359961e-07
7.742932969357028696e-07
7.853526837223491875e-07
7.965700339533156297e-07
8.079476038522234779e-07
8.194876818687943287e-07
8.311925891391372202e-07
8.430646799526097933e-07
8.551063422253644486e-07
8.673199979806330743e-07
8.797081038358975160e-07
8.922731514970007414e-07
9.035615463394929979e-07
9.145201899922942901e-07
9.256117430979127845e-07
9.368378176188456980e-07
9.482000450679289040e-07
9.597000767454207129e-07
9.713395839790201992e-07
9.831202583667357930e-07
9.950438120227507814e-07
1.007111977826240189e-06
1.019326509673215062e-06
1.031689182731421360e-06
1.044201793698328835e-06
1.056866161062249679e-06
1.069684125366624462e-06
1.082657549477511526e-06
1.095788318854322864e-06
1.109078341823842661e-06
1.122529549857568117e-06
1.136143897852415745e-06
1.149923364414833158e-06
1.163869952148343888e-06
1.177985687944615219e-06
1.192272623277996962e-06
1.206732834503704782e-06
1.221368423159546260e-06
1.236181516271368805e-06
1.251174266662173317e-06
1.266348853264992274e-06
1.281707481439558723e-06
1.297252383292816763e-06
1.312985818003319287e-06
1.328910072149559551e-06
1.345027460042286127e-06
1.361340324060845920e-06
1.377851034993608834e-06
1.394561992382520438e-06
1.411475624871832423e-06
1.428594390561063771e-06
1.445920777362245584e-06
1.463457303361483659e-06
1.481206517184934746e-06
1.499170998369194574e-06
1.517353357736189547e-06
1.535756237772614476e-06
1.554382313013972019e-06
1.573234290433268692e-06
1.592314909834426942e-06
1.611626944250466019e-06
1.631173200346514960e-06
1.650956518827711679e-06
1.670979774852049366e-06
1.691245878448230337e-06
1.711757774938591275e-06
1.732518445367136296e-06
1.752604667159845969e-06
1.770219165922875186e-06
1.788010698658531825e-06
1.805981044641261967e-06
1.824132001028039301e-06
1.842465383038134523e-06
1.860297382452641100e-06
1.878037181031527564e-06
1.895946146355789230e-06
1.914025891599759272e-06
1.932278045321003031e-06
1.950496915692363601e-06
1.967992470550645156e-06
1.985644956925879131e-06
2.003455782461395225e-06
2.021426367426792234e-06
2.039558144831182973e-06
2.057042395610956932e-06
2.074247503709202505e-06
2.091596515377599849e-06
2.109090634225985391e-06
2.126731073931209666e-06
2.144345684218759886e-06
2.160846512228999887e-06
2.177474314787717461e-06
2.194230068969262670e-06
2.211114759366627368e-06
2.228129378149286117e-06
2.244331151291660416e-06
2.259984902583624798e-06
2.275747835592993434e-06
2.291620711839931066e-06
2.307604298156069067e-06
2.323598630028988414e-06
2.337934077600000385e-06
2.352357967750732302e-06
2.366870846127891033e-06
2.381473261744567663e-06
2.396165767000985992e-06
2.409872562965825713e-06
2.422660429974338225e-06
2.435516155153083062e-06
2.448440098588022247e-06
2.461432622275875475e-06
2.474494090134300182e-06
2.485303351455595020e-06
2.496128057556532137e-06
2.506999910522696601e-06
2.517919115701644880e-06
2.528885879335323154e-06
2.538689450349253701e-06
2.547062297511992942e-06
2.555462759147079268e-06
2.563890926329749544e-06
2.572346890435615039e-06
2.580830743141670235e-06
2.586640421004919910e-06
2.592224327178492904e-06
2.597820287601244249e-06
2.603428328295255551e-06
2.609048475338805245e-06
2.613408567765041525e-06
2.615742434984482873e-06
2.618078386430738406e-06
2.620416423965091026e-06
2.622756549450486363e-06
2.625098764751550984e-06
2.624398192320791733e-06
2.623166336813502724e-06
2.621935059521819367e-06
2.620704360174340869e-06
2.619474238499777825e-06
2.616990066149572742e-06
2.611815311413397694e-06
2.606650789076244891e-06
2.601496478904875693e-06
2.596352360706082234e-06
2.591218414326564185e-06
2.582860750897855350e-06
2.573640747522476516e-06
2.564453656669473022e-06
2.555299360851449085e-06
2.546177743000409241e-06
2.536011304351295772e-06
2.522665784368193340e-06
2.509390493923623984e-06
2.496185063441273723e-06
2.483049125289689072e-06
2.469982313772042757e-06
2.453857952392472147e-06
2.436607974150758327e-06
2.419479258734811900e-06
2.402470953698756291e-06
2.385582212589171059e-06
2.368052202121621093e-06
2.347267323442499863e-06
2.326664877896105444e-06
2.306243264229516565e-06
2.286000895244320486e-06
2.265936197673271439e-06
2.243534857875161975e-06
2.220006804418317424e-06
2.196725490742463768e-06
2.173688329276142010e-06
2.150892759583872637e-06
2.127967270057360501e-06
2.102466216747369824e-06
2.077270761991013010e-06
2.052377243567964142e-06
2.027782043145057002e-06
2.003481585750385611e-06
1.978046238419679169e-06
1.951917861528888425e-06
1.926134619178283048e-06
1.900691952422172545e-06
1.875585362534845970e-06
1.850739128496375258e-06
1.824793228672467166e-06
1.799211069857384632e-06
1.773987552689671622e-06
1.749117649296889789e-06
1.724596402293394474e-06
1.700150166237184161e-06
1.675799056994404902e-06
1.651796726661353362e-06
1.628138179706751829e-06
1.604818492149901143e-06
1.581832810535867188e-06
1.559430949389009393e-06
1.537351658512867085e-06
1.515584978519424825e-06
1.494126483289896867e-06
1.472971809372959021e-06
1.452390093745222781e-06
1.432431699198782054e-06
1.412747568098912074e-06
1.393333931583442451e-06
1.374187072580998763e-06
1.355303325099313618e-06
1.337126558223665473e-06
1.319236377917826624e-06
1.301585560557407909e-06
1.284170903568781073e-06
1.266989247227381720e-06
1.249945907656471996e-06
1.232983076725997559e-06
1.216250445863715289e-06
1.199744891058560287e-06
1.183463330694976286e-06
1.167402724977538880e-06
1.150612022886286605e-06
1.133890172608353449e-06
1.117411341064064535e-06
1.101171996460949395e-06
1.085168658334093112e-06
1.068860271119816232e-06
1.051620171133395011e-06
1.034658144021015753e-06
1.017969704627530329e-06
1.001550440140749638e-06
9.853960089246087185e-07
9.680982309941829303e-07
9.507071255475191005e-07
9.336284373111916175e-07
9.168565539614960121e-07
9.003859639956053830e-07
8.838762782286656983e-07
8.666430856792840053e-07
8.497458936910206222e-07
8.331781511633324795e-07
8.169334347243865070e-07
8.010054462406962653e-07
7.848218513415147379e-07
7.687373466868260831e-07
7.529824853639912578e-07
7.375505115089897057e-07
7.224348077156316788e-07
7.075370803592739384e-07
6.925224948202967800e-07
6.778265325523328158e-07
6.634424320774468144e-07
6.493635754024654656e-07
6.355834849740944702e-07
6.217303806169843026e-07
6.079791604234411329e-07
5.945320850211235295e-07
5.813824274394271915e-07
5.685236094925826140e-07
5.559222157178186591e-07
5.433805562074937877e-07
5.311218377612705443e-07
5.191396772010953309e-07
5.074278353540319982e-07
4.959802138034988452e-07
4.850022298207830267e-07
4.744210517822156402e-07
4.640707207826922885e-07
4.539462004873888374e-07
4.440425644379975949e-07
4.343814890027372440e-07
4.255595054424087078e-07
4.169166901843891869e-07
4.084494044460457401e-07
4.001540833458734973e-07
3.920272344026096050e-07
3.840569386407989759e-07
3.762405529355549610e-07
3.685832475107229179e-07
3.610817847400423240e-07
3.537329928899209047e-07
3.465337647783727896e-07
3.388777863367394206e-07
3.313739560037419127e-07
3.240362843035508285e-07
3.168610919563822870e-07
3.098447811533880905e-07
3.028322211574130024e-07
2.957884679243283843e-07
2.889085495018835268e-07
2.821886551595901185e-07
2.756250628029928668e-07
2.692141369120237552e-07
2.631044375763359560e-07
2.571491262614699676e-07
2.513286121137803564e-07
2.456398440289143013e-07
2.400798399635970303e-07
2.347578592909242206e-07
2.297403267892327251e-07
2.248300351376723182e-07
2.200246922534456856e-07
2.153220550429554115e-07
2.107199283547483043e-07
2.063377859920468064e-07
2.020700272909989905e-07
1.978905401793879270e-07
1.937974989041553717e-07
1.897891154749496905e-07
1.858222809895255060e-07
1.818451898879396048e-07
1.779532191150140568e-07
1.741445468692952987e-07
1.704173903407265421e-07
1.667700048761291031e-07
1.632313770935955578e-07
1.597768567769775743e-07
1.563954456310984589e-07
1.530855964220865914e-07
1.498457946606985345e-07
1.467185679081303033e-07
1.437967856100903709e-07
1.409331882570025306e-07
1.381266171424761467e-07
1.353759366348280198e-07
1.326800337175647635e-07
1.300688664423701980e-07
1.275220464530038115e-07
1.250250946006919100e-07
1.225770344398656296e-07
1.201769086442972675e-07
1.178290602172048258e-07
1.155528032431814544e-07
1.133205196811692335e-07
1.111313600396623706e-07
1.089844912378856821e-07
1.068790962887678828e-07
1.048728056314776168e-07
1.029373207705355753e-07
1.010375563389685154e-07
9.917285309675894940e-08
9.734256397052226762e-08
9.556156304968042325e-08
9.395034730177441894e-08
9.236629745722383221e-08
9.080895548531131060e-08
8.927787107794593953e-08
8.777260151945713914e-08
8.629271155858127794e-08
8.483777328260922635e-08
8.340736599365413956e-08
8.200107608700565463e-08
8.061849693153562780e-08
7.925922875212051174e-08
7.792287851404507516e-08
7.660905980935613783e-08
7.531739274513156630e-08
7.404750383363386487e-08
7.279902588431592328e-08
7.157159789764677352e-08
7.036486496072833160e-08
6.917847814467065913e-08
6.801209440370026752e-08
6.686537647596667041e-08
6.573799278602292449e-08
6.462961734895015558e-08
6.353992967609750873e-08
6.246861468241385861e-08
6.141536259533935752e-08
6.037986886523457320e-08
5.936183407731908562e-08
5.836096386509540909e-08
5.737696882523268287e-08
5.640956443388493134e-08
5.545847096442018976e-08
5.452341340653787742e-08
5.360412138674815341e-08
5.270032909019380636e-08
5.181177518378903559e-08
5.093820274065427210e-08
5.007935916582603552e-08
4.923499612321787212e-08
4.840486946381434759e-08
4.758873915507414647e-08
4.676110601477763294e-08
4.594420387867362430e-08
4.514157277156881400e-08
4.435296338297694568e-08
4.357813075778954594e-08
4.281683422018814582e-08
4.206883729888724401e-08
4.133390765368141621e-08
4.061181700327739996e-08
3.990234105438606821e-08
3.920525943205273189e-08
3.852035561120575391e-08
3.784741684939932730e-08
3.718623412073327852e-08
3.653660205092521929e-08
3.589831885351858294e-08
3.527118626720398623e-08
3.465500949423589084e-08
3.404959713992589665e-08
3.345476115319155059e-08
3.287031676814525237e-08
3.229608244670239895e-08
3.173187982219294540e-08
3.117753364395764156e-08
3.063287172291252002e-08
3.009772487806368225e-08
2.957192688395740763e-08
2.905531441904737753e-08
2.854772701496427061e-08
2.804900700667215543e-08
2.755899948349449131e-08
2.707755224099682365e-08
2.660451573370916686e-08
2.613974302867495902e-08
2.568308975981111686e-08
2.523441408306578395e-08
2.479357663235883992e-08
2.436044047629295820e-08
2.393487107561989951e-08
2.351673624145085763e-08
2.310590609419632885e-08
2.262342814865254940e-08
2.210825635259490197e-08
2.160481584578786622e-08
2.111283948793278679e-08
2.063206622194462882e-08
2.016224093542753800e-08
1.970311432530457611e-08
1.925444276553030235e-08
1.881598817781570493e-08
1.838751790529677408e-08
1.796880458907997933e-08
1.755962604759904258e-08
1.715976515871859934e-08
1.676900974452325878e-08
1.638715245872948471e-08
1.601399067666164397e-08
1.564932638773349536e-08
1.529296609037768336e-08
1.494472068936852994e-08
1.460440539548230822e-08
1.427183962744271159e-08
1.394684691609917133e-08
1.362925481078703173e-08
1.331889478782036724e-08
1.301560216106815168e-08
1.271921599456715613e-08
1.242957901712452392e-08
1.214653753886498610e-08
1.186994136967866656e-08
1.159964373952569421e-08
1.133550122055576368e-08
1.107737365100105201e-08
1.082512406080230712e-08
1.057861859892857196e-08
1.033772646235182915e-08
1.010231982663910126e-08
9.872273778125078256e-09
9.647466247629200301e-09
9.427777945682196256e-09
9.213092299227725141e-09
9.003295389765057193e-09
8.775203218201688592e-09
8.521191549330896597e-09
8.274532636438299805e-09
8.035013642764411996e-09
7.802427892435037971e-09
7.576574692125070868e-09
7.357259157884337381e-09
7.144292046976551235e-09
6.937489594585626511e-09
6.736673355248939402e-09
6.541670048880539077e-09
6.352311411251318539e-09
6.168434048797529629e-09
5.989879297631825523e-09
5.816493086635577641e-09
5.648125804514183428e-09
5.484632170700555660e-09
5.325871109995731041e-09
5.171705630837973555e-09
5.022002707095673850e-09
4.876633163281915136e-09
4.735471563091694563e-09
4.598396101165513779e-09
4.465288497986226246e-09
4.336033897818062949e-09
4.210520769600069311e-09
4.088640810708327731e-09
3.970288853503844009e-09
3.855362774585720515e-09
3.743763406670963644e-09
3.635394453025149600e-09
3.530162404370024208e-09
3.427976458196264364e-09
3.328748440412003140e-09
3.232392729259210341e-09
3.138826181432502232e-09
3.047968060336556851e-09
2.959739966420160447e-09
2.874065769526970313e-09
2.790871543204360521e-09
2.710085500913863670e-09
2.629595984726414458e-09
2.542825664103812279e-09
2.458918554630263810e-09
2.377780177248573539e-09
2.299319170482407702e-09
2.223447187563646112e-09
2.150078796954253686e-09
2.079131386150768604e-09
2.010525068662964122e-09
1.944182594061948525e-09
1.880029260996546858e-09
1.817992833079846370e-09
1.758003457551375231e-09
1.699993586623143413e-09
1.643897901421149472e-09
1.589653238436564479e-09
1.537198518403884956e-09
1.486474677525965550e-09
1.437424600968402267e-09
1.389993058548466210e-09
1.344126642546176194e-09
1.299773707567370318e-09
1.256884312391263010e-09
1.215410163736810062e-09
1.175304561884679234e-09
1.136522348093559872e-09
1.099019853751608960e-09
1.062754851205773911e-09
1.027686506213630748e-09
9.937753319641973730e-10
9.609831446159507682e-10
9.292730203019609886e-10
8.986092535538098935e-10
8.689573170973414634e-10
8.402838229751149002e-10
8.125564849517017415e-10
7.857440821595059450e-10
7.598164239442162029e-10
7.347443158702384431e-10
7.104995268478972217e-10
6.870547573453309433e-10
6.643836086493330580e-10
6.411807169557052244e-10
6.187328621998151994e-10
5.970709109650659415e-10
5.761673486247255532e-10
5.559956238441966542e-10
5.365301148559938551e-10
5.177460969154183634e-10
4.996197108956280794e-10
4.821279329821971951e-10
4.652485454286767909e-10
4.489601083359992179e-10
4.332419324199099131e-10
4.180740527317968879e-10
4.034372032995689123e-10
3.893127926563604558e-10
3.756828802259735913e-10
3.625301535350853202e-10
3.498379062232445413e-10
3.375900168227501075e-10
3.257709282814498279e-10
3.143656282024428443e-10
3.033596297756060942e-10
2.927389533767039172e-10
2.824901088107111972e-10
2.726000781768125708e-10
2.630562993332897160e-10
2.538466499413182299e-10
2.449594320673829938e-10
2.363833573247715373e-10
2.281075325352660652e-10
2.201214458928175093e-10
2.124149536116416719e-10
2.049782670417582364e-10
1.978019402356219193e-10
1.908768579500480878e-10
1.841942240681890682e-10
1.777455504268671853e-10
1.715226460350571116e-10
1.655176066698347963e-10
1.597228048365743682e-10
1.541308800806368030e-10
1.486355472669657554e-10
1.433005197228067637e-10
1.381569841832212116e-10
1.331980673588938332e-10
1.284171426658793064e-10
1.238078213705228496e-10
1.193639440522142679e-10
1.150795723725771826e-10
1.109489811400850290e-10
1.069666506595067839e-10
1.031272593559591058e-10
9.942567666370128696e-11
9.585695617017958290e-11
9.241632900615060131e-11
8.909919747305738330e-11
8.590112889914218553e-11
8.281784971608044360e-11
7.984523974822582141e-11
7.697932670683493305e-11
7.421628088190790423e-11
7.155241002456304716e-11
6.898415441309532686e-11
6.650808209613232265e-11
6.412088430653037502e-11
6.181937103987749030e-11
5.960046679170378332e-11
5.746120644769381848e-11
5.539873132141435392e-11
5.341028533426231809e-11
5.149321133252398923e-11
4.964494753663159547e-11
4.786302411786477569e-11
4.614505989792674774e-11
4.448875916698466983e-11
4.289190861591838321e-11
4.135237437868476280e-11
3.986809918083869884e-11
3.843709959040434749e-11
3.705746336742147405e-11
3.572734690862634254e-11
3.444497278384935104e-11
3.320227885225485669e-11
3.199829915790632295e-11
3.083797812659275764e-11
2.971973260963914468e-11
2.864203686644338971e-11
2.760342048274784678e-11
2.660246636439715061e-11
2.563780880384694228e-11
2.470813161678476304e-11
2.381216634632021416e-11
2.294869053229572162e-11
2.211652604335444369e-11
2.131453746949121131e-11
2.054163057289267289e-11
1.979675079495260579e-11
1.907888181742661242e-11
1.838704417576125614e-11
1.772029392270739023e-11
1.707772134039279360e-11
1.645844969909763061e-11
1.586163406104010383e-11
1.528646012753817538e-11
1.473214312797552301e-11
1.419792674905632951e-11
1.368308210288678632e-11
1.318690673247660982e-11
1.270872365330246738e-11
1.224788042962645343e-11
1.180374828430908605e-11
1.137572124090196387e-11
1.096321529685032233e-11
1.056566762667639419e-11
1.018253581405714847e-11
9.813297111748389433e-12
9.457447728345244165e-12
9.114502140906536163e-12
8.783992432504324085e-12
8.465467653795403667e-12
8.158493207743467263e-12
7.862650256652280966e-12
7.577535150701331291e-12
7.302501435247569477e-12
7.036784291079348928e-12
6.780735833912559753e-12
6.534004247876892583e-12
6.296250518675441514e-12
6.067147967772156891e-12
5.846381803528607700e-12
5.633648688673993837e-12
5.428656323513176688e-12
5.231123044301192255e-12
5.040777436231166726e-12
4.857357960504964207e-12
4.680612594973343851e-12
4.510298487852310089e-12
4.346181624039913207e-12
4.188036503574454620e-12
4.035645831793048002e-12
3.888800220764135995e-12
3.747297901584220506e-12
3.610944447143184034e-12
3.479552504977485303e-12
3.352941539843898790e-12
3.230937585660489848e-12
3.113373006473459540e-12
3.000086266122068257e-12
2.890921706284454355e-12
2.785729332600000263e-12
2.684364608573904677e-12
2.586688256981048493e-12
2.492566068496305668e-12
2.401868717288039058e-12
2.314471583321829987e-12
2.230254581129896175e-12
2.149101994811264184e-12
2.070902319035619565e-12
1.995548105832807168e-12
1.922935816956991604e-12
1.852965681623047208e-12
1.785541559419378638e-12
1.720570808209043055e-12
1.657964156837523722e-12
