1.358611430976338416e-06
1.379906915144486568e-06
1.401536194270940270e-06
1.423504500407401275e-06
1.445817147615091013e-06
1.468479533250215840e-06
1.491497139269551857e-06
1.514875533556524752e-06
1.538620371268058894e-06
1.562737396202541254e-06
1.587232442189225437e-06
1.612111434499426893e-06
1.637380391279808338e-06
1.663045425008162784e-06
1.689112743971997849e-06
1.715588653770301248e-06
1.742479558838839182e-06
1.769791963999384893e-06
1.797532476033190574e-06
1.825707805279160870e-06
1.854324767257058543e-06
1.883390284316152457e-06
1.912911387309726329e-06
1.942895217295795315e-06
1.973349027264522344e-06
2.004280075765202635e-06
2.035695632352131165e-06
2.067603603750546953e-06
2.100011708185838100e-06
2.132927784860674344e-06
2.166359795851224994e-06
2.200315828033122964e-06
2.234804095037577669e-06
2.269832939238186099e-06
2.305410833768868111e-06
2.341546384573429935e-06
2.378248332487276391e-06
2.415525555351705074e-06
2.453387070161386868e-06
2.491842035245485105e-06
2.530899752482960119e-06
2.570569669552622915e-06
2.610861382218405491e-06
2.651784636650501744e-06
2.693349331782860906e-06
2.735565521707663716e-06
2.778443418107277253e-06
2.821993392724380884e-06
2.866225979870783840e-06
2.911151878975567975e-06
2.956781957173195675e-06
3.003127251932129642e-06
3.050198973724711241e-06
3.098008508738858554e-06
3.146567421632264732e-06
3.195887458329805198e-06
3.245980548864718236e-06
3.296858810264393731e-06
3.348534549481346026e-06
3.401020266370174318e-06
3.454328656711113260e-06
3.508472615281045776e-06
3.563465238972615491e-06
3.619319829962229482e-06
3.676049898927754333e-06
3.733669168316571259e-06
3.792191575664933060e-06
3.851631276969307291e-06
3.912002650110567513e-06
3.973320298331892366e-06
4.035599053771098784e-06
4.098853981048423690e-06
4.163100380910490225e-06
4.228353793931444468e-06
4.294630004272013121e-06
4.361945043497575665e-06
4.430315194456030276e-06
4.499756995216448740e-06
4.570287243069508889e-06
4.641922998590539692e-06
4.714681589766342010e-06
4.788579572323987771e-06
4.863635492709122331e-06
4.939867835266996879e-06
5.017295039170992783e-06
5.095935832609022781e-06
5.175809237313537723e-06
5.256934573162528221e-06
5.339331462852639303e-06
5.423019836645531391e-06
5.508019937188641266e-06
5.594352324411492441e-06
5.682037880498773825e-06
5.771097814941297139e-06
5.861553669666246777e-06
5.953427324247723310e-06
6.046741001199007881e-06
6.141517271347779082e-06
6.237779059295563859e-06
6.335549648962776873e-06
6.434852689220658660e-06
6.535712199611493255e-06
6.638152576158504588e-06
6.742198597266735229e-06
6.847875429716563431e-06
6.955208634751019754e-06
7.064224174258584630e-06
7.174948417052884811e-06
7.287408145250811643e-06
7.401630560750613808e-06
7.517643291811526434e-06
7.635474399736530705e-06
7.755152385659866041e-06
7.876706197440862692e-06
8.000165236665978562e-06
8.125559365760431083e-06
8.252918915211362151e-06
8.382274690904231040e-06
8.513657981574166629e-06
8.647100566374128856e-06
8.782634722561712386e-06
8.920293233306313664e-06
9.060109395618963575e-06
9.202117028406003109e-06
9.346350480649429410e-06
9.492844639715192925e-06
9.641634939791805494e-06
9.792757370461209246e-06
9.946248485403979837e-06
1.010214541124097653e-05
1.026048585651359737e-05
1.042130812080466212e-05
1.058465110400259292e-05
1.075055431571027314e-05
1.091905788480191351e-05
1.109020256912936356e-05
1.126402591577664806e-05
1.144056240153706090e-05
1.161986567166373163e-05
1.180197908883997398e-05
1.198694669535478064e-05
1.217481322375395768e-05
1.236562410765833955e-05
1.255942549275127515e-05
1.275626424793869690e-05
1.295618797668371413e-05
1.315924502851910542e-05
1.336548451074024254e-05
1.357495630028103783e-05
1.378771105577624906e-05
1.400380022981284877e-05
1.422327608137314660e-05
1.444619168847316974e-05
1.467260096099914060e-05
1.490255865374482835e-05
1.513612037965368427e-05
1.537334262326805795e-05
1.561428275438952638e-05
1.585899904195315127e-05
1.610755066811935280e-05
1.635999774258632523e-05
1.661640131712704675e-05
1.687682340035415475e-05
1.714132697271584756e-05
1.740997600172735296e-05
1.768283545744057540e-05
1.795997132815656066e-05
1.824145063638419280e-05
1.852734145504870839e-05
1.881771292395454750e-05
1.911263526650622797e-05
1.941217980669093923e-05
1.971641898632763983e-05
2.002542638258651434e-05
2.033927672578260125e-05
2.065804591744871131e-05
2.098181104869154296e-05
2.131065041883512819e-05
2.164464355435703673e-05
2.198387122812078430e-05
2.232841547891007252e-05
2.267835963126897382e-05
2.303378831565330940e-05
2.339478748889738775e-05
2.376144445500192790e-05
2.413384788624781593e-05
2.451208784464024157e-05
2.489625580368967609e-05
2.528644467053348962e-05
2.568274880840472314e-05
2.608526405945305686e-05
2.649408776792295202e-05
2.690861753067542325e-05
2.732940457690365466e-05
2.775677173591805963e-05
2.819082190509795226e-05
2.863165959089387724e-05
2.907939093398976375e-05
2.953412373485843462e-05
2.999596747971685745e-05
3.046503336688692802e-05
3.094143433356911788e-05
3.142528508303416322e-05
3.191670211224028605e-05
3.241580373988220583e-05
3.292271013487881915e-05
3.343754334530626640e-05
3.396042732778363238e-05
3.449148797731771182e-05
3.503085315761524207e-05
3.557865273186843082e-05
3.613501859402222185e-05
3.670008470053048183e-05
3.727398710260882618e-05
3.785686397899141607e-05
3.844885566920076592e-05
3.905010470733707349e-05
3.966075585639626804e-05
4.028095614312466384e-05
4.091085489341867619e-05
4.155060376827806316e-05
4.220035680032148883e-05
4.286027043087270899e-05
4.353050354762752315e-05
4.421121752290885887e-05
4.490257625252060678e-05
4.560474619520891364e-05
4.631789641274020356e-05
4.704219861060678965e-05
4.777782717936809913e-05
4.852495923663889614e-05
4.928377466973392118e-05
5.005445617897947078e-05
5.083718932170223074e-05
5.163216255690598156e-05
5.243956729064709241e-05
5.325959792211896814e-05
5.409245189045831071e-05
5.493832972228218024e-05
5.579743507996899501e-05
5.666997481069451561e-05
5.755615899623407538e-05
5.845620100354475889e-05
5.937031753613737417e-05
6.029872868625240831e-05
6.124165798785169619e-05
6.219933247043881255e-05
6.315623143277873316e-05
6.408166097746411250e-05
6.502065086010424004e-05
6.597339978060716480e-05
6.694010935043489543e-05
6.792098413526587478e-05
6.891623169828400136e-05
6.992606264410059446e-05
7.095069066332064642e-05
7.199033257776190015e-05
7.304520838633665877e-05
7.411554131160588189e-05
7.520155784701478430e-05
7.630348780482214786e-05
7.742156436473027193e-05
7.855602412322839657e-05
7.970710714365892278e-05
8.087505700701747480e-05
8.206012086349646776e-05
8.326254948478558390e-05
8.448259731713703147e-05
8.572052253520932852e-05
8.697658709669896292e-05
8.825105679777442967e-05
8.954420132932068230e-05
9.085629433400874339e-05
9.218761346420122147e-05
9.353844044070667681e-05
9.490906111239381384e-05
9.629976551668119388e-05
9.771084794091142644e-05
9.914260698462549234e-05
1.005953456227496532e-04
1.020693712697076330e-04
1.035649958444732357e-04
1.050825358365753816e-04
1.066223123730701696e-04
1.081846512864952678e-04
1.097698831838192219e-04
1.113783435164008342e-04
1.130103726509749690e-04
1.146663159416765916e-04
1.163465238031226757e-04
1.180513517845619689e-04
1.197811606451137722e-04
1.215363164301082679e-04
1.233171905485452705e-04
1.251241598516882861e-04
1.269576067128097368e-04
1.288179191081057417e-04
1.307054906987954832e-04
1.326207209144236851e-04
1.345640150373847703e-04
1.365357842886838762e-04
1.385364459149562486e-04
1.405664232767606017e-04
1.423808236052798170e-04
1.441390136013759359e-04
1.459189146115266321e-04
1.477207947342488168e-04
1.495449253786758305e-04
1.513915813054363374e-04
1.532610406680419814e-04
1.551535850547838314e-04
1.570694995311463431e-04
1.590090726827462640e-04
1.609725966588007389e-04
1.629603672161316328e-04
1.649726837637158596e-04
1.670098494077818495e-04
1.690721709974667391e-04
1.711599591710350973e-04
1.732735284026682657e-04
1.754131970498341549e-04
1.775792874012374948e-04
1.797721257253666945e-04
1.819920423196374744e-04
1.842393715601434070e-04
1.865144519520234778e-04
1.888176261804470446e-04
1.911492411622328928e-04
1.935096480981032265e-04
1.958992025255826784e-04
1.983182643725526118e-04
2.007671980114646441e-04
2.032463723142246149e-04
2.057561607077542873e-04
2.082969412302382664e-04
2.108690965880672731e-04
2.134730142134828152e-04
2.161090863229344510e-04
2.187777099761579384e-04
2.214792871359815615e-04
2.242142247288734277e-04
2.269829347062339922e-04
2.297858341064467908e-04
2.326233451176951627e-04
2.354958951415537160e-04
2.384039168573673590e-04
2.413478482874227462e-04
2.443281328629260470e-04
2.473452194907951656e-04
2.503995626212754681e-04
2.534916223163933527e-04
2.566218643192522998e-04
2.597907601241850896e-04
2.629987870477743569e-04
2.662464283007476089e-04
2.695341730607613440e-04
2.728625165460840272e-04
2.762319600901874650e-04
2.794872355028210501e-04
2.823259516338640952e-04
2.851935002418476113e-04
2.880901741745544599e-04
2.910162692541848188e-04
2.939720843075690473e-04
2.968433295346594109e-04
2.996983614073938013e-04
3.025808529067508068e-04
3.054910681387460218e-04
3.084292737495612519e-04
3.113610746815907346e-04
3.141710845878875006e-04
3.170064546188615384e-04
3.198674136476995812e-04
3.227541926131522279e-04
3.256670245381744684e-04
3.284709100764475020e-04
3.312273202724724613e-04
3.340068612753227897e-04
3.368097271904423907e-04
3.396361137521383905e-04
3.424573614861726512e-04
3.450923786386111557e-04
3.477476707688258216e-04
3.504233938813899494e-04
3.531197051812430890e-04
3.558367630829289301e-04
3.584173101360546760e-04
3.609055175882327593e-04
3.634109986936357567e-04
3.659338733695539588e-04
3.684742623657687416e-04
3.710154981515804084e-04
3.732793237896809006e-04
3.755569626149534942e-04
3.778484989113362535e-04
3.801540174770426058e-04
3.824736036276994017e-04
3.846285608051555464e-04
3.866300192533827455e-04
3.886418925182101168e-04
3.906642347943200394e-04
3.926971005584025992e-04
3.947405445706247918e-04
3.964088355323920837e-04
3.980788980457252465e-04
3.997559964990991766e-04
4.014401605347888910e-04
4.031314199199516617e-04
4.046285763376243562e-04
4.058872753420966826e-04
4.071498898465527130e-04
4.084164320311394749e-04
4.096869141138952358e-04
4.109613483508638317e-04
4.117919659576715452e-04
4.125846919646673338e-04
4.133789440201882993e-04
4.141747250619755294e-04
4.149720380334259609e-04
4.155608532887916065e-04
4.158148727054237419e-04
4.160690473962197380e-04
4.163233774560934179e-04
4.165778629800179103e-04
4.168325040630231561e-04
4.165848711914216370e-04
4.162497196610898814e-04
4.159148377674062045e-04
4.155802252934419718e-04
4.152458820224437562e-04
4.147055979630434683e-04
4.137235761743438683e-04
4.127438798107122150e-04
4.117665033655487205e-04
4.107914413452916163e-04
4.098186882693895055e-04
4.083211713929858593e-04
4.066842518282235688e-04
4.050538945135948683e-04
4.034300731416819250e-04
4.018127615105312632e-04
4.000273254285702782e-04
3.977282681423224982e-04
3.954424241144438947e-04
3.931697174050265684e-04
3.909100725106094514e-04
3.886634143616684873e-04
3.859283489410089089e-04
3.830152576509225745e-04
3.801241551597614172e-04
3.772548754901391423e-04
3.744072539175116862e-04
3.714611963098675721e-04
3.680046404592882603e-04
3.645802488790738532e-04
3.611877222712141472e-04
3.578267641227551410e-04
3.544970806798828093e-04
3.508102940763742112e-04
3.469537346002957916e-04
3.431395714029003194e-04
3.393673384095802301e-04
3.356365746694206075e-04
3.318917599934568499e-04
3.277680965857113628e-04
3.236956685563335411e-04
3.196738393199051627e-04
3.157019802004049384e-04
3.117794703329385955e-04
3.077049310883520419e-04
3.035406620720885974e-04
2.994327494371758669e-04
2.953804304947219906e-04
2.913829528775483736e-04
2.874307476140849828e-04
2.833552617619236602e-04
2.793375622985503313e-04
2.753768298696956138e-04
2.714722567387314357e-04
2.676230466219399603e-04
2.638130248171108804e-04
2.600428482172489225e-04
2.563265515636251480e-04
2.526633648528912564e-04
2.490525290858884230e-04
2.454932961103859423e-04
2.420662277502691202e-04
2.386886990000034706e-04
2.353582966108369850e-04
2.320743630328047464e-04
2.288362498906792509e-04
2.256938759878221923e-04
2.226567472187128524e-04
2.196604886376840745e-04
2.167045502607201990e-04
2.137883895048599183e-04
2.109114710885988083e-04
2.081272482697521769e-04
2.053849445730479225e-04
2.026787737211656142e-04
2.000082596244305967e-04
1.973729324661693222e-04
1.947377891359457463e-04
1.920817181746766898e-04
1.894618739415770460e-04
1.868777623324403988e-04
1.843288959822550921e-04
1.818147941732865727e-04
1.791257965118682113e-04
1.764384974353615178e-04
1.737915140278829113e-04
1.711842414616398600e-04
1.686160839826476453e-04
1.659839307200419701e-04
1.631686266008966783e-04
1.604010737143486557e-04
1.576804621371653630e-04
1.550059956834683433e-04
1.523768916717314795e-04
1.495595743545552177e-04
1.467285846461283258e-04
1.439511822975466781e-04
1.412263529620864445e-04
1.385531014934340995e-04
1.358871096458531694e-04
1.331397399217474351e-04
1.304479166024524468e-04
1.278105166490626273e-04
1.252264397283076773e-04
1.226946077534887987e-04
1.201731896576153398e-04
1.176871767244488904e-04
1.152525917372451822e-04
1.128683708102973346e-04
1.105334720664157228e-04
1.082421632025533983e-04
1.059765848684824920e-04
1.037584265511219705e-04
1.015866957189173579e-04
9.946042061464107123e-05
9.737864982057036108e-05
9.528762125775107859e-05
9.321256185137983489e-05
9.118269059729044925e-05
8.919702344215874339e-05
8.725459776219235343e-05
8.534743979585451400e-05
8.342473337469517977e-05
8.154534166796406885e-05
7.970828888213180149e-05
7.791262120633621715e-05
7.615740631715957451e-05
7.446208380028935950e-05
7.281930583398115505e-05
7.121277073530256070e-05
6.964167891631081742e-05
6.810524842952417107e-05
6.660669928064425957e-05
6.523567923389689174e-05
6.389288001161440539e-05
6.257772072153676630e-05
6.128963242838340062e-05
6.002805790773289813e-05
5.879060627795124831e-05
5.757689851362243804e-05
5.638824724437756220e-05
5.522413518923334827e-05
5.408405574625856066e-05
5.296751277210911901e-05
5.178640016987542835e-05
5.062915690706733506e-05
4.949777394667293461e-05
4.839167340220777318e-05
4.731029030091053414e-05
4.623730710954047365e-05
4.516890925828827578e-05
4.412519870047772462e-05
4.310560499087911173e-05
4.210957086544704246e-05
4.113655193674493188e-05
4.021280995662020674e-05
3.931258281618176887e-05
3.843250867935718183e-05
3.757213638939239350e-05
3.673102488938838610e-05
3.592184290977441959e-05
3.515226360460387543e-05
3.439917154671708537e-05
3.366221351803624993e-05
3.294104386772673415e-05
3.223532435007848518e-05
3.156203841751309473e-05
3.090612502100216209e-05
3.026384263203362837e-05
2.963490797484631480e-05
2.901904366063634948e-05
2.841167039795982840e-05
2.780730465811604975e-05
2.721579483073297196e-05
2.663686744814959656e-05
2.607025485983883951e-05
2.551569510866662929e-05
2.497968941294117305e-05
2.445693051826142015e-05
2.394511158594265330e-05
2.344400367147972029e-05
2.295338262157109997e-05
2.247903230763701011e-05
2.203360925337315851e-05
2.159701227732097173e-05
2.116906649033662666e-05
2.074960046871278155e-05
2.033844618551044163e-05
1.994087763200446314e-05
1.955335093902746575e-05
1.917335535579102801e-05
1.880074452434113785e-05
1.843537493101241362e-05
1.807816582039454040e-05
1.773304143504130889e-05
1.739450570710772027e-05
1.706243285467731662e-05
1.673669949709531447e-05
1.641718460912698854e-05
1.611217495921840912e-05
1.581760068269023160e-05
1.552841202322568891e-05
1.524451051713165797e-05
1.496579950089852770e-05
1.469452751951268624e-05
1.444890678795708964e-05
1.420739163541315044e-05
1.396991343665155288e-05
1.373640471352164433e-05
1.350679911577794669e-05
1.328103140222699866e-05
1.305903742218948237e-05
1.284075409727206590e-05
1.262611940344408274e-05
1.241507235341377975e-05
1.220755297929903611e-05
1.200350231558785735e-05
1.180286238238356724e-05
1.160557616893019152e-05
1.141158761741320005e-05
1.122084160703093369e-05
1.103328393833225361e-05
1.084886131781622358e-05
1.066752134278886683e-05
1.048921248647338052e-05
1.031388408336901204e-05
1.014148631485465997e-05
9.971970195033342575e-06
9.805287556812939155e-06
9.641391038219943564e-06
9.480234068941650560e-06
9.321770857093586874e-06
9.165956376207941650e-06
9.012746352439479362e-06
8.862097251985491189e-06
8.713966268715761426e-06
8.568311312009557220e-06
8.425090994795750361e-06
8.284264621792855788e-06
8.145792177945805355e-06
8.009634317055750239e-06
7.875752350600166246e-06
7.744108236739672281e-06
7.614664569508610917e-06
7.487384568186376486e-06
7.362232066846407479e-06
7.233791714659630616e-06
7.106812283541448936e-06
6.982061804619156064e-06
6.859501151651234267e-06
6.739091885204409893e-06
6.620796240597676730e-06
6.504577116057948008e-06
6.390398061083548262e-06
6.278223265012109492e-06
6.168017545788996446e-06
6.059746338932967761e-06
5.953375686695519649e-06
5.848872227410465570e-06
5.746203185030587362e-06
5.645336358847843494e-06
5.546240113394072415e-06
5.448883368518987523e-06
5.353235589642277215e-06
5.259266778176928416e-06
5.166947462120541298e-06
5.076248686811866252e-06
4.987142005849582393e-06
4.899599472170447014e-06
4.813593629284149518e-06
4.729097502661925549e-06
4.646084591276385985e-06
4.564528859289838430e-06
4.484404727888521146e-06
4.405687067260131237e-06
4.328351188712264392e-06
4.252372836929113270e-06
4.177728182364140938e-06
4.104393813766281421e-06
4.032346730837296538e-06
3.961564337018106198e-06
3.892024432401656111e-06
3.823705206770242587e-06
3.756585232755044282e-06
3.690643459115699691e-06
3.625859204137927578e-06
3.562212149146965603e-06
3.487131850786266121e-06
3.406826378296739687e-06
3.328370267743524258e-06
3.251720930004540985e-06
3.176836756746440316e-06
3.103677097837897128e-06
3.032202239283123439e-06
2.962373381663481019e-06
2.894152619075664536e-06
2.827502918554788612e-06
2.762388099971465199e-06
2.698772816391741690e-06
2.636622534889371560e-06
2.575903517799977438e-06
2.516582804406896053e-06
2.458628193048744784e-06
2.402008223639123958e-06
2.346692160588738143e-06
2.292649976120986690e-06
2.239852333971603252e-06
2.188270573463804491e-06
2.137876693950096050e-06
2.088643339612400569e-06
2.040543784612240280e-06
1.993551918582879082e-06
1.947642232455544575e-06
1.902789804612119885e-06
1.858970287356645351e-06
1.816159893698453588e-06
1.774335384439612988e-06
1.733474055559779103e-06
1.693553725891523069e-06
1.654552725079505200e-06
1.616449881816951939e-06
1.579224512353020712e-06
1.542856409264811335e-06
1.507325830487995427e-06
1.472613488599998226e-06
1.438700540350043710e-06
1.405568576430263384e-06
1.373199611482401575e-06
1.338084737253411670e-06
1.299072335519663076e-06
1.261197356137924315e-06
1.224426637099463522e-06
1.188727983247333958e-06
1.154070138087409123e-06
1.120422756421279104e-06
1.087756377777082036e-06
1.056042400614921775e-06
1.025253057284373548e-06
9.953613897120892134e-07
9.663412257982424792e-07
9.381671565011763148e-07
9.108145135901141435e-07
8.842593480465308771e-07
8.584784090952213735e-07
8.334491238467269933e-07
8.091495775333221889e-07
7.855584943211947258e-07
7.626552186820710497e-07
7.404196973079637308e-07
7.188324615531891899e-07
6.978746103882958200e-07
6.775277938509994907e-07
6.577741969795842537e-07
6.385965242147527146e-07
6.199779842562329353e-07
6.019022753608976609e-07
5.843535710695418268e-07
5.673165063497760138e-07
5.507761641429484771e-07
5.347180623032848293e-07
5.191281409178227131e-07
5.039927499960558159e-07
4.892986375184696607e-07
4.750329378335381234e-07
4.611831603930136848e-07
4.477371788156267041e-07
4.346832202696646973e-07
4.220098551650837652e-07
4.097059871461606523e-07
3.974602961082853556e-07
3.843044908477027406e-07
3.715841384203943349e-07
3.592848254805975521e-07
3.473926157595605949e-07
3.358940342744516394e-07
3.247760520599407623e-07
3.140260714051752475e-07
3.036319115793922644e-07
2.935817950300183304e-07
2.838643340376013813e-07
2.744685178124601485e-07
2.653837000184389407e-07
2.565995867096110517e-07
2.481062246662790051e-07
2.398939901170492404e-07
2.319535778341977126e-07
2.242759905899842354e-07
2.168525289619522082e-07
2.096747814756698038e-07
2.027346150737475339e-07
1.960241659003217473e-07
1.895358303905776943e-07
1.832622566551977648e-07
1.771963361499858662e-07
1.713311956212258021e-07
1.656601893176388241e-07
1.601768914601331990e-07
1.548750889607940153e-07
1.497487743828757539e-07
1.447921391338166126e-07
1.399995668835591489e-07
1.353656272007279549e-07
1.308850693994417418e-07
1.265528165897981229e-07
1.223639599252828103e-07
1.183137530405876488e-07
1.143976066735387520e-07
1.106110834650324505e-07
1.069498929310940257e-07
1.034098866013595452e-07
9.998705331847017483e-08
9.649120448365226504e-08
9.310953098913518515e-08
8.984637312186824082e-08
8.669757733068116034e-08
8.365913563159675599e-08
8.072718050622026435e-08
7.789797997891989836e-08
7.516793286653500074e-08
7.253356419456468511e-08
6.999152077400461355e-08
6.753856693319619005e-08
6.517158039926432684e-08
6.288754832389191456e-08
6.068356344837811383e-08
5.855682040309909685e-08
5.650461213665635582e-08
5.452432647017487698e-08
5.261344277235737579e-08
5.076952875106721701e-08
4.899023735735594447e-08
4.727330379799158901e-08
4.561654265268932770e-08
4.401784509237178613e-08
4.247517619491956397e-08
4.098657235499517846e-08
3.955013878464342305e-08
3.816404710148729417e-08
3.682653300144853504e-08
3.553589401303113933e-08
3.429048733030921070e-08
3.308872772186089491e-08
3.192908551298709298e-08
3.081008463864587799e-08
2.973030076462455119e-08
2.868835947455832879e-08
2.768293452048670391e-08
2.671274613472302959e-08
2.577655940088589552e-08
2.487318268202035666e-08
2.400146610380818635e-08
2.316030009093543883e-08
2.233422946779677552e-08
2.153245622355875601e-08
2.075946572000600702e-08
2.001422468973121799e-08
1.929573695844269922e-08
1.860304211336464440e-08
1.793521421943908544e-08
1.729136058161572056e-08
1.667062055157353724e-08
1.607216437727983281e-08
1.549519209384920488e-08
1.493893245421894681e-08
1.440264189821198624e-08
1.388560355860970568e-08
1.338712630290489446e-08
1.290654380945552428e-08
1.244321367680297665e-08
1.199651656496476640e-08
1.156585536755412605e-08
1.115065441361916225e-08
1.075035869813568264e-08
1.036443314012372087e-08
9.992361867397411315e-09
9.633647526991158728e-09
9.287810620340876865e-09
8.954388862331435874e-09
8.632936563353668704e-09
8.323024033544637702e-09
8.024237008415014941e-09
7.736176095095922897e-09
7.458456238464895585e-09
7.190706206436985013e-09
6.932568093733776393e-09
6.683696843466237464e-09
6.443759785892074029e-09
6.212436193731684598e-09
5.989416853447241714e-09
5.774403651912513293e-09
5.567109177920951724e-09
5.367256337998989884e-09
5.174577986011096520e-09
4.987896654036543657e-09
4.807063456512315215e-09
4.632786257958188587e-09
4.464827374568952634e-09
4.302957739623005467e-09
4.146956591075160496e-09
3.996611170475594065e-09
3.851716432804284998e-09
3.712074766825325822e-09
3.577495725579394508e-09
3.447795766647344334e-09
3.322798001830228846e-09
3.202331955904475850e-09
3.086233334123384665e-09
2.974343798147573128e-09
2.866510750099131900e-09
2.762587124444517183e-09
2.662431187422779426e-09
2.565906343745393283e-09
2.472880950303915399e-09
2.383228136631769594e-09
2.296825631874967390e-09
2.213555598035867286e-09
2.133304469262680074e-09
2.055962796965330826e-09
1.981425100546696841e-09
1.909589723545319487e-09
1.840358694993697214e-09
1.773637595802945696e-09
1.709335429991496505e-09
1.647364500582464164e-09
1.587640290000203858e-09
1.530081344802995200e-09
1.474609164594740479e-09
1.421148094964031593e-09
1.369625224304745475e-09
1.319970284377224889e-09
1.272115554474640323e-09
1.225995769063736476e-09
1.181548028773938246e-09
1.138711714613589172e-09
1.097392017615655787e-09
1.057477521048080919e-09
1.019014800154716751e-09
9.819510507468651276e-10
9.462353892372062687e-10
9.118187827834002105e-10
8.786539819725299483e-10
8.466954559539781991e-10
8.158993299315883981e-10
7.862233249294723324e-10
7.576266997485921854e-10
7.300701950345133695e-10
7.035159793795598919e-10
6.779275973853195291e-10
6.532699196142592256e-10
6.295090943616778854e-10
6.066125011818316199e-10
5.845487061044122974e-10
5.632874184798866835e-10
5.427994493944874110e-10
5.230566715977148674e-10
5.040319808873745417e-10
4.856992588991224865e-10
4.680333372494240535e-10
4.510099629827309372e-10
4.346057652753979623e-10
4.187982233506591864e-10
4.035656355606056102e-10
3.888870895927083133e-10
3.747424337600113678e-10
3.611122493355450466e-10
3.479778238930036780e-10
3.353211256170790975e-10
3.231247785481829026e-10
3.113720387275649382e-10
3.000467712100979213e-10
2.891334279131432462e-10
2.786170262711074041e-10
2.684831286663776669e-10
2.587178226083932621e-10
2.493077016336570818e-10
