1.211624927272955969e-07
1.230133028309592809e-07
1.248923848689711743e-07
1.268001707075013208e-07
1.287370988096654351e-07
1.307036143362942415e-07
1.327001692482460551e-07
1.347272224102779812e-07
1.367852396965082148e-07
1.388746940974849222e-07
1.409960658288946879e-07
1.431498424419289489e-07
1.453365189353360508e-07
1.475565978691880432e-07
1.498105894803808215e-07
1.520990117999034297e-07
1.544223907718937033e-07
1.567812603745176257e-07
1.591761627426901091e-07
1.616076482926751294e-07
1.640762758485859933e-07
1.665826127708178745e-07
1.691272350864456499e-07
1.717107276216085325e-07
1.743336841359223412e-07
1.769967074589394205e-07
1.797004096286988785e-07
1.824454120323872337e-07
1.852316893044081935e-07
1.880572592930826519e-07
1.909259312250092596e-07
1.938383625878876983e-07
1.967952208988979528e-07
1.997971838576909522e-07
2.028449395017168628e-07
2.059391863639188534e-07
2.090806336328342862e-07
2.122700013151378780e-07
2.155080204006641265e-07
2.187954330299472507e-07
2.221329926643171330e-07
2.255214642585877112e-07
2.289616244363841167e-07
2.324542616681399250e-07
2.360001764518116081e-07
2.396001814963493126e-07
2.432551019079671600e-07
2.469657753792517697e-07
2.507330523811612025e-07
2.545577963579473057e-07
2.584408839250540027e-07
2.623832050700339846e-07
2.663856633565301260e-07
2.704491761313690580e-07
2.745746747348109986e-07
2.787631047140125370e-07
2.830154260397398546e-07
2.873326133263904566e-07
2.917156560553709533e-07
2.961655588018824032e-07
3.006833414651628199e-07
3.052700395022470370e-07
3.099267041652869171e-07
3.146544027424945849e-07
3.194542188027604605e-07
3.243272524440027900e-07
3.292746205453060604e-07
3.342974570229024564e-07
3.393969130900648615e-07
3.445741575209572507e-07
3.498303769185138366e-07
3.551667759864032961e-07
3.605845778051418708e-07
3.660850241124193442e-07
3.716693755876968713e-07
3.773389121411541098e-07
3.830949332070362651e-07
3.889387580414798736e-07
3.948717260248808541e-07
4.008951969688754476e-07
4.070105514280005370e-07
4.132191910161157751e-07
4.195225387276441122e-07
4.259220392637175967e-07
4.324135086266437743e-07
4.390010854610522278e-07
4.456890203270288408e-07
4.524788421227941751e-07
4.593721030384741642e-07
4.663703789109400557e-07
4.734752695840496180e-07
4.806883992743855906e-07
4.880114169425568117e-07
4.954459966701605435e-07
5.029938380424864104e-07
5.106566665370521055e-07
5.184362339180523411e-07
5.263343186368287202e-07
5.343527262384280808e-07
5.424932897743619694e-07
5.507578702216515212e-07
5.591483569082583345e-07
5.676666679449904878e-07
5.763147506639998500e-07
5.850945820639481866e-07
5.940081692619612826e-07
6.030575499524663719e-07
6.122447928730215069e-07
6.215719982772354403e-07
6.310412984149041220e-07
6.406548580194501027e-07
6.504148748027928505e-07
6.603235799577597796e-07
6.703832386681431272e-07
6.805961506265412747e-07
6.909646505600763111e-07
7.014911087641256926e-07
7.121779316441853126e-07
7.230275622659880723e-07
7.340424809139962191e-07
7.452252056584165309e-07
7.565782929308390362e-07
7.681043381086524785e-07
7.798059761083618849e-07
7.916858819879448234e-07
8.037467715583854737e-07
8.159914020045175907e-07
8.284225725153415306e-07
8.410431249239275733e-07
8.538559443570761107e-07
8.668639598948747804e-07
8.800701452402953741e-07
8.934775193990088234e-07
9.070891473695392802e-07
9.209081408439414176e-07
9.349376589191516161e-07
9.491809088191655020e-07
9.636411466282474536e-07
9.783216780352624981e-07
9.932235553638881873e-07
1.008340979594987116e-06
1.023688499572558205e-06
1.039269617483989281e-06
1.055087888821949518e-06
1.071146923195708936e-06
1.087450385154840038e-06
1.104001995025424193e-06
1.120805529759018782e-06
1.137864823794510047e-06
1.155183769933120570e-06
1.172766320226708399e-06
1.190616486879591373e-06
1.208738343164106526e-06
1.227136024350103802e-06
1.245813728648579302e-06
1.264775718169669969e-06
1.284026319895238842e-06
1.303569926666265808e-06
1.323410998185254772e-06
1.343554062033895454e-06
1.364003714706242635e-06
1.384764622657579475e-06
1.405841523369288485e-06
1.427239226429886650e-06
1.448962614632559896e-06
1.471016645089356370e-06
1.493406350362384754e-06
1.516136839612183207e-06
1.539213299763614899e-06
1.562640996689460819e-06
1.586425276412076197e-06
1.610571566323286924e-06
1.635085376422901866e-06
1.659972300576043271e-06
1.685238017789617588e-06
1.710888293508227806e-06
1.736928980929811289e-06
1.763366022341288754e-06
1.790205450474541209e-06
1.817453389883040288e-06
1.845116058339433143e-06
1.873199768254382547e-06
1.901710928117000851e-06
1.930656043957243684e-06
1.960041720830506924e-06
1.989874664324880964e-06
2.020161682091282907e-06
2.050909685396943364e-06
2.082125690702472117e-06
2.113816821262994751e-06
2.145990308753591522e-06
2.178653494919543692e-06
2.211813833251630869e-06
2.245478890686996035e-06
2.279656349335825598e-06
2.314355849721307062e-06
2.349584446038011908e-06
2.385349284004243111e-06
2.421658526167946881e-06
2.458520459325524971e-06
2.495943496413082640e-06
2.533936178426537572e-06
2.572507176370882400e-06
2.611665293239166222e-06
2.651419466021605934e-06
2.691778767745220812e-06
2.732752409544597675e-06
2.774349742764094527e-06
2.816580261092097608e-06
2.859453602727767680e-06
2.902979552580714282e-06
2.947168044504208264e-06
2.992029163562382780e-06
3.037573148331892436e-06
3.083810393238691264e-06
3.130751450930293340e-06
3.178407034684203812e-06
3.226788020853010798e-06
3.275905451346632801e-06
3.325770536152446283e-06
3.376394655893675418e-06
3.427789364426792784e-06
3.479966391478456602e-06
3.532937645322526175e-06
3.586715215497885257e-06
3.641311375567640028e-06
3.696738585920242643e-06
3.753009496613364124e-06
3.810136950260940514e-06
3.868133984964246109e-06
3.927013837287579497e-06
3.986789945279165059e-06
4.047475951538163554e-06
4.109085706328240300e-06
4.171633270738609967e-06
4.235132919893203860e-06
4.299599146208604269e-06
4.365046662701649690e-06
4.431490406347387669e-06
4.498945541488052926e-06
4.567427463294073619e-06
4.636951801277608903e-06
4.707534422859720615e-06
4.779191436991704246e-06
4.851939197831630362e-06
4.925794308476862206e-06
5.000773624753289775e-06
5.076894259062334080e-06
5.154173584286516968e-06
5.232629237754379146e-06
5.312308164210850553e-06
5.393344590175167962e-06
5.475617183569917546e-06
5.559144801469540062e-06
5.643946588603086071e-06
5.730041981742195589e-06
5.817450714156133939e-06
5.906192820134608876e-06
5.996288639579762349e-06
6.087758822668090773e-06
6.180624334583471158e-06
6.274906460322513705e-06
6.370626809573088717e-06
6.467807321667285694e-06
6.566470270610049734e-06
6.666638270184329573e-06
6.768334279134303429e-06
6.871581606427541543e-06
6.976403916597433559e-06
7.082825235167235997e-06
7.190869954156744407e-06
7.300562837672952226e-06
7.411929027586134599e-06
7.524994049292379537e-06
7.639783817564025004e-06
7.756324642489491013e-06
7.874643235503492675e-06
7.994766715509476503e-06
8.116722615095287098e-06
8.240538886843650691e-06
8.366243909739096786e-06
8.493866495672346180e-06
8.623435896044191482e-06
8.754981808469932295e-06
8.888534383586084545e-06
9.024124231961093602e-06
9.161782431111284463e-06
9.301540532623854879e-06
9.443430569388681724e-06
9.587485062940285689e-06
9.733737030911797451e-06
9.882219994602719332e-06
1.003296798666213416e-05
1.018601555888899440e-05
1.034139779015153634e-05
1.049915029442734051e-05
1.065930922896629664e-05
1.082191130257775716e-05
1.098699378404443907e-05
1.115459451066444620e-05
1.132475189692360766e-05
1.149750494330029887e-05
1.167289324520438019e-05
1.185095700205248915e-05
1.203173702648200218e-05
1.221527475370520402e-05
1.239530383931225508e-05
1.257483080032342788e-05
1.275695793396027509e-05
1.294172289973449389e-05
1.312916390259795797e-05
1.331931970084273637e-05
1.351222961411530580e-05
1.370793353154681848e-05
1.390647192000138359e-05
1.410788583244353135e-05
1.431221691642700277e-05
1.451950742270649630e-05
1.472980021397398944e-05
1.494313877372188643e-05
1.515956721523427646e-05
1.537913029070840101e-05
1.560187340050851764e-05
1.582784260255351872e-05
1.605708462184049891e-05
1.628964686010655167e-05
1.652557740563018394e-05
1.676492504317487979e-05
1.700773926407648362e-05
1.725407027647702171e-05
1.750396901570639200e-05
1.775748715481461574e-05
1.801467711525661262e-05
1.827559207773154587e-05
1.854028599317952914e-05
1.880881359393729097e-05
1.908123040505537522e-05
1.935759275577961848e-05
1.963795779119857136e-05
1.992238348405957760e-05
2.021092864675656036e-05
2.050365294349047100e-05
2.080061690260684920e-05
2.110188192911146649e-05
2.140751031736726551e-05
2.171756526397562029e-05
2.203211088084366601e-05
2.235121220844121841e-05
2.267493522924938698e-05
2.300334688140443258e-05
2.333651507253883464e-05
2.367450869382280713e-05
2.401739763420963759e-05
2.436525279488682821e-05
2.471814610393682329e-05
2.507615053121004718e-05
2.543934010341311237e-05
2.580778991941607022e-05
2.618157616578091018e-05
2.656077613251492245e-05
2.694546822905275282e-05
2.732647524579139210e-05
2.766699782355223818e-05
2.801176374499066837e-05
2.836082588755664294e-05
2.871423778762028926e-05
2.907205364868287656e-05
2.943432834969012920e-05
2.980111745344910163e-05
3.017247721514998708e-05
3.054846459099406635e-05
3.092913724692920261e-05
3.131455356749419694e-05
3.170477266477332925e-05
3.209985438746249751e-05
3.249985933004835115e-05
3.290484884210177394e-05
3.331488503768719356e-05
3.373003080488915433e-05
3.415034981545757628e-05
3.457590653457323865e-05
3.500676623073490409e-05
3.544299498576971669e-05
3.588465970496828320e-05
3.633182812734607741e-05
3.678456883603273292e-05
3.724295126879073543e-05
3.770704572866526291e-05
3.817692339476669810e-05
3.865265633318760253e-05
3.913431750805522935e-05
3.962198079272305110e-05
4.011572098109968994e-05
4.061561379912147061e-05
4.112173591636547262e-05
4.163416495780929518e-05
4.215297951573657284e-05
4.267825916178997651e-05
4.321008445917657199e-05
4.374853697502267640e-05
4.429369929288481266e-05
4.484565502541575229e-05
4.540448882718744903e-05
4.597028640767603357e-05
4.654313454440588794e-05
4.712312109625991439e-05
4.771033501695414234e-05
4.830486636868085414e-05
4.890680633592158508e-05
4.951624723943230812e-05
5.013328255040281619e-05
5.075800690479261924e-05
5.139051611784543655e-05
5.203090719878458145e-05
5.267927836569144735e-05
5.333572906056945339e-05
5.400035996459563161e-05
5.460149865798987433e-05
5.517357761709947744e-05
5.575165044713764086e-05
5.633577994798202166e-05
5.692602957748663583e-05
5.751864637805410895e-05
5.809292029055424460e-05
5.867292783114460729e-05
5.925872624514006288e-05
5.985037334940076370e-05
6.044792753803806732e-05
6.103197682487047465e-05
6.160868107339110861e-05
6.219083472413589400e-05
6.277848926967632905e-05
6.337169668914776515e-05
6.396795014720412593e-05
6.453457471658468204e-05
6.510621841510548329e-05
6.568292570193525739e-05
6.626474143005954716e-05
6.685171084976922586e-05
6.742095743023854011e-05
6.797492169306958729e-05
6.853343760298783859e-05
6.909654255859913976e-05
6.966427426579513600e-05
7.023663958191497315e-05
7.076513255359298418e-05
7.129760215090095109e-05
7.183407829580976719e-05
7.237459113543711774e-05
7.291917104374195241e-05
7.344165109969969917e-05
7.393775118227937748e-05
7.443720243259888765e-05
7.494002748787536303e-05
7.544624913824087627e-05
7.595589032777495212e-05
7.640910781294939767e-05
7.686070718398848526e-05
7.731497563464056653e-05
7.777192893991903067e-05
7.823158296807156576e-05
7.866516955442030173e-05
7.905761657388289123e-05
7.945202144411914235e-05
7.984839393251060653e-05
8.024674385516598440e-05
8.064708107716534228e-05
8.097887025378850236e-05
8.130100966357942528e-05
8.162443056567832904e-05
8.194913805794810067e-05
8.227513725853123584e-05
8.257161231042631320e-05
8.280682750333021502e-05
8.304271273506979765e-05
8.327926991433147257e-05
8.351650095523859994e-05
8.375440777736764314e-05
8.390997849751348308e-05
8.404476350632680305e-05
8.417976502095876731e-05
8.431498338918406847e-05
8.445041895933550575e-05
8.455582810672131753e-05
8.457696573696347326e-05
8.459810865128152663e-05
8.461925685099621209e-05
8.464041033742917208e-05
8.466156911190180509e-05
8.458926697244436796e-05
8.448252865886444205e-05
8.437592503220159876e-05
8.426945592250217377e-05
8.416312116002716125e-05
8.402950407440562043e-05
8.378410134860783329e-05
8.353941530558109093e-05
8.329544385229977073e-05
8.305218490185076511e-05
8.280963637341570054e-05
8.246992877112076139e-05
8.208199642742937982e-05
8.169588888831235806e-05
8.131159757002650993e-05
8.092911392920528683e-05
8.052871830775702375e-05
7.999756780207819586e-05
7.946992065353190686e-05
7.894575375471109637e-05
7.842504415061965191e-05
7.790776903766799045e-05
7.730121508769718908e-05
7.663679777032693407e-05
7.597809123474882410e-05
7.532504639580519493e-05
7.467761459023379751e-05
7.402666002061007798e-05
7.324284001704617103e-05
7.246731937208937156e-05
7.170001020924624403e-05
7.094082558249019746e-05
7.018967946640981457e-05
6.937797116082109687e-05
6.851496590924855540e-05
6.766269573758379994e-05
6.682102711020736522e-05
6.598982815257431640e-05
6.516896863055067024e-05
6.425419072567880609e-05
6.335156759840922919e-05
6.246162424347299089e-05
6.158418253932500328e-05
6.071906686661650461e-05
5.983455166544024792e-05
5.892637432994117389e-05
5.803198143921092762e-05
5.715116377098660171e-05
5.628371527861016874e-05
5.542943304282887100e-05
5.456600638169291617e-05
5.371428316769936593e-05
5.287585453913299527e-05
5.205051298021995247e-05
5.123805421430971765e-05
5.044565688690441115e-05
4.967678994688853829e-05
4.891964168411727003e-05
4.817403348849668766e-05
4.743978947221671013e-05
4.671673642825953756e-05
4.605006886231298853e-05
4.540031511479237906e-05
4.475972921311537712e-05
4.412818180151020179e-05
4.350554534937956446e-05
4.291331389208340099e-05
4.237361973585595181e-05
4.184071297859280381e-05
4.131450825938322074e-05
4.079492129084772459e-05
4.028186884563698662e-05
3.981328128948156855e-05
3.936011116329163453e-05
3.891209919429488429e-05
3.846918667035647318e-05
3.803131554762541203e-05
3.759759507454903696e-05
3.716643443613090514e-05
3.674021824949884714e-05
3.631888981280845778e-05
3.590239307445913379e-05
3.549067262563702620e-05
3.502961553268545635e-05
3.455410773616650653e-05
3.408505469688973439e-05
3.362236879506973680e-05
3.316596360031185959e-05
3.268975147179638188e-05
3.211062250673917239e-05
3.154175334308968043e-05
3.098296221904479441e-05
3.043407059287869394e-05
2.989490308589601425e-05
2.926494315224954670e-05
2.859669137286014479e-05
2.794369882149431707e-05
2.730561706056164762e-05
2.668210560888662909e-05
2.606035216561621265e-05
2.536500290533721068e-05
2.468820713929724246e-05
2.402946981821942692e-05
2.338830910186345273e-05
2.276425600657898404e-05
2.215781409677327178e-05
2.156818391808808626e-05
2.099424408440258452e-05
2.043557706802711171e-05
1.989177645188644209e-05
1.936736200716678607e-05
1.894129536743955933e-05
1.852460185666106053e-05
1.811707527341075775e-05
1.771851395253644593e-05
1.732872066535961345e-05
1.699470413839940957e-05
1.670999043879775123e-05
1.643004657161444774e-05
1.615479262744819175e-05
1.588415003562651683e-05
1.561804154177791001e-05
1.535377632051689416e-05
1.509394628687226521e-05
1.483851332434385128e-05
1.458740302184790553e-05
1.434054222755004386e-05
1.405723633344035574e-05
1.373145199534778768e-05
1.341321789205452760e-05
1.310235904263338369e-05
1.279870452143843331e-05
1.250208736412139806e-05
1.215215183311085413e-05
1.180682869319818621e-05
1.147131847140872850e-05
1.114534231772936982e-05
1.082862930612321214e-05
1.053214080236585547e-05
1.026126234115886610e-05
9.997350663070593056e-06
9.740226587863499614e-06
9.489715543676263603e-06
9.245647448499883485e-06
9.051184781799711341e-06
8.868272111952447490e-06
8.689055869213572008e-06
8.513461353599887990e-06
8.341415374717698169e-06
8.168409577901651240e-06
7.989638036329389974e-06
7.814779039025549905e-06
7.643746957133764453e-06
7.476458035847085291e-06
7.312830353392890290e-06
7.130449243762452010e-06
6.946598770159091526e-06
6.767488670617541002e-06
6.592996720017554105e-06
6.423003844673694567e-06
6.260627493784590873e-06
6.111854720993346826e-06
5.966617270810905236e-06
5.824831132529434950e-06
5.686414291807401709e-06
5.551286683229547390e-06
5.426253509610522559e-06
5.306714016703951685e-06
5.189807959618082930e-06
5.075477324184904173e-06
4.963665374279266317e-06
4.853189009028475357e-06
4.740209273442252018e-06
4.629859647795984996e-06
4.522078904487570799e-06
4.416807241261876448e-06
4.313986248029424860e-06
4.215538449873599023e-06
4.120389026553948721e-06
4.027387232265712572e-06
3.936484592616789417e-06
3.847633727336347748e-06
3.761147112518362232e-06
3.679329918604094130e-06
3.599292515009026462e-06
3.520996185499717961e-06
3.444403056046827873e-06
3.369476076504458228e-06
3.296579283731988339e-06
3.225542914189872493e-06
3.156037272521533472e-06
3.088029373823060274e-06
3.021486943966051625e-06
2.956486123613390917e-06
2.895049785265779762e-06
2.834890105597340928e-06
2.775980555400334513e-06
2.718295156748936460e-06
2.661808471543536380e-06
2.609331377031509148e-06
2.560534888030802157e-06
2.512650930631003311e-06
2.465662439794459489e-06
2.419552669612734559e-06
2.374305187338671878e-06
2.329903867530027978e-06
2.286332886302655989e-06
2.243576715691104265e-06
2.201620118114751095e-06
2.160448140947355346e-06
2.120046111188191778e-06
2.080399630232876623e-06
2.041494568741900540e-06
2.003317061605207900e-06
1.965853503000873813e-06
1.929090541546237335e-06
1.893015075539681823e-06
1.857614248291426582e-06
1.822875443541590446e-06
1.788786280964003457e-06
1.755334611754021351e-06
1.722508514298948837e-06
1.690296289929331436e-06
1.658686458749780119e-06
1.627667755547707305e-06
1.597229125778592068e-06
1.567359721626356427e-06
1.538048898137348786e-06
1.509286209426691309e-06
1.481061404955519511e-06
1.453364425877874843e-06
1.426185401455895665e-06
1.399514645542063372e-06
1.373342653127201773e-06
1.347660096953077783e-06
1.322457824188289223e-06
1.297726853166388591e-06
1.273458370184934754e-06
1.249643726364462688e-06
1.226274434566151130e-06
1.203640406789466934e-06
1.182162391830653590e-06
1.161067635130674106e-06
1.140349297747792140e-06
1.120000662775802072e-06
1.100015133166384587e-06
1.080386229590365216e-06
1.061107588337089985e-06
1.042172959251311295e-06
1.023576203706874195e-06
1.005311292616572668e-06
9.873723044775162796e-07
9.697534234513700279e-07
9.524489374788460859e-07
9.354532364278637260e-07
9.187608102747242603e-07
9.023662473177614367e-07
8.862642324228666360e-07
8.704495453003104555e-07
8.549170588123254581e-07
8.396617373108683878e-07
8.246786350050793606e-07
8.099628943578372717e-07
7.955097445109459758e-07
7.813144997384127387e-07
7.673725579273345621e-07
7.536793990858925290e-07
7.402305838779551578e-07
7.270217521838522174e-07
7.140486216868144868e-07
7.013069864846390030e-07
6.887927157261352109e-07
6.765017522719007578e-07
6.644301113789888054e-07
6.525738794090542482e-07
6.409292125595375336e-07
6.294923356175161425e-07
6.182595407357668624e-07
6.072271862306757927e-07
5.963916954016098356e-07
5.857495553713360027e-07
5.751688519876118248e-07
5.626351026281165224e-07
5.503744815377611276e-07
5.383810368621344133e-07
5.266489464462241125e-07
5.151725150080660741e-07
5.039461713740213109e-07
4.929644657742623737e-07
4.822220671972176655e-07
4.717137608016597886e-07
4.614344453851830454e-07
4.513791309078611657e-07
4.415429360698488561e-07
4.319210859417853193e-07
4.225089096468292481e-07
4.133018380932029249e-07
4.042954017561549216e-07
3.954852285082522771e-07
3.868670414969501363e-07
3.784366570684201342e-07
3.701899827366136221e-07
3.621230151965900945e-07
3.542318383811304286e-07
3.465126215597056360e-07
3.389616174788654198e-07
3.315751605431537108e-07
3.243496650356677816e-07
3.172816233773880692e-07
3.103676044244423697e-07
3.036042518024780686e-07
2.969882822773214220e-07
2.905164841611550469e-07
2.841857157534176744e-07
2.779929038156822581e-07
2.719350420797716038e-07
2.660091897883727994e-07
2.602124702674733495e-07
2.545420695298863312e-07
2.489952349092181778e-07
2.435692737236014134e-07
2.382615519685441700e-07
2.330694930382690237e-07
2.267951982739077876e-07
2.204470577541973258e-07
2.142766056880559838e-07
2.082788684636922582e-07
2.024490116838455934e-07
1.967823362690803935e-07
1.912742746701560143e-07
1.859203871864126957e-07
1.807163583872102758e-07
1.756579936335313295e-07
1.707412156969485747e-07
1.659620614732274314e-07
1.613166787879188995e-07
1.568013232913624290e-07
1.524123554406062824e-07
1.481462375657979394e-07
1.439995310186942406e-07
1.399688934009836335e-07
1.360510758701878759e-07
1.322429205209786812e-07
1.285413578397876763e-07
1.249434042306647457e-07
1.214461596103919087e-07
1.180468050709062850e-07
1.147426006071595052e-07
1.115308829085707148e-07
1.084090632123007797e-07
1.053746252166135671e-07
1.024251230526436024e-07
9.955817931293736594e-08
9.677148313517367866e-08
9.406278833952398367e-08
9.142991161814863090e-08
8.887073077537058714e-08
8.638318301710628244e-08
8.396526328817899084e-08
8.161502265617012021e-08
7.933056674050743492e-08
7.711005418552502189e-08
7.495169517626148197e-08
7.285374999580516674e-08
7.060257609365473641e-08
6.828340861184436406e-08
6.604042160539740294e-08
6.387111268288558466e-08
6.177306165193296620e-08
5.974392781912504670e-08
5.778144737861032703e-08
5.588343088648352294e-08
5.404776081812768147e-08
5.227238920579724384e-08
5.055533535379883549e-08
4.889468362872540896e-08
4.728858132227821854e-08
4.573523658428874806e-08
4.423291642364068583e-08
4.277994477485449572e-08
4.137470062818372307e-08
4.001561622113273670e-08
3.870117528938045832e-08
3.742991137515840288e-08
3.620040619119503330e-08
3.501128803840157617e-08
3.386123027553405573e-08
3.274894983912417871e-08
3.167320581202817015e-08
3.063279803899587045e-08
2.962656578771555240e-08
2.865338645384203572e-08
2.771217430856065882e-08
2.680187928729371198e-08
2.592148581819352686e-08
2.507001168911894288e-08
2.424650695182892561e-08
2.345005286217102901e-08
2.267976085508420869e-08
2.193477155326923617e-08
2.121425380842375796e-08
2.051740377397031426e-08
1.984344400824383451e-08
1.919162260713800905e-08
1.856121236524243789e-08
1.793372472017282441e-08
1.729819780796526686e-08
1.668519239993153787e-08
1.609391038958644421e-08
1.552358195336730221e-08
1.497346454835724858e-08
1.444284194552655011e-08
1.393102329723320488e-08
1.343734223776956775e-08
1.296115601578293810e-08
1.250184465744103653e-08
1.205881015925309265e-08
1.163147570949497910e-08
1.121928493722563978e-08
1.082170118791601781e-08
1.043820682474814243e-08
1.006830255467456230e-08
9.711506778360048081e-09
9.367354963160586075e-09
9.035399038321683943e-09
8.715206811609878960e-09
8.406361406616942331e-09
8.108460720005039018e-09
7.821116897985433278e-09
7.543955831349859402e-09
7.276616668396399020e-09
7.018751345116237983e-09
6.770024132029428230e-09
6.530111197079539869e-09
6.298700184018520084e-09
6.075489805732276047e-09
5.860189451977935293e-09
5.652518811021919309e-09
5.452207504686116892e-09
5.258994736327351451e-09
5.072628951291333330e-09
4.892867509399505083e-09
4.719476369041934685e-09
4.552229782465281078e-09
4.390910001859099685e-09
4.235306995857546290e-09
4.084523717104653514e-09
3.935036590586735337e-09
3.791020457149603011e-09
3.652275087074553726e-09
3.518607578734862083e-09
3.389832090399064262e-09
3.265769581850054141e-09
3.146247565460221969e-09
3.031099866377185125e-09
2.920166391486075161e-09
2.813292906827517762e-09
2.710330823161872270e-09
2.611136989381257914e-09
2.515573493482661023e-09
2.423507470824830323e-09
2.334810919402889013e-09
2.249360521883443536e-09
2.167037474153032830e-09
2.087727320141379891e-09
2.011319792689901328e-09
1.937708660244086677e-09
1.866791579156827845e-09
1.798469951397044650e-09
1.732648787466152012e-09
1.669236574331373431e-09
1.608145148192638464e-09
1.549289571905899074e-09
1.492588016892635626e-09
1.437961649371248202e-09
1.385334520752229866e-09
1.334633462044673923e-09
1.285787982127337578e-09
1.238730169742852972e-09
1.193394599078767266e-09
1.149718238804197363e-09
1.107640364435547651e-09
1.067102473909578804e-09
1.028048206246274098e-09
9.904232631886307386e-10
9.541753337102007515e-10
9.192540212856220209e-10
8.856107738228706454e-10
8.528086643361442589e-10
8.211855388992246636e-10
7.907350352990890815e-10
7.614136713702935180e-10
7.331795773160703680e-10
7.059924359198204466e-10
6.798134249736922532e-10
6.546051618419150453e-10
6.303316500798176998e-10
6.069582280322719621e-10
5.844515193381521451e-10
5.627793852701712965e-10
5.419108788419880201e-10
5.218162006170764182e-10
5.024666561562729837e-10
4.838346150431979109e-10
4.658934714290612981e-10
4.486176060405315643e-10
4.319823495963750651e-10
4.159639475806599695e-10
4.005395263222101049e-10
3.856870603318563547e-10
3.713853408508923859e-10
