4.742655564284888951e-09
4.807982338617347193e-09
4.874208943727466193e-09
4.941347774156984479e-09
5.009411395173731175e-09
5.078412545123401396e-09
5.148364137813524685e-09
5.219279264930261774e-09
5.291171198488710425e-09
5.364053393316639298e-09
5.437939489572775631e-09
5.512843315299437461e-09
5.588778889010651897e-09
5.665760422315708146e-09
5.743802322578834358e-09
5.822919195615750995e-09
5.903125848427017201e-09
5.984437291969394399e-09
6.066868743965015335e-09
6.150435631749599372e-09
6.235153595159661895e-09
6.321038489459487944e-09
6.408106388308677407e-09
6.496373586770183178e-09
6.585856604360196389e-09
6.676572188139620621e-09
6.768537315848558691e-09
6.861769199083537366e-09
6.955943230917533537e-09
7.049713942236800832e-09
7.144748744709406339e-09
7.241064679119421960e-09
7.338679015971920253e-09
7.437609258589886531e-09
7.537873146252573541e-09
7.639488657376471659e-09
7.742474012739007924e-09
7.846847678745726653e-09
7.952628370741522386e-09
8.059835056366508317e-09
8.168486958957116625e-09
8.278603560993061002e-09
8.390204607590755299e-09
8.503310110043828524e-09
8.617940349411373135e-09
8.734115880154523828e-09
8.851857533822241999e-09
8.971186422786426644e-09
9.092123944027736382e-09
9.214691782972271514e-09
9.338911917380001192e-09
9.464806621285628872e-09
9.592398468992556148e-09
9.721710339120719199e-09
9.852765418708966230e-09
9.985587207372753428e-09
1.012019952151785594e-08
1.025662649861100710e-08
1.039489260150787278e-08
1.053502262283960348e-08
1.067704168945840065e-08
1.082097526694303557e-08
1.096684916416508642e-08
1.111468953791684678e-08
1.126452289760138342e-08
1.141637610998605877e-08
1.157027640402001089e-08
1.172625137571660697e-08
1.188432899310171047e-08
1.204453760122865553e-08
1.220690592726079869e-08
1.237146308562271996e-08
1.253823858322060435e-08
1.270726232473325466e-08
1.287856461797430969e-08
1.305217617932676126e-08
1.322812813925071156e-08
1.340645204786552370e-08
1.358717988060693312e-08
1.377034404396070625e-08
1.395597738127345359e-08
1.414411317864180001e-08
1.433478517088094784e-08
1.452802754757367492e-08
1.472017716077081456e-08
1.491302097228143841e-08
1.510839116205716673e-08
1.530632082728219461e-08
1.550684349873505148e-08
1.570999314646916303e-08
1.591580418556753680e-08
1.612431148197298592e-08
1.633555035839455271e-08
1.654955660029164758e-08
1.676636646193627040e-08
1.698601667255464795e-08
1.720854444254970001e-08
1.743398746980446670e-08
1.766238394606868061e-08
1.789377256342860631e-08
1.812819252086168241e-08
1.836568353087733259e-08
1.860628582624446198e-08
1.885004016680707137e-08
1.909698784638951459e-08
1.934717069979186576e-08
1.960063110987694132e-08
1.985741201475053553e-08
2.011755691503515701e-08
2.038110988123964226e-08
2.064811556122485773e-08
2.091861918776747902e-08
2.119266658622259835e-08
2.147030418228716535e-08
2.175157900986452912e-08
2.203653871903262279e-08
2.232523158411612461e-08
2.261770651186435593e-08
2.291401304973671926e-08
2.321420139429628854e-08
2.351832239971333172e-08
2.382642758638067476e-08
2.413856914964151259e-08
2.445479996863153973e-08
2.477517361523736924e-08
2.509974436317187203e-08
2.542856719716839527e-08
2.576169782229595092e-08
2.609919267339565915e-08
2.644110892464160288e-08
2.678750449922641467e-08
2.713843807917372654e-08
2.749396911527967991e-08
2.785415783718418041e-08
2.821906526357407808e-08
2.858875321252052952e-08
2.896328431195128646e-08
2.934272201026015062e-08
2.972713058705597408e-08
3.011404311715211910e-08
3.049344844585128755e-08
3.087763388338152564e-08
3.126665965409593323e-08
3.166058674111098268e-08
3.205947689586665547e-08
3.246339264780604356e-08
3.287239731417759187e-08
3.328655500996077590e-08
3.370593065791633296e-08
3.413058999876360126e-08
3.456059960148619110e-08
3.499602687376680213e-08
3.543694007255417114e-08
3.588340831476314293e-08
3.633550158810885041e-08
3.679329076207843822e-08
3.725684759903997923e-08
3.772624476549203828e-08
3.820155584345500794e-08
3.868285534200524883e-08
3.917021870895535634e-08
3.966372234268106327e-08
4.016344360409767690e-08
4.066946082878649385e-08
4.118185333927523594e-08
4.170070145747193797e-08
4.222608651725635061e-08
4.275809087722999644e-08
4.329679793362603733e-08
4.384229213338262583e-08
4.439465898738094482e-08
4.495398508384924588e-08
4.552035810193654559e-08
4.609386682545737628e-08
4.667460115680884173e-08
4.726265213106385573e-08
4.785811193024197969e-08
4.846107389775905691e-08
4.907163255306036191e-08
4.968988360643666909e-08
5.031592397402791277e-08
5.094985179301596721e-08
5.159176643700786340e-08
5.224176853161384332e-08
5.289995997022111186e-08
5.356644392996689301e-08
5.424132488791158430e-08
5.492470863741731010e-08
5.561670230473115916e-08
5.631741436577845980e-08
5.702695466316766779e-08
5.774543442340844182e-08
5.847296627434769097e-08
5.920966426282531478e-08
5.995564387255131002e-08
6.068416376031245513e-08
6.140813524676363663e-08
6.214074382534434555e-08
6.288209253790316092e-08
6.363228565559424849e-08
6.439142869354271714e-08
6.515962842568546992e-08
6.593699289978901879e-08
6.672363145264667184e-08
6.751965472545619140e-08
6.832517467938240988e-08
6.914030461130410156e-08
6.996515916974937232e-08
7.079985437102102287e-08
7.164450761551453259e-08
7.249923770422984188e-08
7.336416485548169759e-08
7.423941072180783349e-08
7.512509840707963138e-08
7.602135248381675837e-08
7.692829901070837421e-08
7.784606555034347643e-08
7.877478118715210371e-08
7.971457654556200326e-08
8.066558380837048431e-08
8.162793673533610304e-08
8.260177068199225701e-08
8.358722261868435647e-08
8.458443114983578731e-08
8.559353653344201699e-08
8.661468070079816393e-08
8.764800727646172443e-08
8.869366159845360700e-08
8.975179073869931380e-08
9.082254352371578808e-08
9.190607055554321295e-08
9.300252423292746574e-08
9.411205877275510731e-08
9.523483023174426792e-08
9.637099652839334879e-08
9.752071746519352145e-08
9.868415475110425730e-08
9.986147202429801515e-08
1.010528348751760057e-07
1.022584108696588449e-07
1.034783695727539484e-07
1.047128825724061663e-07
1.059621235036309829e-07
1.072262680729365011e-07
1.085054940830367671e-07
1.097999814578599682e-07
1.111099122678540314e-07
1.124354707555961888e-07
1.137768433617060177e-07
1.151342187510685882e-07
1.164912873991958444e-07
1.177827260273069148e-07
1.190884817238221039e-07
1.204087132097547070e-07
1.217435809657215529e-07
1.230932472514491669e-07
1.244578761254987195e-07
1.258376334652072339e-07
1.272326869868508604e-07
1.286432062660319014e-07
1.300693627582912520e-07
1.315113298199498839e-07
1.329692827291810131e-07
1.344433987073164204e-07
1.359338569403873983e-07
1.374408386009072893e-07
1.389645268698929388e-07
1.405051069591314189e-07
1.420627661336934481e-07
1.436376937346963973e-07
1.452300812023199209e-07
1.468401220990752229e-07
1.484680121333354468e-07
1.501139491831235638e-07
1.517781333201659375e-07
1.534607668342119638e-07
1.551620542576233047e-07
1.568822023902358673e-07
1.586214203244976765e-07
1.603799194708837288e-07
1.621579135835960034e-07
1.639556187865449016e-07
1.657732535996207142e-07
1.676110389652555427e-07
1.694691982752800935e-07
1.713479573980779927e-07
1.732475447060415645e-07
1.751681911033301864e-07
1.771101300539400350e-07
1.790735976100811712e-07
1.810588324408713644e-07
1.830660758613475265e-07
1.850955718617985157e-07
1.871475671374235984e-07
1.892223111183197445e-07
1.913200559997995046e-07
1.934410567730489168e-07
1.955855712561214492e-07
1.977538601252774238e-07
1.999461869466704078e-07
2.021628182083850969e-07
2.044040233528301572e-07
2.066700748094907141e-07
2.089612480280418335e-07
2.112778215118333501e-07
2.136200768517414586e-07
2.158070822926519755e-07
2.179262596718116903e-07
2.200662468998259159e-07
2.222272483247660060e-07
2.244094703013558390e-07
2.266131212106751277e-07
2.288384114800611997e-07
2.310855536031990040e-07
2.333547621604154118e-07
2.356462538391682819e-07
2.379602474547364312e-07
2.402969639711178700e-07
2.426566265221256871e-07
2.450394604326988691e-07
2.474456932404168579e-07
2.498755547172259194e-07
2.523292768913834909e-07
2.548070940696107393e-07
2.573092428594700072e-07
2.598359621919572461e-07
2.623874933443156313e-07
2.649640799630793576e-07
2.675659680873349648e-07
2.701934061722195130e-07
2.728466451126441230e-07
2.755259382672501860e-07
2.782315414826067118e-07
2.809637131176366421e-07
2.837227140682915553e-07
2.865088077924630642e-07
2.893222603351386889e-07
2.921633403538108332e-07
2.950323191441258954e-07
2.979294706657950063e-07
3.008550715687524179e-07
3.038094012195710202e-07
3.067927417281438261e-07
3.098053779746173427e-07
3.128475976366000694e-07
3.159196912166279120e-07
3.190219520699087997e-07
3.221546764323332175e-07
3.253181634487600779e-07
3.285127152015867178e-07
3.317386367395894714e-07
3.349962361070581617e-07
3.382858243732063025e-07
3.416077156618795083e-07
3.449622271815495133e-07
3.483496792556023755e-07
3.517703953529310835e-07
3.552247021188180600e-07
3.587129294061318085e-07
3.622354103068221928e-07
3.657924811837256238e-07
3.692638295352409453e-07
3.721729492947696697e-07
3.751049875670212740e-07
3.780601249077208049e-07
3.810385432950381305e-07
3.840404261407985810e-07
3.870659583017746381e-07
3.901153260910708526e-07
3.931887172895939409e-07
3.962863211576211902e-07
3.994083284464520322e-07
4.025549314101550665e-07
4.057263238174083636e-07
4.089227009634281769e-07
4.121442596820002517e-07
4.153911983575987491e-07
4.186637169375998257e-07
4.219620169445998223e-07
4.252863014888215962e-07
4.286367752806229747e-07
4.320136446431037818e-07
4.354171175248075733e-07
4.388474035125327459e-07
4.423047138442352307e-07
4.457892614220383378e-07
4.493012608253397960e-07
4.528409283240311323e-07
4.564084818918117584e-07
4.600041412196139673e-07
4.636281277291275607e-07
4.672806645864408913e-07
4.709619767157796313e-07
4.746722908133595728e-07
4.784118353613427661e-07
4.821808406419136192e-07
4.859795387514551058e-07
4.898081636148432401e-07
4.936669509998525140e-07
4.975561385316709703e-07
5.014759657075389446e-07
5.054266739114935790e-07
5.094085064292352036e-07
5.134217084631047846e-07
5.174665271471901217e-07
5.215432115625397246e-07
5.256520127525037442e-07
5.297931837381890416e-07
5.339669795340465005e-07
5.381736571635708884e-07
5.424134756751291496e-07
5.466866961579140590e-07
5.509935817580178371e-07
5.553343976946428782e-07
5.597094112764313808e-07
5.641188919179224569e-07
5.685631111561494248e-07
5.724339685624326221e-07
5.760293799817171425e-07
5.796473738890843533e-07
5.832880921233152829e-07
5.869516774140672852e-07
5.906076514399322053e-07
5.940905555239510723e-07
5.975939988285994359e-07
6.011181024768168383e-07
6.046629883058265418e-07
6.082287788713413652e-07
6.116636136320194994e-07
6.150168620147448416e-07
6.183884934996618304e-07
6.217786088661960414e-07
6.251873094462637364e-07
6.285951958756213060e-07
6.317541822289469230e-07
6.349290439736943940e-07
6.381198608911673021e-07
6.413267131636114288e-07
6.445496813762222223e-07
6.476161872364036236e-07
6.505462132609573903e-07
6.534894956751334125e-07
6.564460944551476460e-07
6.594160698485627340e-07
6.623992526777152321e-07
6.650391241333729907e-07
6.676895163154283560e-07
6.703504711523166196e-07
6.730220307395731919e-07
6.757042373404970403e-07
6.782050243132553740e-07
6.804949094847604966e-07
6.827925262033814443e-07
6.850979005738395358e-07
6.874110587890015146e-07
6.897320271301657405e-07
6.916309139725374847e-07
6.935040846771884428e-07
6.953823285623723827e-07
6.972656593679800425e-07
6.991540908711142235e-07
7.008416487267913432e-07
7.022226166151255015e-07
7.036063056207205953e-07
7.049927211053822134e-07
7.063818684414793983e-07
7.077737530119687867e-07
7.086667172187187909e-07
7.094826946631023395e-07
7.102996116453160406e-07
7.111174692471697279e-07
7.119362685517146680e-07
7.125380005655245624e-07
7.127005342676749059e-07
7.128631050446244279e-07
7.130257129048330818e-07
7.131883578567567976e-07
7.133510399088577519e-07
7.129278173268394030e-07
7.123564413893653903e-07
7.117855233810870137e-07
7.112150629349968617e-07
7.106450596843818665e-07
7.098629908257550282e-07
7.084900135634760231e-07
7.071196918369638819e-07
7.057520205100328411e-07
7.043869944564270100e-07
7.030246085598052307e-07
7.010069489051968420e-07
6.987527112898761357e-07
6.965057226572285611e-07
6.942659596966015250e-07
6.920333991723028384e-07
6.896155855472745808e-07
6.864215298689498876e-07
6.832422679277305043e-07
6.800777312042542267e-07
6.769278514965150970e-07
6.737925609184001540e-07
6.699835227042764353e-07
6.658475698187846294e-07
6.617371490631009132e-07
6.576521028218762452e-07
6.535922744527589180e-07
6.494189917180118767e-07
6.443408127829728434e-07
6.393023430366485642e-07
6.343032719701536488e-07
6.293432915026532493e-07
6.244220959623727934e-07
6.188857065388101972e-07
6.129574644137388181e-07
6.070860083063798009e-07
6.012707942693471649e-07
5.955112835656693666e-07
5.897430054725494975e-07
5.830567175137236662e-07
5.764462362134821686e-07
5.699107021039836750e-07
5.634492654617129614e-07
5.570610861970056844e-07
5.502638018917536689e-07
5.431231974331458739e-07
5.360752544068519036e-07
5.291187703739083488e-07
5.222525584990287423e-07
5.154754473481273206e-07
5.080431767899890585e-07
5.007131729434829547e-07
4.934889257705124923e-07
4.863689094227646193e-07
4.793516200667400167e-07
4.722091803763976267e-07
4.649110058223825330e-07
4.577256273638985647e-07
4.506513016938946676e-07
4.436863124488008705e-07
4.368289697921037542e-07
4.299020064339719066e-07
4.230710223867785809e-07
4.163485801522650546e-07
4.097329550411305195e-07
4.032224497687500266e-07
3.968582479783028991e-07
3.906599494585320803e-07
3.845584585639917150e-07
3.785522633126017592e-07
3.726398753370476480e-07
3.668198295159627747e-07
3.613841330616645094e-07
3.560768227160330111e-07
3.508474558674394279e-07
3.456948878327326090e-07
3.406179907396509839e-07
3.357591255421291302e-07
3.312644872489620818e-07
3.268300164146951822e-07
3.224549076078622275e-07
3.181383661789030106e-07
3.138796081158287476e-07
3.099310942522122338e-07
3.060985774856419407e-07
3.023134524943354562e-07
2.985751332455367903e-07
2.948830409531988066e-07
2.912292193891481850e-07
2.875995460194441727e-07
2.840151103109830324e-07
2.804753484538054655e-07
2.769797036648775232e-07
2.735276261005127469e-07
2.697436428476146024e-07
2.658703462570131646e-07
2.620526670159820630e-07
2.582898065051806172e-07
2.545809775727833106e-07
2.507455984206260382e-07
2.462094382005411435e-07
2.417553402366713807e-07
2.373818199663970481e-07
2.330874196838591034e-07
2.288707080540960351e-07
2.240372433406814335e-07
2.189496317285487577e-07
2.139775535497419374e-07
2.091183851813837152e-07
2.043695625798606725e-07
1.996433238266001734e-07
1.944243879776920100e-07
1.893418818919883151e-07
1.843922391182383559e-07
1.795719864368591653e-07
1.748777414227414644e-07
1.703183159468199744e-07
1.658860420053281821e-07
1.615691112210492764e-07
1.573645219645500232e-07
1.532693507192180246e-07
1.493150576125590923e-07
1.460529301179043675e-07
1.428620712277803334e-07
1.397409239172075018e-07
1.366879651779648961e-07
1.337017052754140899e-07
1.311072773867057283e-07
1.288596543574254766e-07
1.266505632035865559e-07
1.244793433582677912e-07
1.223453455789032472e-07
1.202479317531447915e-07
1.181649776908719105e-07
1.161178064733133741e-07
1.141061018557229216e-07
1.121292493903677476e-07
1.101866452746292989e-07
1.079964340144930339e-07
1.055168323700950094e-07
1.030941624602587134e-07
1.007271171305028428e-07
9.841441923865646443e-08
9.615482096577407430e-08
9.353728757583453856e-08
9.095568643067911309e-08
8.844533670456089059e-08
8.600427187963726776e-08
8.363057971336912096e-08
8.140391299839518452e-08
7.936364629413132550e-08
7.737451580766341562e-08
7.543523988656579496e-08
7.354456900110417300e-08
7.170128493912889324e-08
7.020613059366054609e-08
6.879413256514729385e-08
6.741053288896689186e-08
6.605476041246974238e-08
6.472625547012876811e-08
6.339314434114822062e-08
6.202143067523855345e-08
6.067939842678824235e-08
5.936640534328890471e-08
5.808182306942228109e-08
5.682503684634875558e-08
5.544334720939771182e-08
5.405423462314820028e-08
5.269992573967650544e-08
5.137954856506431059e-08
5.009225295287867113e-08
4.886083417457538626e-08
4.772913096293442933e-08
4.662363999635375364e-08
4.554375415294521390e-08
4.448888037283486967e-08
4.345843933246380876e-08
4.249960640601231629e-08
4.158050589721314900e-08
4.068128194296859273e-08
3.980150469102925993e-08
3.894075358517143620e-08
3.809096705825580879e-08
3.722604167591340749e-08
3.638075601329454769e-08
3.555466411448354561e-08
3.474733014981303592e-08
3.395832818592902330e-08
3.320212976727057426e-08
3.247068483330100652e-08
3.175535367562163479e-08
3.105578130676275247e-08
3.037162055965029887e-08
2.970500385537497896e-08
2.907180479865550180e-08
2.845210316638951634e-08
2.784561124420836523e-08
2.725204745073243949e-08
2.667113620683918371e-08
2.610562216782234427e-08
2.555423350528268811e-08
2.501449097227104888e-08
2.448614858561408448e-08
2.396896555766040636e-08
2.346344541904745762e-08
2.298345786435559307e-08
2.251328933021013058e-08
2.205273895064372288e-08
2.160160996876863980e-08
2.115970965271793001e-08
2.074490979567250785e-08
2.035509178908203526e-08
1.997259886029421136e-08
1.959729336362842272e-08
1.922904023990690438e-08
1.886770696785131101e-08
1.851316351639338889e-08
1.816528229788116680e-08
1.782393812216484693e-08
1.748900815154508447e-08
1.716037185656818436e-08
1.683791097265178077e-08
1.652150945752558725e-08
1.621105344947187169e-08
1.590643122635075701e-08
1.560753316539522990e-08
1.531425170376174265e-08
1.502648129982243534e-08
1.474411839518412889e-08
1.446706137742142970e-08
1.419521054351015185e-08
1.392846806394740517e-08
1.366673794754653026e-08
1.340992600689307492e-08
1.315793982445022651e-08
1.291068871930085567e-08
1.266808371451465225e-08
1.243003750512870162e-08
1.219646442672925421e-08
1.196728042462424099e-08
1.174240302359505693e-08
1.152175129821639909e-08
1.130524584373431607e-08
1.109280874749109491e-08
1.088436356088737369e-08
1.067983527187086875e-08
1.047915027794217911e-08
1.028223635966804143e-08
1.008902265469189415e-08
9.899439632233105271e-09
9.713419068065387438e-09
9.531770134629047896e-09
9.355685727855188278e-09
9.182854202536853835e-09
9.013215466823944817e-09
8.846710538968581332e-09
8.683281526817424884e-09
8.522871607683389594e-09
8.365425008588803852e-09
8.210886986873712644e-09
8.059203811162425188e-09
7.910322742681498525e-09
7.764192016923207981e-09
7.620760825647269978e-09
7.479979299215529862e-09
7.341798489252671386e-09
7.206170351627258499e-09
7.073047729747430856e-09
6.942384338164893676e-09
6.814134746481974164e-09
6.688254363555795428e-09
6.564699421994541927e-09
6.443426962939869021e-09
6.324394821130449718e-09
6.207561610241677311e-09
6.092886708495960306e-09
5.980330244538849209e-09
5.869853083576304233e-09
5.761416813767804175e-09
5.654983732870968666e-09
5.550516835132759637e-09
5.447979798423104629e-09
5.347336971605854743e-09
5.248553362143394655e-09
5.151594623929977996e-09
5.056427045349966521e-09
4.963017537556544341e-09
4.871333622967167546e-09
4.781343423971362661e-09
4.693015651847129309e-09
4.606319595882292583e-09
4.521225112696531085e-09
4.436718817025593838e-09
4.337381862389106246e-09
4.240269035754264044e-09
4.145330539486518247e-09
4.052517690907061681e-09
3.961782897329327075e-09
3.873079631654389592e-09
3.786362408512651840e-09
3.701586760939847447e-09
3.618709217575263599e-09
3.537687280370348089e-09
3.458479402796558735e-09
3.381044968541121977e-09
3.305344270679651585e-09
3.231338491315309637e-09
3.158989681673553768e-09
3.088260742642904336e-09
3.019115405751060057e-09
2.951518214567221345e-09
2.885434506520609161e-09
2.820830395126199503e-09
2.757672752608348314e-09
2.695929192913532493e-09
2.635568055103311497e-09
2.576558387119293169e-09
2.518869929911368328e-09
2.462473101921587126e-09
2.407338983915165457e-09
2.353439304151337711e-09
2.300746423886065688e-09
2.249233323199443207e-09
2.198873587140413817e-09
2.149641392181623334e-09
2.101511492977630520e-09
2.054459209419591304e-09
2.008460413979710970e-09
1.963491519339127315e-09
1.919529466292799631e-09
1.876551711925125631e-09
1.834536218050427806e-09
1.793461439912092965e-09
1.753306315134932846e-09
1.705448175145774015e-09
1.657149936453234565e-09
1.610219502361742608e-09
1.564618136687994167e-09
1.520308200256203417e-09
1.477253119830835033e-09
1.435417357929251790e-09
1.394766383489206991e-09
1.355266643367034277e-09
1.316885534643057558e-09
1.279591377711255009e-09
1.243353390131051111e-09
1.208141661219625162e-09
1.173927127363742439e-09
1.140681548030782103e-09
1.108377482459128547e-09
1.076988267008667130e-09
1.046487993152737189e-09
1.016851486093326137e-09
9.880542839819216905e-10
9.600726177287879227e-10
9.328833913840669252e-10
9.064641630744630532e-10
8.807931264798418104e-10
8.558490928343541965e-10
8.316114734373451258e-10
8.080602626595105937e-10
7.851760214303428529e-10
7.629398611931900950e-10
7.413334283147404157e-10
7.203388889359970963e-10
6.999389142522922019e-10
6.801166662101523698e-10
6.608557836092607930e-10
6.421403685979679579e-10
6.239549735512911107e-10
6.062845883204988683e-10
5.891146278437998705e-10
5.724309201078961165e-10
5.562196944504539308e-10
5.404675701938728619e-10
5.236536124675921595e-10
5.063842146535489686e-10
4.896843385495830569e-10
4.735352020891833145e-10
4.579186426133569947e-10
4.428170964433758454e-10
4.282135791272158207e-10
4.140916663374308894e-10
4.004354753989911574e-10
3.872296474263088026e-10
3.744593300493604840e-10
3.621101607094798351e-10
3.501682505060318777e-10
3.386201685758027083e-10
3.274529269875364890e-10
3.166539661346299666e-10
3.062111406095564573e-10
2.961127055441330844e-10
2.863473034002669073e-10
2.769039511963254323e-10
2.677720281547638423e-10
2.589412637571173275e-10
2.504017261929235512e-10
2.421438111895846909e-10
2.341582312106051621e-10
2.264360050100575175e-10
2.189684475315279695e-10
2.117471601401811944e-10
2.047640211769586066e-10
1.980111768242865953e-10
1.914810322730216066e-10
1.851662431806975028e-10
1.790597074114685029e-10
1.731545570484578477e-10
1.674441506695286186e-10
1.619220658777892201e-10
1.565820920784328614e-10
1.514182234937871928e-10
1.464246524087185425e-10
1.415957626387932561e-10
1.369261232138508781e-10
1.322841655648899393e-10
1.275918258485859101e-10
1.230659312386868737e-10
1.187005776499988401e-10
1.144900704250645150e-10
1.104289169054128682e-10
1.065118192663192242e-10
1.027336676057258357e-10
9.908953327831454505e-11
9.557466246602647655e-11
9.218446997664840099e-11
8.891453326237343718e-11
8.576058665053155148e-11
8.271851577896933603e-11
7.978435222881243897e-11
7.695426834761471492e-11
7.422457225613913209e-11
7.159170303225345481e-11
6.905222606566719565e-11
6.660282857743774977e-11
6.424031529841018508e-11
6.196160430094926458e-11
5.976372297852722438e-11
5.764380416792095317e-11
5.559908240896383397e-11
5.362689033696793395e-11
5.172465520311416931e-11
4.988989551827006373e-11
4.812021781585580577e-11
4.641331352953890510e-11
4.476695598168018362e-11
4.317899747860558683e-11
4.164736650891357033e-11
4.017006504116228508e-11
3.874516591741401936e-11
3.737081033923328808e-11
3.604520544286154506e-11
3.476662196040468150e-11
3.353339196398059420e-11
3.234390668988852942e-11
3.119661443995583828e-11
3.008508895081855984e-11
2.898426224063750738e-11
2.792371526663492178e-11
2.690197417544997849e-11
2.591761904266793551e-11
2.496928189953667656e-11
2.405564483188551709e-11
2.317543814860593510e-11
2.232743861714890815e-11
2.151046776358518993e-11
2.072339023486805018e-11
1.996511222102068773e-11
1.923457993505694365e-11
1.853077814852277303e-11
1.785272878062211489e-11
1.719948953896801212e-11
1.657015261006854088e-11
1.596384339772880549e-11
1.537971930761568612e-11
1.481696857629522510e-11
1.427480914311671524e-11
1.375248756337440292e-11
1.324927796123742744e-11
1.276448102099278081e-11
1.229742301519856249e-11
1.184745486839808893e-11
1.141395125509259132e-11
1.099630973071976882e-11
1.059394989443043426e-11
1.020631258249907022e-11
9.832859091248302350e-12
9.473070428406465458e-12
9.126446591858577217e-12
8.792505874788286298e-12
8.470784196244620599e-12
8.160834456203950941e-12
7.862225914230180099e-12
7.574543590870199383e-12
7.297387690952690395e-12
7.030373047988524755e-12
6.773128588900661368e-12
6.525296818340119945e-12
6.283773491858515607e-12
6.050935293959865549e-12
5.826724655038466460e-12
5.610821890546945228e-12
5.402919161491267869e-12
5.202720035506916281e-12
5.009939064199126540e-12
4.824301376144084429e-12
4.645542284971124410e-12
4.473406911966993020e-12
4.307649822664001992e-12
4.148034676894182533e-12
3.994333891810108014e-12
3.846328317392196220e-12
3.703806923979705419e-12
3.566566501379937410e-12
3.434411369126533066e-12
3.307153097473977687e-12
3.184610238730189463e-12
3.066608068544354632e-12
2.952978336781049240e-12
2.843559027625382301e-12
2.738194128577293239e-12
