1.276123686402293267e-07
1.295626788388418774e-07
1.315427957866852375e-07
1.335531750227297894e-07
1.355942790479846507e-07
1.376665774319003118e-07
1.397705469203945326e-07
1.419066715455318600e-07
1.440754427368780198e-07
1.462773594345574807e-07
1.485129282040364244e-07
1.507826633526624085e-07
1.530870870479836729e-07
1.554267294378785284e-07
1.578021287725173548e-07
1.602138315281919882e-07
1.626623925330355013e-07
1.651483750946654093e-07
1.676723511297742324e-07
1.702349012957042579e-07
1.728366151240309625e-07
1.754780911561885251e-07
1.781599370811695642e-07
1.808827698753258081e-07
1.836472159443091381e-07
1.864539112671794483e-07
1.893035015427175429e-07
1.921966423379698604e-07
1.951332906881940972e-07
1.981112906076147299e-07
2.011347388638557462e-07
2.042043290604684337e-07
2.073207653863393524e-07
2.104847627772375436e-07
2.136970470798248046e-07
2.169583552181733668e-07
2.202694353628205692e-07
2.236310471024056854e-07
2.270439616179256448e-07
2.305089618596503042e-07
2.340268427267375309e-07
2.375984112495900533e-07
2.412244867749927481e-07
2.449059011540803697e-07
2.486434989331692282e-07
2.524381375475030068e-07
2.562906875179557549e-07
2.602020326507363703e-07
2.641730702401412339e-07
2.682047112743988336e-07
2.722978806446610620e-07
2.764535173571785109e-07
2.806725747487168847e-07
2.849560207052597957e-07
2.893048378840506162e-07
2.937200239390188622e-07
2.982025917496567547e-07
3.027535696533734328e-07
3.073740016814107823e-07
3.120649477983494128e-07
3.168274841452737646e-07
3.216627032866478552e-07
3.265717144609586808e-07
3.315556438351821720e-07
3.366156347631390427e-07
3.417528480477864300e-07
3.469684622075165295e-07
3.522636737465181302e-07
3.576396974292644170e-07
3.630977665591904108e-07
3.686391332616200248e-07
3.742650687710180186e-07
3.799768637226186778e-07
3.857758284485086152e-07
3.916632932782276472e-07
3.976406088439571996e-07
4.037091463903671831e-07
4.098702980891870363e-07
4.161254773585865927e-07
4.224761191874219865e-07
4.289236804644347961e-07
4.354696403124739868e-07
4.421155004278198502e-07
4.488627854246803514e-07
4.557063908108106186e-07
4.626510071741105111e-07
4.697014541717967683e-07
4.768593445816809762e-07
4.841263157590705953e-07
4.915040300113176123e-07
4.989941749780611593e-07
5.065984640172786087e-07
5.143186365972106820e-07
5.221564586942589889e-07
5.301137231969567918e-07
5.381922503160810774e-07
5.463938880010317188e-07
5.547205123625371271e-07
5.631740281018200108e-07
5.717563689462906895e-07
5.804694980918808282e-07
5.893154086521288704e-07
5.982961241140926638e-07
6.074136988012261781e-07
6.166702183432997262e-07
6.260678001534800480e-07
6.356085939126938197e-07
6.452947820613534673e-07
6.551285802985969029e-07
6.651122380891146655e-07
6.752480391777214835e-07
6.855383021117487037e-07
6.959853807714184189e-07
7.065916649082790184e-07
7.173595806918663824e-07
7.282915912646817748e-07
7.393901973056275715e-07
7.506579376020427034e-07
7.620973896304351147e-07
7.737111701460848807e-07
7.855019357816184630e-07
7.974723836547040270e-07
8.096252519850236763e-07
8.219633207206237181e-07
8.344894121738343892e-07
8.472063916668641806e-07
8.601171681872324498e-07
8.732246950532070805e-07
8.865319705893574092e-07
9.000420388124298373e-07
9.137579901276474538e-07
9.276829620356472266e-07
9.418201398501728192e-07
9.561727574267042958e-07
9.707440979022093698e-07
9.855374944461417671e-07
1.000556331022909580e-06
1.015804043165947339e-06
1.031284118763581742e-06
1.046996511318938015e-06
1.062930479205249576e-06
1.079106942009029746e-06
1.095529590197424863e-06
1.112202170401842122e-06
1.129128486272701106e-06
1.146312399347181566e-06
1.163757829930201841e-06
1.181468757988779777e-06
1.199449224060016891e-06
1.217703330172899556e-06
1.236235240784129795e-06
1.255049183728186872e-06
1.274149451181871663e-06
1.293540400643506808e-06
1.313226455927048886e-06
1.333212108171330713e-06
1.353501916864662461e-06
1.374100510885013745e-06
1.395012589556054065e-06
1.416242923719236054e-06
1.437796356822208675e-06
1.459677806023792878e-06
1.481892263315771282e-06
1.504444796661756584e-06
1.527340551153372895e-06
1.550584750184066801e-06
1.574182696640749313e-06
1.598139774113589729e-06
1.622461448124217219e-06
1.647153267372618126e-06
1.672220865002992398e-06
1.697669959888907971e-06
1.723506357937980118e-06
1.749735953416424088e-06
1.776364730293765014e-06
1.803398763607993925e-06
1.830844220851538325e-06
1.858707363378286624e-06
1.886994547832045455e-06
1.915712227596731877e-06
1.944866954268640297e-06
1.974465379151094787e-06
2.004514254771888704e-06
2.035020436423777374e-06
2.065990883728436330e-06
2.097432662224213568e-06
2.129352944978051029e-06
2.161759014221932346e-06
2.194658263014241838e-06
2.228058196926385828e-06
2.261966435755124377e-06
2.296390715260921337e-06
2.331338888932767987e-06
2.366818929779870322e-06
2.402838932150574379e-06
2.439384028340295457e-06
2.476473387095062982e-06
2.514126667117190880e-06
2.552352442488476674e-06
2.591159417654445527e-06
2.630556429406452659e-06
2.670552448893920649e-06
2.711156583667173685e-06
2.752378079751329977e-06
2.794226323751727080e-06
2.836710844991359565e-06
2.879841317680815223e-06
2.923627563121201503e-06
2.968079551940570423e-06
3.013207406364342097e-06
3.059021402520245712e-06
3.105531972778342912e-06
3.152749708126528310e-06
3.200685360582305458e-06
3.249349845641076287e-06
3.298754244761754211e-06
3.348909807890133719e-06
3.399827956020629720e-06
3.451520283796971077e-06
3.503998562152430257e-06
3.557274740990202346e-06
3.611360951904531418e-06
3.666269510943215751e-06
3.722012921412111039e-06
3.778603876722275369e-06
3.836055263280406474e-06
3.894380163423220513e-06
3.953591858396450003e-06
4.013703831379131340e-06
4.074729770553903986e-06
4.136683572223922313e-06
4.199579343977235167e-06
4.263431407899232858e-06
4.328254303833951861e-06
4.394062792694964822e-06
4.460871859826606346e-06
4.528696718416307905e-06
4.597552812958815212e-06
4.667455822773075786e-06
4.738421665572597184e-06
4.810466501090094098e-06
4.883606734757244276e-06
4.957859021440390113e-06
5.033240269233045664e-06
5.109767643306056954e-06
5.187458569816315134e-06
5.266330739874883916e-06
5.346402113575460320e-06
5.427690924084138578e-06
5.510215681791250547e-06
5.593999646568916373e-06
5.679079750611839845e-06
5.765453852609957740e-06
5.853141633201003944e-06
5.942163072348969447e-06
6.032538453896508875e-06
6.124288370186769831e-06
6.217433726755382836e-06
6.311995747093880697e-06
6.407995977485496851e-06
6.505456291914648795e-06
6.604398897050898582e-06
6.704846337308907419e-06
6.806821499985211919e-06
6.910347620473195046e-06
7.015448287557296993e-06
7.122147448787901709e-06
7.230469415937752050e-06
7.340438870541589294e-06
7.452080869519806476e-06
7.565420850887861263e-06
7.680484639552367400e-06
7.797298453195344512e-06
7.915888908248105150e-06
8.036283025955842139e-06
8.158508238534478138e-06
8.282592395421277507e-06
8.408563769620395329e-06
8.536451064144922116e-06
8.666283418557070833e-06
8.798090415607675148e-06
8.931902087976669258e-06
9.067748925116238267e-06
9.205661880197901211e-06
9.345672377165236018e-06
9.487812317894065857e-06
9.632114089461260513e-06
9.778610571524378806e-06
9.927335143813332806e-06
1.007832169373611689e-05
1.023160462410011278e-05
1.038721886095091695e-05
1.054519986153041508e-05
1.070558362235576880e-05
1.086840668742139318e-05
1.103370615652553800e-05
1.120151969372374095e-05
1.137188553591065366e-05
1.154484250153236518e-05
1.172042999943149778e-05
1.189868803782644900e-05
1.207965723342757537e-05
1.226337882069177436e-05
1.244989466121782471e-05
1.263924725328484981e-05
1.283147974153561703e-05
1.301981114264419420e-05
1.320749329973718517e-05
1.339788091789294997e-05
1.359101299666094331e-05
1.378692909777377145e-05
1.398566935325130185e-05
1.418727447362130940e-05
1.439178575625879355e-05
1.459924509384533540e-05
1.480969498295069333e-05
1.502317853273780302e-05
1.523973947379344488e-05
1.545942216708602065e-05
1.568227161305276509e-05
1.590833346081767865e-05
1.613765401754229002e-05
1.637028025791170693e-05
1.660625983375659188e-05
1.684564108381466122e-05
1.708847304363239871e-05
1.733480545560953806e-05
1.758468877918863892e-05
1.783817420119125375e-05
1.809531364630306748e-05
1.835615978771051372e-05
1.862076605789036513e-05
1.888918665955502884e-05
1.916147657675562030e-05
1.943769158614491635e-05
1.971788826840301990e-05
2.000212401982735921e-05
2.029045706409000324e-05
2.058294646416418367e-05
2.087965213442318822e-05
2.118063485291321748e-05
2.148595627380338690e-05
2.179567894001517439e-05
2.210986629603373265e-05
2.242858270090429174e-05
2.275189344141553916e-05
2.307986474547299273e-05
2.341256379566560204e-05
2.375005874302748939e-05
2.409241872099805899e-05
2.443971385958377803e-05
2.479201529972361145e-05
2.514939520786178679e-05
2.551192679073064007e-05
2.587968431034627024e-05
2.625274309922091549e-05
2.663117957579410800e-05
2.701507126008629344e-05
2.740449678957858793e-05
2.779953593532087471e-05
2.820026961827246226e-05
2.859704358050810296e-05
2.895115521307710282e-05
2.930965174116747376e-05
2.967258746208827939e-05
3.004001734550141564e-05
3.041199704174767356e-05
3.078858289027493742e-05
3.116983192817172313e-05
3.155580189880566409e-05
3.194655126056935337e-05
3.234213919573416569e-05
3.274262561941404114e-05
3.314807118864026414e-05
3.355853731154828120e-05
3.397408615667861726e-05
3.439478066239254144e-05
3.482068454640508401e-05
3.525186231543509983e-05
3.568837927497580688e-05
3.613030153918563752e-05
3.657769604090160441e-05
3.703063054177724138e-05
3.748917364254547146e-05
3.795339479340852985e-05
3.842336430455731350e-05
3.889915335681984570e-05
3.938083401244273150e-05
3.986847922600537377e-05
4.036216285546932828e-05
4.086195967336514912e-05
4.136794537811712435e-05
4.188019660550815833e-05
4.239879094028751121e-05
4.292380692792094842e-05
4.345532408648774528e-05
4.399342291872410641e-05
4.453818492421569001e-05
4.508969261174196108e-05
4.564802951177256336e-05
4.621328018911843405e-05
4.678553025574050725e-05
4.736486638371559970e-05
4.795137631836431010e-05
4.854514889154047820e-05
4.914627403508523251e-05
4.975484279444851335e-05
5.037094734247836268e-05
5.099468099338100286e-05
5.162613821685471975e-05
5.226541465239730632e-05
5.291260712379218273e-05
5.356781365377275928e-05
5.423113347886901302e-05
5.490266706443736240e-05
5.558251611987719400e-05
5.627078361403585753e-05
5.689288021262457263e-05
5.748465133668716144e-05
5.808257776633407425e-05
5.868672352595777461e-05
5.929715330590072794e-05
5.990996799847368031e-05
6.050365909385133453e-05
6.110323350261596606e-05
6.170874952676422146e-05
6.232026604604967864e-05
6.293784252370777997e-05
6.354132833436073756e-05
6.413712013496023379e-05
6.473849834489309142e-05
6.534551534482183489e-05
6.595822400655341306e-05
6.657402275605312154e-05
6.715901757620858063e-05
6.774915282389765224e-05
6.834447366874307143e-05
6.894502567727901310e-05
6.955085481643849597e-05
7.013824062360029404e-05
7.070971733370006601e-05
7.128585035720707316e-05
7.186667763312084591e-05
7.245223740956264786e-05
7.304253595312540934e-05
7.358730321889729565e-05
7.413613347851221564e-05
7.468905703467005317e-05
7.524610441607489824e-05
7.580730637912061541e-05
7.634554884828095281e-05
7.685640170538013871e-05
7.737067284482247362e-05
7.788838513944504544e-05
7.840956161513453924e-05
7.893422545185129337e-05
7.940040123700821005e-05
7.986485410708131819e-05
8.033202379552239927e-05
8.080192619436848858e-05
8.127457728861657647e-05
8.172019023695795148e-05
8.212316518217526991e-05
8.252812725940981747e-05
8.293508626751804969e-05
8.334405205367615517e-05
8.375503451361824127e-05
8.409500995720457621e-05
8.442496271701375066e-05
8.475621006997133256e-05
8.508875709550572269e-05
8.542260889297481445e-05
8.572586850596064110e-05
8.596569361950170008e-05
8.620618966337089968e-05
8.644735851455054700e-05
8.668920205527403842e-05
8.693172217304059120e-05
8.708901051957440749e-05
8.722477446744924113e-05
8.736075005912886493e-05
8.749693762454699105e-05
8.763333749415162300e-05
8.773864273623212229e-05
8.775670798629547594e-05
8.777477695596590365e-05
8.779284964600908255e-05
8.781092605719101503e-05
8.782900619027773058e-05
8.775040719668566341e-05
8.763619475626643809e-05
8.752213097021775061e-05
8.740821564505679795e-05
8.729444858755317936e-05
8.715246104805736578e-05
8.689482178403091887e-05
8.663794415070949560e-05
8.638182589656794421e-05
8.612646477673685389e-05
8.587185855298307981e-05
8.551675642654989564e-05
8.511179179335054954e-05
8.470874487032849253e-05
8.430760657616678160e-05
8.390836787255236357e-05
8.349062731531033588e-05
8.293764679895247326e-05
8.238832881887344045e-05
8.184264911712603755e-05
8.130058359643049673e-05
8.076210831910925355e-05
8.013131130820068968e-05
7.944069795487081751e-05
7.875603666691976103e-05
7.807727614634974247e-05
7.740436553727597798e-05
7.672785503481214403e-05
7.591396659947578340e-05
7.510871146145868917e-05
7.431199804331658446e-05
7.352373573901077911e-05
7.274383490360300422e-05
7.190134721632813282e-05
7.100585776880628970e-05
7.012152112135926912e-05
6.924819837235106899e-05
6.838575235008437572e-05
6.753404759125552906e-05
6.658527132094142233e-05
6.564911492111053177e-05
6.472612042311694334e-05
6.381610277704815703e-05
6.291887953470298614e-05
6.200166534643173602e-05
6.106005546866457516e-05
6.013274567714437999e-05
5.921951879863251598e-05
5.832016095806736059e-05
5.743446152847528097e-05
5.653939001727046183e-05
5.565646507835021126e-05
5.478732798623061853e-05
5.393176342847591558e-05
5.308955945499117633e-05
5.226816250198650522e-05
5.147117071374927117e-05
5.068633156069398901e-05
4.991345973784767318e-05
4.915237276579154796e-05
4.840289094757720448e-05
4.771178112876685074e-05
4.703819682132726125e-05
4.637412202723006341e-05
4.571942249328209997e-05
4.507396586164719973e-05
4.445998432434301092e-05
4.390036943458279565e-05
4.334779838052347980e-05
4.280218250186958845e-05
4.226343425428727890e-05
4.173146719535713266e-05
4.124548121921686142e-05
4.077545484207751008e-05
4.031078480431586608e-05
3.985141006601390239e-05
3.939727028285386692e-05
3.894743073829736395e-05
3.850022168387974309e-05
3.805814765209557449e-05
3.762114968068268177e-05
3.718916948440608231e-05
3.676214944728347170e-05
3.628409756765980964e-05
3.579111253990468550e-05
3.530482560453397683e-05
3.482514575585967889e-05
3.435198322467057571e-05
3.385836818108598124e-05
3.325838257964672696e-05
3.266902899449394137e-05
3.209011902148911567e-05
3.152146759510057072e-05
3.096289292924118047e-05
3.031057400577537861e-05
2.961873574905706021e-05
2.894268868696830491e-05
2.828207238580177758e-05
2.763653463874213986e-05
2.699287321580864655e-05
2.627344536001393040e-05
2.557319206320577724e-05
2.489160227523608474e-05
2.422817856672623412e-05
2.358243676604000738e-05
2.295515753574562431e-05
2.234541915081059759e-05
2.175187672957066878e-05
2.117410007237538521e-05
2.061167040660291547e-05
2.006927801910523564e-05
1.962882487200853345e-05
1.919803818997372046e-05
1.877670582660687613e-05
1.836462029141398261e-05
1.796157864761950830e-05
1.761619143325318296e-05
1.732177180616440180e-05
1.703227281797438047e-05
1.674761222998391745e-05
1.646770917795007836e-05
1.619248414911512318e-05
1.591898862757255690e-05
1.565007265732254560e-05
1.538569942535492614e-05
1.512579219219200599e-05
1.487027551469918130e-05
1.457707524551520317e-05
1.423994836978674140e-05
1.391061829337670481e-05
1.358890469817936381e-05
1.327463143634115865e-05
1.296762643381456512e-05
1.260581080823119585e-05
1.224875946744549949e-05
1.190182137220155842e-05
1.156471007143845412e-05
1.123714722763399215e-05
1.093061352428233084e-05
1.065075649069295690e-05
1.037806465044567834e-05
1.011235455274435417e-05
9.853447443692481424e-06
9.601169146038423285e-06
9.400158377329080251e-06
9.211071397489842646e-06
9.025787958453787514e-06
8.844231550867142624e-06
8.666327204384485555e-06
8.487384889292170432e-06
8.302403138951545448e-06
8.121453048351278135e-06
7.944446747848918412e-06
7.771298282912593238e-06
7.601923572381212651e-06
7.413306207088603874e-06
7.223188320972186853e-06
7.037946101611138756e-06
6.857454510132015524e-06
6.681591714344737242e-06
6.513625490690392540e-06
6.359831407563487585e-06
6.209668577114320507e-06
6.063051261349986960e-06
5.919895746648771636e-06
5.780120295962519507e-06
5.650747181274476689e-06
5.527032726215484443e-06
5.406026809673545083e-06
5.287670132346100914e-06
5.171904693198040922e-06
5.057524637689876757e-06
4.940616472693045116e-06
4.826410720442000422e-06
4.714844912804997689e-06
4.605858025644235380e-06
4.499390445436865320e-06
4.397474965539143631e-06
4.298979116850333724e-06
4.202689405157159354e-06
4.108556416798985229e-06
4.016531844895839303e-06
3.926942136418773939e-06
3.842189699712678529e-06
3.759266415379615587e-06
3.678132806107389573e-06
3.598750246594927461e-06
3.521080945163918942e-06
3.445527342344790012e-06
3.371906031819294125e-06
3.299857803386881327e-06
3.229349044670190860e-06
3.160346861494624143e-06
3.092931269925607846e-06
3.029210560717438095e-06
2.966802628427879879e-06
2.905680427167767816e-06
2.845817468248580217e-06
2.787187808702947139e-06
2.732685572963698896e-06
2.681973671857176381e-06
2.632202858499380096e-06
2.583355668623906074e-06
2.535414962058044379e-06
2.488363916708381429e-06
2.442186022658056934e-06
2.396865076373537957e-06
2.352385175018876371e-06
2.308730710875521454e-06
2.265886365865670814e-06
2.223837106177233092e-06
2.182568176988586383e-06
2.142065097291184641e-06
2.102313654808267588e-06
2.063299901007865301e-06
2.025010146208329288e-06
1.987430954774731984e-06
1.950549140404383015e-06
1.914351761499820241e-06
1.878826116627703284e-06
1.843959740061941732e-06
1.809740397409572738e-06
1.776156081317773161e-06
1.743195007260559708e-06
1.710845609403674889e-06
1.679096536546195513e-06
1.647936648137487306e-06
1.617355010368043044e-06
1.587340892332878791e-06
1.557883762266131306e-06
1.528973283845511739e-06
1.500599312565384880e-06
1.472751892177096256e-06
1.445421251195401045e-06
1.418597799469711765e-06
1.392272124818962581e-06
1.366434989728951611e-06
1.341077328110943195e-06
1.316190242120437669e-06
1.291764999034975310e-06
1.268056578625557775e-06
1.245435688963842221e-06
1.223218333858635716e-06
1.201397314647963948e-06
1.179965561086943950e-06
1.158916129056944745e-06
1.138242198315622621e-06
1.117937070287094541e-06
1.097994165891522103e-06
1.078407023413415269e-06
1.059169296407970416e-06
1.040274751644759798e-06
1.021717267088092014e-06
1.003490829913401245e-06
9.855895345590418280e-07
9.680075808128082171e-07
9.507392719326101728e-07
9.337790128006708673e-07
9.171213081106425963e-07
9.007607605870743845e-07
8.846920692366213047e-07
8.689100276304886651e-07
8.534095222174792858e-07
8.381855306671450674e-07
8.232331202425098564e-07
8.085474462017975765e-07
7.941237502286893839e-07
7.799573588905804486e-07
7.660436821243335426e-07
7.523782117490531920e-07
7.389565200053743942e-07
7.257742581208399510e-07
7.128271549008400904e-07
7.001110153446965801e-07
6.876217192864482268e-07
6.753552200598620472e-07
6.633075431872745470e-07
6.514747850918209552e-07
6.398531118326301690e-07
6.284387578625903736e-07
6.172280248082612921e-07
6.060769495832311351e-07
5.927852770734869071e-07
5.797850998239201595e-07
5.670700251486859860e-07
5.546338005578132871e-07
5.424703106826108018e-07
5.305735742685114693e-07
5.189377412338597860e-07
5.075570897931970173e-07
4.964260236436454922e-07
4.855390692129858024e-07
4.748908729680982805e-07
4.644761987824200695e-07
4.542899253611455924e-07
4.443270437228846808e-07
4.345826547365546087e-07
4.250519667122936122e-07
4.157302930451990364e-07
4.066130499107479387e-07
3.976957540107506190e-07
3.889740203687409102e-07
3.804435601737192914e-07
3.721001786711765863e-07
3.639397731003723311e-07
3.559583306768544952e-07
3.481519266192082450e-07
3.405167222191050318e-07
3.330489629536516589e-07
3.257449766391515821e-07
3.186011716253513160e-07
3.116140350292854179e-07
3.047801310078607889e-07
2.980960990683206052e-07
2.915586524157577894e-07
2.851645763368752436e-07
2.789107266191848834e-07
2.727940280048809179e-07
2.668114726786171061e-07
2.609601187884462525e-07
2.552370889992011186e-07
2.496395690775959759e-07
2.441648065083631293e-07
2.375490456903423700e-07
2.308565034585356323e-07
2.243525122747643597e-07
2.180317600324334534e-07
2.118890842845614194e-07
2.059194680273708203e-07
2.001180356026713935e-07
1.944800487156908477e-07
1.890009025650881324e-07
1.836761220820075617e-07
1.785013582750810101e-07
1.734723846784111833e-07
1.685850938996230958e-07
1.638354942651669493e-07
1.592197065601391934e-07
1.547339608599495660e-07
1.503745934512509272e-07
1.461380438396182907e-07
1.420208518415282791e-07
1.380196547582716268e-07
1.341311846294831004e-07
1.303522655640485668e-07
1.266798111462094766e-07
1.231108219147457758e-07
1.196423829131810220e-07
1.162716613090023820e-07
1.129959040799578297e-07
1.098124357655366588e-07
1.067186562817982535e-07
1.037120387977666669e-07
1.007901276716509526e-07
9.795053644521000558e-08
9.519094589462442731e-08
9.250910213628002836e-08
8.990281478591706638e-08
8.736995516964493961e-08
8.490845458535662446e-08
8.251630261312479176e-08
8.019154547320059229e-08
7.793228443027136005e-08
7.573667424267813608e-08
7.338593272124970369e-08
7.096734528598412798e-08
6.862846747578066713e-08
6.636667229265011088e-08
6.417941931683676984e-08
6.206425185344911895e-08
6.001879417313194307e-08
5.804074884367771985e-08
5.612789414957806170e-08
5.427808159662296989e-08
5.248923349873802119e-08
5.075934064435438148e-08
4.908646003968724038e-08
4.746871272638946284e-08
4.590428167113028235e-08
4.439140972472604663e-08
4.292839764853204312e-08
4.151360220587975790e-08
4.014543431641329255e-08
3.882235727125581606e-08
3.754288500699634042e-08
3.630558043656264658e-08
3.510905383510319686e-08
3.395196127906546933e-08
3.283300313671847419e-08
3.175092260842250127e-08
3.070450431500768523e-08
2.969257293267583228e-08
2.871399187289076078e-08
2.776766200577738246e-08
2.685252042559232787e-08
2.596753925688198804e-08
2.511172449998557727e-08
2.428411491458707483e-08
2.348378094006279396e-08
2.270982365141040290e-08
2.196137374958754436e-08
2.123759058512637592e-08
2.053766121392649505e-08
1.986079948416666019e-08
1.920624515330884284e-08
1.855535922484743199e-08
1.789708544300973784e-08
1.726216471872280688e-08
1.664976857406160707e-08
1.605909792235602993e-08
1.548938202550093928e-08
1.493987748825640676e-08
1.440986728822653523e-08
1.389865984025109830e-08
1.340558809398885247e-08
1.293000866351504355e-08
1.247130098779791266e-08
1.202886652095763015e-08
1.160212795125270600e-08
1.119052844777286929e-08
1.079353093385707150e-08
1.041061738628760052e-08
1.004128815934594854e-08
9.685061332849132198e-09
9.341472083314798261e-09
9.010072077434998379e-09
8.690428887067565281e-09
8.382125424980937700e-09
8.084759400616832224e-09
7.797942795160526599e-09
7.521301355233508132e-09
7.254474104547834600e-09
6.997112872885471304e-09
6.748881841787315921e-09
6.509457106359909541e-09
6.278526252627031197e-09
6.055787949875660692e-09
5.840951557463806441e-09
5.633736745577322337e-09
5.433873129440832997e-09
5.241099916505470948e-09
5.055165566153037683e-09
4.875827461472683785e-09
4.702851592681415142e-09
4.536012251776032697e-09
4.375091738017348090e-09
4.219186276125738879e-09
4.064768450813218773e-09
3.916002157150068962e-09
3.772680554961495503e-09
3.634604374207737980e-09
3.501581637925039855e-09
3.373427395306688461e-09
3.249963464552870252e-09
3.131018185132230083e-09
3.016426179110126994e-09
2.906028121212171195e-09
2.799670517303126041e-09
2.697205490973310758e-09
2.598490577935713176e-09
2.503388527947913631e-09
2.411767113983447457e-09
2.323498948387404950e-09
2.238461305760389567e-09
2.156535952324897023e-09
2.077608981536556054e-09
2.001570655711962075e-09
1.928315253452681192e-09
1.857740922653383028e-09
1.789749538889761248e-09
1.724246568989300413e-09
1.661140939595177771e-09
1.600344910540631425e-09
1.541773952857621529e-09
1.485346631250378544e-09
1.430984490870166810e-09
1.378611948234038524e-09
1.328156186135846528e-09
1.279547052403349573e-09
1.232716962360810652e-09
1.187600804861255013e-09
1.144135851757902588e-09
1.102261670688851893e-09
1.061920041053706259e-09
1.023054873065459675e-09
9.856121297649099428e-10
9.495397518893096086e-10
9.147875854907234480e-10
8.809184288405285586e-10
8.482673899431773069e-10
8.168265542907274893e-10
7.865510659783312498e-10
7.573977316749368368e-10
7.293249590003617313e-10
7.022926971864353028e-10
6.762623799374915671e-10
6.511968704087381684e-10
6.270604082240043165e-10
6.038185584572087775e-10
5.814381625049089485e-10
5.598872907796575784e-10
5.391351971568227411e-10
5.191522751098084461e-10
4.999100154711177690e-10
4.813809657589816429e-10
4.635386910115585404e-10
4.463577360727834497e-10
4.298135892760947008e-10
4.138826474742142243e-10
3.985421823650825034e-10
3.837703080659318331e-10
