2.950389656543051895e-07
2.996226209952037923e-07
3.042774869175167375e-07
3.090046697319346927e-07
3.138052929365283808e-07
3.186804974837686752e-07
3.236314420516913336e-07
3.286593033192808033e-07
3.337652762461264066e-07
3.389505743564261359e-07
3.442164300274016364e-07
3.495640947821947352e-07
3.549948395873143898e-07
3.605099551547013951e-07
3.661107522484931182e-07
3.717985619965467051e-07
3.775747362068056746e-07
3.834406476885817385e-07
3.893962384202499883e-07
3.954435568249315627e-07
4.015847900040238680e-07
4.078213964527245420e-07
4.141548573166433381e-07
4.205866767435589214e-07
4.271183822406467019e-07
4.337515250372499705e-07
4.404876804532813675e-07
4.473284482733490243e-07
4.542754531266974265e-07
4.613303448730407162e-07
4.684947989943925090e-07
4.757705169929797916e-07
4.831592267953365062e-07
4.906626831626726437e-07
4.982826681076165707e-07
5.060209913174289015e-07
5.138794905837895028e-07
5.218600322392585372e-07
5.299645116005158871e-07
5.381948534184846270e-07
5.465530123354436829e-07
5.550409733492407450e-07
5.636607522847136421e-07
5.724143962724331525e-07
5.813039842348806448e-07
5.903316273801758543e-07
5.994994697034727419e-07
6.088096884961413862e-07
6.182644948628577745e-07
6.278661342467242087e-07
6.376168869625446249e-07
6.475190687383813557e-07
6.575750312655229289e-07
6.677871627569920759e-07
6.781578885147296872e-07
6.886896715055776401e-07
6.993850129462303284e-07
7.102464528972338813e-07
7.212765708662468400e-07
7.324779864206459369e-07
7.438533598096543253e-07
7.554053925961304322e-07
7.671368282981675688e-07
7.790504530406589910e-07
7.911490962169802380e-07
8.034356311609484164e-07
8.159129758292165063e-07
8.285840934942657441e-07
8.414519934481593463e-07
8.545197317172264533e-07
8.677904117878443221e-07
8.812671853434924093e-07
8.949532530132526227e-07
9.088510894762244969e-07
9.229604751176575119e-07
9.372889007816903681e-07
9.518397669375387123e-07
9.666165268447235188e-07
9.816226873726208885e-07
9.968618098327193528e-07
1.012337510823794113e-06
1.028053463090224268e-06
1.044013396393612796e-06
1.060221098397941280e-06
1.076680415568483622e-06
1.093395254084646887e-06
1.110369580767012019e-06
1.127607424018747430e-06
1.145112874781635821e-06
1.162890087506962828e-06
1.180943281141459772e-06
1.199276740128549329e-06
1.217894815425161787e-06
1.236801925534298065e-06
1.256002557553661374e-06
1.275501268240539411e-06
1.295302685093234833e-06
1.315411507449267399e-06
1.335832507600652510e-06
1.356570531926468753e-06
1.377630502043009213e-06
1.399017415971811101e-06
1.420736349325795175e-06
1.442792456513818583e-06
1.465190971963954975e-06
1.487937211365724861e-06
1.511036572931651237e-06
1.534494538678373833e-06
1.558316675727649585e-06
1.582508637627577914e-06
1.607076165694312351e-06
1.632025090374596681e-06
1.657361332629489396e-06
1.683090905339519782e-06
1.709219914731706984e-06
1.735754561828701027e-06
1.762701143920418286e-06
1.790066056058556792e-06
1.817855792574280221e-06
1.846076948619463587e-06
1.874736221731897261e-06
1.903840413424754673e-06
1.933396430800757798e-06
1.963411288191377344e-06
1.993892108821524384e-06
2.024846126500026742e-06
2.056280687336406802e-06
2.088203251484274370e-06
2.120621394911781384e-06
2.153536372115625947e-06
2.186958801451662037e-06
2.220899939827014255e-06
2.255367837496350872e-06
2.290370669652571897e-06
2.325916738365862737e-06
2.362014474552768820e-06
2.398672439975878601e-06
2.435899329274541003e-06
2.473703972027050140e-06
2.512095334844908870e-06
2.551082523499515490e-06
2.590674785081936399e-06
2.630881510196115797e-06
2.671712235186207694e-06
2.713176644398391043e-06
2.755284572477871055e-06
2.798046006701446574e-06
2.841471089346364344e-06
2.885570120095846842e-06
2.930353558482046683e-06
2.975832026366827817e-06
3.022016310461104526e-06
3.068917364883276059e-06
3.116546313757346462e-06
3.164914453851352169e-06
3.214033257256807999e-06
3.263914374109645920e-06
3.314569635353443621e-06
3.366011055545544294e-06
3.418250835706653341e-06
3.471301366214767103e-06
3.525175229743900726e-06
3.579885204248540990e-06
3.635444265994296309e-06
3.691865592635706150e-06
3.749162566341692224e-06
3.807348776969640824e-06
3.866438025288619833e-06
3.926444326252750683e-06
3.987381912325246003e-06
4.049265236854173460e-06
4.112108977500473482e-06
4.175928039719317186e-06
4.240737560295354239e-06
4.306552910932968729e-06
4.373389701902111412e-06
4.441263785740861144e-06
4.510191261015298253e-06
4.580188476137884170e-06
4.651272033244960580e-06
4.723458792134511569e-06
4.796765874265056144e-06
4.871210666816488505e-06
4.946810826814101050e-06
5.023582243020989184e-06
5.101533855656952696e-06
5.180695054126010829e-06
5.261084607736946696e-06
5.342721577044483976e-06
5.425625318368548193e-06
5.509815488383760583e-06
5.595312048780051386e-06
5.682135270995588575e-06
5.770305741023253610e-06
5.859844364291593410e-06
5.950772370621514014e-06
6.043111319259991556e-06
6.136883103991784808e-06
6.232109958330467289e-06
6.328814460790123149e-06
6.427019540238724153e-06
6.526748481334586184e-06
6.628024930047287644e-06
6.730872899264154272e-06
6.835316774483726628e-06
6.941381319597700160e-06
7.049091682762452564e-06
7.158473402361755935e-06
7.269552413061933243e-06
7.382355051961114242e-06
7.496908064833783433e-06
7.613238612472218432e-06
7.731374277126472152e-06
7.851343069044143931e-06
7.973173433111625216e-06
8.096894255598550275e-06
8.222534871006748753e-06
8.350125069025478845e-06
8.479695101594724927e-06
8.611275690077950480e-06
8.744898032546232459e-06
8.880593811175330568e-06
9.018395199757727693e-06
9.158334871330973061e-06
9.300446005924662508e-06
9.444762298427429774e-06
9.591317966576125685e-06
9.740147759068840333e-06
9.891286963804023043e-06
1.004477141624727223e-05
1.020063750792794324e-05
1.035892219506779163e-05
1.051966300734332067e-05
1.068289805678408778e-05
1.084866604680929749e-05
1.101700628140439381e-05
1.118795867444007775e-05
1.136156375913610477e-05
1.153786269767172232e-05
1.171689729094536470e-05
1.189873367185072512e-05
1.208340463019751990e-05
1.227094172235291464e-05
1.246138943134278250e-05
1.265479293057922308e-05
1.285119809457570538e-05
1.305065150982814116e-05
1.325320048586508700e-05
1.345889306646944181e-05
1.366777804107405535e-05
1.387990495633459544e-05
1.409532412788158800e-05
1.431408665225530267e-05
1.453624441902544586e-05
1.476185012309922873e-05
1.499095727722048357e-05
1.522362022466245252e-05
1.545989415211802807e-05
1.569983510278955973e-05
1.594349998968233985e-05
1.619094660910388292e-05
1.644223365437308773e-05
1.669742072974215219e-05
1.695656836453420717e-05
1.721973802750090781e-05
1.748699214140231673e-05
1.775839409781343979e-05
1.803400827216054830e-05
1.831390003899054705e-05
1.859813578747766409e-05
1.888678293717078598e-05
1.917990995398486040e-05
1.947758636644100132e-05
1.977988278215812214e-05
2.008687090460088457e-05
2.039862355008757126e-05
2.071521466506155181e-05
2.103671934363139030e-05
2.136321384538257599e-05
2.169477561346609825e-05
2.203148329296778581e-05
2.237341674956227957e-05
2.272065708845720232e-05
2.307328667363066945e-05
2.343138914736780918e-05
2.379504945010051364e-05
2.416435384055464278e-05
2.453938991621059981e-05
2.492024663408071064e-05
2.530701433180987500e-05
2.569978474910289802e-05
2.609865104948495970e-05
2.650370784239973888e-05
2.691505120565004691e-05
2.733277870818749298e-05
2.775345805922463136e-05
2.816117327911356170e-05
2.857487808416251122e-05
2.899466046502915110e-05
2.942060970500774014e-05
2.985281639901855654e-05
3.029137247287632534e-05
3.073637120284227316e-05
3.118790723546251397e-05
3.164607660769884419e-05
3.211097676735456271e-05
3.258270659380041847e-05
3.306136641900560502e-05
3.354705804887704129e-05
3.403988478491256942e-05
3.453995144617187136e-05
3.504736439157051837e-05
3.556223154250154437e-05
3.608466240578904949e-05
3.661476809697890918e-05
3.715266136397236225e-05
3.769845661100596081e-05
3.825226992298431965e-05
3.881421909016995436e-05
3.938442363323610353e-05
3.996300482868776641e-05
4.055008573465563828e-05
4.114579121706946920e-05
4.175024797621540646e-05
4.236358457368428684e-05
4.298593145971511375e-05
4.361742100094015672e-05
4.425818750853859187e-05
4.490836726680232891e-05
4.556809856212289480e-05
4.623752171240322312e-05
4.691677909690150465e-05
4.760601518651443807e-05
4.830537657450385835e-05
4.901501200767631770e-05
4.973507241801963059e-05
5.046571095480423665e-05
5.120708301715703846e-05
5.195934628711285758e-05
5.272266076315142337e-05
5.349718879422812103e-05
5.428309511430302544e-05
5.508054687737885948e-05
5.588971369305255923e-05
5.671076766258910617e-05
5.754388341552632704e-05
5.838923814681633989e-05
5.924701165451323477e-05
6.011738637801392109e-05
6.100054743686125585e-05
6.189668267011729950e-05
6.272093244552810743e-05
6.351094782747023068e-05
6.431091402295038427e-05
6.512095636964241522e-05
6.594120178393805343e-05
6.677177878083304975e-05
6.761281749406179969e-05
6.846444969648698498e-05
6.932680882074588647e-05
7.020002998015572649e-05
7.108424998988336675e-05
7.197960738838185557e-05
7.288624245909549129e-05
7.380429725243975805e-05
7.473391560805803127e-05
7.567524317735726191e-05
7.662842744632894141e-05
7.759361775865747509e-05
7.857096533911803757e-05
7.956062331727155367e-05
8.056274675145574796e-05
8.157749265307993349e-05
8.260502001122588429e-05
8.364548981755682471e-05
8.469906509154280234e-05
8.576591090600114379e-05
8.684619441296036852e-05
8.794008486984987839e-05
8.904775366601776741e-05
9.016937434958531691e-05
9.130512265463699712e-05
9.245517652875485199e-05
9.361971616089959829e-05
9.479892400964113600e-05
9.599298483174740105e-05
9.720208571113053047e-05
9.842641608815942006e-05
9.966616778934168333e-05
1.009215350573775460e-04
1.021927145815942277e-04
1.034799055287631011e-04
1.047833095743045621e-04
1.061031309338863972e-04
1.074395763954201212e-04
1.087928553514598247e-04
1.101631798320101591e-04
1.115507645377464941e-04
1.129558268736542150e-04
1.143785869830909124e-04
1.158192677822789053e-04
1.172780949952311207e-04
1.187552971891167510e-04
1.202511058100742011e-04
1.217657552194720397e-04
1.232994827306298018e-04
1.248139102567182664e-04
1.261351345144029099e-04
1.274703446614448084e-04
1.288196887462164598e-04
1.301833163842641889e-04
1.315613787748979853e-04
1.329129983102343422e-04
1.342533043647886929e-04
1.356071261803499866e-04
1.369746000510092267e-04
1.383558636452591486e-04
1.397444302259607011e-04
1.410776318324966734e-04
1.424235525615108445e-04
1.437823137570485947e-04
1.451540379208123910e-04
1.465388487232058767e-04
1.478892340008472429e-04
1.492134057995133593e-04
1.505494339781533926e-04
1.518974246965168180e-04
1.532574850648867624e-04
1.546277136008067637e-04
1.559128839942460973e-04
1.572087359330676224e-04
1.585153581957030207e-04
1.598328402984551641e-04
1.611612725016318254e-04
1.624455791119278124e-04
1.636814684999745131e-04
1.649267605605216796e-04
1.661815268292993154e-04
1.674458393862831977e-04
1.687197708598356079e-04
1.698799544284814562e-04
1.710419564928548951e-04
1.722119068098760446e-04
1.733898597466775537e-04
1.745758700422704352e-04
1.757089712942923971e-04
1.767642798717313575e-04
1.778259266354644582e-04
1.788939496526564625e-04
1.799683872191036734e-04
1.810492778606069943e-04
1.819879322250334865e-04
1.829120598608745306e-04
1.838408801808783248e-04
1.847744170143119605e-04
1.857126943114474334e-04
1.865891548238591624e-04
1.873462915031489761e-04
1.881065004722066504e-04
1.888697941976903163e-04
1.896361851968457587e-04
1.904056860377101106e-04
1.910051189681183750e-04
1.915676725983011012e-04
1.921318830772034104e-04
1.926977552846227963e-04
1.932652941147286387e-04
1.937667026628909540e-04
1.940978586165855000e-04
1.944295805306030592e-04
1.947618693721954908e-04
1.950947261102671949e-04
1.954281517153784464e-04
1.955608624337571181e-04
1.956265152715774272e-04
1.956921901500814675e-04
1.957578870766685936e-04
1.958236060587407079e-04
1.958256363216027800e-04
1.955966340873172959e-04
1.953678996526127438e-04
1.951394327043188442e-04
1.949112329296320216e-04
1.946833000161145918e-04
1.942383015600720043e-04
1.936933967056090266e-04
1.931500204955894707e-04
1.926081686416433573e-04
1.920678368674302557e-04
1.914777075869656471e-04
1.905960801384667610e-04
1.897185119977992890e-04
1.888449844745512200e-04
1.879754789643680332e-04
1.871099769485553654e-04
1.860281735169165757e-04
1.848154040404798232e-04
1.836105409460449690e-04
1.824135326897058254e-04
1.812243280635850986e-04
1.800137465581519674e-04
1.784822060208542018e-04
1.769636956907611901e-04
1.754581047080586295e-04
1.739653231561172548e-04
1.724852420534684684e-04
1.708280415269655531e-04
1.690312789280173900e-04
1.672534146071747840e-04
1.654942497930944915e-04
1.637535878051019989e-04
1.620271620435297978e-04
1.600160617437660997e-04
1.580299234587948529e-04
1.560684373571361407e-04
1.541312974529744748e-04
1.522182015584272279e-04
1.502083594966737042e-04
1.480959899237439944e-04
1.460133264552388040e-04
1.439599513363050973e-04
1.419354526869474322e-04
1.399394244194090173e-04
1.378165742903364195e-04
1.357171358972130131e-04
1.336496794452254856e-04
1.316137177352440018e-04
1.296087709899201238e-04
1.276098510451263430e-04
1.256072704427754522e-04
1.236361163254180956e-04
1.216958955174198280e-04
1.197861225825487883e-04
1.179063197025201462e-04
1.160911980332266955e-04
1.143088408206551301e-04
1.125538482773008511e-04
1.108258002712642380e-04
1.091242831209635164e-04
1.074911262372200364e-04
1.059617887786041027e-04
1.044542100748193834e-04
1.029680805516715010e-04
1.015030950394541512e-04
1.000589527102845744e-04
9.876580380458556191e-05
9.751955590013317585e-05
9.628903341662107260e-05
9.507403792734587980e-05
9.387437350939396245e-05
9.272431030079855360e-05
9.167752352003780982e-05
9.064255416407991704e-05
8.961926882320692361e-05
8.860753559379547044e-05
8.760722406131300440e-05
8.662431632874862547e-05
8.565453127698273775e-05
8.469560325805113954e-05
8.374741072423360494e-05
8.280983348857344712e-05
8.184873519748000939e-05
8.077146831305188803e-05
7.970838007093842929e-05
7.865928385638293167e-05
7.762399551079180132e-05
7.660233329940848151e-05
7.537580628344094850e-05
7.406567324356770957e-05
7.277831208059754335e-05
7.151332698863781777e-05
7.027032904143501175e-05
6.899521612844642423e-05
6.742306679496053493e-05
6.588674101077955072e-05
6.438542248787187743e-05
6.291831353843323627e-05
6.148463465105424017e-05
5.992457219612777071e-05
5.830406711267571696e-05
5.672738439839981010e-05
5.519333899065506389e-05
5.370077787375114093e-05
5.224818419775495448e-05
5.083003599492402769e-05
4.945037993026169242e-05
4.810817122953501413e-05
4.680239347633274400e-05
4.553205784236253603e-05
4.441799776193616073e-05
4.343281157779632726e-05
4.246947671218340289e-05
4.152750850531509617e-05
4.060643304710870126e-05
3.970722914497764857e-05
3.906930227124089610e-05
3.844162417851962755e-05
3.782403021234210453e-05
3.721635836353630550e-05
3.661844922573084723e-05
3.603613627502346366e-05
3.546967879897561487e-05
3.491212555366206521e-05
3.436333657213340708e-05
3.382317408760174038e-05
3.329150249885613435e-05
3.254763493834448088e-05
3.180623323853657775e-05
3.108171990808390018e-05
3.037371024727563367e-05
2.968182831946547686e-05
2.892792758700511000e-05
2.808188778955546735e-05
2.726059167057077654e-05
2.646331556477439531e-05
2.568935697154548406e-05
2.493803393592718926e-05
2.427589231080047515e-05
2.364107542095874039e-05
2.302285905308620154e-05
2.242080910195660555e-05
2.183450281423651040e-05
2.131754969754148931e-05
2.091711614955575277e-05
2.052420443351724261e-05
2.013867325767831570e-05
1.976038398434651363e-05
1.938920058003038878e-05
1.899260200652988934e-05
1.859633649394313166e-05
1.820833874563695782e-05
1.782843626129529727e-05
1.745646013968368688e-05
1.706509702036529999e-05
1.661063449158674111e-05
1.616827480581087379e-05
1.573769565085692481e-05
1.531858329807628076e-05
1.491063237376329826e-05
1.455121133122515346e-05
1.421371170799350461e-05
1.388404002383089315e-05
1.356201471814929988e-05
1.324745844146218959e-05
1.294675772106174671e-05
1.267832665538221349e-05
1.241546109409955483e-05
1.215804564505859581e-05
1.190596730858256344e-05
1.165911542786887883e-05
1.139547752839370452e-05
1.112715852187101811e-05
1.086515738040334496e-05
1.060932534293425366e-05
1.035951715114949850e-05
1.011819790435525068e-05
9.898997515891919756e-06
9.684545879208012096e-06
9.474740117462672099e-06
9.269479582536490112e-06
9.068665806748379802e-06
8.874584722305005525e-06
8.686211783928464173e-06
8.501837270832970881e-06
8.321376311991600088e-06
8.144745837859400757e-06
7.971995555499188007e-06
7.804719057251931306e-06
7.640952524191034229e-06
7.480622306666182334e-06
7.323656300418663134e-06
7.169983914154517287e-06
7.022843191334639418e-06
6.881568821274869580e-06
6.743136383904187578e-06
6.607488709748709645e-06
6.474569779378931603e-06
6.344324700275027996e-06
6.229316449935710171e-06
6.116411190672000090e-06
6.005552319269920688e-06
5.896702745311297227e-06
5.789826050635238582e-06
5.684886477153544578e-06
5.581848914887077120e-06
5.480678890218861636e-06
5.381342554360102966e-06
5.283806672025362477e-06
5.188038610312828968e-06
5.094006327786299449e-06
5.001678363754928572e-06
4.911023827747327221e-06
4.822012389176450199e-06
4.734614267191758660e-06
4.648800220715364873e-06
4.564541538658767801e-06
4.481810030316859969e-06
4.400578015936077532e-06
4.320818317453506996e-06
4.242504249403791716e-06
4.165609609990943846e-06
4.090108672321886213e-06
4.015976175798930622e-06
3.943187317668269445e-06
3.871717744721577751e-06
3.801543545148170449e-06
3.732641240534689703e-06
3.664987778009867071e-06
3.598560522531658327e-06
3.533337249314131942e-06
3.469296136391693376e-06
3.406415757318016819e-06
3.344675073997305517e-06
3.284053429645558088e-06
3.224530541879303142e-06
3.166086495929704516e-06
3.108701737979582418e-06
3.052357068621236730e-06
2.997033636432843469e-06
2.943843093478326307e-06
2.891928296027225699e-06
2.840929018224689677e-06
2.790829114843009937e-06
2.741612725376238941e-06
2.693264269019111173e-06
2.645768439734533534e-06
2.599110201408033002e-06
2.553274783087636866e-06
2.508247674307744762e-06
2.464014620495410224e-06
2.420561618457714222e-06
2.377874911948617474e-06
2.335940987314065495e-06
2.294746569213864886e-06
2.254278616419007819e-06
2.214524317683112322e-06
2.175471087686666751e-06
2.137106563052798558e-06
2.099418598433325206e-06
2.062395262663767956e-06
2.026024834986255351e-06
1.990295801338967064e-06
1.955196850711063982e-06
1.920716871561852612e-06
1.886844948303120563e-06
1.853570357843524820e-06
1.820882566193898416e-06
1.788771225132407601e-06
1.757226168928555357e-06
1.726237411124921646e-06
1.695795141375692127e-06
1.665889722340923132e-06
1.636511686635557787e-06
1.607651733832281669e-06
1.579300727517196680e-06
1.551449692397469291e-06
1.524089811459922096e-06
1.497212423179778190e-06
1.470809018778627901e-06
1.444871239530711340e-06
1.415938843331282471e-06
1.384726645046089225e-06
1.354202471760268246e-06
1.324351157018853827e-06
1.295157868688090557e-06
1.266608101585849628e-06
1.238687670274481081e-06
1.211382702012525387e-06
1.184679629861817876e-06
1.158565185946512978e-06
1.133026394860728858e-06
1.108050567221486375e-06
1.083625293363774864e-06
1.059738437174599940e-06
1.036378130062951290e-06
1.013532765062681783e-06
9.911909910654004381e-07
9.693417071804804547e-07
9.479740572193824703e-07
9.270774243015827324e-07
9.066414255793857347e-07
8.866559070790410405e-07
8.671109386555609393e-07
8.479968090587608346e-07
8.293040211080610976e-07
8.110232869736442832e-07
7.931455235616492739e-07
7.756618480010744932e-07
7.585635732301727613e-07
7.418422036801454619e-07
7.254894310539522605e-07
7.094971301982224506e-07
6.938573550661114853e-07
6.785623347691817311e-07
6.636044697163037863e-07
6.489763278376650232e-07
6.346706408920272814e-07
6.206803008553722509e-07
6.069983563891601170e-07
5.936180093864397455e-07
5.805326115940887057e-07
5.665774805647439173e-07
5.504828990359221090e-07
5.348455110304463577e-07
5.196523292011536514e-07
5.048907351282060427e-07
4.905484688391047817e-07
4.766136186263853373e-07
4.630746111545686642e-07
4.499202018481402668e-07
4.371394655525659933e-07
4.247217874606154890e-07
4.126568542964201993e-07
4.009346457499724403e-07
3.895454261549406120e-07
3.784797364028858019e-07
3.677283860871770475e-07
3.572824458700635172e-07
3.471332400665767493e-07
3.372723394391005197e-07
3.276915541966154223e-07
3.183829271928263617e-07
3.093387273174938663e-07
3.005514430755031617e-07
2.920137763483302474e-07
2.837186363327181192e-07
2.756591336515463718e-07
2.678285746319804393e-07
2.602204557461647099e-07
2.528284582098366760e-07
2.456464427343742202e-07
2.386684444279243001e-07
2.318886678413690786e-07
2.253014821550217880e-07
2.189014165020532455e-07
2.126831554247595532e-07
2.066415344599112911e-07
2.007715358494991103e-07
1.950682843733273972e-07
1.895270432999898183e-07
1.841432104528605312e-07
1.789123143878449864e-07
1.737600112019341393e-07
1.680189287162703508e-07
1.624675333046301281e-07
1.570995576496325061e-07
1.519089415079261506e-07
1.468898248684057431e-07
1.420365413364759958e-07
1.373436117369063893e-07
1.328057379280464643e-07
1.284177968204213757e-07
1.241748345929589480e-07
1.200720611003091102e-07
1.161048444649497880e-07
1.122687058479712608e-07
1.085593143926330439e-07
1.049724823349917071e-07
1.015041602760704491e-07
9.815043261023987826e-08
9.490751310464614169e-08
9.177174062469520870e-08
8.873957500077026335e-08
8.580759303151208975e-08
8.297248461915319078e-08
8.023104903254181930e-08
7.758019129363514326e-08
7.501691868338695906e-08
7.253833736307876933e-08
7.014164910728457533e-08
6.782414814477958949e-08
6.558321810382463573e-08
6.341632905838271786e-08
6.132103467192540378e-08
5.929496943561139203e-08
5.733584599771575256e-08
5.544145258129464911e-08
5.360965048717342413e-08
5.183837167943447521e-08
5.012561645068240678e-08
4.846945116444953123e-08
4.686800607219195813e-08
4.531947320241478736e-08
4.382210431953917612e-08
4.228508680023297277e-08
4.078749241470986335e-08
3.934293774397167594e-08
3.794954430117900138e-08
3.660550012912582825e-08
3.530905744398633872e-08
3.405853036251092722e-08
3.285229270971771217e-08
3.168877590422844780e-08
3.056646691849830834e-08
2.948390631128740166e-08
2.843968632981552945e-08
2.743244907913214852e-08
2.646088475632136056e-08
2.552372994724504840e-08
2.461976598360962754e-08
2.374781735821989473e-08
2.290675019635926481e-08
2.209547078130873721e-08
2.131292413208679021e-08
2.055809263156063713e-08
1.982999470314580710e-08
1.912768353437166822e-08
1.845024584565478341e-08
1.779680070267769761e-08
1.716649837082907506e-08
1.655851921021627135e-08
1.597207260981189301e-08
1.540639595935048482e-08
1.486075365763609789e-08
1.433443615597262824e-08
1.382675903547279811e-08
1.333706211704549799e-08
1.286470860290411150e-08
1.240908424848050730e-08
1.196959656366609765e-08
1.154567404234287587e-08
1.113676541920160038e-08
1.074233895288075494e-08
1.036188173449485173e-08
9.994899020651846516e-09
9.634336474449213268e-09
9.283013366517181776e-09
8.944501512011307633e-09
8.618333739229404816e-09
8.304059912226183093e-09
8.001246309592083072e-09
7.709475025885076020e-09
7.428343394889860839e-09
7.157463433908606229e-09
6.896461308315480420e-09
6.644976815636998472e-09
6.402662888445755490e-09
6.169185115381115741e-09
5.944221279636750136e-09
5.727460914277278270e-09
5.518604873770538969e-09
5.317364921144476266e-09
5.123463330198408941e-09
4.936632502220294328e-09
4.756614596680259085e-09
4.583161175391453385e-09
4.416032859646822026e-09
4.254998999858383764e-09
4.099837357243700615e-09
3.950333797119697051e-09
3.806281993380678256e-09
3.667483143752928534e-09
3.533745695432672201e-09
3.404885080728864633e-09
3.280723462345946179e-09
3.161089487955114702e-09
3.045818053715215063e-09
2.934750076417080379e-09
2.827732273936845869e-09
2.724616953695137708e-09
2.625261808830197960e-09
2.529529721803808406e-09
2.437288575168812599e-09
2.348411069237145677e-09
2.262774546396725396e-09
2.180260821834802413e-09
2.100378292701382634e-09
2.022873533050671333e-09
1.948228728575354204e-09
1.876338345839280326e-09
1.807100745630296328e-09
1.740418039261936755e-09
1.676195950177553298e-09
1.614343680661417428e-09
1.554773783468094598e-09
1.497402038188842149e-09
1.442147332180128312e-09
1.388931545885851124e-09
1.337679442391325864e-09
1.288318561052709907e-09
1.240779115051523857e-09
1.194993892729502446e-09
1.150898162564171907e-09
1.108429581650941306e-09
1.067528107562145490e-09
1.028135913458587836e-09
9.901973063334983226e-10
9.536586482732616881e-10
9.184682806237337038e-10
8.845764509548077209e-10
8.519352427200019291e-10
8.204985075116687573e-10
7.902217998159943363e-10
7.610623141755670022e-10
7.329788246706705748e-10
7.059316266337385395e-10
6.798824805145816330e-10
6.547945578169830091e-10
6.306323890302698219e-10
6.073618134822396699e-10
