7.015265618433839225e-10
7.108281944617314882e-10
7.202531586459451285e-10
7.298030896654162114e-10
7.394796444717874674e-10
7.492845019864493314e-10
7.592193633918189808e-10
7.692859524265264575e-10
7.794860156844656889e-10
7.898213229178607460e-10
8.002936673442993641e-10
8.109048659578893372e-10
8.216567598444883646e-10
8.325512145011658562e-10
8.435901201598483072e-10
8.547324541603899454e-10
8.659760750963078444e-10
8.773676008077322531e-10
8.889089769154502061e-10
9.006021746340155331e-10
9.124491911084185031e-10
9.244520497552049756e-10
9.366128006080437160e-10
9.489335206678779464e-10
9.614163142576643358e-10
9.740633133817810120e-10
9.868766780901647712e-10
9.998585968472377674e-10
1.013011286905686857e-09
1.026336994685160736e-09
1.039721616332255711e-09
1.053277563061642148e-09
1.067010252958471945e-09
1.080921990409736471e-09
1.095015109847136135e-09
1.109291976138836016e-09
1.123754984986262338e-09
1.138406563326144715e-09
1.153249169737726203e-09
1.168285294855353754e-09
1.183517461786399434e-09
1.198948226534631933e-09
1.214580178429154376e-09
1.230415940558863369e-09
1.246385708215570405e-09
1.262476604167815194e-09
1.278775234315699302e-09
1.295284280517093284e-09
1.312006459252774097e-09
1.328944522073424610e-09
1.346101256052355555e-09
1.363479484244120300e-09
1.381082066149051011e-09
1.398911898183741814e-09
1.416971914157656204e-09
1.435265085755888265e-09
1.453794423028103541e-09
1.472562974883845072e-09
1.491573829594234151e-09
1.510639435996022375e-09
1.529937877765914266e-09
1.549482857422923176e-09
1.569277524492306339e-09
1.589325068734554378e-09
1.609628720659396578e-09
1.630191752046366741e-09
1.651017476472051418e-09
1.672109249844008933e-09
1.693470470941574077e-09
1.715104581963539556e-09
1.737015069082840154e-09
1.759205463008322306e-09
1.781679339553692167e-09
1.804325732433137210e-09
1.827108287615769079e-09
1.850178509715365802e-09
1.873540030995939575e-09
1.897196529584736384e-09
1.921151730051381339e-09
1.945409403994257503e-09
1.969973370634328716e-09
1.994847497416453167e-09
2.020035700618296270e-09
2.045541945966891242e-09
2.071370249263067408e-09
2.097524677013682126e-09
2.124009347071873471e-09
2.150828429285391578e-09
2.177655939265738047e-09
2.204789040463073964e-09
2.232260213973538063e-09
2.260073672101791536e-09
2.288233679636888723e-09
2.316744554506155110e-09
2.345610668437351614e-09
2.374836447628944414e-09
2.404426373428868676e-09
2.434384983021605453e-09
2.464716870123969206e-09
2.495426685689407843e-09
2.526519138621239197e-09
2.557998996494623371e-09
2.589685798307537888e-09
2.621491580504953872e-09
2.653687992245875708e-09
2.686279831130909153e-09
2.719271953683420855e-09
2.752669276073244867e-09
2.786476774849166390e-09
2.820699487680569011e-09
2.855342514108019218e-09
2.890411016303186476e-09
2.925910219838095141e-09
2.961845414463718553e-09
2.998221954898243276e-09
3.035045261625012192e-09
3.072320821700150147e-09
3.109515635360175868e-09
3.147095756150239962e-09
3.185130052331009604e-09
3.223624012849332762e-09
3.262583192988845567e-09
3.302013215171690235e-09
3.341919769769916801e-09
3.382308615926693966e-09
3.423185582387445288e-09
3.464556568341026105e-09
3.506427544271085944e-09
3.548804552817644129e-09
3.591693709649225599e-09
3.635101204345387752e-09
3.678734270826462174e-09
3.722397685362579540e-09
3.766579347107818238e-09
3.811285407211202754e-09
3.856522089830611030e-09
3.902295692999328041e-09
3.948612589502878756e-09
3.995479227766279429e-09
4.042902132751806502e-09
4.090887906867433644e-09
4.139443230886043657e-09
4.188574864875550886e-09
4.238289649140068147e-09
4.288594505172222398e-09
4.339496436616860680e-09
4.390088911731398199e-09
4.441129244782514979e-09
4.492762986224748496e-09
4.544997035180764241e-09
4.597838370984251761e-09
4.651294054112494701e-09
4.705371227129692534e-09
4.760077115641440967e-09
4.815419029260115402e-09
4.871404362581574376e-09
4.928040596173200331e-09
4.985335297573429094e-09
5.043296122302895465e-09
5.101930814887360325e-09
5.160762272490511631e-09
5.219375183556959617e-09
5.278653785690402547e-09
5.338605639419569897e-09
5.399238391141173538e-09
5.460559774095282725e-09
5.522577609351571539e-09
5.585299806806768008e-09
5.648734366193637443e-09
5.712889378101217074e-09
5.777773025006640324e-09
5.843393582318908870e-09
5.909759419434174104e-09
5.976879000803350195e-09
6.044760887011620359e-09
6.111891785031893670e-09
6.179475565042977243e-09
6.247806669692879430e-09
6.316893362711627260e-09
6.386743999207625333e-09
6.457367026677884058e-09
6.528770986029816836e-09
6.600964512614065222e-09
6.673956337268754059e-09
6.747755287375552971e-09
6.822370287927012319e-09
6.897810362606145572e-09
6.974084634877495421e-09
7.051202329090721762e-09
7.128394690948506952e-09
7.204812568726525806e-09
7.282049662091963995e-09
7.360114753206742244e-09
7.439016718379480068e-09
7.518764529074586637e-09
7.599367252932472259e-09
7.680834054800506584e-09
7.763174197775233924e-09
7.846397044255432070e-09
7.930512057006740063e-09
8.015528800237720912e-09
8.101456940687145839e-09
8.188306248723277609e-09
8.276086599454731079e-09
8.362262444173198302e-09
8.448746291736065602e-09
8.536124568998898022e-09
8.624406526295913393e-09
8.713601509629651061e-09
8.803718961660526402e-09
8.894768422706415724e-09
8.986759531752789379e-09
9.079702027472928210e-09
9.173605749259055463e-09
9.268480638263914351e-09
9.364336738453345448e-09
9.461184197669369294e-09
9.559033268704594745e-09
9.656670935755116264e-09
9.752426123523814310e-09
9.849130816152441571e-09
9.946794428895750095e-09
1.004542647036968595e-08
1.014503654347729715e-08
1.024563434634371575e-08
1.034722967326024225e-08
1.044983241563808650e-08
1.055345256297125222e-08
1.065810020380920053e-08
1.076378552673913186e-08
1.087051882137780696e-08
1.097831047937353557e-08
1.108717099541772897e-08
1.119290083983661250e-08
1.129848837935393240e-08
1.140507197241100037e-08
1.151266101521740819e-08
1.162126499262131442e-08
1.173089347894566939e-08
1.184155613883212310e-08
1.195326272809321479e-08
1.206602309457227018e-08
1.217984717901163841e-08
1.229474501592911799e-08
1.241072673450241803e-08
1.252780255946231474e-08
1.264598281199388299e-08
1.276338629023764312e-08
1.287681247326205660e-08
1.299124665672642135e-08
1.310669779857019924e-08
1.322317493634071265e-08
1.334068718790053275e-08
1.345924375214114119e-08
1.357885390970318438e-08
1.369952702370286047e-08
1.382127254046492216e-08
1.394409999026201403e-08
1.406801898806089201e-08
1.419303923427498409e-08
1.431917051552366758e-08
1.444642270539853292e-08
1.456800072619340404e-08
1.468843899199151182e-08
1.480987295899396786e-08
1.493231085897734979e-08
1.505576099177284760e-08
1.518023172582897636e-08
1.530573149877894276e-08
1.543226881801245851e-08
1.555985226125253004e-08
1.568849047713689044e-08
1.581819218580437779e-08
1.594896617948588960e-08
1.608082132310046566e-08
1.621376655485633403e-08
1.634502446963949498e-08
1.646878331431814453e-08
1.659347921795716695e-08
1.671911927564130014e-08
1.684571063617681473e-08
1.697326050249834139e-08
1.710177613207854356e-08
1.723126483734113211e-08
1.736173398607705951e-08
1.749319100186352332e-08
1.762564336448646678e-08
1.775909861036628243e-08
1.789356433298640743e-08
1.802904818332550229e-08
1.816555787029288532e-08
1.829268346317199721e-08
1.841689170992195432e-08
1.854194333695516571e-08
1.866784407086645438e-08
1.879459967713450143e-08
1.892221596038589198e-08
1.905069876466094794e-08
1.918005397368120835e-08
1.931028751111909698e-08
1.944140534086903564e-08
1.957341346732058589e-08
1.970631793563342042e-08
1.984012483201415392e-08
1.997484028399509300e-08
2.010656885991495577e-08
2.022527555764421272e-08
2.034468308504679246e-08
2.046479557973448128e-08
2.058561720374700268e-08
2.070715214369621811e-08
2.082940461091134677e-08
2.095237884158464870e-08
2.107607909691838826e-08
2.120050966327242966e-08
2.132567485231274564e-08
2.145157900116097504e-08
2.157822647254445351e-08
2.170562165494757431e-08
2.183376896276379105e-08
2.194721204010183124e-08
2.205480775965729268e-08
2.216293096483801049e-08
2.227158424163059963e-08
2.238077018869939917e-08
2.249049141744852404e-08
2.260075055208456206e-08
2.271155022967922784e-08
2.282289310023227492e-08
2.293478182673516213e-08
2.304721908523461087e-08
2.316020756489645022e-08
2.327374996807028593e-08
2.338784901035373260e-08
2.349723193881560712e-08
2.358507732691212163e-08
2.367325112868003458e-08
2.376175457190768824e-08
2.385058888897352620e-08
2.393975531686332522e-08
2.402925509718724832e-08
2.411908947619742080e-08
2.420925970480506934e-08
2.429976703859806822e-08
2.439061273785820751e-08
2.448179806757904031e-08
2.457332429748330321e-08
2.466519270204069069e-08
2.475740456048541459e-08
2.482771750998080427e-08
2.488775839886283179e-08
2.494794448467395787e-08
2.500827611854393184e-08
2.506875365245178590e-08
2.512937743922775421e-08
2.519014783255515881e-08
2.525106518697283828e-08
2.531212985787681528e-08
2.537334220152271198e-08
2.543470257502769221e-08
2.549621133637237726e-08
2.555786884440329764e-08
2.561967545883458381e-08
2.567514093288262323e-08
2.569832198150714950e-08
2.572152395936500795e-08
2.574474688535235219e-08
2.576799077838240552e-08
2.579125565738546760e-08
2.581454154130892430e-08
2.583784844911732382e-08
2.586117639979217492e-08
2.588452541233228762e-08
2.590789550575357144e-08
2.593128669908910487e-08
2.595469901138914196e-08
2.597813246172114874e-08
2.600158706916980321e-08
2.599552737730896164e-08
2.597384345718735455e-08
2.595217762450003434e-08
2.593052986415943510e-08
2.590890016109073610e-08
2.588728850023168976e-08
2.586569486653245621e-08
2.584411924495590107e-08
2.582256162047743995e-08
2.580102197808485978e-08
2.577950030277862980e-08
2.575799657957172955e-08
2.573651079348948011e-08
2.571504292956985509e-08
2.568640663157766928e-08
2.561390957164201313e-08
2.554161712669097767e-08
2.546952871922131442e-08
2.539764377335970121e-08
2.532596171485800408e-08
2.525448197108900243e-08
2.518320397104164431e-08
2.511212714531634469e-08
2.504125092612074042e-08
2.497057474726499182e-08
2.490009804415712730e-08
2.482982025379881813e-08
2.475974081478073630e-08
2.468985916727792562e-08
2.458506130497300601e-08
2.445994226219142886e-08
2.433545997905308061e-08
2.421161121494149293e-08
2.408839274573224004e-08
2.396580136370940663e-08
2.384383387748173493e-08
2.372248711189969492e-08
2.360175790797296804e-08
2.348164312278786815e-08
2.336213962942592378e-08
2.324324431688207325e-08
2.312495408998406754e-08
2.300726586931151577e-08
2.288350908099846588e-08
2.270884185691307770e-08
2.253550784789805818e-08
2.236349687767429705e-08
2.219279884763706115e-08
2.202340373626312760e-08
2.185530159852241688e-08
2.168848256529413229e-08
2.152293684278735641e-08
2.135865471196606455e-08
2.119562652797853229e-08
2.103384271959108734e-08
2.087329378862619913e-08
2.071397030940484655e-08
2.055586292819314411e-08
2.036494697476683923e-08
2.015341430665233530e-08
1.994407884876058824e-08
1.973691777845716315e-08
1.953190851016849628e-08
1.932902869291955377e-08
1.912825620789707005e-08
1.892956916603790933e-08
1.873294590564286800e-08
1.853836499001485552e-08
1.834580520512182136e-08
1.815524555728395805e-08
1.796666527088471038e-08
1.778004378610597807e-08
1.759100226008726909e-08
1.735887692421703486e-08
1.712981464130741025e-08
1.690377499227443891e-08
1.668071809139168365e-08
1.646060457925225947e-08
1.624339561582352404e-08
1.602905287359381350e-08
1.581753853080921862e-08
1.560881526479979890e-08
1.540284624539384523e-08
1.519959512841903941e-08
1.499902604928924344e-08
1.480110361667622048e-08
1.460579290626454026e-08
1.439213783403506762e-08
1.416631803801510474e-08
1.394404146683515682e-08
1.372525252553640710e-08
1.350989649147248419e-08
1.329791950062262564e-08
1.308926853411929958e-08
1.288389140498735635e-08
1.268173674509125081e-08
1.248275399228693884e-08
1.228689337777562584e-08
1.209410591365568119e-08
1.190434338066999895e-08
1.171755831614558379e-08
1.153249809215283392e-08
1.133195636295571169e-08
1.113490190813990749e-08
1.094127408654779813e-08
1.075101331152727375e-08
1.056406103259457633e-08
1.038035971741621152e-08
1.019985283410397646e-08
1.002248483381796681e-08
9.848201133672078737e-09
9.676948099936804622e-09
9.508673031533988722e-09
9.343324143818917307e-09
9.180850552643919835e-09
9.021202258699682797e-09
8.861129527713103852e-09
8.701296698319820723e-09
8.544346857294135715e-09
8.390228002666425877e-09
8.238889070453907156e-09
8.090279917741531775e-09
7.944351306068252574e-09
7.801054885112895479e-09
7.660343176674336207e-09
7.522169558940596282e-09
7.386488251041746361e-09
7.253254297881269171e-09
7.122423555241335853e-09
6.993952675156436244e-09
6.867677943470140059e-09
6.740293582523106753e-09
6.615271996235492620e-09
6.492569358944165666e-09
6.372142657881433846e-09
6.253949678097121583e-09
6.137948987660440131e-09
6.024099923136085686e-09
5.912362575329991748e-09
5.802697775299316902e-09
5.695067080622072991e-09
5.589432761921192416e-09
5.485757789638766262e-09
5.384005821055590298e-09
5.284141187551280732e-09
5.181239534705782490e-09
5.075930690460124013e-09
4.972762251536796933e-09
4.871690714135348247e-09
4.772673458671394833e-09
4.675668731804766415e-09
4.580635628833223475e-09
4.487534076443733091e-09
4.396324815814514014e-09
4.306969386060537070e-09
4.219430108015322448e-09
4.133670068342565341e-09
4.049653103970577085e-09
3.967343786843203952e-09
3.886631545123012929e-09
3.797417828830823584e-09
3.710251923627027294e-09
3.625086824068679997e-09
3.541876603675421880e-09
3.460576390163095102e-09
3.381142341245630865e-09
3.303531620992521863e-09
3.227702376728983527e-09
3.153613716466215206e-09
3.081225686849924329e-09
3.010499251614824540e-09
2.941396270533822587e-09
2.873879478850394482e-09
2.807912467182959617e-09
2.743535605643005111e-09
2.680710732438752700e-09
2.619324500921905816e-09
2.559343967294880423e-09
2.500736942147978161e-09
2.443471973184403333e-09
2.387518328340972491e-09
2.332845979295344011e-09
2.279425585350827910e-09
2.227228477690316331e-09
2.176226643990776670e-09
2.126392713389976827e-09
2.077699941797592628e-09
2.030122197542547207e-09
1.983633947349105052e-09
1.942920354350567449e-09
1.903133640176589728e-09
1.864161669963269972e-09
1.825987759555241082e-09
1.788595566451736095e-09
1.751969082810286922e-09
1.716092628593648560e-09
1.680950844857100012e-09
1.646528687173130374e-09
1.612811419190877210e-09
1.579784606327349471e-09
1.547434109587909794e-09
1.515746079513296827e-09
1.484706950250536665e-09
1.454693412337047612e-09
1.425722275684214868e-09
1.397328117487350043e-09
1.369499446856653812e-09
1.342225001750642448e-09
1.315493744418496794e-09
1.289294856933149027e-09
1.263617736813387285e-09
1.238451992733098187e-09
1.213787440315966217e-09
1.189614098013967529e-09
1.165922183067896708e-09
1.142702107548371375e-09
1.119944474475655112e-09
1.097640074016803373e-09
1.076524091978725773e-09
1.055849541925574358e-09
1.035572044779167057e-09
1.015683975173513725e-09
9.961778541871164037e-10
9.770463465304950695e-10
9.582822577877485275e-10
9.398785317111088466e-10
9.218282475674189526e-10
9.041246175355905005e-10
8.867609841540391720e-10
8.697308178171424183e-10
8.530277143197761458e-10
8.366453924490102092e-10
8.212122981289240816e-10
8.068551868283707633e-10
7.927490783992594282e-10
7.788895846021937450e-10
7.652723939165947163e-10
7.518932701994544050e-10
7.387480513675076617e-10
7.258326481024588230e-10
7.131430425788562013e-10
7.006752872141955027e-10
6.884255034408594685e-10
6.763898804995573893e-10
6.645646742538272216e-10
6.529462060253077962e-10
6.415308614493187246e-10
6.306217863887141672e-10
6.199218384269470028e-10
6.094034396740038868e-10
5.990635097302982983e-10
5.888990204623097772e-10
5.789069951157602800e-10
5.690845074438492564e-10
5.594286808502809895e-10
5.499366875468203294e-10
5.406057477251653730e-10
5.314331287428488155e-10
5.224161443229630423e-10
5.135521537674619418e-10
5.048385611838132078e-10
4.963538598411507967e-10
4.881245488598434726e-10
4.800316759415920599e-10
4.720729790081871223e-10
4.642462334856000132e-10
4.565492516821801456e-10
4.489798821771697375e-10
4.415360092193385954e-10
4.342155521356077234e-10
4.270164647494684061e-10
4.199367348090455964e-10
4.129743834246416719e-10
4.061274645156144081e-10
3.993940642664082732e-10
3.927723005916211204e-10
3.861070889164950749e-10
3.795383851965619534e-10
3.730814325161690438e-10
3.667343296942963165e-10
3.604952078940459914e-10
3.543622300723830723e-10
3.483335904392379639e-10
3.424075139258105421e-10
3.365822556619200127e-10
3.308561004622466009e-10
3.252273623213134881e-10
3.196943839170602615e-10
3.142555361228621871e-10
3.089092175278524121e-10
3.035349605970722056e-10
2.980695663968333390e-10
2.927025810708316745e-10
2.874322326871308235e-10
2.822567812188732690e-10
2.771745179697988812e-10
2.721837650101190097e-10
2.672828746225363083e-10
2.624702287582454242e-10
2.577442385027287985e-10
2.531033435511659077e-10
2.485460116932983172e-10
2.440707383075604501e-10
2.396760458643244902e-10
2.353604834380841611e-10
2.308171324157308780e-10
2.263183627691230782e-10
2.219072769444284404e-10
2.175821659293539513e-10
2.133413540213240213e-10
2.091831981782444646e-10
2.051060873819373867e-10
2.011084420139739591e-10
1.971887132436697985e-10
1.933453824280158125e-10
1.895769605233008567e-10
1.858819875082030425e-10
1.822590318181244216e-10
1.787066897905548297e-10
1.751010618852441744e-10
1.713556799362046815e-10
1.676904110703935382e-10
1.641035416825793112e-10
1.605933948212530549e-10
1.571583294046156179e-10
1.537967394533278427e-10
1.505070533396757512e-10
1.472877330527948731e-10
1.441372734796118322e-10
1.410542017011659101e-10
1.380370763039832281e-10
1.350844867061774064e-10
1.321950524979704640e-10
1.293674227963144323e-10
1.263587137858071230e-10
1.233775565244468573e-10
1.204667331431224534e-10
1.176245842678909328e-10
1.148494896741047706e-10
1.121398673627703917e-10
1.094941726586980542e-10
1.069108973299265868e-10
1.043885687279278973e-10
1.019257489480918952e-10
9.952103401002032212e-11
9.717305305715958623e-11
9.488046757531458927e-11
9.264197062960393751e-11
9.038235674740819833e-11
8.803430274361962250e-11
8.574724911427521772e-11
8.351961112338598366e-11
8.134984520500883388e-11
7.923644789368369781e-11
7.717795478265863089e-11
7.517293950917934391e-11
7.322001276613835465e-11
7.131782133940381949e-11
6.946504717015460370e-11
6.766040644157654441e-11
6.590264868928561410e-11
6.419055593485999002e-11
6.252294184188509769e-11
6.077286161521368487e-11
5.904511166208919898e-11
5.736648100039204070e-11
5.573557318685357652e-11
5.415103147857163359e-11
5.261153770434214779e-11
5.111581116807964215e-11
4.966260758341498913e-11
4.825071803857899520e-11
4.687896799071722667e-11
4.554621628879292778e-11
4.425135422427134887e-11
4.299330460879102313e-11
4.177102087805569279e-11
4.055337237499325720e-11
3.930545983851782749e-11
3.809594819468083771e-11
3.692365576727300357e-11
3.578743724274663300e-11
3.468618255126050066e-11
3.361881578215587638e-11
3.258429413280766273e-11
3.158160688982027210e-11
3.060977444157367476e-11
2.966784732115792369e-11
2.875490527875612336e-11
2.787005638257281995e-11
2.701243614742977349e-11
2.618120669017491891e-11
2.533235694746933459e-11
2.450020841888831724e-11
2.369539533228978432e-11
2.291701973933562594e-11
2.216421318860316041e-11
2.143613575663341937e-11
2.073197511081055134e-11
2.005094560302269344e-11
1.939228739309713828e-11
1.875526560102910537e-11
1.813916948705880481e-11
1.754331165868380229e-11
1.696702730371894295e-11
1.640967344855009644e-11
1.586293296607832541e-11
1.531537921474337649e-11
1.478672582132087265e-11
1.427632038679370622e-11
1.378353303153193315e-11
1.330775561797268522e-11
1.284840100013172430e-11
1.240490229901996374e-11
1.197671220307132386e-11
1.156330229271772961e-11
1.116416238827910006e-11
1.077879992036174792e-11
1.040673932199040528e-11
1.004752144172160148e-11
9.700702977015340496e-12
9.357023469024421845e-12
9.022941480665591817e-12
8.700787513575019660e-12
8.390135691182411760e-12
8.090575342361050643e-12
7.801710458534440960e-12
7.523159170166364389e-12
7.254553241942567625e-12
6.995537585976109268e-12
6.745769792393188247e-12
6.504919676679160415e-12
6.272668843185628671e-12
6.048710264222437353e-12
5.832747874177436479e-12
5.623411874218573662e-12
5.418523585456581431e-12
5.221100375157746990e-12
5.030870254147904545e-12
4.847571143143482101e-12
4.670950511685857072e-12
4.500765030231280401e-12
4.336780234916576977e-12
4.178770204539341514e-12
4.026517249307133365e-12
3.879811610927067927e-12
3.738451173622763628e-12
3.602241185680104996e-12
3.470993991138693415e-12
3.344528771258922792e-12
3.221788848125667186e-12
3.103256133818302739e-12
2.989084352217377700e-12
2.879113060409053401e-12
2.773187718328785653e-12
2.671159471589837459e-12
2.572884942301685169e-12
2.478226027584471460e-12
2.387049705496302797e-12
2.299227848100617678e-12
2.214637041411027721e-12
2.133158411960568848e-12
2.054677459751550278e-12
1.979083897351511379e-12
1.906228026556242295e-12
1.835912116237967803e-12
1.768189981257693982e-12
1.702965943831081919e-12
1.640147855484205446e-12
1.579646966866337388e-12
1.521377802364878946e-12
1.465258039345464621e-12
1.411208391846650629e-12
1.359152498564694567e-12
1.309016814970434866e-12
1.260730509405585500e-12
1.214225363011835892e-12
1.169435673351281254e-12
1.126298161582080246e-12
1.084751883058141768e-12
1.044738141226586979e-12
1.006200404701285578e-12
9.690842273953673913e-13
9.333371715997964675e-13
8.989087338994619540e-13
8.657502738219593799e-13
8.338149451183603827e-13
8.030576295788926679e-13
7.734348732899249034e-13
7.449048252423515451e-13
7.174271782044903103e-13
6.909631117760629739e-13
6.654752375427529643e-13
6.409275462538886107e-13
6.172853569485943496e-13
5.945152679585608907e-13
5.725851097181843223e-13
5.514638993154336095e-13
5.311217967191963008e-13
5.115300626213333989e-13
4.926610178337780448e-13
4.744880041834157510e-13
4.569853468494314094e-13
4.401283180899278976e-13
4.238931023066123196e-13
4.082567623981205385e-13
3.931972073545018830e-13
3.786931610470511279e-13
3.647241321694139234e-13
3.512703852874805299e-13
3.383129129571830017e-13
3.258334088707868525e-13
3.138142419937568502e-13
3.022384316556334243e-13
2.910896235597692088e-13
2.803520666779808692e-13
2.700105909975055370e-13
2.600505860888269704e-13
2.504579804640574217e-13
2.412192216967640968e-13
2.323212572751023874e-13
2.237515161612352027e-13
2.154978910309861261e-13
2.075487211686137360e-13
1.998927759925636034e-13
1.925192391889123085e-13
1.854176934300840490e-13
1.785781056572601392e-13
1.719908129056745319e-13
1.656465086527937876e-13
1.595362296700597766e-13
1.536513433596524641e-13
1.479835355583601840e-13
1.425247987913316323e-13
1.372674209591283550e-13
1.322039744420712001e-13
1.273273056065063522e-13
1.226305246981544573e-13
1.181069961082750586e-13
1.137503289988770458e-13
1.095543682737537616e-13
1.055131858825639090e-13
1.016210724456854810e-13
9.787252918801131104e-14
9.426226017028009830e-14
9.078516480698043149e-14
8.743633066024407245e-14
8.421102649955985650e-14
8.110469561749371937e-14
7.811294939197342257e-14
7.523156108605067819e-14
7.245645987636628068e-14
6.978372510189626557e-14
6.720958072484408371e-14
6.473038999585522212e-14
6.234265031602359059e-14
6.004298828842002419e-14
5.782815495216033409e-14
5.569502119227486710e-14
5.364057331889793296e-14
5.166190880952834911e-14
4.975623220834839261e-14
4.792085117680532855e-14
4.615317268987702528e-14
4.445069937264847860e-14
4.281102597202265132e-14
4.123183595858019138e-14
3.971089825378782250e-14
3.824606407793352812e-14
3.683526391433011412e-14
3.547650458550561692e-14
3.416786643724240125e-14
3.290750062649083022e-14
3.169362650932609237e-14
3.052452912525472633e-14
2.939855677432011706e-14
2.831411868358218080e-14
2.726968275967409681e-14
2.626377342426224916e-14
2.529496952934930196e-14
2.436190234947875827e-14
2.346325364799930491e-14
2.259775381466183203e-14
2.176418007191474860e-14
2.096135474736411323e-14
2.018814360995997483e-14
1.944345426755484837e-14
1.872623462357309079e-14
1.803547139060939912e-14
1.737018865885729099e-14
1.672944651734430642e-14
1.611233972602662780e-14
1.551799643686645592e-14
1.494557696208559039e-14
1.439427258785527478e-14
1.386330443174597821e-14
1.335192234232273053e-14
1.285940383933154132e-14
1.238505309298024136e-14
1.192819994087001897e-14
1.148819894119112887e-14
1.106442846084278910e-14
1.065628979719029941e-14
1.026320633221870329e-14
9.884622717886902332e-15
9.520004091532688238e-15
9.168835320218817553e-15
8.830620272953846131e-15
8.504881119758520268e-15
8.191157656587686694e-15
7.889006655154799542e-15
7.598001236738887455e-15
7.317730269090879459e-15
7.047797785586141268e-15
6.787822425803058311e-15
6.537436896737362559e-15
6.296287453890893187e-15
6.064033401501552783e-15
5.840346611208511390e-15
5.624911058472883550e-15
5.417422376098199246e-15
5.217587424220947117e-15
