6.894317182783781103e-10
6.985436766446835036e-10
7.077760643197457484e-10
7.171304729722135989e-10
7.266085153072099562e-10
7.362118253443713641e-10
7.459420586995633916e-10
7.558008928702882397e-10
7.657900275249108212e-10
7.759111847956608154e-10
7.861661095755384995e-10
7.965565698191447245e-10
8.070843568474549908e-10
8.177512856566702851e-10
8.285591952310998005e-10
8.394664606017309298e-10
8.504708411346429014e-10
8.616194756629156812e-10
8.729142551803360953e-10
8.843570954693006298e-10
8.959499374257884299e-10
9.076947473885412373e-10
9.195935174726162171e-10
9.316482659072517048e-10
9.438610373782193741e-10
9.562339033746250854e-10
9.687689625402570561e-10
9.814683410295763760e-10
9.943341928683187431e-10
1.007368700318883302e-09
1.020456239153235070e-09
1.033710542714792157e-09
1.047137001197018276e-09
1.060737850652273827e-09
1.074515356176121807e-09
1.088471812284544705e-09
1.102609543296101120e-09
1.116930903719002241e-09
1.131438278643242191e-09
1.146134084137794648e-09
1.161020767653013467e-09
1.176100808428220343e-09
1.191376717904584153e-09
1.206851040143406343e-09
1.222452993716324108e-09
1.238169439397034823e-09
1.254087943288657823e-09
1.270211103149077460e-09
1.286541550134191094e-09
1.303081949227322745e-09
1.319834999674101926e-09
1.336803435422968957e-09
1.353990025571308009e-09
1.371397574817372058e-09
1.389028923917963571e-09
1.406886950152024783e-09
1.424974567790190696e-09
1.443294728570348866e-09
1.461850422179370984e-09
1.480451541677831054e-09
1.499278344173674265e-09
1.518344565848213663e-09
1.537653251379024192e-09
1.557207484162621602e-09
1.577010386806866731e-09
1.597065121629634028e-09
1.617374891163761683e-09
1.637942938668481886e-09
1.658772548647356251e-09
1.679867047372736237e-09
1.701229803416955172e-09
1.722864228190273998e-09
1.744773776485607620e-09
1.766845907229552236e-09
1.789043657969981137e-09
1.811520289928010901e-09
1.834279306825014069e-09
1.857324256401331830e-09
1.880658730969282307e-09
1.904286367973194509e-09
1.928210850556360610e-09
1.952435908135238469e-09
1.976965316980739774e-09
2.001802900806942758e-09
2.026952531367117190e-09
2.052418129057243618e-09
2.078203663527189419e-09
2.104313154299444855e-09
2.130416552012081175e-09
2.156814381786170998e-09
2.183539305065107588e-09
2.210595374839689059e-09
2.237986694320987188e-09
2.265717417562677163e-09
2.293791750091000141e-09
2.322213949542523218e-09
2.350988326309894524e-09
2.380119244195510703e-09
2.409611121073282914e-09
2.439468429558691585e-09
2.469695697687057564e-09
2.500297509600212042e-09
2.531090993673086265e-09
2.561986929592363672e-09
2.593259998873782219e-09
2.624914805021608013e-09
2.656956007733100059e-09
2.689388323584429934e-09
2.722216526724980388e-09
2.755445449580105574e-09
2.789079983562524171e-09
2.823125079792287869e-09
2.857585749825644123e-09
2.892467066392746844e-09
2.927774164144378806e-09
2.963512240407789998e-09
2.999686555951761113e-09
3.035757771051027331e-09
3.072197021470733499e-09
3.109073664815478740e-09
3.146392951263785191e-09
3.184160194013922576e-09
3.222380770040317310e-09
3.261060120859039498e-09
3.300203753302612681e-09
3.339817240303920489e-09
3.379906221689728448e-09
3.420476404983594705e-09
3.461533566218412845e-09
3.503083550758839942e-09
3.545132274133467139e-09
3.587383584663257480e-09
3.629639976534730934e-09
3.672394113520938407e-09
3.715651858644936811e-09
3.759419143991300027e-09
3.803701971519617116e-09
3.848506413887566809e-09
3.893838615283677869e-09
3.939704792269903117e-09
3.986111234634122527e-09
4.033064306252678365e-09
4.080570445963077206e-09
4.128636168446973800e-09
4.177268065123545994e-09
4.226472805053402129e-09
4.275335296147544017e-09
4.324619446344306026e-09
4.374471722148153621e-09
4.424898672656597618e-09
4.475906922462213558e-09
4.527503172522910987e-09
4.579694201042241396e-09
4.632486864359830851e-09
4.685888097852174721e-09
4.739904916843626576e-09
4.794544417528072598e-09
4.849813777901146770e-09
4.905720258703197740e-09
4.962271204373139743e-09
5.018985516657645372e-09
5.075444533525264808e-09
5.132538662922137489e-09
5.190275049285851616e-09
5.248660917422479064e-09
5.307703573410581227e-09
5.367410405515383382e-09
5.427788885113435233e-09
5.488846567627445770e-09
5.550591093471773041e-09
5.613030189008410025e-09
5.676171667513956282e-09
5.740023430157234599e-09
5.804593466988047269e-09
5.869889857936909892e-09
5.934391016911165950e-09
5.999306830961463644e-09
6.064932753749399728e-09
6.131276553095955139e-09
6.198346081793567570e-09
6.266149278535823744e-09
6.334694168856922354e-09
6.403988866081821691e-09
6.474041572286370510e-09
6.544860579268351902e-09
6.616454269528737042e-09
6.688831117264090172e-09
6.761999689369405148e-09
6.835968646452343849e-09
6.909966871246403386e-09
6.983143050589749668e-09
7.057094161755962993e-09
7.131828411231515926e-09
7.207354092409219943e-09
7.283679586508441530e-09
7.360813363505215498e-09
7.438763983072195956e-09
7.517540095528424259e-09
7.597150442799444995e-09
7.677603859387301808e-09
7.758909273350936677e-09
7.841075707296993472e-09
7.924112279380938103e-09
8.008028204319112349e-09
8.090290634382819269e-09
8.172809655613632606e-09
8.256170351040454394e-09
8.340381305537882901e-09
8.425451191544180171e-09
8.511388769954493084e-09
8.598202891022860728e-09
8.685902495273921284e-09
8.774496614423418471e-09
8.863994372308422387e-09
8.954404985827057974e-09
9.045737765887489630e-09
9.138002118366909740e-09
9.231207545080304489e-09
9.324147427610802778e-09
9.415160542448315140e-09
9.507062037391005797e-09
9.599860583927730318e-09
9.693564938189854461e-09
9.788183941777447126e-09
9.883726522593541634e-09
9.980201695686538124e-09
1.007761856410083473e-08
1.017598631973575041e-08
1.027531424421285032e-08
1.037561170975171334e-08
1.047688818005426755e-08
1.057915321119775157e-08
1.068241645253638610e-08
1.078252499015686054e-08
1.088243427555184377e-08
1.098326930564182967e-08
1.108503865824053001e-08
1.118775099064243233e-08
1.129141504035924051e-08
1.139603962586314948e-08
1.150163364733701697e-08
1.160820608743148356e-08
1.171576601202910400e-08
1.182432257101556235e-08
1.193388499905803080e-08
1.204446261639075134e-08
1.215606482960787514e-08
1.226684350493947892e-08
1.237365638966042447e-08
1.248139934187086943e-08
1.259008046008378388e-08
1.269970791332953325e-08
1.281028994176984987e-08
1.292183485731731841e-08
1.303435104425997173e-08
1.314784695989161736e-08
1.326233113514749110e-08
1.337781217524546586e-08
1.349429876033297481e-08
1.361179964613928625e-08
1.373032366463374085e-08
1.384987972468955256e-08
1.396384591035735081e-08
1.407664270697203028e-08
1.419035065065952776e-08
1.430497710146031858e-08
1.442052947886762262e-08
1.453701526230762080e-08
1.465444199162370145e-08
1.477281726756431655e-08
1.489214875227507975e-08
1.501244416979468765e-08
1.513371130655484785e-08
1.525595801188439927e-08
1.537919219851719603e-08
1.550342184310440360e-08
1.562595743951010337e-08
1.574117454449694641e-08
1.585724119622887542e-08
1.597416365879030744e-08
1.609194824245352570e-08
1.621060130401925637e-08
1.633012924715972018e-08
1.645053852276425497e-08
1.657183562928746941e-08
1.669402711309994769e-08
1.681711956884156486e-08
1.694111963977739615e-08
1.706603401815625678e-08
1.719186944557187216e-08
1.731863271332672817e-08
1.743629352330350825e-08
1.755108654406200763e-08
1.766663531245670130e-08
1.778294480400343514e-08
1.790002002697470180e-08
1.801786602261518403e-08
1.813648786535905511e-08
1.825589066304836442e-08
1.837607955715287886e-08
1.849705972299172432e-08
1.861883636995595010e-08
1.874141474173308538e-08
1.886480011653280727e-08
1.898899780731426992e-08
1.911027124087375435e-08
1.921899990159860582e-08
1.932834717843382078e-08
1.943831659102076594e-08
1.954891167902595068e-08
1.966013600225495625e-08
1.977199314076702350e-08
1.988448669499033204e-08
1.999762028583770957e-08
2.011139755482344638e-08
2.022582216418032810e-08
2.034089779697756192e-08
2.045662815723933142e-08
2.057301697006401313e-08
2.069006798174407804e-08
2.079308245894058524e-08
2.089049008959851764e-08
2.098835403771342341e-08
2.108667644095789260e-08
2.118545944701868473e-08
2.128470521364365302e-08
2.138441590868887390e-08
2.148459371016599150e-08
2.158524080628981360e-08
2.168635939552608631e-08
2.178795168663953006e-08
2.189001989874208083e-08
2.199256626134136618e-08
2.209559301438940639e-08
2.219414552794287757e-08
2.227242451212691827e-08
2.235097958710964040e-08
2.242981172666618623e-08
2.250892190800622143e-08
2.258831111178603175e-08
2.266798032212068916e-08
2.274793052659624787e-08
2.282816271628199976e-08
2.290867788574273325e-08
2.298947703305108806e-08
2.307056115979990997e-08
2.315193127111467837e-08
2.323358837566596032e-08
2.331553348568190758e-08
2.337709989011546488e-08
2.342910086548596004e-08
2.348121751394901978e-08
2.353345009281259051e-08
2.358579885995699453e-08
2.363826407383618404e-08
2.369084599347902824e-08
2.374354487849064344e-08
2.379636098905347168e-08
2.384929458592886232e-08
2.390234593045817053e-08
2.395551528456408078e-08
2.400880291075191379e-08
2.406220907211092023e-08
2.410978031219220211e-08
2.412772657111079479e-08
2.414568618843440619e-08
2.416365917410634945e-08
2.418164553807753126e-08
2.419964529030612091e-08
2.421765844075769597e-08
2.423568499940540432e-08
2.425372497622961350e-08
2.427177838121833089e-08
2.428984522436678348e-08
2.430792551567784806e-08
2.432601926516164749e-08
2.434412648283594780e-08
2.436224717872583059e-08
2.435370363118146229e-08
2.433105054005430459e-08
2.430841852015907751e-08
2.428580755189590185e-08
2.426321761568326847e-08
2.424064869195774708e-08
2.421810076117408881e-08
2.419557380380538836e-08
2.417306780034270017e-08
2.415058273129541894e-08
2.412811857719092555e-08
2.410567531857471287e-08
2.408325293601051805e-08
2.406085141008001150e-08
2.403209605621360349e-08
2.396444112868262873e-08
2.389697666265820480e-08
2.382970212195481438e-08
2.376261697189655798e-08
2.369572067931269384e-08
2.362901271253346887e-08
2.356249254138586700e-08
2.349615963718942361e-08
2.343001347275200031e-08
2.336405352236565895e-08
2.329827926180228420e-08
2.323269016830970571e-08
2.316728572060735043e-08
2.310206539888215640e-08
2.300654940756949085e-08
2.289339948644249839e-08
2.278080605487954756e-08
2.266876637597529119e-08
2.255727772628478456e-08
2.244633739575746969e-08
2.233594268767124907e-08
2.222609091856694648e-08
2.211677941818306895e-08
2.200800552939089948e-08
2.189976660812990753e-08
2.179206002334343736e-08
2.168488315691492578e-08
2.157823340360399749e-08
2.146647464371593705e-08
2.131170260253928601e-08
2.115804645883199171e-08
2.100549816703772458e-08
2.085404973960831969e-08
2.070369324658521344e-08
2.055442081518454301e-08
2.040622462938459833e-08
2.025909692951689699e-08
2.011303001185956221e-08
1.996801622823425749e-08
1.982404798560542096e-08
1.968111774568298706e-08
1.953921802452737139e-08
1.939834139215792316e-08
1.923063790070726986e-08
1.904604221371060220e-08
1.886321846833305460e-08
1.868214965563384810e-08
1.850281892994172513e-08
1.832520960728783603e-08
1.814930516385328978e-08
1.797508923443215976e-08
1.780254561090865748e-08
1.763165824074951984e-08
1.746241122551026317e-08
1.729478881935633986e-08
1.712877542759811543e-08
1.696435560523991763e-08
1.679807305397797797e-08
1.659778055187658114e-08
1.639987624550868625e-08
1.620433165912603692e-08
1.601111865651214068e-08
1.582020943693381217e-08
1.563157653114104350e-08
1.544519279741449702e-08
1.526103141766031292e-08
1.507906589355117593e-08
1.489927004271365963e-08
1.472161799496093820e-08
1.454608418857039257e-08
1.437264336660564288e-08
1.420127057328237671e-08
1.401587400756502408e-08
1.382113358034598653e-08
1.362909893044576474e-08
1.343973246304651578e-08
1.325299710568307362e-08
1.306885630098543345e-08
1.288727399952178986e-08
1.270821465274102853e-08
1.253164320601353496e-08
1.235752509176830357e-08
1.218582622272581283e-08
1.201651298522452893e-08
1.184955223264051861e-08
1.168491127889810138e-08
1.152158716370611851e-08
1.134570109458653153e-08
1.117250006433099392e-08
1.100194308371432243e-08
1.083398978924393358e-08
1.066860043360771743e-08
1.050573587626738596e-08
1.034535757419577240e-08
1.018742757275517481e-08
1.003190849671530455e-08
9.878763541408009020e-09
9.727956464017339468e-09
9.579451575002389443e-09
9.433213729650980041e-09
9.289208319762664906e-09
9.143169131795870349e-09
8.995980582314167516e-09
8.851161503284804864e-09
8.708673750502647706e-09
8.568479793815542900e-09
8.430542707239164766e-09
8.294826159231007245e-09
8.161294403120936535e-09
8.029912267695802806e-09
7.900645147935619525e-09
7.773458995898870212e-09
7.648320311754555388e-09
7.525196134958595760e-09
7.404054035572284670e-09
7.284587841019579372e-09
7.159363109267930658e-09
7.036291036497721824e-09
6.915334617713067960e-09
6.796457484047396249e-09
6.679623891828347393e-09
6.564798711830375082e-09
6.451947418712100385e-09
6.341036080635506079e-09
6.232031349063189886e-09
6.124900448731418393e-09
6.019611167795137773e-09
5.916131848142802189e-09
5.814431375877297598e-09
5.714479171960885536e-09
5.610094370220003819e-09
5.502061188143330300e-09
5.396108393250795772e-09
5.292195923676657771e-09
5.190284489023630265e-09
5.090335555506771966e-09
4.992311331383450920e-09
4.896174752663875526e-09
4.801889469096888929e-09
4.709419830425434215e-09
4.618730872906900217e-09
4.529788306092942293e-09
4.442558499863901025e-09
4.357008471712904561e-09
4.273047916769799823e-09
4.182944326808595012e-09
4.094740705460450506e-09
4.008396989052708177e-09
3.923873958715081084e-09
3.841133222565621669e-09
3.760137198272487203e-09
3.680849095983413485e-09
3.603232901614996805e-09
3.527253360494566605e-09
3.452875961346761259e-09
3.380066920618001755e-09
3.308793167131280523e-09
3.239022327064747618e-09
3.170722709246828749e-09
3.105280110977277629e-09
3.042610468517753064e-09
2.981205602163984026e-09
2.921039986661055920e-09
2.862088611895572261e-09
2.804326972499207850e-09
2.747731057662134626e-09
2.692277341152035400e-09
2.637942771534488926e-09
2.584704762590836473e-09
2.532541183929332807e-09
2.481430351785779844e-09
2.431351020009914462e-09
2.382282371233599034e-09
2.334204008217316117e-09
2.289579267635107712e-09
2.245855794033830215e-09
2.202967295735991746e-09
2.160897827444954794e-09
2.119631748367056331e-09
2.079153716396631502e-09
2.039448682412040816e-09
2.000501884680627520e-09
1.962298843370559514e-09
1.924825355167396901e-09
1.888067487993547550e-09
1.852011575828514010e-09
1.816644213628104932e-09
1.781952252340595149e-09
1.746293118205439950e-09
1.709528897364338750e-09
1.673538663387155529e-09
1.638306121744819407e-09
1.603815320952417605e-09
1.570050645347196706e-09
1.536996808018566622e-09
1.504638843887011747e-09
1.472962102928651256e-09
1.441952243542444007e-09
1.411595226057090184e-09
1.381877306374541407e-09
1.352785029747421048e-09
1.324305224687381644e-09
1.296424997001737973e-09
1.271129262981776568e-09
1.246421623521098904e-09
1.222194240054444575e-09
1.198437777581583505e-09
1.175143082551841237e-09
1.152301179337143082e-09
1.129903266773640218e-09
1.107940714770551660e-09
1.086405060984923430e-09
1.065288007561026092e-09
1.044581417933108132e-09
1.024277313690340276e-09
1.004367871502653757e-09
9.848454201063541619e-10
9.660199730625985921e-10
9.479498465564969195e-10
9.302177352892637791e-10
9.128173164329025271e-10
8.957423854326571562e-10
8.789868537946000808e-10
8.625447469146427495e-10
8.464102019481370437e-10
8.305774657193315827e-10
8.150408926699323714e-10
7.997949428460352201e-10
7.848341799227322075e-10
7.701532692656184653e-10
7.557469760286403146e-10
7.416101632874441342e-10
7.279650770384444494e-10
7.145885289504875875e-10
7.014577784212232418e-10
6.885683088564252333e-10
6.759156866554639481e-10
6.634955596862746975e-10
6.513036557883620207e-10
6.393357813032855132e-10
6.275878196321747111e-10
6.160557298197366072e-10
6.047355451642827524e-10
5.936233718533100350e-10
5.827153876241276614e-10
5.720078404491208845e-10
5.615166467491540412e-10
5.512451017218916540e-10
5.411614489643538130e-10
5.312622514566120958e-10
5.215441350504227122e-10
5.120037873191659701e-10
5.026379564288003660e-10
4.934434500294630026e-10
4.844171341673625027e-10
4.755559322165675823e-10
4.668568238303359047e-10
4.583168439116279921e-10
4.499330816024508708e-10
4.417026792916907537e-10
4.336228316410941169e-10
4.257171846886987204e-10
4.179585272262610456e-10
4.103412705993650662e-10
4.028628377904805683e-10
3.955206987479887419e-10
3.883123695302391534e-10
3.812354114651901823e-10
3.742874303253791295e-10
3.674660755179284530e-10
3.607690392893001697e-10
3.541940559445587970e-10
3.477389010808540985e-10
3.414013908348824585e-10
3.351793811440484349e-10
3.289965852306480315e-10
3.228127358743474624e-10
3.167451187057888116e-10
3.107915490143362835e-10
3.049498831533711582e-10
2.992180177684454262e-10
2.935938890399550274e-10
2.880754719400295337e-10
2.826607795034079038e-10
2.773478621120065597e-10
2.721348067929359719e-10
2.670197365297170828e-10
2.620008095864432097e-10
2.570762188446410836e-10
2.522441911525953798e-10
2.472850446729514837e-10
2.423926349100453283e-10
2.375970190042841787e-10
2.328962819380734377e-10
2.282885465814718025e-10
2.237719729426099650e-10
2.193447574329251248e-10
2.150051321469463840e-10
2.107513641563190491e-10
2.065817548178019517e-10
2.024946390949502654e-10
1.984883848932271866e-10
1.945613924082622295e-10
1.907120934870043624e-10
1.868488262725147180e-10
1.829074726787277547e-10
1.790492572478129934e-10
1.752724262791803819e-10
1.715752630644657809e-10
1.679560871072247124e-10
1.644132533590855547e-10
1.609451514720121307e-10
1.575502050663454138e-10
1.542268710142782523e-10
1.509736387384479302e-10
1.477890295253238110e-10
1.446715958530753978e-10
1.416199207336240589e-10
1.386326170685675040e-10
1.355271496521154857e-10
1.324593905994631899e-10
1.294610725822729153e-10
1.265306237504346459e-10
1.236665078338477701e-10
1.208672233370434241e-10
1.181313027520318990e-10
1.154573117889705550e-10
1.128438486242480630e-10
1.102895431655866330e-10
1.077930563337771903e-10
1.053530793606774530e-10
1.029683331030955343e-10
1.006375673722111248e-10
9.830301746857144012e-11
9.591265609604104891e-11
9.358041936340981229e-11
9.130489389703229098e-11
8.908470069122120351e-11
8.691849427254430714e-11
8.480496188444661871e-11
8.274282269169732421e-11
8.073082700418347354e-11
7.876775551957793351e-11
7.685241858442147993e-11
7.498365547317242866e-11
7.316033368479016928e-11
7.138134825641847360e-11
6.964562109376240759e-11
6.785526474228576582e-11
6.609035560034225870e-11
6.437135158147399576e-11
6.269705869768805511e-11
6.106631401650817962e-11
5.947798485322419750e-11
5.793096798414945236e-11
5.642418888034379302e-11
5.495660096126508928e-11
5.352718486783337756e-11
5.213494775440447829e-11
5.077892259915710595e-11
4.945816753241804998e-11
4.817176518245632445e-11
4.689521383703745524e-11
4.560077737046051357e-11
4.434207089909840101e-11
4.311810817712884593e-11
4.192793018181684304e-11
4.077060436208529622e-11
3.964522390782275611e-11
3.855090703936291986e-11
3.748679631657633118e-11
3.645205796703084880e-11
3.544588123269976622e-11
3.446747773470091125e-11
3.351608085557018455e-11
3.259094513858734245e-11
3.169134570368132269e-11
3.078085981211629731e-11
2.988754832919880641e-11
2.902016222362240448e-11
2.817794909803954821e-11
2.736017839091877112e-11
2.656614074283274026e-11
2.579514738113876107e-11
2.504652952251589507e-11
2.431963779284146660e-11
2.361384166390471790e-11
2.292852890646647072e-11
2.226310505919337904e-11
2.161699291300351310e-11
2.098963201037756648e-11
2.037326300529619157e-11
1.975707441620558221e-11
1.915952242829311236e-11
1.858004337824252739e-11
1.801809065071410647e-11
1.747313416272872015e-11
1.694465986364742849e-11
1.643216925027412820e-11
1.593517889662325258e-11
1.545321999791061595e-11
1.498583792833527493e-11
1.453259181223694709e-11
1.409305410822340026e-11
1.366681020587623141e-11
1.325345803465364327e-11
1.284174297765818677e-11
1.243963144515746498e-11
1.205011116953296311e-11
1.167278788268518762e-11
1.130727966217115740e-11
1.095321654462708921e-11
1.061024015129524763e-11
1.027800332527709816e-11
9.956169780145063659e-12
9.644413759556837914e-12
9.342419707528772882e-12
9.049881949033320023e-12
8.766504380598288872e-12
8.492000170594274362e-12
8.224007214389743606e-12
7.958553734180784299e-12
7.701668528332254482e-12
7.453075031151869383e-12
7.212505603900362389e-12
6.979701246648343474e-12
6.754411319433815680e-12
6.536393272420251116e-12
6.325412384764605772e-12
6.121241511913854831e-12
5.923660841058660549e-12
5.732457654480079918e-12
5.547426100535202913e-12
5.368366972034869257e-12
5.195087491774660585e-12
5.024067619052842673e-12
4.857550887081609930e-12
4.696553153684586794e-12
4.540891498233326094e-12
4.390389062785530893e-12
4.244874851144565369e-12
4.104183534578901341e-12
3.968155263980676337e-12
3.836635488250198611e-12
3.709474778699717837e-12
3.586528659277202654e-12
3.467657442417148417e-12
3.352726070331843118e-12
3.241603961562987034e-12
3.133607856843080611e-12
3.027383135657754639e-12
2.924759277090327954e-12
2.825614217166948696e-12
2.729830029703800424e-12
2.637292786042181773e-12
2.547892419538240059e-12
2.461522594646254515e-12
2.378080580439962820e-12
2.297467128421115475e-12
2.219586354470398817e-12
2.144345624799798608e-12
2.071655445771204593e-12
2.001429357449863967e-12
1.933583830766311303e-12
1.868038168164305779e-12
1.804714407616708370e-12
1.743537229894994628e-12
1.684433868982313488e-12
1.627334025523264030e-12
1.572169783207777808e-12
1.518875527989294144e-12
1.467387870041423667e-12
1.417645568360161641e-12
1.369589457921889247e-12
1.323162379310757196e-12
1.278309110731448799e-12
1.234976302326727533e-12
1.193112412721439573e-12
1.152667647717637469e-12
1.113593901067819422e-12
1.075844697255897662e-12
1.039375136217757949e-12
1.004141839935782403e-12
9.701029008436494374e-13
9.372178319802440508e-13
9.054475188331761060e-13
8.747541728147923558e-13
8.451012863152822199e-13
8.164535892793646246e-13
7.887770072550484619e-13
7.620386208643900312e-13
7.362066266482025270e-13
7.112502992380205412e-13
6.871399548104146390e-13
6.638469157801332005e-13
6.413434766901109960e-13
6.196028712577274207e-13
5.985992405381904238e-13
5.783076021670817511e-13
5.587038206455992979e-13
5.397645786330250412e-13
5.214673492123732857e-13
5.037903690961905635e-13
4.867126127406092370e-13
4.702137673369478445e-13
4.542742086510071886e-13
4.388749776814205827e-13
4.239977581092207312e-13
4.096248545118544279e-13
3.957391713156989961e-13
3.823241924620679503e-13
3.693639617624911060e-13
3.568430639199477341e-13
3.447466061934197455e-13
3.330602006840282439e-13
3.217699472216067720e-13
3.108624168314237193e-13
3.003246357613386781e-13
2.901440700504217681e-13
2.803086106206858874e-13
2.708065588741635125e-13
2.616266127782451811e-13
2.527578534226851550e-13
2.441897320323233197e-13
2.359120574200353412e-13
2.279149838650354125e-13
2.201889994020609500e-13
2.127249145075574611e-13
2.055138511693699200e-13
1.985472323269656954e-13
1.918167716696133501e-13
1.853144637803928865e-13
1.790325746143010563e-13
1.729636322991473942e-13
1.671004182482705846e-13
1.614359585745396908e-13
1.559635157953904050e-13
1.506765808190590358e-13
1.455688652024708331e-13
1.406342936715656754e-13
1.358669968951887694e-13
1.312613045039205149e-13
1.268117383455697152e-13
1.225130059692871853e-13
1.183599943305639972e-13
1.143477637096181158e-13
1.104715418359416026e-13
1.067267182120120110e-13
1.031088386294289321e-13
9.961359987093624672e-14
9.623684459204918655e-14
9.297455637617626864e-14
8.982285495737157192e-14
8.677799160502854565e-14
8.383634466502044746e-14
8.099441525199860993e-14
7.824882308770632376e-14
7.559630248037504114e-14
7.303369844040772332e-14
7.055796292773856010e-14
6.816615122639976670e-14
6.585541844198688918e-14
6.362301611785199258e-14
6.146628896600723390e-14
5.938267170884048363e-14
5.736968602789884760e-14
5.542493761609767838e-14
5.354611332985911623e-14
5.173097843778882111e-14
4.997737396261531833e-14
4.828321411323904469e-14
4.664648380382571421e-14
4.506523625700309226e-14
4.353759068830271822e-14
4.206173006909780701e-14
4.063589896537313129e-14
3.925840144975849854e-14
3.792759908433939033e-14
3.664190897184997116e-14
3.539980187292453331e-14
3.419980038717529264e-14
3.304047719592525548e-14
3.192045336451211874e-14
3.083839670214146010e-14
2.979302017733659798e-14
2.878308038710546170e-14
2.780737607799789879e-14
2.686474671729778768e-14
2.595407111265008661e-14
2.507426607848003169e-14
2.422428514761880750e-14
2.340311732660370337e-14
2.260978589317070027e-14
2.184334723451183310e-14
2.110288972491198135e-14
2.038753264143447858e-14
1.969642511636116504e-14
1.902874512514453185e-14
1.838369850866658328e-14
1.776051802864145657e-14
1.715846245503811096e-14
1.657681568443946879e-14
1.601488588828619825e-14
1.547200468999483109e-14
1.494752636997035224e-14
1.444082709756675118e-14
1.395130418908454127e-14
