6.303738247624643182e-09
6.398418147973277370e-09
6.494520106659000445e-09
6.592065482490933741e-09
6.691075955079786006e-09
6.791573529656398021e-09
6.893580541962217188e-09
6.997119663213676567e-09
7.102213905140678552e-09
7.208886625101218029e-09
7.317161531272360101e-09
7.427062687919652736e-09
7.538614520745210074e-09
7.651841822316603841e-09
7.766769757576803572e-09
7.883423869437373389e-09
8.001830084455173489e-09
8.122014718594829512e-09
8.244004483077238611e-09
8.367826490316411805e-09
8.493508259945148899e-09
8.621077724931216903e-09
8.750563237785735916e-09
8.881993576864288658e-09
9.015397952763240138e-09
9.150806014811552016e-09
9.288247857660675774e-09
9.427754027972848947e-09
9.569355531210434763e-09
9.713083838526622862e-09
9.858886603137205943e-09
1.000653360122493547e-08
1.015639176543332748e-08
1.030849421025625288e-08
1.046287454611129126e-08
1.061956688676670274e-08
1.077860585687961751e-08
1.094002659964713061e-08
1.110386478457196781e-08
1.127015661534446138e-08
1.143893883784255456e-08
1.161024874825162154e-08
1.178412420130589127e-08
1.196060361865329478e-08
1.213972599734557429e-08
1.232153091845555796e-08
1.250605855582347319e-08
1.269334968493425068e-08
1.288344569192777775e-08
1.307638858274408157e-08
1.327222099240547675e-08
1.347098619443772743e-08
1.367272811043228319e-08
1.387749131975174646e-08
1.408532106938068856e-08
1.429626328392384471e-08
1.451036457575448523e-08
1.472767225531405327e-08
1.494823434156678480e-08
1.517209957261041255e-08
1.539931741644596495e-08
1.562993808190881897e-08
1.586401252976346522e-08
1.610159248396441395e-08
1.634273044308575982e-08
1.658747969192190364e-08
1.683589431326201511e-08
1.708802919984083053e-08
1.734394006646841946e-08
1.760368346234160672e-08
1.786731678353978958e-08
1.813489828570786313e-08
1.840648709692910614e-08
1.868214323079084617e-08
1.896192759964579273e-08
1.924590202807198638e-08
1.953412926653430524e-08
1.982667300525056644e-08
2.012359788826532262e-08
2.042496952773437444e-08
2.073085451842325157e-08
2.104132045242279880e-08
2.135643593408515614e-08
2.167627059518341852e-08
2.200089511029831351e-08
2.233038121243532828e-08
2.266415130996712660e-08
2.300262596003018692e-08
2.334615551319411742e-08
2.369481546121392840e-08
2.404868242326585149e-08
2.440783416278468037e-08
2.477234960455251821e-08
2.514230885204277324e-08
2.551779320502316100e-08
2.589888517742159131e-08
2.628566851545882093e-08
2.667822821605224945e-08
2.707665054549365086e-08
2.748102305840726649e-08
2.789143461698959592e-08
2.830797541053744708e-08
2.873073697526728300e-08
2.915981221443058673e-08
2.959529541872968138e-08
3.003728228703840593e-08
3.048586994743227245e-08
3.094115697853267060e-08
3.140324343116985444e-08
3.187223085036943946e-08
3.234822229766726061e-08
3.283132237375746495e-08
3.332163724147890136e-08
3.381927464914471740e-08
3.432434395422042418e-08
3.483695614735557103e-08
3.535722387677426440e-08
3.588526147303005641e-08
3.642118497413039132e-08
3.696511215103638681e-08
3.751716253354338969e-08
3.807745743654801020e-08
3.864611998670751126e-08
3.922327514949727678e-08
3.980904975667239398e-08
4.040357253413933213e-08
4.100697413024385190e-08
4.161938714448176942e-08
4.224094615663725363e-08
4.287178775635834482e-08
4.351205057317212303e-08
4.416187530694901556e-08
4.482140475882284799e-08
4.549078386257095983e-08
4.617015971646435722e-08
4.685968161559293868e-08
4.755950108467356929e-08
4.826977191134817671e-08
4.899065017997905553e-08
4.972229430594895028e-08
5.046486507047333533e-08
5.121821569299125239e-08
5.198154610363286254e-08
5.275625280507102800e-08
5.354250534379647502e-08
5.434047579313512719e-08
5.515033879090653517e-08
5.597227157764437895e-08
5.680645403538562695e-08
5.765306872703835102e-08
5.851230093633561545e-08
5.938433870838599478e-08
6.026937289082724527e-08
6.116759717559400907e-08
6.207920814130731336e-08
6.300440529629699502e-08
6.394339112226425060e-08
6.489637111859487962e-08
6.586355384733407390e-08
6.684515097883041575e-08
6.784137733805999079e-08
6.885245095164220899e-08
6.987859309555493082e-08
7.092002834356156431e-08
7.197698461635897392e-08
7.304969323145936991e-08
7.413838895381417210e-08
7.524331004719318882e-08
7.636469832632860039e-08
7.750279920983764388e-08
7.865786177393268109e-08
7.983013880693160683e-08
8.101988686458215002e-08
8.222736632620915982e-08
8.345284145169955455e-08
8.469658043933561375e-08
8.595885548449176731e-08
8.723994283920487427e-08
8.854012287263200667e-08
8.985968013241103833e-08
9.119890340693392476e-08
9.255808578854908559e-08
9.393752473770466862e-08
9.533752214804964923e-08
9.675838441250339285e-08
9.820042249030997275e-08
9.966395197509353504e-08
1.011492931639259608e-07
1.026567711274250496e-07
1.041867157808962742e-07
1.057394619565367276e-07
1.073153494767134784e-07
1.089147232283337523e-07
1.105379332383256787e-07
1.121853347502416741e-07
1.138572883020048303e-07
1.155541598048125616e-07
1.172727830127487336e-07
1.190154209872445863e-07
1.207839540333175083e-07
1.225787669438741714e-07
1.244002502297278911e-07
1.262488002045634300e-07
1.281248190711666455e-07
1.300287150089355666e-07
1.319609022626891250e-07
1.339218012327996660e-07
1.359118385666607811e-07
1.379314472515170630e-07
1.399810667086719574e-07
1.420611428890969769e-07
1.441721283704589286e-07
1.463144824555914116e-07
1.484886712724296961e-07
1.506951678754275405e-07
1.529344523484855374e-07
1.552070119094045177e-07
1.575133410158942641e-07
1.598539414731558280e-07
1.622293225430642353e-07
1.646400010549701628e-07
1.670865015181530121e-07
1.695693562359398319e-07
1.720891054215240242e-07
1.746462973155027326e-07
1.772414883051631693e-07
1.798752430455377046e-07
1.825481345822611790e-07
1.852607444762537556e-07
1.880136629302530311e-07
1.908074889172316689e-07
1.936428303107178117e-07
1.965203040170562324e-07
1.994405361096323511e-07
2.024041619650934240e-07
2.054118264015896402e-07
2.084641838190732716e-07
2.115618983416825818e-07
2.147056439622377850e-07
2.178961046888878605e-07
2.211339746939367035e-07
2.244199584648766957e-07
2.277547709576706204e-07
2.311391377523112479e-07
2.345737952106881339e-07
2.380594906368069187e-07
2.415969824393826749e-07
2.451870402968542338e-07
2.488304453248481053e-07
2.525279902461335469e-07
2.562804795630979806e-07
2.600887297327904275e-07
2.639079714493452450e-07
2.675971226972825281e-07
2.713378443349101114e-07
2.751308572611334693e-07
2.789768924522523601e-07
2.828766911028334691e-07
2.868310047685527215e-07
2.908405955110285463e-07
2.949062360446881245e-07
2.990287098856778993e-07
3.032088115028644569e-07
3.074473464709373199e-07
3.117451316256611399e-07
3.161029952212893593e-07
3.205217770901841287e-07
3.250023288046680512e-07
3.295455138411322099e-07
3.341522077464443137e-07
3.388232983066831132e-07
3.435596857182246564e-07
3.483622827612306770e-07
3.532320149755512916e-07
3.581698208390941501e-07
3.631766519486866697e-07
3.682534732034594090e-07
3.734012629908041048e-07
3.786210133749197121e-07
3.839137302880019281e-07
3.892804337241052640e-07
3.947221579357071518e-07
4.002399516330321611e-07
4.058348781861490310e-07
4.115080158299063740e-07
4.172604578717205519e-07
4.230933129022764980e-07
4.290077050091740958e-07
4.350047739935525149e-07
4.410856755897554466e-07
4.472515816880543946e-07
4.535036805604936518e-07
4.598431770898928577e-07
4.662712930020414396e-07
4.727892671011527027e-07
4.793983555085954074e-07
4.860998319049718149e-07
4.928949877755801065e-07
4.997851326592979684e-07
5.067715944009602405e-07
5.138557194072500054e-07
5.210388729061754843e-07
5.283224392101763650e-07
5.357078219828953455e-07
5.431964445096966348e-07
5.507897499719470799e-07
5.584892017251507628e-07
5.662962835809522094e-07
5.733493665998454517e-07
5.801143574503618598e-07
5.869591689196392971e-07
5.938847428169580541e-07
6.008920320640789311e-07
6.079820008263528207e-07
6.151556246453872437e-07
6.224138905732786241e-07
6.297577973084229056e-07
6.371883553329270595e-07
6.447065870516551541e-07
6.523135269328952228e-07
6.600102216507072798e-07
6.677977302289290855e-07
6.756771241869031890e-07
6.836494876869026946e-07
6.917159176833100695e-07
6.998775240735564032e-07
7.081354298508276836e-07
7.164907712585937819e-07
7.249446979469383362e-07
7.334983731307552827e-07
7.421529737497901203e-07
7.509096906305916563e-07
7.597697286503518962e-07
7.687343069027023662e-07
7.778046588654427311e-07
7.869820325702732790e-07
7.962676907745045938e-07
8.056629111348191645e-07
8.151689863830583559e-07
8.247872245041007044e-07
8.345189489158384193e-07
8.443654986512606680e-07
8.543282285427111934e-07
8.644085094082921024e-07
8.746077282404948205e-07
8.849272883970289918e-07
8.953686097939293679e-07
9.059331291009228983e-07
9.166222999391037741e-07
9.274375930809468117e-07
9.383804966526839525e-07
9.494525163390490674e-07
9.606551755904674034e-07
9.719900158326584394e-07
9.834585966787441590e-07
9.950624961438269549e-07
1.006803310862131712e-06
1.018682656306678933e-06
1.030702167011581121e-06
1.042863496796928551e-06
1.055168318996363934e-06
1.067618326687308728e-06
1.080215232923928116e-06
1.092503836812183114e-06
1.103073828907321582e-06
1.113746085845043919e-06
1.124521597039333123e-06
1.135401361476777617e-06
1.146386387809167828e-06
1.157076610895733709e-06
1.167662789340131024e-06
1.178345821504501606e-06
1.189126593510603091e-06
1.200005999587387493e-06
1.210892561175936934e-06
1.221261544944511518e-06
1.231719319269606443e-06
1.242266644472879299e-06
1.252904287386691388e-06
1.263633021409860284e-06
1.273979682039927639e-06
1.284089310565217136e-06
1.294279163752137253e-06
1.304549878221150402e-06
1.314902095644591839e-06
1.325279599494408096e-06
1.334896940087166082e-06
1.344584072171552800e-06
1.354341502213186849e-06
1.364169740353018691e-06
1.374069300434011765e-06
1.383490722259089360e-06
1.392485639849723872e-06
1.401539038889608628e-06
1.410651299602339472e-06
1.419822804683577054e-06
1.429053939317120768e-06
1.437162089416822154e-06
1.445311546115271350e-06
1.453507214472773400e-06
1.461749356533472801e-06
1.470038235827449760e-06
1.477768786776455536e-06
1.484832390529862231e-06
1.491929757682815399e-06
1.499061049621370477e-06
1.506226428502994443e-06
1.513426057260252525e-06
1.519283106174717830e-06
1.525056310343687146e-06
1.530851452416293929e-06
1.536668615755531380e-06
1.542507884041180902e-06
1.547701394438544740e-06
1.551884764672587061e-06
1.556079442376256888e-06
1.560285458113164123e-06
1.564502842529521535e-06
1.568731626354376841e-06
1.571377151259568503e-06
1.573768953191980656e-06
1.576164395699463669e-06
1.578563484323360446e-06
1.580966224613438693e-06
1.582712414327056611e-06
1.583100933890100156e-06
1.583489548825776816e-06
1.583878259157499003e-06
1.584267064908683580e-06
1.584655966102754395e-06
1.583271612858005505e-06
1.581426717688897874e-06
1.579583972269812362e-06
1.577743374095769305e-06
1.575904920664707705e-06
1.573448581827071754e-06
1.569229327653687007e-06
1.565021387549275055e-06
1.560824731174787345e-06
1.556639328272533478e-06
1.552465148665951232e-06
1.546514049286746242e-06
1.539912381898614697e-06
1.533338895316420969e-06
1.526793469243616906e-06
1.520275983897158761e-06
1.513303985386192319e-06
1.504341114372691533e-06
1.495431327906367328e-06
1.486574311582477636e-06
1.477769752858410536e-06
1.469017341042655889e-06
1.458679142459253052e-06
1.447568766822192550e-06
1.436543015996173641e-06
1.425601245416247154e-06
1.414742815426957090e-06
1.403678772622336996e-06
1.390683028739138667e-06
1.377807603950573316e-06
1.365051384300824071e-06
1.352413266147453627e-06
1.339892156065940034e-06
1.326297213105199440e-06
1.312023231070090269e-06
1.297902869627054494e-06
1.283934475468258571e-06
1.270116413079223473e-06
1.256353192623076148e-06
1.241187087227947081e-06
1.226204059930763228e-06
1.211401900698757572e-06
1.196778426177632981e-06
1.182331479369521344e-06
1.167473001515443522e-06
1.152272973334183580e-06
1.137270843396749497e-06
1.122464035147722261e-06
1.107850005577405236e-06
1.093426244785055439e-06
1.078536712904917596e-06
1.063842621565926436e-06
1.049348723987328585e-06
1.035052292709441124e-06
1.020950637431763638e-06
1.006962084597828814e-06
9.930718346628993866e-07
9.793731898004983750e-07
9.658635069693585937e-07
9.525401795868860929e-07
9.394006370262436638e-07
9.265099951799380523e-07
9.138019538421313072e-07
9.012682164141423172e-07
8.889063921378523605e-07
8.767141230468593393e-07
8.647125700318735559e-07
8.529119540264502711e-07
8.412723794386437037e-07
8.297916485579092259e-07
8.184675936655688966e-07
8.072980766255030123e-07
7.961383589005693537e-07
7.851087671301547067e-07
7.742319778133142497e-07
7.635058740457805433e-07
7.529283682506002185e-07
7.423086318909860607e-07
7.314427810124464809e-07
7.207359835387069397e-07
7.101859112594985214e-07
6.997902700447016558e-07
6.895467993454745231e-07
6.787721253302555670e-07
6.679832255148805465e-07
6.573658123514782451e-07
6.469171601059813909e-07
6.366345863691261222e-07
6.263090896683797016e-07
6.155489903644291677e-07
6.049737514416227539e-07
5.945801969664001561e-07
5.843652055682884410e-07
5.743257095025067764e-07
5.640345973258308655e-07
5.537645706360735794e-07
5.436815421352731110e-07
5.337821069323090172e-07
5.240629221328295435e-07
5.144716783876760472e-07
5.048431522755182830e-07
4.953948275602246576e-07
4.861233317065750068e-07
4.770253552975823834e-07
4.680976508532134437e-07
4.591249755620279520e-07
4.502126237730190942e-07
4.414732750194357172e-07
4.329035710350192028e-07
4.245002187428496081e-07
4.162007085155188186e-07
4.076240905324701165e-07
3.992242102976339536e-07
3.909974257889780207e-07
3.829401700353585379e-07
3.750489495699464598e-07
3.669428018429971778e-07
3.587478256622711372e-07
3.507358688356934748e-07
3.429028439707873954e-07
3.352447549592848930e-07
3.277487352467422564e-07
3.202508311001553156e-07
3.129244564227780097e-07
3.057656871368656376e-07
2.987706889357535891e-07
2.919357152301680475e-07
2.853910328085592562e-07
2.791162734684899067e-07
2.729794743312633072e-07
2.669776021303370449e-07
2.611076902901827658e-07
2.553668374599843694e-07
2.500351471139593420e-07
2.448200028387167234e-07
2.397136341901230772e-07
2.347137723647991307e-07
2.298181958812618592e-07
2.250129047261003862e-07
2.202938043304262334e-07
2.156736756296047134e-07
2.111504429321775164e-07
2.067220740792846597e-07
2.023865795316736135e-07
1.980562678689045283e-07
1.938107002232817870e-07
1.896561412835569280e-07
1.855906401717209234e-07
1.816122878291182607e-07
1.776630787754488289e-07
1.737101944322678334e-07
1.698452591145023734e-07
1.660663160153241572e-07
1.623714518655454215e-07
1.587587959649345038e-07
1.551413192565452016e-07
1.515911440148813533e-07
1.481222091823288694e-07
1.447326556945818090e-07
1.414206670292183909e-07
1.382254456512674947e-07
1.351906158482009948e-07
1.322224177126262968e-07
1.293193883028297629e-07
1.264800967969374161e-07
1.237031437877025462e-07
1.210936679186708071e-07
1.185689066575142463e-07
1.160967857989105023e-07
1.136762078085999537e-07
1.113060980355349006e-07
1.089877619201688055e-07
1.067248371961161212e-07
1.045088978235976995e-07
1.023389682406623267e-07
1.002140931410575942e-07
9.813333705365869106e-08
9.607790290262394159e-08
9.405840327366266070e-08
9.208135231008814315e-08
9.014585776653063428e-08
8.825104615208067149e-08
8.640703977679030152e-08
8.465151782950287660e-08
8.293166262089073692e-08
8.124674951390218377e-08
7.959606859385400722e-08
7.797892436931797390e-08
7.644031271969433691e-08
7.495689917385687907e-08
7.350227300041062867e-08
7.207587554677279011e-08
7.067715900166594100e-08
6.930704302956828929e-08
6.797510940915545009e-08
6.666877271355182402e-08
6.538754102442958713e-08
6.413093187708223003e-08
6.289847207874615507e-08
6.170979697222568990e-08
6.055812612067200537e-08
5.942794854596244257e-08
5.831886312572023684e-08
5.723047622359074096e-08
5.616642550147658005e-08
5.521267702276798002e-08
5.427512391616144760e-08
5.335349117196293063e-08
5.244750845035081112e-08
5.155691000207919536e-08
5.068143459052571669e-08
4.982082541506354179e-08
4.897483003573557778e-08
4.814320029920621005e-08
4.732569226597158549e-08
4.652206613880572343e-08
4.573208619242129827e-08
4.495552070432484444e-08
4.419214188684659096e-08
4.344172582032396143e-08
4.270405238742016438e-08
4.197890520855752535e-08
4.126607157844780589e-08
4.056534240369927369e-08
3.987651214148506514e-08
3.919937873925091031e-08
3.853374357544829720e-08
3.787941140127324275e-08
3.723619028339399466e-08
3.660389154765270866e-08
3.598232972372167889e-08
3.537132249069972857e-08
3.477069062363307100e-08
3.418025794094327658e-08
3.359985125274865451e-08
3.302930031006312093e-08
3.246843775485743257e-08
3.191709907096838647e-08
3.137512253584194344e-08
3.084234917309581621e-08
3.031862270588693081e-08
2.980378951107165116e-08
2.929769857414382818e-08
2.880020144493772943e-08
2.831115219408433190e-08
2.783040737020583038e-08
2.734123108963906221e-08
2.685691112458290121e-08
2.638117035728786187e-08
2.591385681666146595e-08
2.545482122361259640e-08
2.500391694336590156e-08
2.456099993862037690e-08
2.412592872353796618e-08
2.369856431854741864e-08
2.327877020594833758e-08
2.286641228630188424e-08
2.246135883559394272e-08
2.206348046315692527e-08
2.167265007033734381e-08
2.128874280989506568e-08
2.091163604612222646e-08
2.054120931566812163e-08
2.017734428905830121e-08
1.981992473289547968e-08
1.946883647272966804e-08
1.912396735658621890e-08
1.878520721913988967e-08
1.845244784652355184e-08
1.812558294176008157e-08
1.780450809080710178e-08
1.748912072920250879e-08
1.717932010930134056e-08
1.687500726809286899e-08
1.657608499558761972e-08
1.628245780376471089e-08
1.599403189606895589e-08
1.571071513744839965e-08
1.543241702492264024e-08
1.515904865867244947e-08
1.489052271364154587e-08
1.462675341164136773e-08
1.436765649395003048e-08
1.411314919439665699e-08
1.386315021292235254e-08
1.361757968960981735e-08
1.337635917917269446e-08
1.309883404910542194e-08
1.279891745109918438e-08
1.250586787388442297e-08
1.221952808716823802e-08
1.193974446067090301e-08
1.166636688169828438e-08
1.139924867460178646e-08
1.113824652208213177e-08
1.088322038829535267e-08
1.063403344371892747e-08
1.039055199173863918e-08
1.015264539691602528e-08
9.920186014898360159e-09
9.693049123933563054e-09
9.471112857952944192e-09
9.254258141186407200e-09
9.042368624274368678e-09
8.835330621842645940e-09
8.633033051507018910e-09
8.435367374273674200e-09
8.242227536304814821e-09
8.053509912017415396e-09
7.869113248484834799e-09
7.688938611111459774e-09
7.512889330551176715e-09
7.340870950841210006e-09
7.172791178723685839e-09
7.008559834127098458e-09
6.848088801782149572e-09
6.691291983945102367e-09
6.538085254203499691e-09
6.388386412339818951e-09
6.242115140228447650e-09
6.099192958742488455e-09
5.959543185647246806e-09
5.823090894457802501e-09
5.689762874238605984e-09
5.559487590323506632e-09
5.432195145935164596e-09
5.307817244683237812e-09
5.186287153921199864e-09
5.056414009826834900e-09
4.910241922553602157e-09
4.768295414723882677e-09
4.630452332224900480e-09
4.496594052205678063e-09
4.366605380994452844e-09
4.240374454967027343e-09
4.117792644281028880e-09
3.998754459392855309e-09
3.883157460277148845e-09
3.770902168270572367e-09
3.661891980463948429e-09
3.556033086569329295e-09
3.453234388190136667e-09
3.353407420425141044e-09
3.256466275738716207e-09
3.162327530031884231e-09
3.070910170850452335e-09
2.982135527668656733e-09
2.895927204188057094e-09
2.812211012593611061e-09
2.730914909710295486e-09
2.651968935005266044e-09
2.575305150382383653e-09
2.500857581717058165e-09
2.428562162081277662e-09
2.358356676609900563e-09
2.290180708960717151e-09
2.223975589322354624e-09
2.159684343925085774e-09
2.097251646011241283e-09
2.036623768222977802e-09
1.977748536366395157e-09
1.920575284512329452e-09
1.865054811395025637e-09
1.811139338071287543e-09
1.758782466803626091e-09
1.707939141131989733e-09
1.658565607099822135e-09
1.610619375600934487e-09
1.564059185814900561e-09
1.518034229562522375e-09
1.467992675112250311e-09
1.419600725870499195e-09
1.372804003083973433e-09
1.327549920579077804e-09
1.283787625670056246e-09
1.241467942015052069e-09
1.200543314355953095e-09
1.160967755079822724e-09
1.122696792541922746e-09
1.085687421092297051e-09
1.049898052749646028e-09
1.015288470468324769e-09
9.818197829458332274e-10
9.494543809200849216e-10
9.181558949073231763e-10
8.878891543331803238e-10
8.586201480109878909e-10
8.303159859229070041e-10
8.029448622609150446e-10
7.764760196861527282e-10
7.508797147664322865e-10
7.261271845531195267e-10
7.021906142597676312e-10
6.790431060062333082e-10
6.566586485931212556e-10
6.350120882726173038e-10
6.140791004828538981e-10
5.938361625140290924e-10
5.742605270755908566e-10
5.553301967347702370e-10
5.370238991977298022e-10
5.193210634055869423e-10
5.022017964183904979e-10
4.856468610611438356e-10
4.696376543066980945e-10
4.541561863712488119e-10
4.391850604989591477e-10
4.247074534129592412e-10
4.107070964107816145e-10
3.971682570829811101e-10
3.840757216343796866e-10
3.707041254732541652e-10
3.577210673629484049e-10
3.451927109576219800e-10
3.331031313774234850e-10
3.214369614747393493e-10
3.101793723008962872e-10
2.993160542569991390e-10
2.888331989048905319e-10
2.787174814151528841e-10
2.689560436298275625e-10
2.595364777183186468e-10
2.504468104057164827e-10
2.416754877534878916e-10
2.332113604731822313e-10
2.250436697544963530e-10
2.171620335896733615e-10
2.095564335768674361e-10
2.022172021856775433e-10
1.951350104686891552e-10
1.883008562033824531e-10
1.817060524493432309e-10
1.753422165062386952e-10
1.692012592585035099e-10
1.632753748932145789e-10
1.575570309780663708e-10
1.520389588868425703e-10
1.467141445602194866e-10
1.415758195901448097e-10
1.366174526164661403e-10
1.318327410248782818e-10
1.272156029356222933e-10
1.227601694727704377e-10
1.184607773042557959e-10
1.143119614431706131e-10
1.103084483011874477e-10
1.064451489852608848e-10
1.027171528291039811e-10
9.911972115120475454e-11
9.564828123145641564e-11
9.229842049874029108e-11
8.906588092207717212e-11
8.589208130796223017e-11
8.280556433299115329e-11
7.982996080768521927e-11
7.696128507655817352e-11
7.419569470795728277e-11
7.152948534734358633e-11
6.895908575551264575e-11
6.648105302511768166e-11
6.409206796908860949e-11
6.178893067476326935e-11
5.956855621778445527e-11
5.742797053001318587e-11
5.536430641593154498e-11
5.337479971219313392e-11
5.145678558517845014e-11
4.960769496160105891e-11
4.782505108737495627e-11
4.610646621014085804e-11
4.444963838100403987e-11
4.285234837120220250e-11
4.131245669957229952e-11
3.982790076683402816e-11
3.839669209285233035e-11
3.701691365317994615e-11
3.568671731130862212e-11
3.440432134319348671e-11
3.316800805073304907e-11
3.197612146100763905e-11
3.082706510819614558e-11
2.971929989519779805e-11
2.865134203209871632e-11
2.762176104871675634e-11
2.662917787856662894e-11
2.567226301167655385e-11
2.474973471378435148e-11
2.386035730952479248e-11
2.300293952731198380e-11
2.217633290369649642e-11
2.137943024506312484e-11
2.061116414460636757e-11
1.987050555259777462e-11
1.915311746812731539e-11
1.845755716693974809e-11
1.778725667702805095e-11
1.714129866877378176e-11
1.651879912609422641e-11
1.591890613663581342e-11
1.534079872590230248e-11
1.478368573372220308e-11
1.424680473151878639e-11
1.372942097889960571e-11
1.323082641813920449e-11
1.275033870517682225e-11
1.228730027580496641e-11
1.184107744577004029e-11
1.141105954355281233e-11
1.099665807464363360e-11
1.059730591616685881e-11
1.021245654075362882e-11
9.841583268599853616e-12
9.484178546686536664e-12
9.139753254175919504e-12
8.807836033032516958e-12
8.487972642953013037e-12
8.179725339722735742e-12
7.882672276147209113e-12
7.596406924739883386e-12
7.320537521374738401e-12
7.054686529143569949e-12
6.798490121683524464e-12
6.551597685268015838e-12
6.313671338979602822e-12
6.084385472308161124e-12
5.863426299541508562e-12
5.650491430338824514e-12
5.445289455898676041e-12
5.247539550156136214e-12
5.056971085462375292e-12
4.873323262221380229e-12
4.696344751976500086e-12
4.525793353458686256e-12
4.361435661125678553e-12
4.202926516759808651e-12
4.049750751772325555e-12
3.902157481478957338e-12
3.759943251716968144e-12
3.622912023215909063e-12
3.490874901361508238e-12
3.363649875808625634e-12
3.241061569583788184e-12
3.122940997331846328e-12
3.009125332373250741e-12
2.899457682251013265e-12
2.793786872457727603e-12
2.691967238044854246e-12
2.593858422826571950e-12
2.499325185901936395e-12
2.408237215228064937e-12
2.320468947987867717e-12
2.235899397504333338e-12
2.154411986462978693e-12
2.075894386212598048e-12
2.000238361922525172e-12
1.927339623383313389e-12
1.857097681244857089e-12
1.789415708494006916e-12
1.724200406980591621e-12
1.661361878807943290e-12
1.600813502410521559e-12
1.542471813147997284e-12
1.486256388250984379e-12
1.432089735960002007e-12
1.379897188704736055e-12
1.329606800176387780e-12
1.281149246151243337e-12
1.234457728928709942e-12
1.189467885252084756e-12
1.146117697585226595e-12
