1.237250461528816773e-07
1.256159486610624180e-07
1.275357500252680030e-07
1.294848919096646539e-07
1.314638227284170023e-07
1.334729977488488941e-07
1.355128791961820305e-07
1.375839363598724321e-07
1.396866457015751107e-07
1.418214909647571470e-07
1.439889632859861738e-07
1.461895613079208647e-07
1.484237912940258245e-07
1.506921672450420067e-07
1.529952110172362459e-07
1.553334524424579076e-07
1.577074294500306348e-07
1.601176881905067737e-07
1.625647831613130115e-07
1.650492773343177733e-07
1.675717422853450749e-07
1.701327583256708021e-07
1.727329146355274122e-07
1.753728093996485544e-07
1.780530499448873603e-07
1.807742528799340782e-07
1.835370442371729691e-07
1.863420596167050128e-07
1.891892573819365726e-07
1.920765472910730301e-07
1.950079012402868158e-07
1.979839917078145608e-07
2.010055014348419227e-07
2.040731235821295868e-07
2.071875618890319753e-07
2.103495308349388685e-07
2.135597558031847507e-07
2.168189732474572995e-07
2.201279308607481395e-07
2.234873877468773056e-07
2.268981145946403045e-07
2.303608938546097525e-07
2.338765199186383855e-07
2.374457993020966627e-07
2.410695508288962608e-07
2.447486058193345860e-07
2.484838082808087417e-07
2.522760151014354017e-07
2.561260962466303492e-07
2.600349349586851619e-07
2.640034279593926341e-07
2.680324856557598978e-07
2.721230323488652542e-07
2.762760064459003784e-07
2.804923606754510484e-07
2.847730623060581153e-07
2.891190933681198071e-07
2.935314508791766574e-07
2.980111470726385658e-07
3.025592096299964445e-07
3.071766819165836754e-07
3.118646232209320033e-07
3.166241089977842298e-07
3.214562311148090237e-07
3.263620981030874095e-07
3.313428354114184226e-07
3.363995856645092566e-07
3.415335089250997205e-07
3.467457829600923145e-07
3.520376035107448874e-07
3.574101845669795569e-07
3.628647586458855015e-07
3.684025770744678753e-07
3.740249102767159563e-07
3.797330480650452135e-07
3.855282999361943441e-07
3.914119953716339251e-07
3.973854841425641848e-07
4.034501366195596485e-07
4.096073440869470587e-07
4.158585190619768124e-07
4.222050956188700264e-07
4.286485297178026934e-07
4.351902995389190421e-07
4.418254560463689796e-07
4.485585469734414519e-07
4.553942451921758376e-07
4.623341143612873776e-07
4.693797419684829120e-07
4.765327396936024869e-07
4.837947437772857326e-07
4.911674153952623298e-07
4.986524410383398303e-07
5.062515328981927535e-07
5.139664292590207222e-07
5.217988948951814089e-07
5.297507214748759562e-07
5.378237279699979391e-07
5.460197610722170182e-07
5.543406956154096232e-07
5.627884350045213689e-07
5.713649116509746012e-07
5.800720874147031280e-07
5.889119540529202278e-07
5.978865336757444480e-07
6.069978792087380396e-07
6.162480748625249986e-07
6.256392366095471606e-07
6.351735126680868846e-07
6.448530839936770291e-07
6.546801647779874760e-07
6.646570029553218226e-07
6.747858807168239783e-07
6.850691150325358046e-07
6.955090581813954770e-07
7.061080982893222585e-07
7.168686598754913408e-07
7.277932044069492070e-07
7.388842308616655485e-07
7.501442763001749428e-07
7.615759164459205243e-07
7.731817662744573024e-07
7.849644806116185704e-07
7.969267547408083526e-07
8.090713250195373114e-07
8.214009695053720480e-07
8.339185085914057952e-07
8.466268056514241435e-07
8.595287676948914786e-07
8.726273460319369608e-07
8.859255369484584185e-07
8.994263823915136689e-07
9.131329706651741779e-07
9.270484371369637728e-07
9.411759649550722495e-07
9.555187857764997285e-07
9.700801805062859190e-07
9.848634800480267318e-07
9.998720660658056152e-07
1.015105893402296094e-06
1.030554547262408375e-06
1.046238310491544112e-06
1.062160761162970870e-06
1.078325531803798357e-06
1.094736310223699366e-06
1.111396840356234143e-06
1.128310923112998837e-06
1.145482417250752395e-06
1.162915240251749976e-06
1.180613369217474942e-06
1.198580841775959587e-06
1.216821757002939609e-06
1.235340276357000927e-06
1.254140624628973387e-06
1.273227090905770399e-06
1.292604029548885844e-06
1.312275861187807655e-06
1.332247073728524467e-06
1.352522223377392573e-06
1.373105935680586807e-06
1.394002906579354305e-06
1.415217903481357871e-06
1.436755766348294021e-06
1.458621408800080051e-06
1.480819819235842004e-06
1.503356061971950867e-06
1.526235278397406217e-06
1.549462688146774626e-06
1.573043590290993043e-06
1.596983364546294664e-06
1.621287472501518596e-06
1.645961458864127923e-06
1.671010952725159191e-06
1.696441668843440182e-06
1.722259408949349380e-06
1.748470063068402784e-06
1.775079610865016620e-06
1.802094123006686094e-06
1.829519762548947783e-06
1.857362786341395251e-06
1.885629546455131156e-06
1.914326491631905312e-06
1.943460168755326848e-06
1.973037224344464086e-06
2.003064406070159090e-06
2.033548564294453720e-06
2.064496653633408193e-06
2.095915734543722122e-06
2.127812974933495988e-06
2.160195651797515064e-06
2.193071152877395035e-06
2.226446978347037794e-06
2.260330742523693058e-06
2.294730175605090381e-06
2.329653125432974456e-06
2.365085203537299919e-06
2.401044982490169369e-06
2.437551509484253322e-06
2.474613097513381971e-06
2.512238185965746503e-06
2.550435342545632635e-06
2.589213265224425900e-06
2.628580784221227094e-06
2.668546864013609817e-06
2.709120605378950390e-06
2.750311247466764691e-06
2.792128169902614750e-06
2.834580894923941715e-06
2.877679089548406665e-06
2.921432567775189488e-06
2.965851292819767989e-06
3.010945379382641011e-06
3.056725095952609646e-06
3.103200867145015497e-06
3.150383276075564917e-06
3.198283066770239803e-06
3.246911146611825215e-06
3.296278588823692041e-06
3.346396634991286596e-06
3.397276697621983626e-06
3.448930362743867666e-06
3.501369392543985295e-06
3.554605728046787399e-06
3.608651491833220983e-06
3.663518990801200220e-06
3.719220718968048423e-06
3.775769360315511880e-06
3.833177791678107900e-06
3.891459085675311896e-06
3.950626513688360657e-06
4.010693548882324875e-06
4.071673869274081534e-06
4.133581360847021774e-06
4.196430120713028267e-06
4.260234460322573392e-06
4.325008908723625127e-06
4.390768215870058650e-06
4.457527355980455367e-06
4.525301530947889102e-06
4.594106173801595595e-06
4.663956952221272385e-06
4.734869772104774812e-06
4.806860781190137316e-06
4.879946372732585813e-06
4.954143189237489825e-06
5.029468126250086136e-06
5.105938336202758345e-06
5.183571232320928558e-06
5.262384492588224438e-06
5.342396063771983810e-06
5.423628547167841641e-06
5.506117948881546987e-06
5.589861953733338248e-06
5.674879643314331842e-06
5.761190389432580331e-06
5.848813858527123737e-06
5.937770016149079284e-06
6.028079131510876634e-06
6.119761782104798206e-06
6.212838858391651278e-06
6.307331568560751802e-06
6.403261443362415923e-06
6.500650341013841828e-06
6.599520452179593169e-06
6.699894305027980034e-06
6.801794770364128578e-06
6.905245066841334293e-06
7.010268766251534927e-06
7.116889798896245607e-06
7.225132459039313107e-06
7.335021410442470978e-06
7.446581691985088902e-06
7.559838723369519807e-06
7.674818310913100156e-06
7.791546653428224706e-06
7.910050348192022970e-06
8.030356397006590264e-06
8.152492212351615655e-06
8.276485623630453739e-06
8.402364883511160665e-06
8.530158674364152904e-06
8.659896114797606848e-06
8.791606766292264492e-06
8.925320639937302017e-06
9.061068203268492834e-06
9.198880387210367656e-06
9.338788593124131698e-06
9.480824699962599425e-06
9.625021071533957769e-06
9.771410563876192524e-06
9.920026532743389145e-06
1.007090284120617802e-05
1.022407386736759815e-05
1.037957451219628843e-05
1.053744020747901572e-05
1.069770692389397117e-05
1.086041117920684399e-05
1.102559004659177157e-05
1.119328116307851276e-05
1.136352273812844813e-05
1.153635356234075722e-05
1.171181301629104648e-05
1.188994107950458082e-05
1.207077833956578243e-05
1.225436600136640925e-05
1.244074589649424775e-05
1.262334476581986562e-05
1.280531484788574764e-05
1.298990809452340777e-05
1.317716231959926736e-05
1.336711588208023192e-05
1.355980769389167161e-05
1.375527722788844176e-05
1.395356452594079999e-05
1.415471020713713426e-05
1.435875547610465888e-05
1.456574213145019778e-05
1.477571257432264917e-05
1.498870981709871882e-05
1.520477749219417698e-05
1.542395986100185672e-05
1.564630182295845723e-05
1.587184892474251865e-05
1.610064736960422062e-05
1.633274402683042322e-05
1.656818644134573119e-05
1.680702284345192611e-05
1.704930215870814831e-05
1.729507401795314319e-05
1.754438876747215027e-05
1.779729747931035595e-05
1.805385196173486182e-05
1.831410476984778380e-05
1.857810921635201040e-05
1.884591938247234756e-05
1.911759012903404206e-05
1.939317710770088605e-05
1.967273677237564355e-05
1.995632639076453031e-05
2.024400405610832869e-05
2.053582869908303802e-05
2.083186009987163224e-05
2.113215890041004894e-05
2.143678661680971357e-05
2.174580565195893668e-05
2.205927930830636226e-05
2.237727180082829003e-05
2.269984827018314111e-05
2.302707479605555074e-05
2.335901841069255782e-05
2.369574711263545237e-05
2.403732988064909341e-05
2.438383668785204484e-05
2.473533851605084962e-05
2.509190737028041079e-05
2.545361629355426727e-05
2.582053938182748509e-05
2.619275179917496602e-05
2.657032979318910045e-05
2.695335071059887206e-05
2.734189301311433067e-05
2.772659807570374007e-05
2.806994835712455571e-05
2.841755049142077771e-05
2.876945713109863872e-05
2.912572158068303934e-05
2.948639780479129008e-05
2.985154043630773143e-05
3.022120478465901197e-05
3.059544684419178293e-05
3.097432330265475402e-05
3.135789154978518834e-05
3.174620968600172033e-05
3.213933653120550245e-05
3.253733163368933832e-05
3.294025527915809577e-05
3.334816849986024377e-05
3.376113308383239033e-05
3.417921158425899658e-05
3.460246732894699592e-05
3.503096442991876746e-05
3.546476779312317896e-05
3.590394312826691533e-05
3.634855695876817284e-05
3.679867663183299695e-05
3.725437032865637791e-05
3.771570707475039458e-05
3.818275675039914201e-05
3.865559010124430556e-05
3.913427874900100856e-05
3.961889520230634599e-05
4.010951286770309796e-05
4.060620606075823644e-05
4.110905001732030492e-05
4.161812090491542675e-05
4.213349583428441567e-05
4.265525287106352274e-05
4.318347104760901636e-05
4.371823037496829205e-05
4.425961185499997211e-05
4.480769749264286607e-05
4.536257030833816973e-05
4.592431435060458398e-05
4.649301470876916585e-05
4.706875752585674402e-05
4.765163001163756016e-05
4.824172045583790646e-05
4.883911824151327156e-05
4.944391385858773529e-05
5.005619891756036443e-05
5.067606616338249235e-05
5.130360948950529959e-05
5.193892395210289979e-05
5.258210578447052415e-05
5.323325241160100984e-05
5.389246246494281762e-05
5.455983579733925359e-05
5.516306471790537853e-05
5.573689806281987273e-05
5.631670070457141339e-05
5.690253473872295179e-05
5.749446290678639785e-05
5.808870539046420993e-05
5.866441154239190013e-05
5.924582340890122243e-05
5.983299753824809569e-05
6.042599103912762570e-05
6.102486158622822895e-05
6.161007479254988100e-05
6.218783167575760585e-05
6.277100655297390165e-05
6.335965023217688665e-05
6.395381399780340889e-05
6.455097583748222801e-05
6.511827788292005273e-05
6.569056562542246547e-05
6.626788288146355618e-05
6.685027385259522162e-05
6.743778312883185475e-05
6.800741521045298933e-05
6.856162682068407189e-05
6.912035485766014511e-05
6.968363612701677467e-05
7.025150773432900216e-05
7.082397578103219742e-05
7.135230606446395164e-05
7.188457756815796432e-05
7.242081969269481122e-05
7.296106205797655024e-05
7.350533450486320254e-05
7.402735103416732503e-05
7.452281671229837878e-05
7.502159854634715534e-05
7.552371873137289464e-05
7.602919961098652624e-05
7.653806367834482848e-05
7.699022736196235294e-05
7.744072282591753285e-05
7.789385428888192554e-05
7.834963717496355316e-05
7.880808699852251669e-05
7.924032573763549383e-05
7.963122931386440299e-05
8.002406127194290088e-05
8.041883112484756206e-05
8.081554843248377120e-05
8.121422280191711895e-05
8.154405717651928755e-05
8.186417606769285618e-05
8.218555165503823267e-05
8.250818887198873111e-05
8.283209267134551441e-05
8.312633806173027847e-05
8.335908322293262716e-05
8.359248004654802643e-05
8.382653035716426616e-05
8.406123598447709728e-05
8.429659876330579003e-05
8.444932623723577065e-05
8.458118545959487455e-05
8.471325056701304766e-05
8.484552188095932407e-05
8.497799972340470997e-05
8.508032974147475801e-05
8.509807453464664727e-05
8.511582302876410596e-05
8.513357522459938419e-05
8.515133112292417640e-05
8.516909072451103084e-05
8.509310973240573166e-05
8.498259720206328093e-05
8.487222819708246967e-05
8.476200253106370964e-05
8.465192001784895926e-05
8.451447347951855649e-05
8.426488650779540002e-05
8.401603661285790396e-05
8.376792161798110863e-05
8.352053935286837035e-05
8.327388765363226593e-05
8.292978700377502037e-05
8.253733416703415828e-05
8.214673855475529906e-05
8.175799137790110084e-05
8.137108388902687336e-05
8.096623282376829117e-05
8.043023669637231463e-05
7.989778886112946588e-05
7.936886582836016955e-05
7.884344426388656044e-05
7.832150098800281666e-05
7.771002600339945235e-05
7.704054041555130595e-05
7.637682256418953420e-05
7.571882275924660610e-05
7.506649173874320599e-05
7.441066520185433443e-05
7.362160562192087722e-05
7.284091332400251446e-05
7.206849958044195823e-05
7.130427660445973518e-05
7.054815754017845590e-05
6.973133249458802856e-05
6.886309709622998997e-05
6.800567222851857448e-05
6.715892328789685743e-05
6.632271734677721404e-05
6.549692313267373438e-05
6.457696590407257229e-05
6.366924216716422736e-05
6.277427781544860324e-05
6.189189349709870380e-05
6.102191238134027607e-05
6.013252694772786331e-05
5.921946368543038055e-05
5.832026454232552235e-05
5.743471900309752442e-05
5.656261974893356709e-05
5.570376260898753378e-05
5.483578179040755034e-05
5.397957548941825827e-05
5.313673799992233685e-05
5.230706058119893778e-05
5.149033775180570711e-05
5.069377608246218792e-05
4.992085768576873044e-05
4.915972382938994811e-05
4.841019483667302587e-05
4.767209377046089915e-05
4.694524639132420540e-05
4.627497108101994209e-05
4.562168633323486283e-05
4.497762430243303940e-05
4.434265478733725573e-05
4.371664942478073625e-05
4.312115356813846012e-05
4.257835154019108599e-05
4.204238221538746800e-05
4.151315958477794893e-05
4.099059872207946143e-05
4.047461577004735062e-05
4.000318061842154195e-05
3.954721342614026522e-05
3.909644347260900389e-05
3.865081151827943936e-05
3.821025899883126757e-05
3.777385851613312224e-05
3.733995230853072136e-05
3.691103035735305795e-05
3.648703540872434481e-05
3.606791086644089262e-05
3.565360078441653159e-05
3.518972583120100152e-05
3.471134579301964567e-05
3.423946900132649926e-05
3.377400704897338978e-05
3.331487273064637688e-05
3.283588466164121780e-05
3.225363825010048720e-05
3.168171624087890668e-05
3.111993556151592408e-05
3.056811638579453900e-05
3.002608207617899687e-05
2.939304074334346396e-05
2.872163865619939923e-05
2.806557287830472385e-05
2.742449309442243429e-05
2.679805699129033205e-05
2.617343742618536301e-05
2.547520050135937709e-05
2.479559065998643543e-05
2.413411098157212058e-05
2.349027780212420717e-05
2.286362036050540179e-05
2.225478723324742902e-05
2.166292302023881396e-05
2.108679938668264287e-05
2.052599771317914083e-05
1.998011051347686415e-05
1.945367719796068355e-05
1.902599376013290779e-05
1.860771281835416085e-05
1.819862766148212267e-05
1.779853612285892814e-05
1.740724048040197754e-05
1.707182468264888752e-05
1.678580518522692345e-05
1.650457762741459189e-05
1.622806172557585415e-05
1.595617854113809240e-05
1.568885045805682522e-05
1.542313203830588154e-05
1.516187418510394820e-05
1.490504187048202873e-05
1.465256012868697454e-05
1.440435526383690299e-05
1.411958037505155884e-05
1.379218118588312809e-05
1.347237359832188958e-05
1.315998158134251407e-05
1.285483318565676196e-05
1.255676044906784797e-05
1.220542795289752779e-05
1.185874492912503677e-05
1.152190909132880867e-05
1.119464073999950651e-05
1.087666812021370044e-05
1.057905867688552264e-05
1.030725166911403212e-05
1.004242817960535965e-05
9.784408781317812965e-06
9.533018657215954709e-06
9.288087481826131422e-06
9.092809916050868959e-06
8.909103417751295325e-06
8.729108431935641676e-06
8.552749973096902461e-06
8.379954570697064467e-06
8.206155863979694372e-06
8.026486067745392067e-06
7.850750054419184485e-06
7.678861695735261802e-06
7.510736749164367742e-06
7.346292816626458432e-06
7.163143402090197756e-06
6.978549723472260075e-06
6.798713010375320500e-06
6.623510676147805939e-06
6.452823293187060425e-06
6.289793313301271087e-06
6.140455553195191897e-06
5.994663500472905817e-06
5.852332969856428573e-06
5.713381774868019421e-06
5.577729680373052013e-06
5.452142562811796256e-06
5.332045428523899178e-06
5.214593735270991938e-06
5.099729210569588508e-06
4.987394865534088366e-06
4.876410891499227909e-06
4.762949918432521900e-06
4.652128877212366761e-06
4.543886343721118887e-06
4.438162323015266010e-06
4.334898216072364651e-06
4.236030129045373966e-06
4.140476038552071620e-06
4.047077405865210125e-06
3.955785609326298360e-06
3.866553124058096468e-06
3.779691541482524300e-06
3.697501065090795276e-06
3.617097844176221258e-06
3.538443014355965855e-06
3.461498556364340710e-06
3.386227277675471113e-06
3.313001081065245556e-06
3.241647390610724494e-06
3.171830478749660244e-06
3.103517247145712542e-06
3.036675310317277034e-06
2.971380803491711067e-06
2.909658495384647154e-06
2.849218299389771703e-06
2.790033583135105068e-06
2.732078267463361860e-06
2.675326814940415469e-06
2.622594650556384564e-06
2.573552231116693882e-06
2.525426903040693440e-06
2.478201516755045000e-06
2.431859243382758968e-06
2.386383568746206206e-06
2.341758287482241010e-06
2.297967497267401104e-06
2.254995593151045467e-06
2.212827261994530090e-06
2.171447477014302401e-06
2.130841492427091959e-06
2.090994838195204763e-06
2.051893314870111091e-06
2.013522988532405768e-06
1.975870185826465035e-06
1.938921489087861988e-06
1.902663731562007472e-06
1.867083992712099794e-06
1.832169593614895237e-06
1.797908092442517644e-06
1.764287280028798284e-06
1.731295175518504884e-06
1.698920022097949351e-06
1.667150282805394462e-06
1.635974636419863207e-06
1.605381973426752196e-06
1.575361392058979658e-06
1.545902194412073280e-06
1.516993882631977721e-06
1.488626155174095908e-06
1.460788903132323630e-06
1.433472206636709894e-06
1.406666331318500866e-06
1.380361724841253444e-06
1.354549013496863739e-06
1.329218998865191221e-06
1.304362654536218026e-06
1.279971122893434775e-06
1.256035711957431167e-06
1.232547892288471614e-06
1.209794983824967480e-06
1.188194019776922040e-06
1.166978742274153834e-06
1.146142264859612364e-06
1.125677824034358515e-06
1.105578777062145578e-06
1.085838599813190792e-06
1.066450884646456605e-06
1.047409338329723788e-06
1.028707779996832148e-06
1.010340139141353819e-06
9.923004536461419980e-07
9.745828678480093180e-07
9.571816306370032753e-07
9.400910935895886024e-07
9.233057091351824077e-07
9.068200287554151758e-07
8.906287012155522310e-07
8.747264708274852844e-07
8.591081757437376685e-07
8.437687462819394643e-07
8.287032032792108331e-07
8.139066564759367551e-07
7.993743029283829233e-07
7.851014254496797233e-07
7.710833910786086931e-07
7.573156495757708053e-07
7.437937319465642948e-07
7.305132489905664101e-07
7.174698898767997490e-07
7.046594207444313949e-07
6.920776833284847237e-07
6.797205936100534391e-07
6.675841404906467290e-07
6.556643844901799822e-07
6.439574564682303241e-07
6.324595563681142894e-07
6.211669519833986348e-07
6.100759777464210890e-07
5.991830335384624312e-07
5.884845835211364264e-07
5.778480550796442199e-07
5.652490157881136890e-07
5.529246781065896529e-07
5.408690526121651643e-07
5.290762804715827104e-07
5.175406305939352904e-07
5.062564968454563838e-07
4.952183953250326523e-07
4.844209616991137685e-07
4.738589485947408800e-07
4.635272230494059036e-07
4.534207640165229774e-07
4.435346599252785303e-07
4.338641062936945004e-07
4.244044033937252123e-07
4.151509539672680279e-07
4.060992609919769927e-07
3.972449254957811430e-07
3.885836444190582080e-07
3.801112085234201666e-07
3.718235003460902979e-07
3.637164921988887464e-07
3.557862442108430363e-07
3.480289024134726888e-07
3.404406968678282745e-07
3.330179398323604721e-07
3.257570239707432481e-07
3.186544205987655298e-07
3.117066779694496357e-07
3.049104195955628742e-07
2.982623426086946022e-07
2.917592161541235490e-07
2.853978798206728420e-07
2.791752421048037980e-07
2.730882789081968978e-07
2.671340320680883715e-07
2.613096079196550168e-07
2.556121758897411945e-07
2.500389671212447651e-07
2.445872731275013841e-07
2.392544444760023958e-07
2.340378895008178009e-07
2.277355944983120817e-07
2.213594283428158409e-07
2.151617827867558142e-07
2.091376595908040615e-07
2.032822004568900393e-07
1.975906831101032987e-07
1.920585174903044203e-07
1.866812420503631301e-07
1.814545201580313192e-07
1.763741365985700517e-07
1.714359941752830712e-07
1.666361104052368005e-07
1.619706143074932797e-07
1.574357432812601242e-07
1.530278400714580693e-07
1.487433498192349597e-07
1.445788171950668289e-07
1.405308836121262019e-07
1.365962845176650978e-07
1.327718467602443533e-07
1.290544860306651353e-07
1.254412043745570067e-07
1.219290877746045404e-07
1.185153038004672581e-07
1.151970993245022902e-07
1.119717983014350577e-07
1.088367996102010356e-07
1.057895749562083336e-07
1.028276668323330929e-07
9.994868653700743013e-08
9.715031224779067421e-08
9.443028714888237369e-08
9.178641761105782943e-08
8.921657142256433216e-08
8.671867606954720164e-08
8.429071706462236963e-08
8.193073632224483341e-08
7.963683057956296369e-08
7.740714986148756193e-08
7.523989598873441946e-08
7.313332112764049023e-08
7.087314712645240317e-08
6.854486183250426232e-08
6.629306407480680396e-08
6.411524112727009122e-08
6.200896281048788682e-08
5.997187877995865488e-08
5.800171590339433161e-08
5.609627572418700435e-08
5.425343200820452811e-08
5.247112837117905054e-08
5.074737598403715967e-08
4.908025135361431603e-08
4.746789417627597825e-08
4.590850526204981424e-08
4.440034452695418931e-08
4.294172905128055050e-08
4.153103120166459160e-08
4.016667681485008352e-08
3.884714344111785099e-08
3.757095864542263424e-08
3.633669836433766915e-08
3.514298531697759359e-08
3.398848746812441103e-08
3.287191654184140894e-08
3.179202658391827509e-08
3.074761257154097415e-08
2.973750906863593699e-08
2.876058892538884469e-08
2.781576202048514372e-08
2.690197404467103196e-08
2.601820532427498427e-08
2.516346968337915645e-08
2.433681334336956575e-08
2.353731385863764748e-08
2.276407908724629932e-08
2.201624619541009304e-08
2.129298069468018604e-08
2.059347551075932240e-08
1.991695008290674401e-08
1.926264949293021728e-08
1.862984362279089565e-08
1.799999114542896556e-08
1.736209873960590429e-08
1.674681227387010798e-08
1.615333062796603546e-08
1.558088107212572645e-08
1.502871826095307118e-08
1.449612326296326187e-08
1.398240262451344454e-08
1.348688746690715478e-08
1.300893261549513030e-08
1.254791575963978886e-08
1.210323664244950968e-08
1.167431627922703057e-08
1.126059620361533618e-08
1.086153774045872869e-08
1.047662130443260299e-08
1.010534572352884433e-08
9.747227586515537520e-09
9.401800613522445622e-09
9.068615048931084676e-09
8.747237075780459359e-09
8.437248250925294425e-09
8.138244960211127079e-09
7.849837892957321821e-09
7.571651535063932708e-09
7.303323680081465936e-09
7.044504957608049673e-09
6.794858378399468862e-09
6.554058895599423202e-09
6.321792981519649881e-09
6.097758219418034365e-09
5.881662909743364808e-09
5.673225690334552261e-09
5.472175170078928963e-09
5.278249575553617835e-09
5.091196410189153345e-09
4.910772125511747534e-09
4.736741804036430538e-09
4.568878853397862422e-09
4.406964711320714143e-09
4.250788561045428657e-09
4.099450687819112586e-09
3.949417634954297968e-09
3.804875541407201500e-09
3.665623447231675334e-09
3.531467747280164502e-09
3.402221922030328602e-09
3.277706278263098784e-09
3.157747699231207451e-09
3.042179403971471705e-09
2.930840715425575496e-09
2.823576837047317871e-09
2.720238637585780581e-09
2.620682443744837095e-09
2.524769840431264540e-09
2.432367478313213595e-09
2.343346888421779696e-09
2.257584303537943814e-09
2.174960486116260895e-09
2.095360562506495915e-09
2.018673863242234757e-09
1.944793769174843399e-09
1.873617563238579474e-09
1.805046287640817100e-09
1.738984606279025816e-09
1.675340672192867191e-09
1.614025999867472664e-09
1.554955342210134468e-09
1.498046572029415083e-09
1.443220567852050965e-09
1.390401103918609970e-09
1.339514744205245283e-09
1.290490740324017756e-09
1.243260933159869968e-09
1.197759658107629489e-09
1.153923653777048133e-09
1.111691974039191795e-09
1.071005903291707699e-09
1.031808874825288319e-09
9.940463921777849269e-10
9.576659533665885048e-10
9.226169778940389545e-10
8.888507364242561772e-10
8.559290857541911448e-10
8.241907332216777892e-10
7.936292574167386150e-10
7.642010190600324860e-10
7.358639970423039611e-10
7.085777284216576737e-10
6.823032506458286182e-10
6.570030459168371936e-10
6.326409876186664038e-10
6.091822887314049231e-10
5.865934521582366425e-10
5.648422228943571274e-10
5.438975419694492666e-10
5.237295020980326324e-10
5.043093049743204823e-10
4.856092201505916227e-10
4.676025454403871148e-10
4.502635687899882419e-10
4.335675315637123541e-10
4.174905931906043825e-10
4.020097971220655394e-10
3.871030380517837250e-10
3.727490303511704829e-10
