8.991203828751538816e-09
9.128022245545058725e-09
9.266922617050140940e-09
9.407936624202125405e-09
9.551096430022680725e-09
9.696434686955445321e-09
9.843984544313670501e-09
9.993779655840968897e-09
1.014585418738735368e-08
1.030024282470167365e-08
1.045698078134301351e-08
1.061610380671238429e-08
1.077764819420643789e-08
1.094165078949557467e-08
1.110814899892767163e-08
1.127718079806005010e-08
1.144878474032090540e-08
1.162299996580289855e-08
1.179986621019020851e-08
1.197942381382177315e-08
1.216171373089209366e-08
1.234677753879240982e-08
1.253465744759367062e-08
1.272539630967402986e-08
1.291903762949284861e-08
1.311562557351330576e-08
1.331520498027599868e-08
1.351782137062595121e-08
1.372352095809523085e-08
1.393235065944346484e-08
1.414428479477005190e-08
1.435914319468632316e-08
1.457726539568440254e-08
1.479870097645198744e-08
1.502350026880047834e-08
1.525171436910547725e-08
1.548339514992078899e-08
1.571859527176883362e-08
1.595736819511045612e-08
1.619976819249625261e-08
1.644585036090262257e-08
1.669567063425522037e-08
1.694928579614248313e-08
1.720675349272260956e-08
1.746813224582627290e-08
1.773348146625856861e-08
1.800286146730280736e-08
1.827633347842981939e-08
1.855395965921511937e-08
1.883580311346772045e-08
1.912192790357333350e-08
1.941239906505582969e-08
1.970728262135952044e-08
2.000664559885621892e-08
2.031055604208001426e-08
2.061908302919389466e-08
2.093229668769093248e-08
2.125026821033398178e-08
2.157306987133787890e-08
2.190077504279706074e-08
2.223345821136293552e-08
2.257119499517437724e-08
2.291406216104581756e-08
2.326213764191599215e-08
2.361550055456201683e-08
2.397423121758226098e-08
2.433841116965287217e-08
2.470812318806114822e-08
2.508345130752067015e-08
2.546448083927225576e-08
2.585129839047482020e-08
2.624399188389127532e-08
2.664265057787304786e-08
2.704736508664812321e-08
2.745822740091778646e-08
2.787533090876568694e-08
2.829877041688485114e-08
2.872864217212679645e-08
2.916504388337858565e-08
2.960807474377158079e-08
3.005783545322796799e-08
3.051442824134936782e-08
3.097795689065374815e-08
3.144852676016472931e-08
3.192624480935957784e-08
3.241121962248060717e-08
3.290296821170097270e-08
3.340191834905466478e-08
3.390843471076731033e-08
3.442263203325596116e-08
3.494462679283386276e-08
3.547453723209500124e-08
3.601248338669809901e-08
3.655858711255733862e-08
3.711297211344550544e-08
3.767576396901500231e-08
3.824709016324441867e-08
3.882708011331655726e-08
3.941586519893362233e-08
4.001357879207774211e-08
4.062035628722230470e-08
4.123633513200196229e-08
4.186165485834683594e-08
4.249645711408965585e-08
4.314088569505214367e-08
4.379508657761723433e-08
4.445920795179602472e-08
4.513340025479609303e-08
4.581781620509814378e-08
4.651261083705022962e-08
4.721794153598603519e-08
4.793396807387632836e-08
4.866085264552001126e-08
4.939875990528496850e-08
5.014785700440550855e-08
5.090831362884594758e-08
5.168030203773740944e-08
5.246399710239844978e-08
5.325957634594683642e-08
5.406721998351261716e-08
5.488711096305993303e-08
5.571943500682881986e-08
5.656438065340548856e-08
5.742213930042950792e-08
5.829290524794968231e-08
5.917687574243737258e-08
6.007425102146618036e-08
6.098523435907039697e-08
6.191003211179045557e-08
6.284885376541756933e-08
6.380191198244569504e-08
6.476942265024448056e-08
6.575160492996251354e-08
6.674868130617112835e-08
6.776087763726212526e-08
6.878842320660972517e-08
6.983155077450726824e-08
7.089049663089267230e-08
7.196550064887277565e-08
7.305680633906010358e-08
7.416466090473217007e-08
7.528897511300473876e-08
7.642894339648163772e-08
7.758617221093777219e-08
7.876092290217899545e-08
7.995346077311033291e-08
8.116405514365073857e-08
8.239297941155659863e-08
8.364051111416461003e-08
8.490693199107033917e-08
8.619252804775555019e-08
8.749758962017907296e-08
8.882241144034575587e-08
9.016729270286728097e-08
9.153253713253268209e-08
9.291845305290009352e-08
9.432535345592798019e-08
9.575355607266052679e-08
9.720338344498326630e-08
9.867516299846531940e-08
1.001692271163036502e-07
1.016859132143888864e-07
1.032255638175057397e-07
1.047885266366881576e-07
1.063751546477455773e-07
1.079858061709781492e-07
1.096208449520991416e-07
1.112806402443815322e-07
1.129655668920506254e-07
1.146760054149371207e-07
1.164123420944129462e-07
1.181749690606282273e-07
1.199642843810689520e-07
1.217806921504556217e-07
1.236246025820032822e-07
1.254964321000621259e-07
1.273966034341632295e-07
1.293255457144858105e-07
1.312836945687712433e-07
1.332714922207041892e-07
1.352893875897832333e-07
1.373378363927042698e-07
1.394173012462772285e-07
1.415282517719040157e-07
1.436711647016356945e-07
1.458465239858366457e-07
1.480548209024789234e-07
1.502965541680912094e-07
1.525722300503880959e-07
1.548823624826031227e-07
1.572274731795561924e-07
1.596080917554750068e-07
1.620247558436023394e-07
1.644780112176138143e-07
1.669684119148740646e-07
1.694965203615596447e-07
1.720629074996746125e-07
1.746618322340284323e-07
1.772972493656404388e-07
1.799724314726266434e-07
1.826879785561206204e-07
1.854444996704832889e-07
1.882426130599045251e-07
1.910829462970640173e-07
1.939661364238882366e-07
1.968928300944274252e-07
1.998636837198901887e-07
2.028793636158665581e-07
2.059405461517705414e-07
2.090479179025414749e-07
2.122021758026303248e-07
2.154040273023115709e-07
2.186541905263530180e-07
2.219533944350803814e-07
2.253023789878697601e-07
2.287018953091115401e-07
2.321527058566740248e-07
2.356555845929109688e-07
2.392113171582493612e-07
2.428207010473964184e-07
2.464845457882033761e-07
2.502036731232324809e-07
2.539789171940590506e-07
2.578111247283568068e-07
2.617011552298054137e-07
2.656498811708642718e-07
2.696581881884520578e-07
2.737269752825843147e-07
2.778571550180028690e-07
2.820496537288503308e-07
2.863054117264326647e-07
2.906253835101139290e-07
2.950105379813988773e-07
2.994618586612398961e-07
3.039803439106260366e-07
3.085670071544992977e-07
3.132228771090507825e-07
3.179489980124428906e-07
3.227464298590190108e-07
3.276162486370414225e-07
3.325595465700188709e-07
3.375774323616749535e-07
3.426710314446139120e-07
3.478414862327341744e-07
3.530899563774584680e-07
3.584176190278219566e-07
3.638256690944894984e-07
3.693153195177548061e-07
3.748878015395847178e-07
3.805443649797642737e-07
3.862862785162163928e-07
3.921148299695427397e-07
3.979607002614998193e-07
4.036053004199495613e-07
4.093299625315716671e-07
4.151358221801401201e-07
4.210240310563342607e-07
4.269957571862011478e-07
4.330521851628502516e-07
4.391945163814379688e-07
4.454239692774850542e-07
4.517417795685738190e-07
4.581492004994738019e-07
4.646475030907448265e-07
4.712379763908619173e-07
4.779219277319253349e-07
4.847006829889887125e-07
4.915755868430690856e-07
4.985480030478882082e-07
5.056193147003960298e-07
5.127909245151283722e-07
5.200642551024645592e-07
5.274407492508225830e-07
5.349218702128615853e-07
5.425091019957430013e-07
5.502039496555078608e-07
5.580079395956322913e-07
5.659226198698102445e-07
5.739495604890431737e-07
5.820903537330740376e-07
5.903466144662438743e-07
5.987199804578274860e-07
6.072121127069128203e-07
6.158246957718897982e-07
6.245594381046054473e-07
6.334180723892722659e-07
6.424023558861704766e-07
6.515140707802311999e-07
6.607550245345638669e-07
6.701270502489961596e-07
6.796320070237027144e-07
6.892717803279830443e-07
6.990482823742849247e-07
7.089634524975184522e-07
7.190192575397574457e-07
7.292176922403961625e-07
7.395607796318390453e-07
7.500505714408056631e-07
7.606891484953191362e-07
7.714786211374826562e-07
7.824211296420957677e-07
7.935188446412154453e-07
8.047739675547378813e-07
8.161887310270876975e-07
8.277653993701019332e-07
8.395062690121883241e-07
8.514136689538709499e-07
8.634899612297800034e-07
8.744038583681750072e-07
8.848747179329728770e-07
8.954709645245717000e-07
9.061940996344615421e-07
9.170456427342698232e-07
9.280271314910766697e-07
9.391401219853086336e-07
9.503861889312242284e-07
9.617669259000568174e-07
9.732839455458307387e-07
9.849388798338628428e-07
9.967333802720179451e-07
1.008669118144734606e-06
1.020747784749834368e-06
1.032971091638187185e-06
1.045340770856234957e-06
1.057858575191430971e-06
1.070526278420598011e-06
1.083345675561279451e-06
1.096318583126100502e-06
1.109446839380155262e-06
1.122732304601496031e-06
1.136176861344741823e-06
1.149782414707824708e-06
1.163550892601949595e-06
1.177484246024777596e-06
1.191584449336890598e-06
1.205853500541545914e-06
1.220293421567799800e-06
1.234906258557024394e-06
1.249694082152830154e-06
1.264658987794485486e-06
1.279803096013847737e-06
1.295128552735828446e-06
1.310637529582479648e-06
1.326332224180720316e-06
1.342214860473725781e-06
1.358287689036071219e-06
1.374552987392634042e-06
1.391013060341330398e-06
1.407670240279689143e-06
1.424526887535361558e-06
1.441585390700590096e-06
1.458848166970653523e-06
1.476317662486394975e-06
1.493996352680848590e-06
1.511886742629990980e-06
1.529991367407724696e-06
1.548312792445091133e-06
1.566853613893807121e-06
1.585616458994120109e-06
1.604603986447099262e-06
1.623818886791383862e-06
1.643263882784413772e-06
1.662941729788254643e-06
1.682152079877331616e-06
1.698724106843200043e-06
1.715459396144884154e-06
1.732359556190955915e-06
1.749426211235528558e-06
1.766661001534334691e-06
1.783451286234424685e-06
1.800089053802512181e-06
1.816882034642637512e-06
1.833831676735101403e-06
1.850939441568384479e-06
1.868065650844503569e-06
1.884408414085616120e-06
1.900894151911286054e-06
1.917524115133965228e-06
1.934299565508844733e-06
1.951221775829561574e-06
1.967566610385268086e-06
1.983555795535902289e-06
1.999674914809443263e-06
2.015925024099367740e-06
2.032307187879739356e-06
2.048735518134003426e-06
2.064008627673830075e-06
2.079395596651812245e-06
2.094897273878173908e-06
2.110514514490947794e-06
2.126248180003113627e-06
2.141258306658355823e-06
2.155623420525967643e-06
2.170084905997041178e-06
2.184643409602186253e-06
2.199299582209427016e-06
2.214054079053263208e-06
2.227103679976538073e-06
2.240223030787677601e-06
2.253419664649108945e-06
2.266694036817342966e-06
2.280046605230699328e-06
2.292551364768008634e-06
2.304041465665171424e-06
2.315589154113334437e-06
2.327194718737109284e-06
2.338858449607689076e-06
2.350580638250077432e-06
2.360257756499082559e-06
2.369811940447439926e-06
2.379404799167935481e-06
2.389036489213761079e-06
2.398707167771828132e-06
2.407397804298879915e-06
2.414551504621666684e-06
2.421726462514858916e-06
2.428922741146362593e-06
2.436140403871789584e-06
2.443379514235030245e-06
2.448199654306043943e-06
2.452634065695797585e-06
2.457076509112004826e-06
2.461526999103022777e-06
2.465985550243581766e-06
2.469441307375816282e-06
2.470819530737298593e-06
2.472198523300959764e-06
2.473578285496100233e-06
2.474958817752255067e-06
2.476340120499214289e-06
2.475001141567362392e-06
2.472954123790618011e-06
2.470908799056230467e-06
2.468865165963932323e-06
2.466823223114599641e-06
2.463831265440348967e-06
2.458130115160604113e-06
2.452442156983320173e-06
2.446767360382813355e-06
2.441105694904019547e-06
2.435457130162350319e-06
2.427055311120123897e-06
2.417640301189199548e-06
2.408261813875448526e-06
2.398919707500691379e-06
2.389613840936329888e-06
2.379595331572737160e-06
2.366477427559541583e-06
2.353431838113203275e-06
2.340458164587985859e-06
2.327556010535735895e-06
2.314724981693800379e-06
2.299403340920474306e-06
2.282861026521762195e-06
2.266437720459167295e-06
2.250132566565667273e-06
2.233944714833651632e-06
2.217416302765370705e-06
2.197809703319048611e-06
2.178376467233214479e-06
2.159115061613042323e-06
2.140023967117717316e-06
2.121101677840561989e-06
2.100430738461065602e-06
2.078645084582468509e-06
2.057085391363382020e-06
2.035749315141322899e-06
2.014634536562261819e-06
1.993583474571518372e-06
1.970184036454318727e-06
1.947059246332137431e-06
1.924205880558295383e-06
1.901620753323249090e-06
1.879300716210511196e-06
1.856224954481785569e-06
1.832514739488071635e-06
1.809107383419775726e-06
1.785999017753191080e-06
1.763185823378637323e-06
1.740664029969253212e-06
1.717190951856711088e-06
1.694020543192895325e-06
1.671162777591328264e-06
1.648613436495231167e-06
1.626368358269688511e-06
1.604205476621108075e-06
1.582087091813364800e-06
1.560273669776057095e-06
1.538761005758611061e-06
1.517544952984492086e-06
1.496621421851895006e-06
1.475952978180956553e-06
1.455567147089852015e-06
1.435462884663480587e-06
1.415636301881443361e-06
1.396083563438408424e-06
1.376818780800613250e-06
1.357847751183334611e-06
1.339138121228639523e-06
1.320686289140266367e-06
1.302488702750687517e-06
1.284541858837296466e-06
1.266683217125030832e-06
1.249045934563788728e-06
1.231654233322279622e-06
1.214504693929029078e-06
1.197593944525244527e-06
1.180682904220974386e-06
1.163516184098723179e-06
1.146599062135897274e-06
1.129927909261784101e-06
1.113499149171103191e-06
1.097309257556811165e-06
1.080457338204141829e-06
1.063623566990639346e-06
1.047052069763576468e-06
1.030738760234557325e-06
1.014679615780489891e-06
9.985853061500039395e-07
9.819133191655426420e-07
9.655196811096069504e-07
9.493997447781161124e-07
9.335489405548706485e-07
9.179627751161894187e-07
9.019850824448495207e-07
8.860343709717756188e-07
8.703657320090465836e-07
8.549741773841109096e-07
8.398548071353058504e-07
8.249026988025063058e-07
8.097820408595178200e-07
7.949385480863860020e-07
7.803671399812143914e-07
7.660628291688803807e-07
7.520207196940102457e-07
7.377910279424173382e-07
7.235962322258671960e-07
7.096745385365910562e-07
6.960206925039850044e-07
6.826295408493787431e-07
6.693872458564547057e-07
6.555955020253533998e-07
6.420879168768085493e-07
6.288586357373387984e-07
6.159019245604361672e-07
6.032121674412181773e-07
5.901571110423293473e-07
5.769463085806065579e-07
5.640312329658828114e-07
5.514052642847738117e-07
5.390619308121762948e-07
5.269791494679178957e-07
5.148691544051327409e-07
5.030374473553899182e-07
4.914776332526486936e-07
4.801834639896544668e-07
4.691488350408295802e-07
4.585817373768232220e-07
4.484494528692314502e-07
4.385410394427909913e-07
4.288515507045193261e-07
4.193761495511368571e-07
4.101101057543277005e-07
4.015487578542535689e-07
3.931753730679960744e-07
3.849765961504153535e-07
3.769487860520932019e-07
3.690883776494051461e-07
3.614073581110350111e-07
3.539048866932604701e-07
3.465581594132616507e-07
3.393639431715554581e-07
3.323190719847170069e-07
3.254204455921112725e-07
3.185146902418901939e-07
3.117416138407544600e-07
3.051125639644273100e-07
2.986244779514774013e-07
2.922743582666408785e-07
2.859426596278903719e-07
2.795621129161324474e-07
2.733239422191813367e-07
2.672249705475848398e-07
2.612620918034828141e-07
2.554322691987233827e-07
2.495655323898379895e-07
2.438039004180290883e-07
2.381752852240598304e-07
2.326766158962050289e-07
2.273048924198001048e-07
2.221254883267100663e-07
2.172110943758303671e-07
2.124054284601089778e-07
2.077060850366152072e-07
2.031107117836205489e-07
1.986170084231117906e-07
1.944180774299861665e-07
1.903623342565120578e-07
1.863911976839601703e-07
1.825029027393986359e-07
1.786957212688840127e-07
1.749705293005435663e-07
1.713307544075205691e-07
1.677666949011106254e-07
1.642767757334224433e-07
1.608594546210525546e-07
1.575132213635115975e-07
1.541901773489213920e-07
1.509187671543651155e-07
1.477167655618677049e-07
1.445826999483855332e-07
1.415151289351086190e-07
1.385305904252575828e-07
1.356906571160111879e-07
1.329089435918404963e-07
1.301842563235303737e-07
1.275154262496986664e-07
1.249013082751949894e-07
1.224202744782596257e-07
1.200317488769729528e-07
1.176898254792206731e-07
1.153935950356435244e-07
1.131421660371234439e-07
1.109362193044338141e-07
1.087856847859699821e-07
1.066768390752201864e-07
1.046088740211532715e-07
1.025809971390078339e-07
1.005924313065948052e-07
9.867447624248449615e-08
9.681628012256024921e-08
9.499307676825895603e-08
9.320420721057685264e-08
9.144902488993595504e-08
8.973364556009264576e-08
8.820226852047798021e-08
8.669702566523570514e-08
8.521747099342979301e-08
8.376316611549012367e-08
8.233368012331798345e-08
8.092858946260932148e-08
7.954747780735584684e-08
7.818993593648813965e-08
7.685556161262452580e-08
7.554395946288853852e-08
7.425474086176124418e-08
7.298752381593100418e-08
7.174193285111090759e-08
7.051759890078460669e-08
6.931415919685450902e-08
6.813125716215254200e-08
6.696854230478813201e-08
6.582567011429714754e-08
6.470230195956452936e-08
6.359810498848818218e-08
6.251275202935603017e-08
6.144592149390460490e-08
6.039729728203421803e-08
5.936656868814743949e-08
5.835343030908922236e-08
5.735758195365558053e-08
5.637872855364718172e-08
5.541658007644210726e-08
5.447085143905825833e-08
5.354126242368537756e-08
5.262753759465558408e-08
5.172940621683327763e-08
5.084660217539600324e-08
4.997886389698549745e-08
4.912593427220372366e-08
4.828756057943222445e-08
4.746349440995039879e-08
4.665349159433332192e-08
4.585731213010355112e-08
4.507472011062020835e-08
4.430548365517901570e-08
4.352962200097788494e-08
4.276289219605154190e-08
4.200966755305253407e-08
4.126971019235557586e-08
4.054278642434205191e-08
3.982866667559690482e-08
3.912712541640622798e-08
3.843794108953154883e-08
3.776089604023872670e-08
3.709577644755923071e-08
3.644237225676261516e-08
3.580047711301767333e-08
3.516988829622244389e-08
3.455040665698282028e-08
3.394183655371746264e-08
3.334398579087153530e-08
3.275666555821876254e-08
3.217969037123162597e-08
3.161287801250322612e-08
3.105604947420015516e-08
3.050902890152888425e-08
2.997164353719832786e-08
2.944372366686080052e-08
2.892510256551301605e-08
2.841561644484242843e-08
2.791510440150033922e-08
2.742340836628591613e-08
2.694037305422582653e-08
2.646584591553282639e-08
2.599967708742828987e-08
2.554171934681320767e-08
2.509182806377317219e-08
2.464986115590179498e-08
2.421567904342892124e-08
2.378914460513969855e-08
2.337012313506914067e-08
2.295848229996017561e-08
2.255409209747098386e-08
2.215682481511787536e-08
2.176655498994216474e-08
2.138315936888706188e-08
2.094307990923587685e-08
2.046804012521177645e-08
2.000377539420671438e-08
1.955004131191723869e-08
1.910659901772146270e-08
1.867321506893499909e-08
1.824966131791910528e-08
1.783571479197591472e-08
1.743115757596869557e-08
1.703577669760381106e-08
1.664936401531516562e-08
1.627171610869151977e-08
1.590263417138931755e-08
1.554192390647451309e-08
1.518939542413818728e-08
1.484486314173217440e-08
1.450814568607244080e-08
1.417906579795799405e-08
1.385745023885602595e-08
1.354312969970318532e-08
1.323593871177588764e-08
1.293571555958202248e-08
1.264230219572852074e-08
1.235554415772003798e-08
1.207529048664483869e-08
1.180139364770495746e-08
1.153370945254907462e-08
1.127209698336681346e-08
1.101641851870523230e-08
1.076653946096750601e-08
1.052232826555635012e-08
1.028365637162463545e-08
1.005039813439654074e-08
9.822430759024242073e-09
9.599634235944499033e-09
9.381891277701590644e-09
9.169087257203540184e-09
8.961110147378369678e-09
8.757850462199500430e-09
8.559201199048620229e-09
8.365057782386099770e-09
8.157249310868008344e-09
7.922845258940830146e-09
7.695176965290241462e-09
7.474050873366396586e-09
7.259278988597219584e-09
7.050678718561373664e-09
6.848072717753529687e-09
6.651288736810991124e-09
6.460159476072432624e-09
6.274522443345036582e-09
6.094219815758509087e-09
5.919098305588939112e-09
5.749009029938529524e-09
5.583807384159710858e-09
5.423352918916861243e-09
5.267509220780570619e-09
5.116143796253270161e-09
4.969127959127133162e-09
4.826336721079237405e-09
4.687648685410320745e-09
4.552945943836964733e-09
4.422113976249709608e-09
4.295041553351483309e-09
4.171620642094075623e-09
4.051746313831592927e-09
3.935316655113453716e-09
3.822232681040710143e-09
3.712398251112138525e-09
3.605719987488557228e-09
3.502107195605859374e-09
3.401471787069352601e-09
3.303728204763654535e-09
3.208793350114666954e-09
3.116586512441854800e-09
3.027029300340386708e-09
2.940045575035247646e-09
2.855561385650394619e-09
2.773504906338005813e-09
2.693806375214361693e-09
2.616398035050449555e-09
2.541214075666847173e-09
2.466845066491428828e-09
2.385737704505667029e-09
2.307297070259568926e-09
2.231435484451751253e-09
2.158068150587229996e-09
2.087113060193753230e-09
2.018490901154340061e-09
1.952124969053974718e-09
1.887941081440911662e-09
1.825867494907158210e-09
1.765834824895140567e-09
1.707775968141094078e-09
1.651626027668500566e-09
1.597322240247525601e-09
1.544803906239655057e-09
1.494012321748860705e-09
1.444890713003638409e-09
1.397384172896461788e-09
1.351439599609786764e-09
1.307005637259916279e-09
1.264032618492488889e-09
1.222472508965344118e-09
1.182278853656731831e-09
1.143406724938881770e-09
1.105812672358804192e-09
1.069454674070325614e-09
1.034292089862891667e-09
1.000285615734853478e-09
9.673972399602253286e-10
9.355902005999918736e-10
9.048289444103949877e-10
8.750790871022190385e-10
8.463073749068044940e-10
8.184816474056351307e-10
7.915708015821272997e-10
7.655447570553035378e-10
7.403744224565853240e-10
7.160316629120654714e-10
6.924892685939322447e-10
6.697209243059028471e-10
6.477011800686305867e-10
6.264054226722614376e-10
6.046197630213233985e-10
5.834628452170710385e-10
5.630462524871086375e-10
5.433440792992270454e-10
5.243313266103041343e-10
5.059838701463355060e-10
4.882784297924349787e-10
4.711925400539224012e-10
4.547045215510503628e-10
4.387934535111920745e-10
4.234391472235676285e-10
4.086221204228810592e-10
3.943235725692918140e-10
3.805253609934086443e-10
3.672099778760274346e-10
3.543605280333658285e-10
3.419607074796851411e-10
3.299947827400128337e-10
3.184475708867735497e-10
3.073044202749783651e-10
2.965511919515240522e-10
2.861742417150327232e-10
2.761604028034428736e-10
2.664969691874040869e-10
2.571716794482713483e-10
2.481727012202362786e-10
2.394886161768721990e-10
2.311084055430204659e-10
2.230214361136519256e-10
2.152174467619576734e-10
2.076865354195455984e-10
2.004191465122360946e-10
1.934060588354969766e-10
1.866383738541466479e-10
1.801075044114754825e-10
1.738051638334546982e-10
1.677233554142196048e-10
1.618543622694704082e-10
1.561907375449274441e-10
1.507252949674133853e-10
1.454510997265694653e-10
1.402699531247410750e-10
1.352300019703513353e-10
1.303711381199269545e-10
1.256868550398423512e-10
1.211708799786234792e-10
1.168171655670735674e-10
1.126198817201995833e-10
1.085734078301128404e-10
1.046723252394409767e-10
1.009114099851671039e-10
9.728562580319407648e-11
9.379011738425061355e-11
9.042020387211958120e-11
8.717137259547345308e-11
8.403927302492898944e-11
8.101971094723045517e-11
7.810864284875006457e-11
7.530217050079617134e-11
7.259653573947309792e-11
6.998811543309831372e-11
6.747341663044824889e-11
6.504907188332458967e-11
6.271183473718569609e-11
6.045857538379848068e-11
5.828627647009341977e-11
5.619202905761117506e-11
5.417302872712325138e-11
5.222657182321845766e-11
5.035005183382264314e-11
4.854095589980061115e-11
4.679686144997341250e-11
4.511543295703850269e-11
4.349441881005017465e-11
4.193164829927473303e-11
4.042502870937985244e-11
3.897254251706701693e-11
3.757224468939398000e-11
3.622226007916938977e-11
3.492078091393257371e-11
3.366606437515386098e-11
3.245643026441579616e-11
3.128463425921341452e-11
3.014829703549139887e-11
2.905323446038177618e-11
2.799794733401466635e-11
2.698099091125962798e-11
2.600097292379228329e-11
2.505655167400279425e-11
2.414643419814007968e-11
2.326937449617418143e-11
2.242417182595468477e-11
2.160966905932999773e-11
2.082475109797653358e-11
2.006834334676852524e-11
1.933941024259946550e-11
1.863695383663957975e-11
1.796001242809089457e-11
1.730765924756620256e-11
1.667900118829188467e-11
1.607317758339626348e-11
1.548935902761025606e-11
1.492674624176684946e-11
1.438456897854450586e-11
1.386208496795705659e-11
1.335857890114580023e-11
1.287336145108310740e-11
1.240576832884656898e-11
1.195515937417142005e-11
1.152091767903639422e-11
1.110244874308362210e-11
1.069917965971512710e-11
1.031055833175308261e-11
9.936052715588568619e-12
9.575150092785415622e-12
9.227356368140806619e-12
8.892195393242157534e-12
8.569208314594284623e-12
8.257952945424229160e-12
7.958003160303539443e-12
7.668948311759635575e-12
7.390392668076950138e-12
7.121954871519208986e-12
6.863061797692449899e-12
6.612848956607767775e-12
6.371758351004762073e-12
6.139457403307337375e-12
5.915625661020473806e-12
5.699954354675097038e-12
5.492145971889473617e-12
5.291913846959459376e-12
5.098981765411206788e-12
4.913083582971483368e-12
4.733962858429103106e-12
4.561372499881673398e-12
4.395074423879421395e-12
4.234839226995832241e-12
4.080445869372323643e-12
3.931681369799962250e-12
3.788340511918115885e-12
3.650225561124311955e-12
3.517145991804984272e-12
3.388918224510943850e-12
3.265365372714731810e-12
3.146316998800757094e-12
3.031608878951453500e-12
2.921082776605262215e-12
2.814586224173856057e-12
2.711972312717436548e-12
2.613099489288077667e-12
2.517831361661492875e-12
2.426036510187895323e-12
2.337588306502277940e-12
2.252364738844337946e-12
2.170248243746670641e-12
2.091125543859358941e-12
2.014887491687124722e-12
1.941428919023466113e-12
1.870648491874149907e-12
