7.898109372150660929e-09
8.019123020306791079e-09
8.141990821444354396e-09
8.266741184617493630e-09
8.393402954159523720e-09
8.522005416352444404e-09
8.652578306198144765e-09
8.785151814293890427e-09
8.919756593812621158e-09
9.056423767590695930e-09
9.195184935323917564e-09
9.336072180873777550e-09
9.479118079686035292e-09
9.624355706322392801e-09
9.771818642108189744e-09
9.921540982896639958e-09
1.007355734695265017e-08
1.022790288295691408e-08
1.038461327813296352e-08
1.054372476649861934e-08
1.070527413724387517e-08
1.086929874323724067e-08
1.103583650966221850e-08
1.120492594278630889e-08
1.137660613886427217e-08
1.155091679317782487e-08
1.172789820921383895e-08
1.190759130798315342e-08
1.209003763748226982e-08
1.227527938229979780e-08
1.246329519775010708e-08
1.265392848119932525e-08
1.284747761059313883e-08
1.304398718547585666e-08
1.324350248756752956e-08
1.344606949119818360e-08
1.365173487390180510e-08
1.386054602717208245e-08
1.407255106738294383e-08
1.428779884687598684e-08
1.450633896521750509e-08
1.472822178062782792e-08
1.495349842158520696e-08
1.518222079860746539e-08
1.541444161621371615e-08
1.565021438506903263e-08
1.588959343431505312e-08
1.613263392408885307e-08
1.637939185823362740e-08
1.662992409720363783e-08
1.688428837116655524e-08
1.714254329330624774e-08
1.740474837332897253e-08
1.767096403117635290e-08
1.794125161094773784e-08
1.821567339503586505e-08
1.849429261847856704e-08
1.877717348352998436e-08
1.906438117445486300e-08
1.935598187254872487e-08
1.965204277138819315e-08
1.995263209231437401e-08
2.025781910015306354e-08
2.056767411917561125e-08
2.088226854930350736e-08
2.120167488256124346e-08
2.152596671978059296e-08
2.185521878756048382e-08
2.218950695548619237e-08
2.252890825361216618e-08
2.287350089021180465e-08
2.322336426979916026e-08
2.357857901142610094e-08
2.393922696725930765e-08
2.430539124144167314e-08
2.467715620924170852e-08
2.505460753649634085e-08
2.543783219935083725e-08
2.582691850430074601e-08
2.622195610854035433e-08
2.662303604062236786e-08
2.703025072143382133e-08
2.744369398549233319e-08
2.786346110256859350e-08
2.828964879963936026e-08
2.872235528317618178e-08
2.916116687658664363e-08
2.960645803661308943e-08
3.005854879481862647e-08
3.051754298110075499e-08
3.098354601083960197e-08
3.145666490910889546e-08
3.193700833525570598e-08
3.242468660785585028e-08
3.291981173005034752e-08
3.342249741526872460e-08
3.393285911334519261e-08
3.445101403703327944e-08
3.497708118892605887e-08
3.551118138878668112e-08
3.605343730129669568e-08
3.660397346422791720e-08
3.716291631704461712e-08
3.773039422994201676e-08
3.830653753332935348e-08
3.889147854776132516e-08
3.948535161432844121e-08
4.008829312551025058e-08
4.070044155650012236e-08
4.132193749700829548e-08
4.195292368355058280e-08
4.259354503223007480e-08
4.324394867201955881e-08
4.390428397855167503e-08
4.457470260842598095e-08
4.525535853403894613e-08
4.594640807894628737e-08
4.664800995376517485e-08
4.736032529262468697e-08
4.808351769017291805e-08
4.881775323914874600e-08
4.956320056852827869e-08
5.032003088225280839e-08
5.108841799854864363e-08
5.186853838984724261e-08
5.266057122331497212e-08
5.346469840200169018e-08
5.428110460661780727e-08
5.510997733794877956e-08
5.595150695991826398e-08
5.680588674330787596e-08
5.767331291014499152e-08
5.855398467876830805e-08
5.944810430958152008e-08
6.035587715150566491e-08
6.127751168914092450e-08
6.221321959064797522e-08
6.316321575636172994e-08
6.412771836814607513e-08
6.510694893950309593e-08
6.610113236644706615e-08
6.711021405038959841e-08
6.813354376360091969e-08
6.917247771406210418e-08
7.022725384289544479e-08
7.129811371946666912e-08
7.238530259671056393e-08
7.348906946730029751e-08
7.460966712067184816e-08
7.574735220092001644e-08
7.690238526557515305e-08
7.807503084527763587e-08
7.926555750436223234e-08
8.047423790236498669e-08
8.170134885646925486e-08
8.294717140490416186e-08
8.421199087130813404e-08
8.549609693007547927e-08
8.679978367269931605e-08
8.812334967512473511e-08
8.946709806613035150e-08
9.083133659675280585e-08
9.221637771076808467e-08
9.362253861624930053e-08
9.505014135821560947e-08
9.649951289238722102e-08
9.797098516006675034e-08
9.946489516416245021e-08
1.009815850463687150e-07
1.025214021655263690e-07
1.040846991771749556e-07
1.056718341143199092e-07
1.072831704694316182e-07
1.089190772776926038e-07
1.105799292015162672e-07
1.122661066163543319e-07
1.139779956978107542e-07
1.157159885100859389e-07
1.174804830957696964e-07
1.192718835670012972e-07
1.210906001980215995e-07
1.229370495191366499e-07
1.248116544121114481e-07
1.267148442070221811e-07
1.286470547805814501e-07
1.306087286559654169e-07
1.326003151041631495e-07
1.346222702468689695e-07
1.366750571609462585e-07
1.387591459844841354e-07
1.408750140244688168e-07
1.430231458660993077e-07
1.452040334837701839e-07
1.474181763537437825e-07
1.496660815685434309e-07
1.519482639530907694e-07
1.542652461826110168e-07
1.566122175606709529e-07
1.589925602471682557e-07
1.614090816647595723e-07
1.638623316924987192e-07
1.663528685670278944e-07
1.688812590096060436e-07
1.714480783550651002e-07
1.740539106827278742e-07
1.766993489493138478e-07
1.793849951238685064e-07
1.821114603247397890e-07
1.848793649586389026e-07
1.876893388618120733e-07
1.905420214433619625e-07
1.934380618307441043e-07
1.963781190174744434e-07
1.993628620130855859e-07
2.023929699953582875e-07
2.054691324648685964e-07
2.085920494018840314e-07
2.117624314256422242e-07
2.149809999560548830e-07
2.182484873778649212e-07
2.215656372073015402e-07
2.249332042612652930e-07
2.283519548290892135e-07
2.318226668469061604e-07
2.353461300746689622e-07
2.389231462758580920e-07
2.425545293999259468e-07
2.462411057675087808e-07
2.499837142584569021e-07
2.537832065027195827e-07
2.576404470741364559e-07
2.615563136871689650e-07
2.655316973966253325e-07
2.695675028004178015e-07
2.736646482454067292e-07
2.778240660363689094e-07
2.820467026481417384e-07
2.863335189409963769e-07
2.906854903792796115e-07
2.951036072533807448e-07
2.995888749050729051e-07
3.041423139562758404e-07
3.087649605413018705e-07
3.134578665426263960e-07
3.182220998302416746e-07
3.230587445046540035e-07
3.279689011435685658e-07
3.329536870523264208e-07
3.380142365181450432e-07
3.431517010682286910e-07
3.483672497317959828e-07
3.536620693060934537e-07
3.589739553700289811e-07
3.641066446907022154e-07
3.693127223429478019e-07
3.745932376494250418e-07
3.799492549362438383e-07
3.853818537474828315e-07
3.908921290627824744e-07
3.964811915180450791e-07
4.021501676292910131e-07
4.079002000197192221e-07
4.137324476500064353e-07
4.196480860519063587e-07
4.256483075651894072e-07
4.317343215779622043e-07
4.379073547704318059e-07
4.441686513621503822e-07
4.505194733628003919e-07
4.569611008265559822e-07
4.634948321100911832e-07
4.701219841342710019e-07
4.768438926495903185e-07
4.836619125053983332e-07
4.905774179229818819e-07
4.975918027725479630e-07
5.047064808541723900e-07
5.119228861827553333e-07
5.192424732770612546e-07
5.266667174528860105e-07
5.341971151204214260e-07
5.418351840858612814e-07
5.495824638573292840e-07
5.574405159551815410e-07
5.654109242267355217e-07
5.734952951655103166e-07
5.816952582350252042e-07
5.900124661972338179e-07
5.984485954456439926e-07
6.070053463432111718e-07
6.156844435650577850e-07
6.244876364460931340e-07
6.334166993336089622e-07
6.424734319449037532e-07
6.516596597300384608e-07
6.609772342397605159e-07
6.704280334987024138e-07
6.800139623839098332e-07
6.897369530087818712e-07
6.995989651125085231e-07
7.096019864550613098e-07
7.197480332178452616e-07
7.300391504100792800e-07
7.404774122809738049e-07
7.510649227378162186e-07
7.618038157700277269e-07
7.726962558792825600e-07
7.837444385157848917e-07
7.937420822994020008e-07
8.033407441720982397e-07
8.130554819235965413e-07
8.228876992505598067e-07
8.328388168244517684e-07
8.429102724967963670e-07
8.531035215069508038e-07
8.634200366923746935e-07
8.738613087014252816e-07
8.844288462087681926e-07
8.951241761333503477e-07
9.059488438590260018e-07
9.169044134578687206e-07
9.279924679161477015e-07
9.392146093630648911e-07
9.505724593022477137e-07
9.620676588460415608e-07
9.737018689526372998e-07
9.854767706660655659e-07
9.973940653590921419e-07
1.009455474979053707e-06
1.021662742296662541e-06
1.034017631157823493e-06
1.046521926738494121e-06
1.059177435802626979e-06
1.071985986963232160e-06
1.084949430946596093e-06
1.098069640859695563e-06
1.111348512460845915e-06
1.124787964433621552e-06
1.138389938664090035e-06
1.152156400521397251e-06
1.166089339141746642e-06
1.180190767715812732e-06
1.194462723779630242e-06
1.208907269508999446e-06
1.223526492017454575e-06
1.238322503657832535e-06
1.253297442327488102e-06
1.268453471777214242e-06
1.283792781923860172e-06
1.299317589166778835e-06
1.315030136708077570e-06
1.330932694876718328e-06
1.347027561456584116e-06
1.363317062018489873e-06
1.379803550256179894e-06
1.396489408326455395e-06
1.413377047193344749e-06
1.430468906976481789e-06
1.447767457303678821e-06
1.465275197667767209e-06
1.482994657787752948e-06
1.500928397974338918e-06
1.519079009499867997e-06
1.536806334453070880e-06
1.552125506378364025e-06
1.567597382664128743e-06
1.583223485495893640e-06
1.599005352232605620e-06
1.614944535557895994e-06
1.630480090045057793e-06
1.645879278925484073e-06
1.661423906575523727e-06
1.677115346602310707e-06
1.692954985586116101e-06
1.708814823440877829e-06
1.723959661924457927e-06
1.739238725678995993e-06
1.754653204312647254e-06
1.770204297976793768e-06
1.785893217459487616e-06
1.801055805322652728e-06
1.815895278612231257e-06
1.830857019055813499e-06
1.845942034051475454e-06
1.861151339297581785e-06
1.876406120759846906e-06
1.890603287437341018e-06
1.904907871981058794e-06
1.919320687130496610e-06
1.933842551774442541e-06
1.948474290997534795e-06
1.962444087233027649e-06
1.975823887117606433e-06
1.989294909496687640e-06
2.002857776318546283e-06
2.016513113771857621e-06
2.030261552314602160e-06
2.042443820510460439e-06
2.054692593363645770e-06
2.067014823530512779e-06
2.079410951543109021e-06
2.091881420575403647e-06
2.103574123615937699e-06
2.114335260937729242e-06
2.125151448412099799e-06
2.136022967656050259e-06
2.146950101727249029e-06
2.157933135131371148e-06
2.167033969228352506e-06
2.176023196146482780e-06
2.185049711912749845e-06
2.194113671207658200e-06
2.203215229353366485e-06
2.211414580701035455e-06
2.218197806158159348e-06
2.225001838273615335e-06
2.231826740869102365e-06
2.238672577962101737e-06
2.245539413766441221e-06
2.250175795189255578e-06
2.254457082029891934e-06
2.258746514641649937e-06
2.263044108523045061e-06
2.267349879202074607e-06
2.270730583328811628e-06
2.272193661524655819e-06
2.273657682411735041e-06
2.275122646597439677e-06
2.276588554689551445e-06
2.278055407296258634e-06
2.277009854961122706e-06
2.275310068984321046e-06
2.273611551896347420e-06
2.271914302749977591e-06
2.270218320598689931e-06
2.267643922405116782e-06
2.262564728772679234e-06
2.257496911797617789e-06
2.252440445997869072e-06
2.247395305948450832e-06
2.242361466281314988e-06
2.234783341904948190e-06
2.226267990049982042e-06
2.217785084837992422e-06
2.209334502635252870e-06
2.200916120279132082e-06
2.191837994038019385e-06
2.179894540508357171e-06
2.168016167556093355e-06
2.156202520553347600e-06
2.144453246804641050e-06
2.132767995536339765e-06
2.118780881421890108e-06
2.103664404833467628e-06
2.088655776992625728e-06
2.073754228450718442e-06
2.058958995248746593e-06
2.043847935736956941e-06
2.025896678796921600e-06
2.008103088980790958e-06
1.990465781487372280e-06
1.972983383678292515e-06
1.955654534971126875e-06
1.936714525445322582e-06
1.916746537254789568e-06
1.896984423779987259e-06
1.877426062403549266e-06
1.858069352392788705e-06
1.838769844685747243e-06
1.817315919963225529e-06
1.796112309812330556e-06
1.775156093677247136e-06
1.754444385077853184e-06
1.733974331212170102e-06
1.712816622068496043e-06
1.691081465508603256e-06
1.669622121913505720e-06
1.648435091295000072e-06
1.627516918078740231e-06
1.606864190540636708e-06
1.585359860466724655e-06
1.564130851273425604e-06
1.543186112448364100e-06
1.522521837424715393e-06
1.502134270608073302e-06
1.481832523085087287e-06
1.461583973449325251e-06
1.441612110791318701e-06
1.421913154312687465e-06
1.402483374877893275e-06
1.383319094308303447e-06
1.364407211477997230e-06
1.345753080269965010e-06
1.327353987739678980e-06
1.309206447006602077e-06
1.291307018862704191e-06
1.273671259586098740e-06
1.256305921881521301e-06
1.239177344605762928e-06
1.222282299747853421e-06
1.205617603307782079e-06
1.189180114696453625e-06
1.172805628625523350e-06
1.156629341499969555e-06
1.140676170855767443e-06
1.124943039289316146e-06
1.109426911843062712e-06
1.093894210088117455e-06
1.078095292724510657e-06
1.062524556283300252e-06
1.047178705188457470e-06
1.032054491461365525e-06
1.017148714033378253e-06
1.001590882371911872e-06
9.860384198566585133e-07
9.707274522417139071e-07
9.556542296523027188e-07
9.408150604408045783e-07
9.259325589608739057e-07
9.104864181893260237e-07
8.952979454978385193e-07
8.803628425415749357e-07
8.656768826794448569e-07
8.512359097779745899e-07
8.364220808363036829e-07
8.216295722244203357e-07
8.070986759205420981e-07
7.928247651908561123e-07
7.788032951274715239e-07
7.649397871865919226e-07
7.509321544982960825e-07
7.371810305925437163e-07
7.236817182619645439e-07
7.104296063147850144e-07
6.974201679997132609e-07
6.842528720682940348e-07
6.711255536089659368e-07
6.582500813558695480e-07
6.456216236663639874e-07
6.332354415923630192e-07
6.209883558025687657e-07
6.082477366148730782e-07
5.957685126301134170e-07
5.835453208866382736e-07
5.715729084529628753e-07
5.598461301703148910e-07
5.477821205384242351e-07
5.355739586574877079e-07
5.236378743251283158e-07
5.119678038772881392e-07
5.005578187879268852e-07
4.893877806460274336e-07
4.781956831177827280e-07
4.672595442628754610e-07
4.565735104115810832e-07
4.461318617651970307e-07
4.359290093344678122e-07
4.261590360711867627e-07
4.167915917795616539e-07
4.076300542155432452e-07
3.986698973228051621e-07
3.899066945327201967e-07
3.813361165775070549e-07
3.734107800559968489e-07
3.656585991311649114e-07
3.580673570766096012e-07
3.506337127267644091e-07
3.433543942802112228e-07
3.362337293874983709e-07
3.292698364685981317e-07
3.224501759700278801e-07
3.157717606271468005e-07
3.092316650459394953e-07
3.028270244215857383e-07
2.964161448526991130e-07
2.901281715008050013e-07
2.839735869995557408e-07
2.779495617273076656e-07
2.720533260881176835e-07
2.661782156262504763e-07
2.602641417811711748e-07
2.544814696338713569e-07
2.488272796391038435e-07
2.432987171194642227e-07
2.378929908241240031e-07
2.324571932435382912e-07
2.271189430742353328e-07
2.219032828513751450e-07
2.168073973650125445e-07
2.118285360549326755e-07
2.070273056889415925e-07
2.024711243314930012e-07
1.980152137498862572e-07
1.936573672214961307e-07
1.893954265884428871e-07
1.852272811887973790e-07
1.813282314454500593e-07
1.775606689629343160e-07
1.738713873247554594e-07
1.702587600441282649e-07
1.667211944287327309e-07
1.632595300585427184e-07
1.598769906441472346e-07
1.565645333430947710e-07
1.533207061390133458e-07
1.501440870995478339e-07
1.470332837530572206e-07
1.439464160590030289e-07
1.409082302312843521e-07
1.379341694674361647e-07
1.350228803203526175e-07
1.321730379092789140e-07
1.294000206522409661e-07
1.267610583658237672e-07
1.241759146330203508e-07
1.216434918872885392e-07
1.191627149456732571e-07
1.167325305523196185e-07
1.144249277474063023e-07
1.122026512356291541e-07
1.100235341384307766e-07
1.078867382455090664e-07
1.057914416256632249e-07
1.037383958823605631e-07
1.017376174802678080e-07
9.977542762757579525e-08
9.785108207587474991e-08
9.596385093090091866e-08
9.411301837569228157e-08
9.232790551792630680e-08
9.059836996572066316e-08
8.890123299560725531e-08
8.723588770007306324e-08
8.560173854051911029e-08
8.400451356757865650e-08
8.257908573113957515e-08
8.117784522024534244e-08
7.980038161305514917e-08
7.844629145195680582e-08
7.711517812539635545e-08
7.580665175170964911e-08
7.452032906492700496e-08
7.325583330251439657e-08
7.201279409502059762e-08
7.079084735759652091e-08
6.958963518335496147e-08
6.840880573853952257e-08
6.724801315947397859e-08
6.610691745125798152e-08
6.498518438818408407e-08
6.388248541584225087e-08
6.279849755488759834e-08
6.173290330643966550e-08
6.068539055908709026e-08
5.965565249747077123e-08
5.864338751241822484e-08
5.764829911260231716e-08
5.667009583769906544e-08
5.570849117301943573e-08
5.476320346558973893e-08
5.383395584165555170e-08
5.292047612558533952e-08
5.202249676015128911e-08
5.113975472816121794e-08
5.027199147542197324e-08
4.941895283500835365e-08
4.858038895281859443e-08
4.775605421439207083e-08
4.694570717296889723e-08
4.614911047877061042e-08
4.536603080948090656e-08
4.459623880190543482e-08
4.383950898479189381e-08
4.309561971278899026e-08
4.236435310152786853e-08
4.164549496380324705e-08
4.092030195752497911e-08
4.020355705713545101e-08
3.949936639578267542e-08
3.880751007805108355e-08
3.812777206013184414e-08
3.745994008235995160e-08
3.680380560293215752e-08
3.615916373278629682e-08
3.552581317162159374e-08
3.490355614503886453e-08
3.429219834278250487e-08
3.369154885806344345e-08
3.310142012794532058e-08
3.252162787477504498e-08
3.195199104863898197e-08
3.139233177082675991e-08
3.084247527828593334e-08
3.030224986904896699e-08
2.977148684861672857e-08
2.925002047728076528e-08
2.873768791836797936e-08
2.823432918739237015e-08
2.773978710209719290e-08
2.725390723337184139e-08
2.677653785702933245e-08
2.630752990642729966e-08
2.584673692591969815e-08
2.539401502512356013e-08
2.494922283398652416e-08
2.451222145864219114e-08
2.408287443803762351e-08
2.366104770132136104e-08
2.324660952597747734e-08
2.283943049669299493e-08
2.243938346494577784e-08
2.204634350930025599e-08
2.166018789639860987e-08
2.128079604263518330e-08
2.090804947650224915e-08
2.054183180159526304e-08
2.018202866026611711e-08
1.976818667835595274e-08
1.932095909626635152e-08
1.888384941287101688e-08
1.845662872485970582e-08
1.803907330753947216e-08
1.763096449767570300e-08
1.723208857898375617e-08
1.684223667021098999e-08
1.646120461575113352e-08
1.608879287873299901e-08
1.572480643652808212e-08
1.536905467862229734e-08
1.502135130679763507e-08
1.468151423757295816e-08
1.434936550685131601e-08
1.402473117672451584e-08
1.370744124438638092e-08
1.339732955310643125e-08
1.309423370521795924e-08
1.279799497707436498e-08
1.250845823592960970e-08
1.222547185869914018e-08
1.194888765255860504e-08
1.167856077733916429e-08
1.141434966967824159e-08
1.115611596888637354e-08
1.090372444449134132e-08
1.065704292542104645e-08
1.041594223078930538e-08
1.018029610224673927e-08
9.949981137862608016e-09
9.724876727502339035e-09
9.504864989666887639e-09
9.289830709761415905e-09
9.079661279760111800e-09
8.874246639236403894e-09
8.673479217726895637e-09
8.477253878399447473e-09
8.285467862995836741e-09
8.098020738019716491e-09
7.914814342142159339e-09
7.718534843964234417e-09
7.496859549343377373e-09
7.281550739714667702e-09
7.072425570475459345e-09
6.869306448295814623e-09
6.672020880302623690e-09
6.480401327595160973e-09
6.294285062967657378e-09
6.113514032718060359e-09
5.937934722425629725e-09
5.767398026583379564e-09
5.601759121974663041e-09
5.440877344686363298e-09
5.284616070654225796e-09
5.132842599639023169e-09
4.985428042534695404e-09
4.842247211913212181e-09
4.703178515712757947e-09
4.568103853979482341e-09
4.436908518574434201e-09
4.309481095761183500e-09
4.185713371590996225e-09
4.065500240005362928e-09
3.948739613577800037e-09
3.835332336819143451e-09
3.725182101972693412e-09
3.618195367227721164e-09
3.514281277281865794e-09
3.413351586184973382e-09
3.315320582398845058e-09
3.220105016009252766e-09
3.127624028028490245e-09
3.037799081728149904e-09
2.950553895944263884e-09
2.865814380297775221e-09
2.783508572275429187e-09
2.703566576117806122e-09
2.625920503462362688e-09
2.550504415691368054e-09
2.477254267935382108e-09
2.406107854685113574e-09
2.335725887183193021e-09
2.258929404155936126e-09
2.184657917678025460e-09
2.112828408224057476e-09
2.043360585872967421e-09
1.976176800561256426e-09
1.911201955286846694e-09
1.848363422166913713e-09
1.787590961255496350e-09
1.728816642030353232e-09
1.671974767461328641e-09
1.617001800575135634e-09
1.563836293434803248e-09
1.512418818454035160e-09
1.462691901970020820e-09
1.414599960000244104e-09
1.368089236111522482e-09
1.323107741331969088e-09
1.279605196038449663e-09
1.237532973754838492e-09
1.196844046798078172e-09
1.157492933711325238e-09
1.119435648425541602e-09
1.082629651092484014e-09
1.047033800534353944e-09
1.012608308256811365e-09
9.793146939739791577e-10
9.471157425958252967e-10
9.159754626296584682e-10
8.858590459494263938e-10
8.567328288877009735e-10
8.285642546069605955e-10
8.013218367080675657e-10
7.749751240352311717e-10
7.494946666382014889e-10
7.248519828535443613e-10
7.010195274682892445e-10
6.779706609303076289e-10
6.556796195710401786e-10
6.341214868072573681e-10
6.132721652896819802e-10
5.931083499673497579e-10
5.724794583545161243e-10
5.524458437753143206e-10
5.331132948976864730e-10
5.144572782997691090e-10
4.964541190937701071e-10
4.790809708820089798e-10
4.623157867643694766e-10
4.461372913602910691e-10
4.305249538098556632e-10
4.154589617196849704e-10
4.009201960205787352e-10
3.868902067050137106e-10
3.733511894136785982e-10
3.602859628413595603e-10
3.476779469334960931e-10
3.355111418457220916e-10
3.237701076397353860e-10
3.124399446896712214e-10
3.015062747741581112e-10
2.909552228300459054e-10
2.807733993446461538e-10
2.709478833641589539e-10
2.614662060966984704e-10
2.523163350891284250e-10
2.434866589576209210e-10
2.349659726525521275e-10
2.267434632390641661e-10
2.188086961752094054e-10
2.111516020702934948e-10
2.037624639066020063e-10
1.966319047082918925e-10
1.897508756418116976e-10
1.831106445327331221e-10
1.767027847844339856e-10
1.705191646845665632e-10
1.645519370857335385e-10
1.587935294472970018e-10
1.532366342256552211e-10
1.478741996008134642e-10
1.426994205274728465e-10
1.377057300992785135e-10
1.328002522381156617e-10
1.280285124840190648e-10
1.234282294846877587e-10
1.189932425062463399e-10
1.147176121805010301e-10
1.105956125508973102e-10
1.066217234042747875e-10
1.027906228781531864e-10
9.909718033365774950e-11
9.553644948452366665e-11
9.210366177299777254e-11
8.879421998374498742e-11
8.560369208722623990e-11
8.252780530428816370e-11
7.956244038402645194e-11
7.670362608725303060e-11
7.394753386818376625e-11
7.129047274721866015e-11
6.872888436795676183e-11
6.625933823181500622e-11
6.387852710388123118e-11
6.158326258383959063e-11
5.937047083603922331e-11
5.723718847299248507e-11
5.518055858678102989e-11
5.319782692306641964e-11
5.128633819256898816e-11
4.944353251508635880e-11
4.766694199128094199e-11
4.595418739765127297e-11
4.430297500025745659e-11
4.271109348293606036e-11
4.117641098588739039e-11
3.969687225067416346e-11
3.827049586780274369e-11
3.689537162320443269e-11
3.556965794006369095e-11
3.429157941256279186e-11
3.305942442824626369e-11
3.187154287581545970e-11
3.072634393528759556e-11
2.961698291019539217e-11
2.854120913689151457e-11
2.750451055280720201e-11
2.650546783498597084e-11
2.554271321435201877e-11
2.461492860312603631e-11
2.372084379025747876e-11
2.285923470240495656e-11
2.202892172808180111e-11
2.122876810267397799e-11
2.045767835211923873e-11
1.971459679311545634e-11
1.899850608780618744e-11
1.830842585096416645e-11
1.764341130776544051e-11
1.700255200031811479e-11
1.638497054117221634e-11
1.578982141210674617e-11
1.521628980654785254e-11
1.466359051403348019e-11
1.413096684519804177e-11
1.361768959580410502e-11
1.312305604840396850e-11
1.264638901026321197e-11
1.218703588622989708e-11
1.174436778528008261e-11
1.131777865951568856e-11
1.090668447443669393e-11
1.051052240935141789e-11
1.012875008682994259e-11
9.760844830146618611e-12
9.406302947693569736e-12
9.064639043386952620e-12
8.735385352121051581e-12
8.418091099360424554e-12
8.112321883993881670e-12
7.817659083604567298e-12
7.533699281342684505e-12
7.260053713615530675e-12
6.996347737839165536e-12
6.742220319523021997e-12
6.497130064738619571e-12
6.260261501203051283e-12
6.032028553059612311e-12
5.812116388098783052e-12
5.600221652079537598e-12
5.396052050272113529e-12
5.199325944256790399e-12
5.009771963422526396e-12
4.827128630629054001e-12
4.651144001516581730e-12
4.481575316965300776e-12
4.318188668225243606e-12
4.160758674254648246e-12
4.009068170821822836e-12
3.862907910941457382e-12
3.722076276232340886e-12
3.586378998798147101e-12
3.455628893247731182e-12
3.329645598485334493e-12
3.208255328914458604e-12
3.091290634712069547e-12
2.978590170842783944e-12
2.869998474494005397e-12
2.765365750625329489e-12
2.664547665336257982e-12
2.567405146767077556e-12
2.473804193258536393e-12
2.383615688505411206e-12
2.296715223449110267e-12
2.212982924663663637e-12
2.132303288998264399e-12
2.054565024248364398e-12
1.979660895635440247e-12
1.907487577883717008e-12
1.837945512689823909e-12
1.770938771388740102e-12
