4.741210651068748173e-09
4.806517578679316855e-09
4.872724064463505870e-09
4.939842499218658578e-09
5.007885444416940277e-09
5.076865634556105270e-09
5.146795979542970647e-09
5.217689567109389172e-09
5.289559665261834654e-09
5.362419724764416162e-09
5.436283381656297169e-09
5.511164459803781837e-09
5.587076973487458862e-09
5.664035130024983578e-09
5.742053332430075678e-09
5.821146182108166826e-09
5.901328481588950451e-09
5.982615237296916507e-09
6.065021662359671831e-09
6.148563179455329084e-09
6.233255423698722711e-09
6.319114245567782043e-09
6.406155713869803454e-09
6.494396118748997182e-09
6.583851974735039962e-09
6.674540023834044671e-09
6.766477238661678115e-09
6.859680825619865461e-09
6.953826280403743691e-09
7.047568558485497739e-09
7.142574545832599429e-09
7.238861278099978827e-09
7.336446020594826288e-09
7.435346271372222432e-09
7.535579764372947707e-09
7.637164472603292050e-09
7.740118611357719117e-09
7.844460641485304923e-09
7.950209272699715115e-09
8.057383466934300829e-09
8.166002441742090594e-09
8.276085673741614656e-09
8.387652902109521262e-09
8.500724132119761554e-09
8.615319638731005712e-09
8.731459970222070313e-09
8.849165951876352832e-09
8.968458689716285758e-09
9.089359574287606828e-09
9.211890284495174205e-09
9.336072791490141286e-09
9.461929362609510257e-09
9.589482565369190982e-09
9.718755271510303866e-09
9.849770661100614303e-09
9.982552226690870404e-09
1.011712377752716237e-08
1.025350944382044830e-08
1.039173368107315880e-08
1.053182127446444535e-08
1.067379734329440502e-08
1.081768734548834196e-08
1.096351708216153380e-08
1.111131270224575214e-08
1.126110070717804478e-08
1.141290795565271139e-08
1.156676166843748319e-08
1.172268943325436006e-08
1.188071920972650627e-08
1.204087933439170454e-08
1.220319852578339065e-08
1.236770588958031935e-08
1.253443092382538739e-08
1.270340352421507475e-08
1.287465398946002496e-08
1.304821302671806333e-08
1.322411175710017250e-08
1.340238172125097378e-08
1.358305488500426525e-08
1.376616364511497475e-08
1.395174083506809862e-08
1.413981973096622587e-08
1.433043405749630461e-08
1.452361799397682205e-08
1.471570955032641882e-08
1.490849512418008830e-08
1.510380631715928634e-08
1.530167621655286640e-08
1.550213834311513658e-08
1.570522665674457359e-08
1.591097556223688711e-08
1.611941991511346673e-08
1.633059502752620412e-08
1.654453667423964338e-08
1.676128109869150841e-08
1.698086501913265610e-08
1.720332563484741173e-08
1.742870063245546426e-08
1.765702819229624488e-08
1.788834699489701282e-08
1.812269622752564124e-08
1.836011559082924120e-08
1.860064530555979525e-08
1.884432611938785252e-08
1.909119931380553294e-08
1.934130671111992904e-08
1.959469068153815270e-08
1.985139415034517515e-08
2.011146060517573706e-08
2.037493410338148388e-08
2.064185927949464951e-08
2.091228135278949632e-08
2.118624613494282814e-08
2.146380003779485687e-08
2.174499008121174943e-08
2.202986390105115534e-08
2.231846975723212125e-08
2.261085654191069262e-08
2.290707378776266184e-08
2.320717167637477947e-08
2.351120104674593430e-08
2.381921340389967511e-08
2.413126092760959307e-08
2.444739648123898732e-08
2.476767362069633919e-08
2.509214660350812695e-08
2.542087039801046999e-08
2.575390069266122711e-08
2.609129390547405420e-08
2.643310719357608586e-08
2.677939846289079249e-08
2.713022637794772365e-08
2.748565037182075883e-08
2.784573065619652677e-08
2.821052823157476986e-08
2.858010489760230500e-08
2.895452326354234086e-08
2.933384675888126927e-08
2.971813964407354622e-08
3.010493577403148519e-08
3.048422715588763898e-08
3.086829722099454967e-08
3.125720617587087960e-08
3.165101498557560940e-08
3.204978538326509748e-08
3.245357987987045794e-08
3.286246177389632890e-08
3.327649516134397593e-08
3.369574494575843292e-08
3.412027684840324053e-08
3.455015741856239838e-08
3.498545404397277353e-08
3.542623496138798442e-08
3.587256926727460054e-08
3.632452692864426448e-08
3.678217879402106789e-08
3.724559660454829090e-08
3.771485300523398866e-08
3.819002155633895231e-08
3.867117674490823539e-08
3.915839399644709269e-08
3.965174968674528889e-08
4.015132115384905566e-08
4.065718671018517712e-08
4.116942565483663468e-08
4.168811828597370230e-08
4.221334591344165679e-08
4.274519087150630093e-08
4.328373653176125667e-08
4.382906731619655195e-08
4.438126871043325897e-08
4.494042727712350916e-08
4.550663066952027860e-08
4.607996764521808887e-08
4.666052808006595989e-08
4.724840298225698914e-08
4.784368450659402095e-08
4.844646596893646177e-08
4.905684186082777158e-08
4.967490786430815767e-08
5.030076086691390025e-08
5.093449897686468629e-08
5.157622153844379555e-08
5.222602914757036454e-08
5.288402366756960476e-08
5.355030824514005539e-08
5.422498732652309148e-08
5.490816667387618333e-08
5.559995338185128342e-08
5.630045589438383999e-08
5.700978402169142480e-08
5.772804895748845357e-08
5.845536329641586743e-08
5.919184105169234009e-08
5.993759767298607079e-08
6.066590023491302389e-08
6.138965599522575702e-08
6.212204629979753121e-08
6.286317416038794614e-08
6.361314381770702998e-08
6.437206075607583117e-08
6.514003171826388139e-08
6.591716472050232509e-08
6.670356906767624953e-08
6.749935536869886217e-08
6.830463555206911684e-08
6.911952288161425783e-08
6.994413197242033913e-08
7.077857880695325982e-08
7.162298075137211579e-08
7.247745657203669391e-08
7.334212645221178236e-08
7.421711200897147329e-08
7.510253631030500647e-08
7.599852389242625811e-08
7.690520077728938959e-08
7.782269449031512951e-08
7.875113407832620659e-08
7.969065012769914668e-08
8.064137478273024986e-08
8.160344176422309327e-08
8.257698638829530946e-08
8.356214558541227700e-08
8.455905791964526156e-08
8.556786360816204109e-08
8.658870454094722249e-08
8.762172430076070690e-08
8.866706818333139187e-08
8.972488321779464707e-08
9.079531818737074430e-08
9.187852365029289761e-08
9.297465196098200166e-08
9.408385729147700206e-08
9.520629565311791978e-08
9.634212491849059539e-08
9.749150484363012255e-08
9.865459709049236743e-08
9.983156524969037115e-08
1.010225748635051910e-07
1.022277934491680434e-07
1.034473905224235167e-07
1.046815376213704912e-07
1.059304083305909579e-07
1.071941783055632023e-07
1.084730252973697421e-07
1.097671291776965514e-07
1.110766719641339886e-07
1.124018378457760767e-07
1.137428132091287932e-07
1.150997866643237281e-07
1.164564537343015006e-07
1.177475113409246099e-07
1.190528818489814332e-07
1.203727239339225561e-07
1.217071980303036851e-07
1.230564663512874959e-07
1.244206929083614618e-07
1.258000435312745480e-07
1.271946858881947158e-07
1.286047895060899649e-07
1.300305257913354279e-07
1.314720680505486593e-07
1.329295915116562192e-07
1.344032733451935871e-07
1.358932926858413185e-07
1.373998306541998798e-07
1.389230703788056229e-07
1.404631970183923197e-07
1.420203977843968804e-07
1.435948619637156616e-07
1.451867809417159686e-07
1.467963482254973013e-07
1.484237594674145968e-07
1.500692124888606914e-07
1.517329073043126862e-07
1.534150461456448626e-07
1.551158334867111406e-07
1.568354760682000694e-07
1.585741829227654479e-07
1.603321654004353806e-07
1.621096371943031316e-07
1.639068143665028449e-07
1.657239153744730459e-07
1.675611610975115735e-07
1.694187748636245929e-07
1.712969824766735510e-07
1.731960122438225913e-07
1.751160950032923294e-07
1.770574641524157546e-07
1.790203556760140454e-07
1.810050081750778732e-07
1.830116628957726683e-07
1.850405637587631132e-07
1.870919573888631066e-07
1.891660931450144306e-07
1.912632231505979036e-07
1.933836023240803298e-07
1.955274884100013991e-07
1.976951420103041128e-07
1.998868266160123334e-07
2.021028086392597473e-07
2.043433574456738663e-07
2.066087453871189340e-07
2.088992478348014931e-07
2.112151432127450484e-07
2.135567130316320771e-07
2.157430828873491559e-07
2.178616468944539630e-07
2.200010148753971792e-07
2.221613911220136821e-07
2.243429819322520550e-07
2.265459956298750119e-07
2.287706425843536863e-07
2.310171352309551235e-07
2.332856880910267614e-07
2.355765177924846746e-07
2.378898430904959488e-07
2.402258848883713043e-07
2.425848662586582013e-07
2.449670124644407808e-07
2.473725509808541041e-07
2.498017115168022631e-07
2.522547260368975393e-07
2.547318287836071920e-07
2.572332562996250806e-07
2.597592474504580633e-07
2.623100434472341057e-07
2.648858878697396712e-07
2.674870266896751169e-07
2.701137082941468871e-07
2.727661835093848068e-07
2.754447056246920440e-07
2.781495304166362648e-07
2.808809161734694875e-07
2.836391237197970701e-07
2.864244164414797376e-07
2.892370603107887138e-07
2.920773239118022042e-07
2.949454784660510654e-07
2.978417978584225023e-07
3.007665586633087156e-07
3.037200401710221546e-07
3.067025244144630784e-07
3.097142961960505450e-07
3.127556431149196336e-07
3.158268555943860641e-07
3.189282269096781621e-07
3.220600532159398734e-07
3.252226335765161064e-07
3.284162699915051537e-07
3.316412674266021756e-07
3.348979338422185516e-07
3.381865802228877943e-07
3.415075206069664415e-07
3.448610721166169583e-07
3.482475549880955704e-07
3.516672926023266595e-07
3.551206115157877554e-07
3.586078414916910947e-07
3.621293155314708004e-07
3.656853699065871162e-07
3.691557311285367507e-07
3.720640475088350591e-07
3.749952764527344243e-07
3.779495984720843804e-07
3.809271955008599516e-07
3.839282509063651986e-07
3.869529495005243262e-07
3.900014775512660183e-07
3.930740227939897227e-07
3.961707744431289740e-07
3.992919232038061971e-07
4.024376612835717891e-07
4.056081824042440520e-07
4.088036818138375341e-07
4.120243562985897863e-07
4.152704041950753623e-07
4.185420254024227341e-07
4.218394213946241151e-07
4.251627952329415822e-07
4.285123515784156340e-07
4.318882967044633767e-07
4.352908385095840187e-07
4.387201865301643672e-07
4.421765519533771814e-07
4.456601476301903279e-07
4.491711880884734511e-07
4.527098895462083519e-07
4.562764699248079454e-07
4.598711488625305630e-07
4.634941477280098213e-07
4.671456896338847589e-07
4.708259994505438985e-07
4.745353038199670892e-07
4.782738311696867265e-07
4.820418117268529998e-07
4.858394775324153937e-07
4.896670624554068404e-07
4.935248022073494206e-07
4.974129343567693318e-07
5.013316983438258886e-07
5.052813354950606955e-07
5.092620890382529108e-07
5.132742041174025182e-07
5.173179278078236072e-07
5.213935091313653429e-07
5.255011990717400864e-07
5.296412505899829105e-07
5.338139186400329827e-07
5.380194601844276032e-07
5.422581342101309216e-07
5.465302017444816613e-07
5.508359258712669462e-07
5.551755717469279466e-07
5.595494066168823101e-07
5.639576998319858238e-07
5.684007228651176361e-07
5.722705719730180687e-07
5.758650664339467081e-07
5.794821383102840751e-07
5.831219294132617692e-07
5.867845824448434022e-07
5.904396289730872909e-07
5.939216638749561936e-07
5.974242335892984120e-07
6.009474592172894002e-07
6.044914625742852062e-07
6.080563661940261907e-07
6.114903583774655752e-07
6.148427926098914972e-07
6.182136062249663190e-07
6.216028999858022906e-07
6.250107752079362804e-07
6.284178387635809360e-07
6.315760842200143503e-07
6.347502021004124018e-07
6.379402721749634838e-07
6.411463746147626126e-07
6.443685899938164604e-07
6.474343949245674570e-07
6.503637654595604857e-07
6.533063901741251442e-07
6.562623290378947778e-07
6.592316422918385133e-07
6.622141608242063634e-07
6.648534783056952408e-07
6.675033150378753126e-07
6.701637129462188434e-07
6.728347141232956751e-07
6.755163608294441833e-07
6.780166467194456867e-07
6.803060987105834192e-07
6.826032814712326733e-07
6.849082211058034830e-07
6.872209438068525778e-07
6.895414758553853500e-07
6.914400596571336713e-07
6.933129367336836487e-07
6.951908868002852034e-07
6.970739235979525569e-07
6.989620609049155938e-07
7.006493881090565713e-07
7.020302213617082161e-07
7.034137759476043512e-07
7.048000572299203236e-07
7.061890705824065805e-07
7.075808213893987285e-07
7.084738061256676405e-07
7.092898284186628478e-07
7.101067906086265772e-07
7.109246937781351216e-07
7.117435390110113944e-07
7.123453840038079760e-07
7.125081653424518534e-07
7.126709838790123129e-07
7.128338396219896479e-07
7.129967325798846808e-07
7.131596627612044814e-07
7.127368658459188589e-07
7.121659600045552503e-07
7.115955114616635697e-07
7.110255198509455836e-07
7.104559848063961321e-07
7.096744478693377727e-07
7.083021804708251991e-07
7.069325665676155536e-07
7.055656010287560423e-07
7.042012787332152737e-07
7.028395945698686480e-07
7.008228331079366190e-07
6.985695630389396837e-07
6.963235376340205161e-07
6.940847336002967449e-07
6.918531277197726051e-07
6.894363223630465371e-07
6.862435057155182095e-07
6.830654751734112403e-07
6.799021622614797601e-07
6.767534988215851179e-07
6.736194170112380317e-07
6.698117886167105156e-07
6.656773404687630694e-07
6.615684124173241573e-07
6.574848469382703978e-07
6.534264874798002352e-07
6.492547037233476947e-07
6.441782920218597366e-07
6.391415719169276433e-07
6.341442330667358618e-07
6.291859675559732288e-07
6.242664698768711853e-07
6.187319613202899468e-07
6.128057134343090030e-07
6.069362274681924643e-07
6.011229597532299898e-07
5.953653718279989592e-07
5.895990129784550339e-07
5.829149205027773466e-07
5.763066034121324726e-07
5.697732026655975578e-07
5.633138689609139679e-07
5.569277626240917904e-07
5.501326718768290959e-07
5.429943598165755518e-07
5.359486717753529708e-07
5.289944058991606969e-07
5.221303759288008638e-07
5.153554109975201060e-07
5.079254863226108744e-07
5.005977872068652867e-07
4.933758027594644643e-07
4.862580078644175949e-07
4.792428994081565663e-07
4.721026748080265085e-07
4.648067588588634398e-07
4.576235946316821311e-07
4.505514396515292726e-07
4.435885783718115116e-07
4.367333217581396422e-07
4.298084600484395188e-07
4.229795395090528931e-07
4.162591188249933881e-07
4.096454741193247196e-07
4.031369089045669744e-07
3.967745912612726095e-07
3.905781138440458109e-07
3.844784075740349737e-07
3.784739611643738329e-07
3.725632869301482182e-07
3.667449204198038426e-07
3.613107534944494769e-07
3.560049249364275665e-07
3.507770121791820202e-07
3.456258710334577577e-07
3.405503741123615630e-07
3.356928173318083868e-07
3.311993294678125403e-07
3.267659901448076602e-07
3.223919942316602262e-07
3.180765473744893806e-07
3.138188658524083234e-07
3.098712468328631728e-07
3.060395690797336244e-07
3.022552715032222270e-07
2.985177682291295116e-07
2.948264806278162577e-07
2.911734177432531338e-07
2.875443931479004163e-07
2.839605987099418377e-07
2.804214707056873991e-07
2.769264524373871405e-07
2.734749941456649277e-07
2.696916313180525225e-07
2.658189512818585119e-07
2.620018816129177896e-07
2.582396237652835977e-07
2.545313906598576744e-07
2.506966366761640758e-07
2.461612467250091116e-07
2.417079071845886919e-07
2.373351336687806406e-07
2.330414686457124384e-07
2.288254809519347816e-07
2.239929381997776170e-07
2.189063372636833614e-07
2.139352467061350072e-07
2.090770434301534901e-07
2.043291639060270303e-07
1.996038855899248294e-07
1.943861614896962491e-07
1.893048307502761144e-07
1.843563279955518448e-07
1.795371810497441503e-07
1.748440085011146473e-07
1.702857065176900856e-07
1.658545773996754866e-07
1.615387539386188401e-07
1.573352356815482836e-07
1.532411002524788239e-07
1.492878021269759062e-07
1.460265218660970358e-07
1.428364861998102667e-07
1.397161387478430626e-07
1.366639571299707619e-07
1.336784522232641598e-07
1.310846059661790984e-07
1.288374130114883808e-07
1.266287438494151308e-07
1.244579380637749918e-07
1.223243465599454650e-07
1.202273313707814909e-07
1.181445829465519426e-07
1.160976138498212978e-07
1.140861104712680572e-07
1.121094583330440593e-07
1.101670536037237821e-07
1.079770852209266590e-07
1.054977776369890732e-07
1.030753984845163084e-07
1.007086406056835182e-07
9.839622685686967555e-08
9.613690941949031093e-08
9.351987726883842078e-08
9.093878259301759449e-08
8.842892464162488288e-08
8.598833732215124045e-08
8.361510880510695312e-08
8.138891494468129510e-08
7.934914239248923684e-08
7.736049070936750458e-08
7.542167870185604818e-08
7.353145728582081437e-08
7.168860868172994956e-08
7.019373290102190784e-08
6.878198263301564807e-08
6.739862576619843229e-08
6.604309124685817413e-08
6.471481950642850477e-08
6.338191166100620765e-08
6.201034457552782657e-08
6.066845782345468778e-08
5.935560913055898175e-08
5.807117012124976763e-08
5.681452601781023486e-08
5.543305515173079702e-08
5.404417790074002178e-08
5.269009902073998465e-08
5.136994663725610454e-08
5.008287072066074428e-08
4.885167068678883263e-08
4.772019298864313954e-08
4.661492200489241512e-08
4.553525074886726562e-08
4.448058629261667043e-08
4.345034944128720902e-08
4.249167164231864828e-08
4.157270619089652672e-08
4.067361516352688757e-08
3.979396873694350789e-08
3.893334638364923981e-08
3.808368875210683031e-08
3.721889982413269835e-08
3.637374817170761176e-08
3.554778787955834077e-08
3.474058315807466764e-08
3.395170811337969254e-08
3.319563718135083433e-08
3.246431885162337698e-08
3.174911187100102920e-08
3.104966129751190325e-08
3.036562000875313925e-08
2.969911897645936786e-08
2.906602204368868629e-08
2.844642085557622111e-08
2.784002772296357312e-08
2.724656108936973299e-08
2.666574540026107831e-08
2.610032571681618651e-08
2.554903010083529097e-08
2.500937904666939535e-08
2.448112659585998747e-08
2.396403198512591516e-08
2.345859862644333919e-08
2.297869350440285085e-08
2.250860605859397071e-08
2.204813544355328944e-08
2.159708492262078945e-08
2.115526178388376939e-08
2.074053590229867821e-08
2.035078886280912116e-08
1.996836577847219906e-08
1.959312902074013135e-08
1.922494354732022546e-08
1.886367685357527620e-08
1.850919892483696416e-08
1.816138218961562658e-08
1.782010147368883495e-08
1.748523395505331422e-08
1.715665911972280639e-08
1.683425871835697924e-08
1.651791672370512130e-08
1.620751928884975679e-08
1.590295470623453040e-08
1.560411336746257438e-08
1.531088772384967792e-08
1.502317224771934831e-08
1.474086339442489920e-08
1.446385956508503516e-08
1.419206107002015085e-08
1.392537009287510574e-08
1.366369065541693513e-08
1.340692858299332968e-08
1.315499147064077755e-08
1.290778864982917245e-08
1.266523115583161966e-08
1.242723169570729537e-08
1.219370461688594261e-08
1.196456587634282857e-08
1.173973301035284911e-08
1.151912510481287160e-08
1.130266276612211697e-08
1.109026809260952485e-08
1.088186464649791925e-08
1.067737742639536953e-08
1.047673284030299988e-08
1.027985867913060011e-08
1.008668409070935533e-08
9.897139554293366683e-09
9.711156855540008676e-09
9.529546909355976330e-09
9.353505109657644655e-09
9.180715375932207206e-09
9.011117631918744062e-09
8.844652911160728780e-09
8.681263336504335408e-09
8.520892099975456907e-09
8.363483443028441991e-09
8.208982637159861813e-09
8.057335964880106714e-09
7.908490701036627366e-09
7.762395094482538725e-09
7.618998350083223206e-09
7.478250611055836006e-09
7.340102941634857735e-09
7.204507310057894146e-09
7.071416571865800368e-09
6.940784453511288090e-09
6.812565536270324678e-09
6.686715240450892984e-09
6.563189809893062648e-09
6.441946296755913577e-09
6.322942546585218593e-09
6.206137183656873346e-09
6.091489596591317218e-09
5.978959924233571023e-09
5.868509041794144303e-09
5.760098547245963306e-09
5.653690747972591461e-09
5.549248647663106849e-09
5.446735933449061516e-09
5.346116963279078204e-09
5.247356753526645831e-09
5.150420966826955502e-09
5.055275900138206036e-09
4.961888473023680689e-09
4.870226216150176275e-09
4.780257259998931684e-09
4.691950323785098550e-09
4.605274704581906038e-09
4.520200266645738700e-09
4.435714016741285889e-09
4.336403122129101561e-09
4.239315692273988810e-09
4.144401946177143109e-09
4.051613217383103398e-09
3.960901929026315316e-09
3.872221569436380490e-09
3.785526668289475806e-09
3.700772773293716944e-09
3.617916427396522923e-09
3.536915146502217902e-09
3.457727397688652444e-09
3.380312577911372468e-09
3.304630993184721932e-09
3.230643838228918282e-09
3.158313176572881250e-09
3.087601921102599745e-09
3.018473815044881534e-09
2.950893413376925170e-09
2.884826064652094867e-09
2.820237893232599172e-09
2.757095781919959967e-09
2.695367354974368437e-09
2.635020961514216565e-09
2.576025659287307334e-09
2.518351198805360183e-09
2.461968007833827755e-09
2.406847176228868354e-09
2.352960441113853294e-09
2.300280172387744906e-09
2.248779358557929102e-09
2.198431592890233660e-09
2.149211059869032940e-09
2.101092521960495690e-09
2.054051306672201730e-09
2.008063293902432747e-09
1.963104903572777821e-09
1.919153083537588855e-09
1.876185297764089096e-09
1.834179514777197846e-09
1.793114196362985611e-09
1.752968286525128221e-09
1.705120984581152697e-09
1.656833620304924573e-09
1.609913707118590845e-09
1.564322520140135034e-09
1.520022431138498472e-09
1.476976877477417761e-09
1.435150331938875346e-09
1.394508273401020010e-09
1.355017158346530171e-09
1.316644393177793023e-09
1.279358307316127442e-09
1.243128127062749443e-09
1.207923950200049619e-09
1.173716721312059851e-09
1.140478207803871728e-09
1.108180976600160312e-09
1.076798371503535616e-09
1.046304491194157988e-09
1.016674167852288954e-09
9.878829463863430151e-10
9.599070642490712768e-10
9.327234318254172524e-10
9.063096133757050194e-10
8.806438085185417384e-10
8.557048342380830928e-10
8.314721074008564622e-10
8.079256277676528291e-10
7.850459614865563547e-10
7.628142250533849732e-10
7.412120697263895249e-10
7.202216663823113381e-10
6.998256908012721608e-10
6.800073093684261190e-10
6.607501651804832917e-10
6.420383645457143139e-10
6.238564638662454950e-10
6.061894568918491263e-10
5.890227623346674307e-10
5.723422118347140319e-10
5.561340382661307195e-10
5.403848643746587042e-10
5.235738709184364759e-10
5.063074053176553485e-10
4.896103547524640896e-10
4.734639410032633886e-10
4.578500051202452267e-10
4.427509870010644042e-10
4.281499056419896652e-10
4.140303400403350648e-10
4.003764107266992613e-10
3.871727619062375757e-10
3.744045441888647276e-10
3.620573978890062156e-10
3.501174368760688171e-10
3.385712329575069899e-10
3.274058007769054173e-10
3.166085832100800122e-10
3.061674372428070053e-10
2.960706203142648503e-10
2.863067771108381294e-10
2.768649267954603826e-10
2.677344506580789806e-10
2.589050801734077567e-10
2.503668854524999150e-10
2.421102640751618199e-10
2.341259302906726758e-10
2.264049045746185402e-10
2.189385035301415965e-10
2.117183301222173821e-10
2.047362642339828453e-10
1.979844535345149639e-10
1.914553046477560716e-10
1.851414746126760111e-10
1.790358626250692521e-10
1.731316020516765916e-10
1.674220527076844960e-10
1.619007933888829805e-10
1.565616146501026092e-10
1.513985118218106484e-10
1.464056782569974306e-10
1.415774988007739901e-10
1.369085434753295561e-10
1.322672442343331957e-10
1.275755377122825785e-10
1.230502526668140419e-10
1.186854858924029804e-10
1.144755435785847087e-10
1.104149338824194439e-10
1.064983597644147778e-10
1.027207120785733492e-10
9.907706290754348931e-11
9.556265913418408310e-11
9.217291624115063284e-11
8.890341233042518285e-11
8.574988235497426948e-11
8.270821255502569908e-11
7.977443509169454191e-11
7.694472287096062642e-11
7.421538455125172113e-11
7.158285972810813320e-11
6.904371428966209391e-11
6.659463593685707785e-11
6.423242986257742287e-11
6.195401458404050722e-11
5.975641792302448102e-11
5.763677312867770798e-11
5.559231513786394773e-11
5.362037696815242445e-11
5.171838623875725270e-11
4.988386181488387403e-11
4.811441057110221498e-11
4.640772426953269494e-11
4.476157654876221107e-11
4.317382001957155162e-11
4.164238346367855153e-11
4.016526913184777963e-11
3.874055013783901948e-11
3.736636794479709339e-11
3.604092994080124870e-11
3.476250710041569159e-11
3.352943172918532087e-11
3.234009528814022205e-11
3.119294629546667115e-11
3.008155850089240434e-11
2.898086318119212985e-11
2.792044270917859890e-11
2.689882341332172582e-11
2.591458554427596509e-11
2.496636130184804286e-11
2.405283293415799109e-11
2.317273090635313047e-11
2.232483213632944404e-11
2.150795829500816796e-11
2.072097416880583074e-11
1.996278608202300711e-11
1.923234037695711482e-11
1.852862194962983726e-11
1.785065283909147702e-11
1.719749086834439106e-11
1.656822833499475369e-11
1.596199074981395177e-11
1.537793562145676145e-11
1.481525128564712940e-11
1.427315577720414202e-11
1.375089574334135548e-11
1.324774539672828110e-11
1.276300550686086661e-11
1.229600242833696523e-11
1.184608716468813914e-11
1.141263446646617368e-11
1.099504196233048078e-11
1.059272932193025546e-11
1.020513744941616762e-11
9.831727706462247195e-12
9.471981163717441901e-12
9.125397879647041164e-12
8.791496205761544478e-12
8.469812117267313534e-12
8.159898568208935605e-12
7.861324870207514911e-12
7.573676093930651381e-12
7.296552492463363845e-12
7.029568945777600527e-12
6.772354425529259929e-12
6.524551479438180370e-12
6.283055758089224240e-12
6.050244129419507908e-12
5.826059076182329263e-12
5.610180950239278930e-12
5.402301947657564685e-12
5.202125669836007256e-12
5.009366700893262371e-12
4.823750200715412713e-12
4.645011513082656128e-12
4.472895788316412771e-12
4.307157619908938234e-12
4.147560694617106563e-12
3.993877455521682302e-12
3.845888777571458131e-12
3.703383655149738116e-12
3.566158901217850578e-12
3.434018857606342640e-12
3.306775116041173710e-12
3.184246249506944359e-12
3.066257553564109317e-12
2.952640797251397454e-12
2.843233983218328238e-12
2.737881116745685317e-12
