7.750576332889851958e-10
7.855403696018825750e-10
7.961648860300752111e-10
8.069331001645838988e-10
8.178469555320630477e-10
8.289084219455573152e-10
8.401194958600541293e-10
8.514822007327917758e-10
8.629985873884913822e-10
8.746707343894952196e-10
8.865007484109101707e-10
8.984907646208603829e-10
9.106429470658297703e-10
9.229594890612744833e-10
9.354426135874584034e-10
9.480558770842743484e-10
9.607978516001225460e-10
9.737110796448890821e-10
9.867978628847075223e-10
1.000060533920343767e-09
1.013501456702984591e-09
1.027123026955574701e-09
1.040927672599841284e-09
1.054917854189031684e-09
1.069096065346510618e-09
1.083464833210208867e-09
1.098026718883071099e-09
1.112784317889532181e-09
1.127740260638171906e-09
1.142897212890544427e-09
1.158151202872354017e-09
1.173605826658889787e-09
1.189266680336471912e-09
1.205136515882019712e-09
1.221218121995441652e-09
1.237514324589654654e-09
1.254027987287192940e-09
1.270762011923392541e-09
1.287719339056323129e-09
1.304902948483490100e-09
1.322315859765486648e-09
1.339961132756579455e-09
1.357841868142408143e-09
1.375961207984824955e-09
1.394259065476053582e-09
1.412725008450998881e-09
1.431435519353381200e-09
1.450393837306764794e-09
1.469603244334557033e-09
1.489067065928150583e-09
1.508788671622648969e-09
1.528771475580186281e-09
1.549018937180975013e-09
1.569534561622210062e-09
1.590321900524844786e-09
1.611384552548463929e-09
1.632726164014263116e-09
1.654350429536319598e-09
1.676261092661155273e-09
1.698290211393326846e-09
1.720599043491228580e-09
1.743200925614529665e-09
1.766099707284211658e-09
1.789299288588771099e-09
1.812803620848500140e-09
1.836616707288426718e-09
1.860742603720158085e-09
1.885185419232685808e-09
1.909949316892192976e-09
1.935038514451126447e-09
1.960457285066580050e-09
1.986209958028046643e-09
2.012300919494800406e-09
2.038629680307497612e-09
2.065163962782628748e-09
2.092043608691477507e-09
2.119273113196159570e-09
2.146857029966671210e-09
2.174799971942412447e-09
2.203106612103622299e-09
2.231781684252855605e-09
2.260829983806630432e-09
2.290256368597379686e-09
2.320065759685830977e-09
2.350263142184008732e-09
2.380853566088850682e-09
2.411842147126773749e-09
2.443234067609180627e-09
2.474752538339017301e-09
2.506652799746600960e-09
2.538964264562245229e-09
2.571692233314399852e-09
2.604842074856796540e-09
2.638419227249243295e-09
2.672429198649671281e-09
2.706877568217736587e-09
2.741769987030013688e-09
2.777112179007085821e-09
2.812909941852485147e-09
2.849169148003795771e-09
2.885895745595951888e-09
2.923095759437066060e-09
2.960609220996581427e-09
2.998358832375744541e-09
3.036589774809736554e-09
3.075308185569270126e-09
3.114520280179081832e-09
3.154232353415720019e-09
3.194450780318053868e-09
3.235182017210668694e-09
3.276432602740308364e-09
3.318209158925522413e-09
3.360518392219761049e-09
3.403367094587891990e-09
3.446762144596578368e-09
3.490710508518492466e-09
3.535219241450620896e-09
3.579812402299593750e-09
3.624909734109484861e-09
3.670575187683245602e-09
3.716815920037185093e-09
3.763639178349400906e-09
3.811052301095620880e-09
3.859062719199360954e-09
3.907677957196486282e-09
3.956905634414607002e-09
4.006753466167168876e-09
4.057229264962685461e-09
4.108340941729106869e-09
4.160096507053770118e-09
4.212504072438815287e-09
4.265308581498273805e-09
4.318340377764647624e-09
4.372031533456354171e-09
4.426390246576917898e-09
4.481424817057958428e-09
4.537143648026509015e-09
4.593555247088073755e-09
4.650668227625640300e-09
4.708491310114838297e-09
4.767033323455455328e-09
4.826303206319503086e-09
4.886310008516049662e-09
4.947062892373014839e-09
5.008571134136150878e-09
5.070844125385417267e-09
5.133100711038612987e-09
5.195998692236102050e-09
5.259667388107101859e-09
5.324116242533563449e-09
5.389354815117183214e-09
5.455392782597298004e-09
5.522239940286353685e-09
5.589906203522765993e-09
5.658401609141574045e-09
5.727736316963329042e-09
5.797920611301017999e-09
5.868964902485445177e-09
5.940879728409527827e-09
6.013675756091291184e-09
6.086924995294644554e-09
6.160254310454358802e-09
6.234467025436824323e-09
6.309573782578484969e-09
6.385585352424340889e-09
6.462512635272298864e-09
6.540366662736387331e-09
6.619158599328802997e-09
6.698899744060752646e-09
6.779601532062979379e-09
6.861275536225409940e-09
6.943933468856819827e-09
7.027587183364502938e-09
7.112248675953891151e-09
7.197930087349074287e-09
7.283334548459295580e-09
7.369500414344474384e-09
7.456685669960293437e-09
7.544902375249719834e-09
7.634162732831375537e-09
7.724479089687687274e-09
7.815863938872692732e-09
7.908329921240058905e-09
8.001889827191854407e-09
8.096556598447529807e-09
8.192343329834312009e-09
8.289263271098463451e-09
8.387329828737952026e-09
8.486556567857147189e-09
8.586265591079596809e-09
8.685705314303313850e-09
8.786296674225186456e-09
8.888053008242401774e-09
8.990987808215965138e-09
9.095114722259441747e-09
9.200447556548779865e-09
9.307000277152720899e-09
9.414787011884595401e-09
9.523822052175533123e-09
9.634119854969353471e-09
9.745695044639419268e-09
9.858562414927675491e-09
9.972736930906190639e-09
1.008823373096119409e-08
1.020283274403295487e-08
1.031821553894730385e-08
1.043490318612143734e-08
1.055291044199647734e-08
1.067225222989263861e-08
1.079294364189643464e-08
1.091499994076925459e-08
1.103843656187749171e-08
1.116326911514452908e-08
1.128951338702477964e-08
1.141718534250005690e-08
1.154630112709852917e-08
1.167687706893649418e-08
1.180892968078325184e-08
1.194139106870777872e-08
1.207278251264793911e-08
1.220561966014488277e-08
1.233991841831332260e-08
1.247569486929437311e-08
1.261296527218145844e-08
1.275174606496715647e-08
1.289205386651172149e-08
1.303390547853324608e-08
1.317731788761949171e-08
1.332230826726213105e-08
1.346889397991318838e-08
1.361709257906429710e-08
1.376692181134854413e-08
1.391839961866568715e-08
1.406778320141300086e-08
1.421774098878791966e-08
1.436929727520653496e-08
1.452246910012530124e-08
1.467727368463558093e-08
1.483372843339959119e-08
1.499185093660746031e-08
1.515165897195466577e-08
1.531317050664088650e-08
1.547640369939012343e-08
1.564137690249208700e-08
1.580810866386578118e-08
1.597661772914463053e-08
1.614692304378413645e-08
1.631734361556720509e-08
1.648500245347522067e-08
1.665438396675193991e-08
1.682550585568955677e-08
1.699838600244874747e-08
1.717304247292744029e-08
1.734949351864845490e-08
1.752775757866706694e-08
1.770785328149762740e-08
1.788979944706032896e-08
1.807361508864801313e-08
1.825931941491277024e-08
1.844693183187354981e-08
1.863647194494381183e-08
1.882795956098038696e-08
1.901520967590112605e-08
1.920234666268975890e-08
1.939132534633162112e-08
1.958216385177021585e-08
1.977488048232439110e-08
1.996949372144410008e-08
2.016602223448284414e-08
2.036448487048818789e-08
2.056490066400924810e-08
2.076728883692261552e-08
2.097166880027560774e-08
2.117806015614829909e-08
2.138648269953323231e-08
2.159695642023430099e-08
2.180688634086677856e-08
2.201080761454143406e-08
2.221663580354577196e-08
2.242438873988931860e-08
2.263408442233272162e-08
2.284574101794729314e-08
2.305937686368880689e-08
2.327501046798632028e-08
2.349266051234538275e-08
2.371234585296670253e-08
2.393408552237966618e-08
2.415789873109141583e-08
2.438380486925087513e-08
2.461182350832882264e-08
2.484197440281341015e-08
2.506422662712462680e-08
2.528478679451025635e-08
2.550728784713282455e-08
2.573174686439330788e-08
2.595818107598766454e-08
2.618660786322993638e-08
2.641704476038619337e-08
2.664950945602047233e-08
2.688401979435278907e-08
2.712059377662860539e-08
2.735924956250057144e-08
2.760000547142302320e-08
2.784287998405737884e-08
2.808789174369156085e-08
2.833122019061905858e-08
2.856295768626770051e-08
2.879659069741231759e-08
2.903213472857440146e-08
2.926960541109597940e-08
2.950901850417691204e-08
2.975038989592069124e-08
2.999373560438882730e-08
3.023907177866387207e-08
3.048641469992101814e-08
3.073578078250883020e-08
3.098718657503817866e-08
3.124064876148068919e-08
3.149618416227586113e-08
3.175380973544729143e-08
3.199788331049020915e-08
3.223729638340867061e-08
3.247850078167607228e-08
3.272150990826346920e-08
3.296633726642503226e-08
3.321299646044845982e-08
3.346150119641083547e-08
3.371186528293999159e-08
3.396410263198232482e-08
3.421822725957527690e-08
3.447425328662668437e-08
3.473219493969893258e-08
3.499206655179998519e-08
3.525388256317931717e-08
3.551231210808796939e-08
3.575023139126635262e-08
3.598974464515362704e-08
3.623086254876086061e-08
3.647359585264428858e-08
3.671795537938495248e-08
3.696395202407115823e-08
3.721159675478418333e-08
3.746090061308759059e-08
3.771187471451908958e-08
3.796453024908643473e-08
3.821887848176626151e-08
3.847493075300629100e-08
3.873269847923125339e-08
3.899219315335145183e-08
3.922992156337079743e-08
3.945799554007603900e-08
3.968739548779466084e-08
3.991812911542503936e-08
4.015020417668361266e-08
4.038362847036493954e-08
4.061840984060410102e-08
4.085455617714023349e-08
4.109207541558164339e-08
4.133097553767240421e-08
4.157126457156089903e-08
4.181295059206914389e-08
4.205604172096442072e-08
4.230054612723216084e-08
4.253934950414121540e-08
4.274380905204581119e-08
4.294925130671984855e-08
4.315568099140878999e-08
4.336310285205937510e-08
4.357152165742934439e-08
4.378094219919681906e-08
4.399136929207019690e-08
4.420280777389947756e-08
4.441526250578674742e-08
4.462873837219859672e-08
4.484324028107813308e-08
4.505877316395754423e-08
4.527534197607201731e-08
4.549295169647341997e-08
4.567829625663161593e-08
4.584669140155790973e-08
4.601570734294911090e-08
4.618534636939991326e-08
4.635561077794201466e-08
4.652650287407551673e-08
4.669802497179957032e-08
4.687017939364397372e-08
4.704296847070095631e-08
4.721639454265610187e-08
4.739045995782039022e-08
4.756516707316221246e-08
4.774051825433877069e-08
4.791651587572835798e-08
4.808441320213758856e-08
4.819919535160378632e-08
4.831425149717306474e-08
4.842958229290074067e-08
4.854518839440313328e-08
4.866107045886198450e-08
4.877722914502737732e-08
4.889366511322232168e-08
4.901037902534564628e-08
4.912737154487653818e-08
4.924464333687793751e-08
4.936219506800007121e-08
4.948002740648491981e-08
4.959814102216922833e-08
4.971653658648900619e-08
4.978966811720645481e-08
4.983580535626731625e-08
4.988198534807003283e-08
4.992820813223112959e-08
4.997447374840383853e-08
5.002078223627813172e-08
5.006713363558076757e-08
5.011352798607531076e-08
5.015996532756218511e-08
5.020644569987856775e-08
5.025296914289888539e-08
5.029953569653419230e-08
5.034614540073262692e-08
5.039279829547935230e-08
5.043002844964795415e-08
5.039357871670325564e-08
5.035715532883653234e-08
5.032075826700602039e-08
5.028438751218405106e-08
5.024804304535637581e-08
5.021172484752260304e-08
5.017543289969597306e-08
5.013916718290374858e-08
5.010292767818661247e-08
5.006671436659893246e-08
5.003052722920908544e-08
4.999436624709883538e-08
4.995823140136370391e-08
4.992212267311278505e-08
4.983042638104829338e-08
4.970199974095165298e-08
4.957390409143806055e-08
4.944613857945444761e-08
4.931870235414598145e-08
4.919159456685072488e-08
4.906481437109427608e-08
4.893836092258352174e-08
4.881223337920132326e-08
4.868643090100121615e-08
4.856095265020120292e-08
4.843579779117847890e-08
4.831096549046417144e-08
4.818645491673707978e-08
4.805359629885062597e-08
4.783066482754580159e-08
4.760876758561663118e-08
4.738789977503977709e-08
4.716805662005092828e-08
4.694923336704199172e-08
4.673142528445727127e-08
4.651462766269249213e-08
4.629883581399191273e-08
4.608404507234744848e-08
4.587025079339767630e-08
4.565744835432740162e-08
4.544563315376773502e-08
4.523480061169655922e-08
4.502494616933951222e-08
4.475789606125512924e-08
4.444953724757902090e-08
4.414330286704959040e-08
4.383917828341859744e-08
4.353714896127375212e-08
4.323720046534434646e-08
4.293931845981114093e-08
4.264348870762156477e-08
4.234969706980873459e-08
4.205792950481603826e-08
4.176817206782586126e-08
4.148041091009343500e-08
4.119463227828446367e-08
4.091082251381809137e-08
4.062310025091522462e-08
4.024708151266260739e-08
3.987454330865398976e-08
3.950545342209415065e-08
3.913977993439585011e-08
3.877749122241893204e-08
3.841855595573585699e-08
3.806294309392246730e-08
3.771062188387313746e-08
3.736156185714185170e-08
3.701573282730679332e-08
3.667310488736008690e-08
3.633364840712167441e-08
3.599733403067641183e-08
3.566413267383598130e-08
3.528798011599652162e-08
3.487815024984384033e-08
3.447308009276599562e-08
3.407271436614043867e-08
3.367699843334315143e-08
3.328587829229250012e-08
3.289930056807973761e-08
3.251721250568541337e-08
3.213956196277931554e-08
3.176629740260573163e-08
3.139736788694964061e-08
3.103272306918570248e-08
3.067231318740751078e-08
3.031608905763675745e-08
2.996178286663097078e-08
2.954917767547893963e-08
2.914225449078571145e-08
2.874093506535981328e-08
2.834514222955569834e-08
2.795479987643482402e-08
2.756983294713105331e-08
2.719016741641760059e-08
2.681573027847273550e-08
2.644644953284149898e-08
2.608225417059070491e-08
2.572307416065489801e-08
2.536884043636952264e-08
2.501948488219087217e-08
2.467494032059741276e-08
2.431390778548868012e-08
2.393890611685037218e-08
2.356968822648090534e-08
2.320616490920114761e-08
2.284824833567358196e-08
2.249585203118262547e-08
2.214889085474146656e-08
2.180728097852181027e-08
2.147093986760047677e-08
2.113978626001833998e-08
2.081374014714727841e-08
2.049272275435927862e-08
2.017665652199438240e-08
1.986546508662146919e-08
1.955889385918739255e-08
1.923292890078037185e-08
1.891239641492902006e-08
1.859720586503636143e-08
1.828726822337179269e-08
1.798249594592479239e-08
1.768280294767708772e-08
1.738810457828791531e-08
1.709831759818336973e-08
1.681336015504535297e-08
1.653315176069143294e-08
1.625761326834058507e-08
1.598666685025760389e-08
1.572023597577012319e-08
1.545824538965201089e-08
1.519194233950770227e-08
1.492149371831719861e-08
1.465585965309782922e-08
1.439495443459695937e-08
1.413869387936745211e-08
1.388699530260514317e-08
1.363977749146972501e-08
1.339696067888084630e-08
1.315846651778043346e-08
1.292421805585331330e-08
1.269413971069788806e-08
1.246815724543866724e-08
1.224619774477325113e-08
1.202818959144533893e-08
1.181406244313694201e-08
1.158626802860715447e-08
1.136252751209156456e-08
1.114310761189581059e-08
1.092792489330872215e-08
1.071689753281304030e-08
1.050994528697200155e-08
1.030698946191668984e-08
1.010795288342255122e-08
9.912759867563753789e-09
9.721336191934305242e-09
9.533609067424931659e-09
9.349507110544897843e-09
9.168960316278204567e-09
8.991900031464315930e-09
8.811548416770722695e-09
8.627324373456949669e-09
8.446951923135650154e-09
8.270350540114777111e-09
8.097441382262069370e-09
7.928147255806678569e-09
7.762392580876689055e-09
7.600103357757148493e-09
7.441207133853518932e-09
7.285632971345975050e-09
7.133311415519681023e-09
6.984174463757327209e-09
6.838155535180218619e-09
6.695189440923537956e-09
6.555212355033492125e-09
6.414079080635036771e-09
6.275791817357630820e-09
6.140486021403021375e-09
6.008097412466675133e-09
5.878563096124572566e-09
5.751821533953812990e-09
5.627812514297046574e-09
5.506477123657682846e-09
5.387757718711575404e-09
5.271597898922047205e-09
5.157942479745537696e-09
5.046737466414821368e-09
4.937930028287481833e-09
4.831468473747434721e-09
4.727985568949322052e-09
4.627567997663306338e-09
4.529283192748069193e-09
4.433085856430164553e-09
4.338931653014515541e-09
4.246777188450733090e-09
4.156579990333699433e-09
4.068298488328566385e-09
3.981891995011940438e-09
3.897320687119547740e-09
3.814545587192527314e-09
3.733528545613276733e-09
3.654232223023002758e-09
3.576620073112694400e-09
3.500656325779471992e-09
3.426304962832911015e-09
3.353532690829092111e-09
3.282306049943927073e-09
3.212592212075610075e-09
3.144359046367786438e-09
3.077575104400520751e-09
3.012209605695909615e-09
2.948232423531431202e-09
2.885614071054611503e-09
2.824325687692714861e-09
2.764339025850959666e-09
2.705626437893317138e-09
2.648160863399825009e-09
2.591915816694496803e-09
2.537468279718836467e-09
2.485000054753157247e-09
2.433616735814895897e-09
2.383295889877413822e-09
2.334015547770546830e-09
2.285754194589261879e-09
2.238490760300648580e-09
2.192204610545088449e-09
2.146875537627722020e-09
2.102483751696097779e-09
2.059009872100290929e-09
2.016434918931660909e-09
1.974740304736570025e-09
1.933907826401442609e-09
1.893919657205584691e-09
1.855968454970881171e-09
1.818908483494166758e-09
1.782588525395468732e-09
1.746993804090306338e-09
1.712109838052963565e-09
1.677922434924799690e-09
1.644417685740133212e-09
1.611581959267459785e-09
1.579401896463663430e-09
1.547864405038934302e-09
1.516956654130277479e-09
1.486666069081318596e-09
1.456980326326376428e-09
1.427887348376691447e-09
1.399738356666036238e-09
1.372707242866704446e-09
1.346198141706201203e-09
1.320200972312641927e-09
1.294705848491384576e-09
1.269703074965488389e-09
1.245183143688830309e-09
1.221136730230366384e-09
1.197554690228246088e-09
1.174428055912401688e-09
1.151748032694269314e-09
1.129505995822414818e-09
1.107693487102695642e-09
1.086302211681792792e-09
1.065324034892827256e-09
1.045128837390720063e-09
1.025369884987529995e-09
1.005984490547817337e-09
9.869655916753039443e-10
9.683062594936505139e-10
9.499996961221784616e-10
9.320392321992930287e-10
9.144183244527328768e-10
8.971305533157514716e-10
8.801696205883898386e-10
8.635293471429046343e-10
8.472036706726690044e-10
8.311866434835406880e-10
8.154724303270447218e-10
8.000691971386069633e-10
7.849810590541695094e-10
7.701774612465815304e-10
7.556530377012495355e-10
7.414025235987946327e-10
7.274207534066428378e-10
7.137026590066333083e-10
7.002432678579212379e-10
6.870377011945265888e-10
6.740811722568879103e-10
6.613689845567388174e-10
6.488965301747342044e-10
6.366592880901665168e-10
6.246528225421847833e-10
6.128727814219149439e-10
6.011224938742130155e-10
5.895635266598704194e-10
5.782268264949624861e-10
5.671081194127629965e-10
5.562032136305292425e-10
5.455079979691891827e-10
5.350184403034172501e-10
5.247305860415036540e-10
5.146405566344760972e-10
5.047445481138670676e-10
4.950388296576098212e-10
4.855197421835099806e-10
4.761836969697542561e-10
4.670271743019639101e-10
4.579249940647204540e-10
4.487624599999880655e-10
4.397832573357589875e-10
4.309837178289262103e-10
4.223602466335661454e-10
4.139093208323379193e-10
4.056274879972834581e-10
3.975113647794237451e-10
3.895576355265606454e-10
3.817630509287514365e-10
3.741244266908764006e-10
3.666386422317753530e-10
3.593026394093980718e-10
3.521134212714783151e-10
3.450680508311960340e-10
3.378478712665251872e-10
3.307113159141914350e-10
3.237255101347527713e-10
3.168872695580744843e-10
3.101934770793068728e-10
3.036410814380066567e-10
2.972270958272602294e-10
2.909485965321995321e-10
2.848027215972711397e-10
2.787866695216575604e-10
2.728976979822616400e-10
2.671331225836543155e-10
2.614903156344400343e-10
2.559667049494634008e-10
2.504507012861916279e-10
2.448134036943098530e-10
2.393029938451094996e-10
2.339166156716597191e-10
2.286514773931282099e-10
2.235048500677936538e-10
2.184740661786260642e-10
2.135565182507006110e-10
2.087496574997312979e-10
2.040509925110281110e-10
1.994580879481893969e-10
1.949685632908517000e-10
1.905800916008626368e-10
1.862903983162170546e-10
1.820972600721413599e-10
1.777725430738996938e-10
1.734934154640657466e-10
1.693172898858420083e-10
1.652416869977650751e-10
1.612641871381060112e-10
1.573824288883331280e-10
1.535941076711537297e-10
1.498969743822952125e-10
1.462888340552301567e-10
1.427675445580329912e-10
1.393310153216113859e-10
1.359772060985461959e-10
1.327041257518106950e-10
1.295098310726403258e-10
1.263322145600015235e-10
1.230823120006893452e-10
1.199160133478060056e-10
1.168311678866631514e-10
1.138256802298160905e-10
1.108975088937664374e-10
1.080446649122812384e-10
1.052652104853846231e-10
1.025572576631018731e-10
9.991896706306610518e-11
9.734854662111454738e-11
9.484425037402414105e-11
9.240437727356337443e-11
9.002727003105263076e-11
8.771131399164633781e-11
8.534204675978650306e-11
8.300354323886132098e-11
8.072911831605990573e-11
7.851701613910287972e-11
7.636552896876763863e-11
7.427299586051672413e-11
7.223780138225022091e-11
7.025837436719665694e-11
6.833318670097363609e-11
6.646075214188638444e-11
6.463962517355184276e-11
6.286839988896138673e-11
6.114570890512453066e-11
5.947022230745042055e-11
5.781610749412948534e-11
5.613807954142205059e-11
5.450875389559948536e-11
5.292671704344084063e-11
5.139059649687951441e-11
4.989905960230666120e-11
4.845081238443619145e-11
4.704459842372059796e-11
4.567919776635336211e-11
4.435342586590182914e-11
4.306613255566164885e-11
4.181620105083417942e-11
4.060254697966607572e-11
3.942411744270850143e-11
3.827989009937841298e-11
3.712611358653360714e-11
3.599262285840098544e-11
3.489373853278778336e-11
3.382840404781356357e-11
3.279559509929951951e-11
3.179431865591396434e-11
3.082361200438756722e-11
2.988254182387699312e-11
2.897020328859087126e-11
2.808571919781208865e-11
2.722823913248126037e-11
2.639693863753153104e-11
2.559101842918565794e-11
2.480970362645666068e-11
2.404463349357922164e-11
2.327814619884566496e-11
2.253609274599806983e-11
2.181769424067848283e-11
2.112219661787931695e-11
2.044886985044109063e-11
1.979700718278143732e-11
1.916592438905106229e-11
1.855495905493804025e-11
1.796346988236615556e-11
1.739083601635854872e-11
1.683645639335896740e-11
1.629974911032671520e-11
1.578015081394408653e-11
1.527711610929377849e-11
1.479011698738701540e-11
1.431864227094010644e-11
1.386219707781863447e-11
1.342030230158606611e-11
1.299249410861044495e-11
1.257832345120326187e-11
1.217735559627750510e-11
1.178916966903133950e-11
1.141335821117806716e-11
1.104952675325844196e-11
1.069729340058734740e-11
1.035628843239863054e-11
1.002615391376895876e-11
9.706543319912403285e-12
9.397121172451496236e-12
9.097562687283521217e-12
8.807553433671572182e-12
8.526789004203395517e-12
8.254974695270796595e-12
7.991825197734819148e-12
7.737064297451977368e-12
7.490424585346688647e-12
7.251647176726123272e-12
7.020481439542622368e-12
6.796684731318319726e-12
6.580022144456424251e-12
6.370266259670818890e-12
6.167196907276181614e-12
5.970600936087475771e-12
5.780271989686301269e-12
5.596010289819574246e-12
5.417622426702827101e-12
5.244921156008051985e-12
5.077725202323316554e-12
4.915859068877427098e-12
4.759152853330349912e-12
4.607442069435608517e-12
4.460567474387763968e-12
4.318374901673651242e-12
4.180715099251916494e-12
4.047443572891032762e-12
3.918420434501321674e-12
3.793510255301807877e-12
3.672581923667791281e-12
3.555508507509829000e-12
3.442167121039894244e-12
3.332438795784647612e-12
3.226208355710432573e-12
3.123364296329144289e-12
3.023798667657782256e-12
2.927406960909128327e-12
2.834087998794323016e-12
2.743743829322462549e-12
2.656279622985502039e-12
2.571603573220729365e-12
2.489626800046313971e-12
2.410263256768632482e-12
2.333429639663609513e-12
2.259045300537189856e-12
2.187032162073187989e-12
2.117314635879644303e-12
2.049819543147683048e-12
1.984476037839573571e-12
1.921215532325384690e-12
1.859971625390174723e-12
1.800680032536110933e-12
1.743278518506459704e-12
1.687706831960521967e-12
1.633906642230942716e-12
1.581821478097122200e-12
1.531396668510323421e-12
1.482579285208394383e-12
1.435318087159732605e-12
1.389563466778307746e-12
1.345267397853166110e-12
1.302383385137851755e-12
1.260866415546827907e-12
1.220672910907592859e-12
1.181760682218977459e-12
1.144088885367576433e-12
1.107617978255837944e-12
1.072309679296809398e-12
1.038126927231975411e-12
1.005033842230011203e-12
9.729956882256188767e-13
9.419788364588984109e-13
9.119507301770352546e-13
8.828798504611754912e-13
8.547356831426983765e-13
8.274886867740844806e-13
8.011102616208185414e-13
7.755727196417734527e-13
7.508492554265208503e-13
7.269139180591064001e-13
7.037415838787576636e-13
6.813079301088726080e-13
6.595894093267147271e-13
6.385632247469106025e-13
6.182073062928698148e-13
5.985002874309930115e-13
5.794214827433359743e-13
5.609508662152427866e-13
5.430690502150703764e-13
5.257572651440262909e-13
5.089973397347111529e-13
4.927716819776895163e-13
4.770632606560984498e-13
4.618555874688690399e-13
4.471326997238274234e-13
4.328791435825078205e-13
4.190799578390554495e-13
4.057206582162565686e-13
3.927872221621474871e-13
3.802660741312836120e-13
3.681440713352071075e-13
3.564084899471478337e-13
3.450470117465085592e-13
3.340477111890638973e-13
3.233990428893530741e-13
3.130898295020978806e-13
3.031092499899279039e-13
2.934468282651148873e-13
2.840924221933761216e-13
2.750362129482049594e-13
2.662686947045727767e-13
2.577806646611602733e-13
2.495632133806692043e-13
2.416077154380516396e-13
2.339058203668575100e-13
2.264494438941904867e-13
2.192307594550732946e-13
2.122421899773154243e-13
2.054763999282602227e-13
1.989262876150631952e-13
1.925849777304198979e-13
1.864458141359192063e-13
1.805023528754422836e-13
1.747483554112894448e-13
1.691777820759086140e-13
1.637847857323788435e-13
1.585637056369789943e-13
1.535090614974012167e-13
1.486155477203804349e-13
