3.741509587226557571e-09
3.791117890145675961e-09
3.841383944611650615e-09
3.892316471686688941e-09
3.943924308064758982e-09
3.996216407604608209e-09
4.049201842883355123e-09
4.102889806770512215e-09
4.157289614022886970e-09
4.212410702900766227e-09
4.268262636805392985e-09
4.324855105938140176e-09
4.382197928981850377e-09
4.440301054804301791e-09
4.499174564184267001e-09
4.558828671560614503e-09
4.619273726804440597e-09
4.680520217014694035e-09
4.742578768337801317e-09
4.805460147811127190e-09
4.869175265231173647e-09
4.933735175046343701e-09
4.999151078274815056e-09
5.065434324448006749e-09
5.132596413579647026e-09
5.200648998160937117e-09
5.269603885182381660e-09
5.339473038182112060e-09
5.409848936854135475e-09
5.479073242470562815e-09
5.549183340748488905e-09
5.620190566270957367e-09
5.692106398658015047e-09
5.764942464422738225e-09
5.838710538850780521e-09
5.913422547904086892e-09
5.989090570148942452e-09
6.065726838708722557e-09
6.143343743241497190e-09
6.221953831943200190e-09
6.301569813576173896e-09
6.382204559523797282e-09
6.463871105871382863e-09
6.546582655513725367e-09
6.630352580289483308e-09
6.715194423143146216e-09
6.801121900314386502e-09
6.888148903555574343e-09
6.976289502377631775e-09
7.065557946324625523e-09
7.155968667277498094e-09
7.247536281787129866e-09
7.340275593437544467e-09
7.434201595239067195e-09
7.529329472052245449e-09
7.625674603042762802e-09
7.723252564167791713e-09
7.822079130694011557e-09
7.922170279748151379e-09
8.023542192899864672e-09
8.126211258777808831e-09
8.230194075719164211e-09
8.335507454453097368e-09
8.442168420818381902e-09
8.550194218516149653e-09
8.659602311897507566e-09
8.770410388787009520e-09
8.882636363342213095e-09
8.996298378949835757e-09
9.111414811159001836e-09
9.228004270651838358e-09
9.346085606252452051e-09
9.465677907974049315e-09
9.586800510105209950e-09
9.709472994335680266e-09
9.833715192921948627e-09
9.959547191893733332e-09
1.008698933430109666e-08
1.021606222350331332e-08
1.034678672649980438e-08
1.047918397730358160e-08
1.061327538035807581e-08
1.074908261399749973e-08
1.088662763395147493e-08
1.102125195206006020e-08
1.115520511645749001e-08
1.129078635816681429e-08
1.142801546496795291e-08
1.156691246514303963e-08
1.170749763039952445e-08
1.184979147882878697e-08
1.199381477790073199e-08
1.213958854749465543e-08
1.228713406296719429e-08
1.243647285825732286e-08
1.258762672902920388e-08
1.274061773585322081e-08
1.289546820742569567e-08
1.305220074382760009e-08
1.321083821982315476e-08
1.337140378819823777e-08
1.353392088313950997e-08
1.369841322365461167e-08
1.386490481703378609e-08
1.403341996235385611e-08
1.420398325402451471e-08
1.437661958537784374e-08
1.455135415230147319e-08
1.472821245691574806e-08
1.490722031129588397e-08
1.508840384123906183e-08
1.527178949007745911e-08
1.545740402253758841e-08
1.564527452864659997e-08
1.583542842768586754e-08
1.602789347219296428e-08
1.622269775201196251e-08
1.641986969839310963e-08
1.661943808814231015e-08
1.682143204782106577e-08
1.702588105799730031e-08
1.723281495754818449e-08
1.744226394801492093e-08
1.765425859801062418e-08
1.786882984768176571e-08
1.808600901322369657e-08
1.830582779145138282e-08
1.852831826442533033e-08
1.875351290413394657e-08
1.898144457723273622e-08
1.921214654984116459e-08
1.944565249239761886e-08
1.968199648457376089e-08
1.992121302024822855e-08
2.016333701254098273e-08
2.040840379890882256e-08
2.065644914630267460e-08
2.090750925638791311e-08
2.116162077082777110e-08
2.141546421163503904e-08
2.165574543777403686e-08
2.189872261610273888e-08
2.214442599516912603e-08
2.239288616290962916e-08
2.264413405045673408e-08
2.289820093599001682e-08
2.315511844862966952e-08
2.341491857237420779e-08
2.367763365008231293e-08
2.394329638749893843e-08
2.421193985732725209e-08
2.448359750334556687e-08
2.475830314457095450e-08
2.503609097946955177e-08
2.531699559021364229e-08
2.560105194698722749e-08
2.588829541233915723e-08
2.617876174558561337e-08
2.647248710726198916e-08
2.676950806362420104e-08
2.706986159120128884e-08
2.737358508139823589e-08
2.768071634515132492e-08
2.799129361763487848e-08
2.830535556302136572e-08
2.862294127929493515e-08
2.894409030311836997e-08
2.926884261475552076e-08
2.959723864304803771e-08
2.992931927044888699e-08
3.026512583811141739e-08
3.060470015103619720e-08
3.094808448327551550e-08
3.129532158319573976e-08
3.164645467879956800e-08
3.200152748310716290e-08
3.236058419959817306e-08
3.272366952771491268e-08
3.309082866842657389e-08
3.346210732985690712e-08
3.383755173297399938e-08
3.421720861734459268e-08
3.460112524695295547e-08
3.498934941608436030e-08
3.538192945527561596e-08
3.577891423733129772e-08
3.618035318340820330e-08
3.658629626916808112e-08
3.699679403099864394e-08
3.741189757230551486e-08
3.783165856987355724e-08
3.825612928030075833e-08
3.868536254650325699e-08
3.911941180429396405e-08
3.955833108903519217e-08
3.996456452892719027e-08
4.035624618912718392e-08
4.075176661311076136e-08
4.115116342354147239e-08
4.155447461181245527e-08
4.196173854165990583e-08
4.237299395281242620e-08
4.278827996467598216e-08
4.320763608005503131e-08
4.363110218891012673e-08
4.405871857215228701e-08
4.449052590547463589e-08
4.492656526322150976e-08
4.536687812229557581e-08
4.581150636610315265e-08
4.626049228853826291e-08
4.671387859800579489e-08
4.717170842148364091e-08
4.763402530862557940e-08
4.810087323590341152e-08
4.857229661079021212e-08
4.904834027598441017e-08
4.952904951367537397e-08
5.001447004985066627e-08
5.050464805864565115e-08
5.099963016673563773e-08
5.149946345777109694e-08
5.200419547685635478e-08
5.251387423507218586e-08
5.302854821404269733e-08
5.354826637054700644e-08
5.407307814117622101e-08
5.460303344703548483e-08
5.513818269849323838e-08
5.567857679997592168e-08
5.622426715481019029e-08
5.677530567011251228e-08
5.733174476172667550e-08
5.789363735920966169e-08
5.846103691086643682e-08
5.903399738883403474e-08
5.961257329421550990e-08
6.019681966226416942e-08
6.078679206761864034e-08
6.138254662958923539e-08
6.198414001749625895e-08
6.259162945605998216e-08
6.320507273084474864e-08
6.382452819375513305e-08
6.445005476858661419e-08
6.508171195663049785e-08
6.571955984233383072e-08
6.636365909901472869e-08
6.701407099463375499e-08
6.767085739762182444e-08
6.830858587614285888e-08
6.882658454484437241e-08
6.934851130863591700e-08
6.987439595510553463e-08
7.040426849772712693e-08
7.093815917757303665e-08
7.147609846504060527e-08
7.201811706159027128e-08
7.256424590149827996e-08
7.311451615362252204e-08
7.366895922318062792e-08
7.422760675354287170e-08
7.479049062803799252e-08
7.535764297177268748e-08
7.592909615346570268e-08
7.650488278729429885e-08
7.708503573475614892e-08
7.766958810654456306e-08
7.825857326443886769e-08
7.885202482320738412e-08
7.944997665252665964e-08
8.005246287891402608e-08
8.065951788767609329e-08
8.127117632487010683e-08
8.188747309928192872e-08
8.250844338441813983e-08
8.313412262051402413e-08
8.376454651655527750e-08
8.439975105231668368e-08
8.503977248041520306e-08
8.568464732837969765e-08
8.633441240073457920e-08
8.698910478110107294e-08
8.764876183431342354e-08
8.831342120855128730e-08
8.898312083748909153e-08
8.965789894245987277e-08
9.033779403463748524e-08
9.102284491723402919e-08
9.171309068771531859e-08
9.240857074003101296e-08
9.310932476686358252e-08
9.381539276189421393e-08
9.452681502208416122e-08
9.524363214997537990e-08
9.596588505600762529e-08
9.669361496085311355e-08
9.742686339776981747e-08
9.816567221497077638e-08
9.891008357801317912e-08
9.966013997220448016e-08
1.004158842050279712e-07
1.011773594085846446e-07
1.019446090420556905e-07
1.027176768941823841e-07
1.034966070857660505e-07
1.040399184422629978e-07
1.044665647246159192e-07
1.048949605955209274e-07
1.053251132296799830e-07
1.057570298312179137e-07
1.061907176338014623e-07
1.066261839007612067e-07
1.070634359252137841e-07
1.075024810301825135e-07
1.079433265687218169e-07
1.083859799240388087e-07
1.088304485096176238e-07
1.092767397693442360e-07
1.097248611776295557e-07
1.101748202395364319e-07
1.106266244909037294e-07
1.110802814984732643e-07
1.115357988600171637e-07
1.119931842044635442e-07
1.124524451920261208e-07
1.129135895143308389e-07
1.133766248945454697e-07
1.138415590875095509e-07
1.143083998798627118e-07
1.147771550901769432e-07
1.152478325690858355e-07
1.157204401994168621e-07
1.161949858963240190e-07
1.166714776074188105e-07
1.171499233129051530e-07
1.176303310257114847e-07
1.181127087916255640e-07
1.185970646894300071e-07
1.190834068310359082e-07
1.195717433616205744e-07
1.200620824597622969e-07
1.205544323375780071e-07
1.210488012408616340e-07
1.215451974492203443e-07
1.220436292762153348e-07
1.225441050694991847e-07
1.230466332109565685e-07
1.235512221168451811e-07
1.240578802379351544e-07
1.245666160596524439e-07
1.250774381022192243e-07
1.255903549207974090e-07
1.261053751056325395e-07
1.266225072821960343e-07
1.271417601113316192e-07
1.276631422893985559e-07
1.281866625484180724e-07
1.287123296562204029e-07
1.292401524165898683e-07
1.297701396694142721e-07
1.301793313761169601e-07
1.299881161534803149e-07
1.297971817992502328e-07
1.296065279008705552e-07
1.294161540463903551e-07
1.292260598244648636e-07
1.290362448243524786e-07
1.288467086359159030e-07
1.286574508496193125e-07
1.284684710565294409e-07
1.282797688483126156e-07
1.280913438172357894e-07
1.279031955561647679e-07
1.277153236585626467e-07
1.275277277184906330e-07
1.273404073306052392e-07
1.271533620901593682e-07
1.269665915929994284e-07
1.267800954355664982e-07
1.265938732148933616e-07
1.264079245286055138e-07
1.262222489749194671e-07
1.260368461526411632e-07
1.258517156611667931e-07
1.256668571004800447e-07
1.254822700711531349e-07
1.252979541743439775e-07
1.251139090117973743e-07
1.249301341858420237e-07
1.247466292993915536e-07
1.245633939559429063e-07
1.243804277595745652e-07
1.241977303149476928e-07
1.240153012273030342e-07
1.238331401024622399e-07
1.236512465468249548e-07
1.234696201673697179e-07
1.232882605716523473e-07
1.231071673678043262e-07
1.229263401645338348e-07
1.227457785711227063e-07
1.225654821974277239e-07
1.223854506538777360e-07
1.222056835514748201e-07
1.220261805017914250e-07
1.218469411169713227e-07
1.216679650097279419e-07
1.214892517933429110e-07
1.213108010816667738e-07
1.211326124891164214e-07
1.209546856306759657e-07
1.207770201218941456e-07
1.205996155788853855e-07
1.204224716183269899e-07
1.202455878574600429e-07
1.200689639140878732e-07
1.195598254304130096e-07
1.188897857416059216e-07
1.182235011033179324e-07
1.175609504714164319e-07
1.169021129197040260e-07
1.162331418546270356e-07
1.154806482042608245e-07
1.147330261996645261e-07
1.139902443017912898e-07
1.132522711757781079e-07
1.125190756896239680e-07
1.117308859467329631e-07
1.109090319676526862e-07
1.100932232638533374e-07
1.092834153683683520e-07
1.084795641413155715e-07
1.076748660494897197e-07
1.067846298042842041e-07
1.059017538707406004e-07
1.050261773951380347e-07
1.041578400268838602e-07
1.032966819143524617e-07
1.023914820265398268e-07
1.014500623629665336e-07
1.005172984094720669e-07
9.959311058272107979e-08
9.867742003109197783e-08
9.777009089323596432e-08
9.678266230026928074e-08
9.580520623793319213e-08
9.483762198869986304e-08
9.387980985223710401e-08
9.293167113513596624e-08
9.195329687544472655e-08
9.094025306156783083e-08
8.993836988905678913e-08
8.894752440181237000e-08
8.796759499833512753e-08
8.699846141680185876e-08
8.596774432990180041e-08
8.494411398950044372e-08
8.393267216331402959e-08
8.293327372094447295e-08
8.194577526008231592e-08
8.094227155672192194e-08
7.990979972882305837e-08
7.889049775710584478e-08
7.788419765140580216e-08
7.689073356438383081e-08
7.590994176419251010e-08
7.488803397927125707e-08
7.387165591498832989e-08
7.286907210213217421e-08
7.188009532555183879e-08
7.090454091097517087e-08
6.992508917593975892e-08
6.892510554922542792e-08
6.793942247279242270e-08
6.696783543755419668e-08
6.601014285906411630e-08
6.506614603569131677e-08
6.410128493638651632e-08
6.314215054152653193e-08
6.219736747813075482e-08
6.126672101016645574e-08
6.034999961465220187e-08
5.943704459461562574e-08
5.851057596975777137e-08
5.759854857626833729e-08
5.670073731298594477e-08
5.581692058748968134e-08
5.494688026140708997e-08
5.407252251013333194e-08
5.320557515342652571e-08
5.235252760542865465e-08
5.151315700983739418e-08
5.068724408341654667e-08
4.987041749498910028e-08
4.905001506106021028e-08
4.824310880758067245e-08
4.744947671316283409e-08
4.666890040882275528e-08
4.590116511789542379e-08
4.513500362718183122e-08
4.437609215874590821e-08
4.362994122139758952e-08
4.289633625631095587e-08
4.217506631230695041e-08
4.146403194602777217e-08
4.075238668759666072e-08
4.005295536375115593e-08
3.936552834729824378e-08
3.868989960886637572e-08
3.802586665515689260e-08
3.736424726971177339e-08
3.670812790801615400e-08
3.606353005814672098e-08
3.543025140137520201e-08
3.480809317170769634e-08
3.419602928713012352e-08
3.358216542597108134e-08
3.297932123136083589e-08
3.238729888573993738e-08
3.180590412263531233e-08
3.123494616291325880e-08
3.066397722677157661e-08
3.009441403534273854e-08
2.953543010526129475e-08
2.898682893371173278e-08
2.844841766778922978e-08
2.792000703670448875e-08
2.738599825875571154e-08
2.686210207129032486e-08
2.634822805693128334e-08
2.584418449076027403e-08
2.534978331557096110e-08
2.485650356307567266e-08
2.436321225365461647e-08
2.387971058803167574e-08
2.340580428521336910e-08
2.294130291982192658e-08
2.248601984557832674e-08
2.202710688164224366e-08
2.157656455928706899e-08
2.113523762710201356e-08
2.070293759354753143e-08
2.027947982248887022e-08
1.986053664067563996e-08
1.944394829309482231e-08
1.903609817119638065e-08
1.863680298471674643e-08
1.824588328803079671e-08
1.786316339950845787e-08
1.748513518738233333e-08
1.711456694375067181e-08
1.675185227526822046e-08
1.639682473852359104e-08
1.604932141759556450e-08
1.570913856109907198e-08
1.537607591396363018e-08
1.505007480788505927e-08
1.473098552519749479e-08
1.441866152252522780e-08
1.411295936348170874e-08
1.381675055236271202e-08
1.352754054632709844e-08
1.324438423774184861e-08
1.296715491158305411e-08
1.269572850520544542e-08
1.243098723497085852e-08
1.217461381360707721e-08
1.192352777046507927e-08
1.167762006004275769e-08
1.143678388576391465e-08
1.120091465359680359e-08
1.097147718777304733e-08
1.074732827058425203e-08
1.052775874924318440e-08
1.031267506600884751e-08
1.010198557453896263e-08
9.895618457195341110e-09
9.693542568956666423e-09
9.495593220639114645e-09
9.301686145228525656e-09
9.111738796505989342e-09
8.925670313907656414e-09
8.742769875661962818e-09
8.563291734731494777e-09
8.387498055765563058e-09
8.215313201364091991e-09
8.046663086868083597e-09
7.881568325675577423e-09
7.720521719278793985e-09
7.562765829698791039e-09
7.408233416666370006e-09
7.256858613854252524e-09
7.108576900802894711e-09
6.964905392206110164e-09
6.825224878874024334e-09
6.688345644914167919e-09
6.554211510935914082e-09
6.422767424220959383e-09
6.294128107192884128e-09
6.170978354853282083e-09
6.050238127906715782e-09
5.931860282022731463e-09
5.815798595288169215e-09
5.702007750159316171e-09
5.591380985309003579e-09
5.483749797431690379e-09
5.378190454172762804e-09
5.274663073596464555e-09
5.173128541473622274e-09
5.073548496503715647e-09
4.976792969363687520e-09
4.881895206467386051e-09
4.788806959349268006e-09
4.697493724062611247e-09
4.607921654583928542e-09
4.520594635154051293e-09
4.435560849736533665e-09
4.352126576163384128e-09
4.270261727121297059e-09
4.189936781248707547e-09
4.111122772490000897e-09
4.035152090647300338e-09
3.960703941764471328e-09
3.887629353715907013e-09
3.815902984442854966e-09
3.745499959444923933e-09
3.676747830248420326e-09
3.609810599298915371e-09
3.544091997718095026e-09
3.479569839683267912e-09
3.416222343276892642e-09
3.354028123133344183e-09
3.293399333127939991e-09
3.233941090577440928e-09
3.175556292893342082e-09
3.118225560359219276e-09
3.061929863135368337e-09
3.006810322130024467e-09
2.953021208659206419e-09
2.900194333712952945e-09
2.848312483715522787e-09
2.797358753026466464e-09
2.747316538431920200e-09
2.698363655340144963e-09
2.650335830885984474e-09
2.603162847445289087e-09
2.556829489813797252e-09
2.511320813600724712e-09
2.466630183710510716e-09
2.422758638451498204e-09
2.379667393578067418e-09
2.337342570648314167e-09
2.295770538062651757e-09
2.254937906673453117e-09
2.214752611639282418e-09
2.175252643750533764e-09
2.136457155204106119e-09
2.098353581656996747e-09
2.060929582850500401e-09
2.024129895921751931e-09
1.987796477834533114e-09
1.952115249743895175e-09
1.917074504747093650e-09
1.882662746081960840e-09
1.848868683354836486e-09
1.815461824997630766e-09
1.782541507485980399e-09
1.750218144033151687e-09
1.718480909890925654e-09
1.687319176599512188e-09
1.656673105288834001e-09
1.626206924143398190e-09
1.596301015384001261e-09
1.566945075614058493e-09
1.538128990916236729e-09
1.509842833367888841e-09
1.481790210025469525e-09
1.454055316723251471e-09
1.426839541647946465e-09
1.400133168384546725e-09
1.373926662381666231e-09
1.348186925190216723e-09
1.322450895181281671e-09
1.297206149599047694e-09
1.272443310136600051e-09
1.248153177512947875e-09
1.224326728055516716e-09
1.199524479792154856e-09
1.173893475418090828e-09
1.148810145056767762e-09
1.124262786208350507e-09
1.100239946427792713e-09
1.076730417981739558e-09
1.053723232619620277e-09
1.031207656456467565e-09
1.009173184965078050e-09
9.876095380751789243e-10
9.665066553773170859e-10
9.458546914292111430e-10
9.256440111624342232e-10
9.058651853872057792e-10
8.865089863932553568e-10
8.675663836446848933e-10
8.490285395668041932e-10
8.308868054230269347e-10
8.131327172798322533e-10
7.957579920579633158e-10
7.787545236680023498e-10
7.621143792285029509e-10
7.458297953649643026e-10
7.298931745878552210e-10
7.142970817480472093e-10
6.990342405679841690e-10
6.840975302469717330e-10
6.694799821390041353e-10
6.551747765015781691e-10
6.411752393139768751e-10
6.274748391635417892e-10
6.140671841984654009e-10
6.009460191457211894e-10
5.881052223926867737e-10
5.755388031311401005e-10
5.632408985622802604e-10
5.512057711614597850e-10
5.394278060013850674e-10
5.279015081324920249e-10
5.166215000193075154e-10
5.055825190315895500e-10
4.940545754265882868e-10
4.810085861718579646e-10
4.683070888904842105e-10
4.559409869384800566e-10
4.439014238775495924e-10
4.321797771322164663e-10
4.207676518144611137e-10
4.096568747114038667e-10
3.988394884317670358e-10
3.883077457068879350e-10
3.780541038422285265e-10
3.680712193154050672e-10
3.583519425168486631e-10
3.488893126293511022e-10
3.396765526428198741e-10
3.307070645006732439e-10
3.219744243743998285e-10
3.134723780628976446e-10
3.051948365132981741e-10
2.971358714600685723e-10
2.892897111792617079e-10
2.816507363548902254e-10
2.742134760544464164e-10
2.669726038106873486e-10
2.599229338068952221e-10
2.530594171628587529e-10
2.463771383189387386e-10
2.398713115156047935e-10
2.335372773659380344e-10
2.273704995186447995e-10
2.213665614091723920e-10
2.155211630966335674e-10
2.098301181842411862e-10
2.042893508210672301e-10
1.988948927829724141e-10
1.936428806306166736e-10
1.885295529425150973e-10
1.835512476211576629e-10
1.787043992702637138e-10
1.739855366412929598e-10
1.693912801473804354e-10
1.648746085441437498e-10
1.597551308914894260e-10
1.547946167788705425e-10
1.499881302716504657e-10
1.453308886995897602e-10
1.408182578978690961e-10
1.364457475958916965e-10
1.322090069492574618e-10
1.281038202104812352e-10
1.241261025341329854e-10
1.202718959122295690e-10
1.165373652358448733e-10
1.129187944790002187e-10
1.094125830010507245e-10
1.060152419638890096e-10
1.027233908603912556e-10
9.953375415066196585e-11
9.644315800272525563e-11
9.344852713441842044e-11
9.054688175334711990e-11
8.773533459185874680e-11
8.501108803408235536e-11
8.237143133217250943e-11
7.981373790899570180e-11
7.733546274456728545e-11
7.493413984363988939e-11
7.260737978193108107e-11
7.035286732853617265e-11
6.816835914217032197e-11
6.605168153894209812e-11
6.400072832944096944e-11
6.201345872298482633e-11
6.008789529693963144e-11
5.822212202909679280e-11
5.641428239114433925e-11
5.466257750133611650e-11
5.296526433452638517e-11
5.132065398777974388e-11
4.972710999983633269e-11
4.818304672276082419e-11
4.668692774414989556e-11
4.523726435833345969e-11
4.372318426871450892e-11
4.223767032230251180e-11
4.080262734962906470e-11
3.941634057770481878e-11
3.807715349368916847e-11
3.678346586547543471e-11
3.553373182952984514e-11
3.432645804369548949e-11
3.316020190275557318e-11
3.203356981462509998e-11
3.094521553510760135e-11
2.989383855923120694e-11
2.887818256723849314e-11
2.789703392337450424e-11
2.694922022568027475e-11
2.603360890505600129e-11
2.514910587192334059e-11
2.429465420886682614e-11
2.346923290769338454e-11
2.267185564940179110e-11
2.190156962560171950e-11
2.115745439997702494e-11
2.043862080843032881e-11
1.974420989659574615e-11
1.907339189345085411e-11
1.842536521979944475e-11
1.779935553044267843e-11
1.719461478889210086e-11
1.661042037351977568e-11
1.604607421407764559e-11
1.550090195755400100e-11
1.497425216236998681e-11
1.446549551995391185e-11
1.397402410276294905e-11
1.349925063785304721e-11
1.304060780513076188e-11
1.259754755944613600e-11
1.216954047571833905e-11
1.175607511631092502e-11
1.135665741990030907e-11
1.097081011110865217e-11
1.058854872232585819e-11
1.021344039640774198e-11
9.851620601322641124e-12
9.502618579586536903e-12
9.165980250699089018e-12
8.841267620346946882e-12
8.528058210537108578e-12
8.225944509918073418e-12
7.934533443573855248e-12
7.653445861601005633e-12
7.382316045803218921e-12
7.120791233861689193e-12
6.868531160362283661e-12
6.625207614081808877e-12
6.390504010958349178e-12
6.164114982189040556e-12
5.945745976920128018e-12
5.735112879011812066e-12
5.531941637379654197e-12
5.335967909431539932e-12
5.146936717136096108e-12
4.964602115275065825e-12
4.788726871448346303e-12
4.619082157414889999e-12
4.455447251368431778e-12
4.297609250759961962e-12
4.145362795293997455e-12
3.998509799737830577e-12
3.856859196196254916e-12
3.720226685516426443e-12
3.588434497499423376e-12
3.461311159606493728e-12
3.338691273859172646e-12
3.220415301642685212e-12
3.106329356133155068e-12
2.996285002078033088e-12
2.890139062669617975e-12
2.787753433260123481e-12
2.688994901676109691e-12
2.593734974898474222e-12
2.501849711882399533e-12
2.412632411168687306e-12
2.325631805683427819e-12
2.241768481003872349e-12
2.160929305378832569e-12
2.083005226638734960e-12
2.007891125084082912e-12
1.935485671678864381e-12
1.865691191357448319e-12
1.798413531260855157e-12
1.733561933724368268e-12
1.671048913845309314e-12
1.610790141465805491e-12
1.552704327411213018e-12
1.496713113830965686e-12
1.442740968493676725e-12
1.390715082894074926e-12
1.340565274034192228e-12
1.292223889746395093e-12
1.245625717430535616e-12
1.200707896082029180e-12
1.157409831492290124e-12
1.115673114507021895e-12
1.075441442232206511e-12
1.036660542081391577e-12
9.992780985619124494e-13
9.632436827012128033e-13
9.285086840180642921e-13
8.950262449469739941e-13
8.627511976272399055e-13
8.316400029714574062e-13
8.016506919312232175e-13
7.727428088808098724e-13
7.448773570424816796e-13
7.180167458797648467e-13
6.921247403877875755e-13
6.671664122121730775e-13
6.431080925306526585e-13
6.199173266337731103e-13
5.975628301434320158e-13
5.760144468102303328e-13
5.552431078326207157e-13
5.352009235927876700e-13
5.157656895183747835e-13
4.970362246361944277e-13
4.789868997127235553e-13
4.615930162119206713e-13
4.448307724979698184e-13
4.286772312653357732e-13
4.131102881515511531e-13
3.981086414898139779e-13
3.836517631599684990e-13
3.697198704980095803e-13
3.562938992256624851e-13
3.433554773629875558e-13
3.308869000883348967e-13
3.188711055112177176e-13
3.072916513249740475e-13
2.961326923072628790e-13
2.853789586375927145e-13
2.750157350022493165e-13
2.650288404579813794e-13
2.554046090269258792e-13
2.461298709962064364e-13
2.371919348966109641e-13
2.285785701357039311e-13
2.202779902615881112e-13
2.122788368344295882e-13
2.045701638836701043e-13
1.971414229296547953e-13
1.899824485491914850e-13
1.830834444652721807e-13
1.764349701419355273e-13
1.700279278659218714e-13
1.638535502974402775e-13
1.579033884730230208e-13
1.521693002440358216e-13
1.466434391350348997e-13
1.413182436067200077e-13
1.361864267087889213e-13
1.312409661085428121e-13
1.264750944815861223e-13
1.218822902514805372e-13
1.174562686656781436e-13
1.131837759556739866e-13
1.090660317387557651e-13
1.050980953656985076e-13
1.012745166703671577e-13
9.759004376937589168e-14
9.403961584835017690e-14
9.061835621064020227e-14
8.732156557892339999e-14
8.414471564050399843e-14
8.108344282744137097e-14
7.813354232296206257e-14
7.529096228592819247e-14
7.255179828542245513e-14
6.991228793781002460e-14
6.736880573891094106e-14
6.491785808418082088e-14
6.255607847006420196e-14
6.028022286992881541e-14
5.808716527822590944e-14
5.597389341675999980e-14
5.393750459716892621e-14
5.197520173393016878e-14
5.008428950242036456e-14
