7.334896876000567192e-10
7.432942315550672385e-10
7.532298326793750689e-10
7.632982428118933292e-10
7.735012372083354421e-10
7.838406148542271019e-10
7.943181987821024327e-10
8.049358363929399635e-10
8.156953997818950830e-10
8.265987860683865668e-10
8.376479177305958023e-10
8.488447429444367183e-10
8.601912359270568036e-10
8.716893972849301146e-10
8.833412543666028642e-10
8.951079182095118972e-10
9.069875641742113227e-10
9.190248737964195347e-10
9.312219395483304074e-10
9.435808816729034649e-10
9.561038485524265080e-10
9.687930170819699794e-10
9.816505930478174411e-10
9.946788115108782642e-10
1.007879937195228425e-09
1.021256264881786022e-09
1.034810119807233193e-09
1.048543858068192895e-09
1.062459867030811109e-09
1.076560565745753560e-09
1.090732294860098533e-09
1.105087360312624416e-09
1.119631351961905742e-09
1.134366756254825754e-09
1.149296092362267259e-09
1.164421912609763131e-09
1.179746802913861372e-09
1.195273383224205593e-09
1.211004307971460962e-09
1.226942266521089155e-09
1.243089983633141455e-09
1.259450219928076001e-09
1.276025772358734016e-09
1.292819474688478535e-09
1.309766742089693221e-09
1.326855961981315013e-09
1.344168153969514392e-09
1.361706227289235044e-09
1.379473129133764343e-09
1.397471845149975478e-09
1.415705399940056544e-09
1.434176857569786969e-09
1.452889322083416299e-09
1.471845938025320060e-09
1.491049890968402740e-09
1.510504408049430469e-09
1.530212758511312219e-09
1.550178254252518342e-09
1.570404250383604787e-09
1.590707987618686314e-09
1.611263622482513230e-09
1.632084883801945887e-09
1.653175204086580343e-09
1.674538060201993505e-09
1.696176973942919112e-09
1.718095512613864419e-09
1.740297289617159308e-09
1.762785965048676256e-09
1.785565246301210816e-09
1.808638888675668629e-09
1.832010696000141037e-09
1.855684521257018628e-09
1.879664267218135245e-09
1.903842051726058082e-09
1.928182762072032164e-09
1.952834669546793622e-09
1.977801752820290987e-09
2.003088041429962338e-09
2.028697616431073393e-09
2.054634611055363790e-09
2.080903211378162051e-09
2.107507656993941502e-09
2.134452241700598406e-09
2.161741314192429966e-09
2.189379278762019823e-09
2.217370596011014916e-09
2.245719783570071641e-09
2.274431416827968826e-09
2.303204537144523337e-09
2.332314785116274193e-09
2.361792958091345589e-09
2.391643706281175473e-09
2.421871738671315425e-09
2.452481823764270701e-09
2.483478790331773434e-09
2.514867528176468739e-09
2.546652988903323501e-09
2.578840186700739232e-09
2.611434199131544359e-09
2.644440167933983815e-09
2.677863299832836633e-09
2.711708867360777342e-09
2.745803939652355783e-09
2.780064473904824235e-09
2.814752491048664996e-09
2.849873324965162077e-09
2.885432376088647404e-09
2.921435112236910748e-09
2.957887069451972976e-09
2.994793852851345485e-09
3.032161137489914758e-09
3.069994669232581515e-09
3.108300265637784325e-09
3.147083816852049936e-09
3.186351286515707246e-09
3.226108712679896420e-09
3.266362208735026191e-09
3.306593422314095861e-09
3.347256844955125644e-09
3.388420333292083910e-09
3.430090036972098609e-09
3.472272181268666589e-09
3.514973068011737537e-09
3.558199076529098051e-09
3.601956664599471052e-09
3.646252369417263985e-09
3.691092808569201113e-09
3.736484681022958204e-09
3.782434768127963392e-09
3.828949934628498212e-09
3.876037129689261354e-09
3.923414316285121128e-09
3.970893531282799897e-09
4.018947316202253042e-09
4.067582624203827223e-09
4.116806492591567873e-09
4.166626043831485969e-09
4.217048486582145673e-09
4.268081116737721709e-09
4.319731318483683658e-09
4.372006565365254403e-09
4.424914421368794921e-09
4.478462542016278390e-09
4.532658675473010755e-09
4.587510663668753283e-09
4.643026443432412530e-09
4.698369412534867936e-09
4.754240751632624309e-09
4.810776492836406544e-09
4.867984536979928362e-09
4.925872878850751733e-09
4.984449608307668918e-09
5.043722911411177950e-09
5.103701071567499066e-09
5.164392470686194947e-09
5.225805590351455984e-09
5.287949013007519581e-09
5.350831423157978644e-09
5.414461608579454890e-09
5.478848461549710596e-09
5.543536270274708127e-09
5.608128058606706686e-09
5.673472453021968512e-09
5.739578222683480279e-09
5.806454238930082627e-09
5.874109476467058514e-09
5.942553014570606623e-09
6.011794038306105523e-09
6.081841839760932899e-09
6.152705819291288955e-09
6.224395486783783331e-09
6.296920462931736734e-09
6.370290480526112925e-09
6.444515385761728716e-09
6.519605139558686581e-09
6.594123270754777764e-09
6.669214888869589075e-09
6.745161624621635182e-09
6.821973215797848910e-09
6.899659511075664245e-09
6.978230471285909367e-09
7.057696170689914786e-09
7.138066798271336196e-09
7.219352659042400875e-09
7.301564175365285698e-09
7.384711888288547361e-09
7.468806458898508851e-09
7.553858669686289561e-09
7.639879425930420313e-09
7.726140853963131731e-09
7.811837706434732566e-09
7.898485091735413277e-09
7.986093552990476672e-09
8.074673750267616658e-09
8.164236461873927503e-09
8.254792585667294484e-09
8.346353140382619173e-09
8.438929266972470764e-09
8.532532229962596867e-09
8.627173418822776852e-09
8.722864349352579328e-09
8.819616665082470447e-09
8.917442138690804070e-09
9.016352673436194183e-09
9.113942223826573111e-09
9.212027996127690309e-09
9.311169383934292205e-09
9.411377747957283607e-09
9.512664571173325917e-09
9.615041460140838470e-09
9.718520146329965994e-09
9.823112487466856293e-09
9.928830468892615423e-09
1.003568620493647549e-08
1.014369194030414781e-08
1.025286005148089826e-08
1.036320304814985762e-08
1.047473357462538167e-08
1.058630420509750448e-08
1.069633088755853677e-08
1.080750111082650185e-08
1.091982676006916508e-08
1.103331984398045827e-08
1.114799249606425568e-08
1.126385697593170262e-08
1.138092567061181034e-08
1.149921109587569109e-08
1.161872589757476268e-08
1.173948285299253861e-08
1.186149487221079625e-08
1.198477499948972604e-08
1.210933641466241243e-08
1.223519243454402869e-08
1.235836160070815264e-08
1.248167832094955725e-08
1.260622554519969930e-08
1.273201555192424572e-08
1.285906074210834611e-08
1.298737364047919077e-08
1.311696689674072174e-08
1.324785328682081598e-08
1.338004571413063480e-08
1.351355721083680940e-08
1.364840093914619140e-08
1.378459019260344270e-08
1.392213839740158413e-08
1.406105911370560681e-08
1.419957174664642756e-08
1.433463942201922350e-08
1.447099187395120743e-08
1.460864132335909094e-08
1.474760010740601506e-08
1.488788068060748249e-08
1.502949561594749389e-08
1.517245760600547560e-08
1.531677946409386470e-08
1.546247412540655837e-08
1.560955464817823393e-08
1.575803421485473993e-08
1.590792613327464097e-08
1.605924383786182352e-08
1.621200089082978819e-08
1.635972944501360260e-08
1.650674251895529288e-08
1.665507669322342429e-08
1.680474383959253844e-08
1.695575593652022889e-08
1.710812507010590962e-08
1.726186343505804728e-08
1.741698333567007217e-08
1.757349718680521284e-08
1.773141751489021800e-08
1.789075695891764126e-08
1.805152827145768162e-08
1.821374431967852724e-08
1.837741808637646665e-08
1.853988071857996807e-08
1.869553237527420561e-08
1.885249080619208211e-08
1.901076698236272839e-08
1.917037196692271331e-08
1.933131691588918297e-08
1.949361307893968363e-08
1.965727180019848286e-08
1.982230451902949170e-08
1.998872277083585707e-08
2.015653818786630412e-08
2.032576250002802643e-08
2.049640753570683558e-08
2.066848522259377933e-08
2.084200758851887675e-08
2.100683916077963406e-08
2.116926246298105218e-08
2.133294160995260844e-08
2.149788631179179397e-08
2.166410635367368905e-08
2.183161159643172993e-08
2.200041197714258177e-08
2.217051750971550813e-08
2.234193828548670025e-08
2.251468447381779515e-08
2.268876632269904584e-08
2.286419415935757032e-08
2.304097839086965059e-08
2.321912950477843471e-08
2.339484791773096537e-08
2.355831705017740136e-08
2.372292840664498712e-08
2.388868996830848742e-08
2.405560977211031707e-08
2.422369591115020910e-08
2.439295653507761940e-08
2.456339985048690057e-08
2.473503412131499724e-08
2.490786766924243997e-08
2.508190887409659918e-08
2.525716617425804254e-08
2.543364806706967508e-08
2.561136310924871812e-08
2.579031991730159330e-08
2.595522896506213426e-08
2.611481527716489331e-08
2.627538280931563357e-08
2.643693759456806412e-08
2.659948570307009057e-08
2.676303324229227911e-08
2.692758635725689950e-08
2.709315123076924774e-08
2.725973408364952138e-08
2.742734117496698772e-08
2.759597880227472115e-08
2.776565330184667305e-08
2.793637104891528776e-08
2.810813845791149743e-08
2.827582266745509424e-08
2.842299730019796742e-08
2.857093797157306967e-08
2.871964866878385202e-08
2.886913339978683702e-08
2.901939619339987350e-08
2.917044109941060648e-08
2.932227218868585025e-08
2.947489355328096149e-08
2.962830930655035394e-08
2.978252358325824135e-08
2.993754053969031674e-08
3.009336435376540858e-08
3.024999922514826523e-08
3.040744937536290511e-08
3.054345718396186567e-08
3.066957465205001850e-08
3.079621287375356907e-08
3.092337399932448970e-08
3.105106018789340498e-08
3.117927360750604731e-08
3.130801643516046016e-08
3.143729085684367857e-08
3.156709906756901844e-08
3.169744327141304822e-08
3.182832568155343405e-08
3.195974852030623572e-08
3.209171401916376500e-08
3.222422441883225884e-08
3.235081840780498310e-08
3.244557833432196799e-08
3.254061582549158225e-08
3.263593169433826133e-08
3.273152675626784072e-08
3.282740182907478884e-08
3.292355773294880460e-08
3.301999529048210322e-08
3.311671532667637781e-08
3.321371866894986673e-08
3.331100614714442771e-08
3.340857859353263834e-08
3.350643684282491644e-08
3.360458173217665365e-08
3.370301410119538878e-08
3.377131579118846501e-08
3.382362355853694789e-08
3.387601234442033411e-08
3.392848227432668054e-08
3.398103347393837855e-08
3.403366606913272312e-08
3.408638018598176062e-08
3.413917595075280501e-08
3.419205348990895394e-08
3.424501293010896971e-08
3.429805439820786815e-08
3.435117802125708410e-08
3.440438392650503389e-08
3.445767224139702268e-08
3.450353273144933151e-08
3.450346013290348196e-08
3.450338753451046230e-08
3.450331493627012694e-08
3.450324233818261486e-08
3.450316974024778046e-08
3.450309714246577596e-08
3.450302454483644914e-08
3.450295194735994560e-08
3.450287935003612636e-08
3.450280675286512378e-08
3.450273415584687168e-08
3.450266155898130388e-08
3.450258896226855936e-08
3.450251636570848591e-08
3.446468991605575766e-08
3.440450087680859269e-08
3.434441695153334743e-08
3.428443795665919531e-08
3.422456370893589845e-08
3.416479402543347686e-08
3.410512872354118932e-08
3.404556762096720251e-08
3.398611053573826016e-08
3.392675728619869038e-08
3.386750769101005502e-08
3.380836156915083193e-08
3.374931873991540922e-08
3.369037902291376089e-08
3.362405617282730075e-08
3.349973977574532602e-08
3.337588300692783580e-08
3.325248416701619068e-08
3.312954156293479676e-08
3.300705350786754100e-08
3.288501832123511983e-08
3.276343432867165309e-08
3.264229986200180755e-08
3.252161325921791375e-08
3.240137286445713584e-08
3.228157702797878035e-08
3.216222410614165793e-08
3.204331246138150459e-08
3.192484046218862140e-08
3.176562756204570609e-08
3.157997743404967723e-08
3.139541231436836708e-08
3.121192586180998734e-08
3.102951177224328666e-08
3.084816377838043887e-08
3.066787564956225399e-08
3.048864119154354137e-08
3.031045424628085515e-08
3.013330869172039194e-08
2.995719844158814499e-08
2.978211744518030327e-08
2.960805968715588058e-08
2.943501918732951674e-08
2.925708396755356800e-08
2.901882008485776459e-08
2.878249657591412719e-08
2.854809763870420763e-08
2.831560759989788047e-08
2.808501091380556322e-08
2.785629216133863888e-08
2.762943604897864004e-08
2.740442740775432094e-08
2.718125119222752080e-08
2.695989247948730553e-08
2.674033646815179904e-08
2.652256847737864355e-08
2.630657394588351013e-08
2.609233843096611006e-08
2.584433567238132193e-08
2.557260029309574187e-08
2.530372202406016627e-08
2.503767082472936501e-08
2.477441697041357717e-08
2.451393104895768199e-08
2.425618395745524041e-08
2.400114689899662643e-08
2.374879137945206542e-08
2.349908920428773322e-08
2.325201247541608404e-08
2.300753358807860039e-08
2.276562522776177266e-08
2.252626036714552060e-08
2.228636024682382666e-08
2.200220514149796549e-08
2.172167306492100820e-08
2.144471782282416683e-08
2.117129380992392318e-08
2.090135600241221485e-08
2.063485995054276615e-08
2.037176177131156538e-08
2.011201814123068116e-08
1.985558628919456752e-08
1.960242398943694189e-08
1.935248955457768358e-08
1.910574182875814787e-08
1.886214018086442271e-08
1.862164449783660879e-08
1.836428233525320738e-08
1.809422802496593512e-08
1.782814497416887245e-08
1.756597478386104633e-08
1.730765991382265885e-08
1.705314366998657374e-08
1.680237019199514762e-08
1.655528444094026185e-08
1.631183218728343169e-08
1.607195999895390148e-08
1.583561522962144370e-08
1.560274600714164175e-08
1.537330122217133701e-08
1.514723051695122594e-08
1.492379948287110695e-08
1.468444853004545312e-08
1.444893633682550723e-08
1.421720133639845215e-08
1.398918294937262485e-08
1.376482156794102441e-08
1.354405854029897965e-08
1.332683615531128274e-08
1.311309762742592532e-08
1.290278708182909991e-08
1.269584953983874049e-08
1.249223090453214022e-08
1.229187794660409615e-08
1.209473829045200414e-08
1.190076040048372849e-08
1.170306701096459218e-08
1.150247878433358776e-08
1.130532859976670844e-08
1.111155752991099495e-08
1.092110765741645775e-08
1.073392205762496362e-08
1.054994478155562839e-08
1.036912083918183885e-08
1.019139618299509622e-08
1.001671769185038563e-08
9.845033155088421018e-09
9.676291256930254288e-09
9.510441561139015720e-09
9.347434495944980765e-09
9.187137008491924319e-09
9.018268031134952014e-09
8.852503038347663384e-09
8.689784975717980453e-09
8.530057837552402867e-09
8.373266647599372705e-09
8.219357440126972026e-09
8.068277241348789009e-09
7.919974051190666882e-09
7.774396825393140930e-09
7.631495457942332395e-09
7.491220763824283220e-09
7.353524462095789129e-09
7.218359159266897804e-09
7.085678332988372030e-09
6.949761045597906205e-09
6.810752790978120911e-09
6.674524962149331208e-09
6.541021945381230277e-09
6.410189239322495335e-09
6.281973432750963402e-09
6.156322182769084178e-09
6.033184193435499766e-09
5.912509194823803621e-09
5.794247922500421162e-09
5.678352097412840627e-09
5.564774406180119228e-09
5.453468481777735254e-09
5.344388884608547409e-09
5.237491083952597076e-09
5.127077387027158576e-09
5.018882097429895852e-09
4.912970022968171291e-09
4.809292981587325354e-09
4.707803808005251504e-09
4.608456332255608223e-09
4.511205358684141540e-09
4.416006645387856904e-09
4.322816884088364090e-09
4.231593680429857763e-09
4.142295534692774490e-09
4.054881822914704688e-09
3.969312778409364556e-09
3.885549473675816939e-09
3.803971143398801342e-09
3.724571367600122183e-09
3.646828892595608935e-09
3.570709125769639135e-09
3.496178196553642205e-09
3.423202941354806238e-09
3.351750888799513362e-09
3.281790245284781175e-09
3.213289880831166029e-09
3.146219315231081866e-09
3.080548704486234810e-09
3.016248827528039148e-09
2.953291073215325749e-09
2.891647427603446385e-09
2.831290461478999383e-09
2.772166145465258948e-09
2.714275207757198847e-09
2.657593202159586504e-09
2.602094882633815739e-09
2.547755530352412484e-09
2.494550942689364642e-09
2.442457422440221214e-09
2.391451767267505910e-09
2.341511259366435838e-09
2.292613655346411508e-09
2.244737176323901096e-09
2.197860498222163717e-09
2.151962742273554599e-09
2.107023465720158803e-09
2.063392396365316882e-09
2.021124480598519195e-09
1.979722409208398129e-09
1.939168445657178903e-09
1.899445216734232933e-09
1.860535705113470842e-09
1.822423242063116411e-09
1.785091500304892723e-09
1.748524487019478436e-09
1.712706536995183982e-09
1.677622305917038146e-09
1.643256763793344421e-09
1.609595188516830608e-09
1.576623159557765561e-09
1.544326551786228412e-09
1.513809313506156395e-09
1.483980981358896136e-09
1.454740391267883794e-09
1.426075962273017149e-09
1.397976341607200346e-09
1.370430400200028728e-09
1.343427228270010735e-09
1.316956131003671690e-09
1.291006624319791423e-09
1.265568430717107110e-09
1.240631475203810624e-09
1.216185881307301640e-09
1.192221967162513175e-09
1.168730241677340912e-09
1.146038235792994479e-09
1.124254417779750211e-09
1.102884665120006762e-09
1.081921107287276179e-09
1.061356023357484123e-09
1.041181839165381632e-09
1.021391124514936814e-09
1.001976590442798670e-09
9.829310865337347283e-10
9.642475982871144176e-10
9.459192445334893914e-10
9.279392749002031193e-10
9.103010673252343130e-10
8.929981256182730878e-10
8.760240770681596672e-10
8.597531774621462436e-10
8.438256554662895191e-10
8.281932018267722354e-10
8.128503501982967493e-10
7.977917355033944800e-10
7.830120920563628057e-10
7.685062517219769435e-10
7.542691421082803259e-10
7.402957847928873730e-10
7.265812935821260586e-10
7.131208728024489991e-10
6.999098156234678636e-10
6.869435024120815034e-10
6.742173991170968542e-10
6.617803268067974433e-10
6.496553668825936317e-10
6.377525571904356831e-10
6.260678275539350507e-10
6.145971823693746763e-10
6.033366992393997646e-10
5.922825276317671679e-10
5.814308875626330828e-10
5.707780683040011423e-10
5.603204271148283899e-10
5.500543879953797856e-10
5.399764404644280958e-10
5.300831383588235393e-10
5.203710986550906322e-10
5.108370003125941808e-10
5.013693760058732389e-10
4.920619245511237695e-10
4.829272571887607220e-10
4.739621663444267955e-10
4.651635039893751036e-10
4.565281805350550927e-10
4.480531637482194151e-10
4.397354776861879532e-10
4.315722016518589189e-10
4.235604691681300574e-10
4.156974669713483131e-10
4.079804340234628243e-10
4.004066605424983149e-10
3.929734870510364664e-10
3.855826140949881463e-10
3.781644477920732104e-10
3.708889984823134553e-10
3.637535204548053303e-10
3.567553208229611164e-10
3.498917585082373588e-10
3.431602432434059591e-10
3.365582345950032419e-10
3.300832410045851291e-10
3.237328188484283375e-10
3.175045715153212409e-10
3.113961485020972922e-10
3.054052445265690670e-10
2.995295986575288020e-10
2.937669934614864676e-10
2.878505010527737013e-10
2.820064968575284577e-10
2.762811389210499723e-10
2.706720184608923413e-10
2.651767755982407116e-10
2.597930983650591611e-10
2.545187217313953679e-10
2.493514266524333892e-10
2.442890391348933685e-10
2.393294293223851544e-10
2.344705105993316088e-10
2.297102387130840971e-10
2.250466109138608775e-10
2.204776651121469376e-10
2.158996277634250950e-10
2.112180396727119041e-10
2.066379675840341214e-10
2.021572102147318298e-10
1.977736140149738671e-10
1.934850721327053296e-10
1.892895234010528225e-10
1.851849513476817141e-10
1.811693832256355541e-10
1.772408890651907143e-10
1.733975807462702147e-10
1.696376110909747382e-10
1.659591729757850587e-10
1.623604984630184179e-10
1.588398579511252061e-10
1.551877803087733853e-10
1.515753950040362982e-10
1.480470970389338855e-10
1.446009290694691450e-10
1.412349793137437627e-10
1.379473804913835787e-10
1.347363087876543616e-10
1.315999828416898960e-10
1.285366627582716095e-10
1.255446491426114714e-10
1.226222821576027718e-10
1.197679406030157687e-10
1.169800410161273697e-10
1.142570367932858107e-10
1.115367627998278711e-10
1.087480318514981781e-10
1.060290269747075780e-10
1.033780048226991619e-10
1.007932656372614039e-10
9.827315215888921808e-11
9.581604856420043598e-11
9.342037942991514667e-11
9.108460872274102875e-11
8.880723881451197635e-11
8.658680952195483880e-11
8.442189717046083827e-11
8.231111368126731036e-11
8.025310568146231406e-11
7.824655363624002553e-11
7.618112359908917528e-11
7.414272502609162054e-11
7.215886842551580020e-11
7.022809440330843610e-11
6.834898261481111086e-11
6.652015071990384593e-11
6.474025336611034414e-11
6.300798119890700539e-11
6.132205989851751591e-11
5.968124924247876652e-11
5.808434219328902606e-11
5.653016401047055095e-11
5.501757138638855056e-11
5.354545160519453584e-11
5.208722968576969347e-11
5.060528437416534520e-11
4.916550221694327431e-11
4.776668362085718975e-11
4.640766312255342469e-11
4.508730841753516911e-11
4.380451941675097416e-11
4.255822733002742582e-11
4.134739377557643194e-11
4.017100991484070591e-11
3.902809561195242296e-11
3.791769861710551939e-11
3.683889377316509137e-11
3.579078224484666880e-11
3.477249076982715560e-11
3.374138921205348062e-11
3.272859465451207097e-11
3.174620052919185092e-11
3.079329432498927777e-11
2.986899092108630567e-11
2.897243176479290162e-11
2.810278407406782628e-11
2.725924006397691979e-11
2.644101619637029248e-11
2.564735245208136895e-11
2.487751162497256048e-11
2.413077863716951460e-11
2.340645987485159453e-11
2.270388254397840327e-11
2.201441747357770330e-11
2.132321863846903332e-11
2.065372175528469130e-11
2.000524543584324084e-11
1.937712968588456602e-11
1.876873523335317631e-11
1.817944287777178325e-11
1.760865286004255478e-11
1.705578425203582546e-11
1.652027436534348297e-11
1.600157817859642976e-11
1.549916778276283480e-11
1.501253184386238883e-11
1.454117508255061735e-11
1.408461777004235817e-11
1.363012162433113785e-11
1.318614086043161699e-11
1.275662210385271954e-11
1.234109427640204723e-11
1.193910164455254677e-11
1.155020331961311399e-11
1.117397277418042424e-11
1.080999737434116224e-11
1.045787792711297863e-11
1.011722824262595696e-11
9.787674710565829514e-12
9.468855890413903402e-12
9.160422115033907728e-12
8.862035107172199626e-12
8.571401328318646565e-12
8.283848280145651788e-12
8.005942050776966635e-12
7.737359009099629226e-12
7.477786381164814451e-12
7.226921885952543333e-12
6.984473383354933288e-12
6.750158533969526857e-12
6.523704470305396128e-12
6.304847479019925208e-12
6.093332693815737420e-12
5.888913798640451891e-12
5.691352740843215582e-12
5.500419453954638415e-12
5.315891589766398530e-12
5.137554259399631029e-12
4.965199783059357789e-12
4.798627448184603374e-12
4.637643275711770631e-12
4.482059794179509161e-12
4.331695821412088163e-12
4.186376253526477783e-12
4.045931861018174769e-12
3.910199091687651851e-12
3.779019880178415707e-12
3.652241463904570686e-12
3.529716205153728063e-12
3.411301419157844093e-12
3.296859207932156489e-12
3.186256299688194188e-12
3.079363893634507677e-12
2.976057509983672068e-12
2.876216844991521795e-12
2.779725630859321156e-12
2.686471500336069609e-12
2.596345855863051301e-12
2.509243743108381141e-12
2.425063728744096423e-12
2.343707782323741472e-12
2.265081162122510132e-12
2.189092304807469545e-12
2.115652718808877177e-12
2.044676881268866569e-12
1.976082138447160797e-12
1.909788609468018024e-12
1.845719093296347189e-12
1.783798978834429805e-12
1.723956158034866193e-12
1.666120941928286882e-12
1.610225979468243265e-12
1.556206179098643891e-12
1.503998632952482569e-12
1.453542543593476000e-12
1.404779153215467643e-12
1.357651675216923202e-12
1.312105228071112214e-12
1.268086771414664453e-12
1.225545044280337610e-12
1.184430505401868577e-12
1.144695275521529357e-12
1.106293081633117996e-12
1.069179203095511434e-12
1.033310419553948879e-12
9.986449606085207788e-13
9.651424571710876945e-13
9.327638944541837243e-13
9.014715665369400590e-13
8.712290324553128814e-13
8.420010737653366684e-13
8.137536535300647818e-13
7.864538766824429180e-13
7.600699517178811463e-13
7.345711536719787623e-13
7.099277883402810252e-13
6.861111576983951233e-13
6.630935264821468765e-13
6.408480898889774264e-13
6.193489423628183930e-13
5.985710474262288805e-13
5.784902085245603970e-13
5.590830408482689064e-13
5.403269441005155971e-13
5.222000761783738935e-13
5.046813277369526166e-13
4.877502976068765080e-13
4.713872690364162473e-13
4.555731867306990777e-13
4.402896346611555457e-13
4.255188146194548432e-13
4.112435254908818505e-13
3.974471432230703037e-13
3.841136014667352902e-13
3.712273728658693988e-13
3.587734509756216847e-13
3.467373327867876985e-13
3.351050018365596845e-13
3.238629118859049911e-13
3.129979711445009882e-13
3.024975270249127026e-13
2.923493514082357035e-13
2.825416264040284773e-13
2.730629305880001215e-13
2.639022257013650362e-13
2.550488437964308612e-13
2.464924748134085796e-13
2.382231545740068438e-13
2.302312531778103484e-13
2.225074637879424052e-13
2.150427917929346528e-13
2.078285443322092126e-13
2.008563201729406212e-13
1.941179999265510584e-13
1.876057365934000607e-13
1.813119464246979751e-13
1.752293000909709361e-13
1.693507141468143508e-13
1.636693427819826724e-13
1.581785698492133208e-13
1.528720011595036571e-13
1.477434570358628657e-13
1.427869651168668278e-13
1.379967534016512843e-13
1.333672435282166820e-13
1.288930442772412411e-13
1.245689452938275895e-13
1.203899110198641508e-13
1.163510748299563175e-13
1.124477333640720188e-13
1.086753410503258390e-13
1.050295048115050338e-13
1.015059789491857829e-13
9.810066019947427236e-14
9.480958295462014661e-14
9.162891464493053500e-14
8.855495127561783702e-14
8.558411311336918003e-14
8.271294051763224590e-14
7.993808991174363155e-14
7.725632988922491581e-14
7.466453745069926154e-14
7.215969436705534801e-14
6.973888366461812137e-14
6.739928622823501463e-14
6.513817751832269296e-14
6.295292439804915624e-14
6.084098206695588443e-14
5.879989109745586366e-14
5.682727457074492383e-14
5.492083530880119382e-14
5.307835319924484493e-14
5.129768260994252565e-14
4.957674989034563944e-14
4.791355095665656052e-14
4.630614895800562658e-14
4.475267202092225448e-14
4.325131106947731115e-14
4.180031771855138199e-14
4.039800223778426968e-14
