7.990347230084085479e-10
8.098687688882617263e-10
8.208497127022650209e-10
8.319795462273934387e-10
8.432602882469482604e-10
8.546939849167606507e-10
8.662827101363094453e-10
8.780285659249054198e-10
8.899336828029763669e-10
9.020002201784863808e-10
9.142303667386485806e-10
9.266263408468943593e-10
9.391903909452617002e-10
9.519247959622400936e-10
9.648318657261111375e-10
9.778756842065528962e-10
9.910549508125874210e-10
1.004411840270968214e-09
1.017948746484082455e-09
1.031668095617993985e-09
1.045572346537289259e-09
1.059663991245780975e-09
1.073945555333116539e-09
1.088419598427439832e-09
1.103088714654158812e-09
1.117955533100852455e-09
1.133022718288489901e-09
1.148292970648972168e-09
1.163769027009139924e-09
1.179453661081254994e-09
1.195240185638557581e-09
1.211234970450942036e-09
1.227443798552919922e-09
1.243869534286240184e-09
1.260515080323461233e-09
1.277383378180906324e-09
1.294477408738453512e-09
1.311800192766332034e-09
1.329354791458916853e-09
1.347144306975697949e-09
1.365171882989456843e-09
1.383440705241832527e-09
1.401954002106267919e-09
1.420715045158523564e-09
1.439665725546009861e-09
1.458796135021863435e-09
1.478180751123761039e-09
1.497822951772524403e-09
1.517726159775119314e-09
1.537893843421057811e-09
1.558329517086818637e-09
1.579036741848235314e-09
1.600019126101022634e-09
1.621280326189613013e-09
1.642824047044250580e-09
1.664654042826657555e-09
1.686774117584171983e-09
1.709188125912680473e-09
1.731899973628291951e-09
1.754734761674960200e-09
1.777860426584058557e-09
1.801290864835070854e-09
1.825030093038559308e-09
1.849082180740040424e-09
1.873451251117583836e-09
1.898141481688682395e-09
1.923157105026361039e-09
1.948502409484762251e-09
1.974181739934292698e-09
2.000199498506421619e-09
2.026560145348371049e-09
2.053268199387675135e-09
2.080328239106853810e-09
2.107644010060716142e-09
2.135184832572353729e-09
2.163085534124748496e-09
2.191350817298022200e-09
2.219985446121406459e-09
2.248994246876267618e-09
2.278382108909537968e-09
2.308153985457769614e-09
2.338314894482055020e-09
2.368869919513712476e-09
2.399824210511177796e-09
2.431182984727936403e-09
2.462951527591954453e-09
2.495135193596442757e-09
2.527739407202420841e-09
2.560485149238339351e-09
2.593630071420164854e-09
2.627204047395474018e-09
2.661212631172108399e-09
2.695661448653330340e-09
2.730556198568493802e-09
2.765902653415773425e-09
2.801706660417040731e-09
2.837974142485213805e-09
2.874711099204016330e-09
2.911923607820475622e-09
2.949617824250256443e-09
2.987799984096011735e-09
3.026476403678922342e-09
3.065483146038244323e-09
3.104741037149933745e-09
3.144501681642136412e-09
3.184771517990110037e-09
3.225557067123025041e-09
3.266864933479852747e-09
3.308701806078841252e-09
3.351074459600686939e-09
3.393989755485509138e-09
3.437454643044012603e-09
3.481476160582739346e-09
3.526061436543801096e-09
3.571217690659211091e-09
3.616952235119919407e-09
3.663272475759972880e-09
3.709715811758229917e-09
3.756691198915478691e-09
3.804261425977078036e-09
3.852434025281378869e-09
3.901216624547288658e-09
3.950616948081923268e-09
4.000642818003813521e-09
4.051302155481345957e-09
4.102602981987135900e-09
4.154553420568033430e-09
4.207161697131466987e-09
4.260436141747813602e-09
4.314385189969529463e-09
4.369017384166707462e-09
4.424076676328083620e-09
4.479392822241051406e-09
4.535400609873286581e-09
4.592108687120641293e-09
4.649525810007335767e-09
4.707660844037952754e-09
4.766522765566335420e-09
4.826120663181506127e-09
4.886463739111109037e-09
4.947561310642204487e-09
5.009422811559948652e-09
5.072057793604134535e-09
5.135475927944154255e-09
5.199687006672196540e-09
5.264700944315241896e-09
5.329715180058830026e-09
5.395405910849673993e-09
5.461906304439757387e-09
5.529226340225595908e-09
5.597376120603428302e-09
5.666365872485366466e-09
5.736205948834038817e-09
5.806906830216135575e-09
5.878479126375314204e-09
5.950933577824291307e-09
6.024281057456539528e-09
6.098532572178080811e-09
6.173699264559140263e-09
6.249792414506310785e-09
6.326406810222479667e-09
6.403189210716677646e-09
6.480903504654105355e-09
6.559561002248900960e-09
6.639173150985046904e-09
6.719751537282549889e-09
6.801307888183574104e-09
6.883854073059171261e-09
6.967402105336700063e-09
7.051964144248239517e-09
7.137552496600077990e-09
7.224179618563965374e-09
7.311858117489819017e-09
7.400600753740571626e-09
7.490420442549263699e-09
7.579944854891781205e-09
7.670272623901083766e-09
7.761676799930541474e-09
7.854170210176993371e-09
7.947765834694862485e-09
8.042476808217681979e-09
8.138316422001485348e-09
8.235298125689837310e-09
8.333435529201418601e-09
8.432742404639908262e-09
8.533232688226823482e-09
8.634920482257058942e-09
8.737820057078062016e-09
8.841945853092427102e-09
8.946645610201751008e-09
9.051195777794398325e-09
9.156967714754048520e-09
9.263975698631975583e-09
9.372234173826494680e-09
9.481757753532625195e-09
9.592561221714524415e-09
9.704659535101317179e-09
9.818067825205914537e-09
9.932801400367398781e-09
1.004887574781767796e-08
1.016630653577177129e-08
1.028510961554295960e-08
1.040530102368231613e-08
1.052689698414347787e-08
1.064764765857636721e-08
1.076925818746381967e-08
1.089225767297443637e-08
1.101666197887031490e-08
1.114248715009917438e-08
1.126974941486372971e-08
1.139846518671468026e-08
1.152865106666773299e-08
1.166032384534456268e-08
1.179350050513846666e-08
1.192819822240462330e-08
1.206443436967538424e-08
1.220222651790097601e-08
1.234159243871555466e-08
1.248146615858645067e-08
1.262037057955981338e-08
1.276082084762521332e-08
1.290283416629008871e-08
1.304642793051710377e-08
1.319161972885500732e-08
1.333842734559295189e-08
1.348686876293877630e-08
1.363696216322180079e-08
1.378872593111973462e-08
1.394217865591077283e-08
1.409733913375048538e-08
1.425422636997403280e-08
1.441285958142430740e-08
1.457325819880552848e-08
1.473167288086780952e-08
1.489077811538498322e-08
1.505160172064361416e-08
1.521416225541710927e-08
1.537847847891771303e-08
1.554456935296116309e-08
1.571245404415487907e-08
1.588215192610976743e-08
1.605368258167589878e-08
1.622706580520233222e-08
1.640232160482135142e-08
1.657947020475737388e-08
1.675853204766078478e-08
1.693952779696699323e-08
1.712077118409021467e-08
1.729937384458077500e-08
1.747983967525169430e-08
1.766218811256096425e-08
1.784643879572642170e-08
1.803261156884083293e-08
1.822072648300899091e-08
1.841080379850750698e-08
1.860286398696670491e-08
1.879692773357553034e-08
1.899301593930922431e-08
1.919114972318062758e-08
1.939135042451460646e-08
1.959363960524622186e-08
1.979803905224322089e-08
1.999831621872240236e-08
2.019862787271268463e-08
2.040094593355674161e-08
2.060529049828020863e-08
2.081168186520926074e-08
2.102014053598659420e-08
2.123068721760824949e-08
2.144334282448019410e-08
2.165812848049612080e-08
2.187506552113565087e-08
2.209417549558350788e-08
2.231548016887042665e-08
2.253900152403476470e-08
2.276476176430654366e-08
2.299015091540008090e-08
2.320966777094657869e-08
2.343128063926160164e-08
2.365500953370359692e-08
2.388087465872470519e-08
2.410889641169509086e-08
2.433909538474512297e-08
2.457149236662515843e-08
2.480610834458262000e-08
2.504296450625752695e-08
2.528208224159577376e-08
2.552348314478103360e-08
2.576718901618451238e-08
2.601322186433411504e-08
2.626160390790160142e-08
2.650221639025580660e-08
2.674131901567618779e-08
2.698257882163733972e-08
2.722601527019186005e-08
2.747164799897877246e-08
2.771949682280753783e-08
2.796958173525672964e-08
2.822192291028653662e-08
2.847654070386632655e-08
2.873345565561691744e-08
2.899268849046712584e-08
2.925426012032583965e-08
2.951819164576883789e-08
2.978450435774117805e-08
3.004930818953962841e-08
3.030250650262552415e-08
3.055783828864687443e-08
3.081532152444836515e-08
3.107497433834934596e-08
3.133681501142009711e-08
3.160086197876892915e-08
3.186713383084010867e-08
3.213564931472276248e-08
3.240642733547074679e-08
3.267948695743369999e-08
3.295484740559925897e-08
3.323252806694665084e-08
3.351254849181160054e-08
3.379492839526281889e-08
3.406372923301797909e-08
3.432800478068233792e-08
3.459433064892707292e-08
3.486272274468930793e-08
3.513319709831616729e-08
3.540576986452279657e-08
3.568045732335666326e-08
3.595727588117049322e-08
3.623624207160161284e-08
3.651737255656003277e-08
3.680068412722304336e-08
3.708619370503867067e-08
3.737391834273578982e-08
3.766387522534321806e-08
3.795060614417059966e-08
3.821656307071264674e-08
3.848438381693925832e-08
3.875408144445369886e-08
3.902566910639437771e-08
3.929916004807660882e-08
3.957456760763875800e-08
3.985190521669232741e-08
4.013118640097721498e-08
4.041242478102162587e-08
4.069563407280583526e-08
4.098082808843139734e-08
4.126802073679496663e-08
4.155722602426617581e-08
4.184845805537101922e-08
4.211765041810695854e-08
4.237719450092648234e-08
4.263833798756493719e-08
4.290109073412294953e-08
4.316546265743789472e-08
4.343146373545825915e-08
4.369910400762033172e-08
4.396839357522672162e-08
4.423934260182817170e-08
4.451196131360678794e-08
4.478625999976208133e-08
4.506224901289937880e-08
4.533993876942021937e-08
4.561933974991602595e-08
4.589313742785443382e-08
4.613185754580507844e-08
4.637181940267157361e-08
4.661302945754729404e-08
4.685549420312359320e-08
4.709922016586452372e-08
4.734421390618243788e-08
4.759048201861497121e-08
4.783803113200194660e-08
4.808686790966420419e-08
4.833699904958284803e-08
4.858843128457956491e-08
4.884117138249781655e-08
4.909522614638504438e-08
4.935060241467576760e-08
4.957267709292714708e-08
4.977733734008539049e-08
4.998284252480245089e-08
5.018919613539366041e-08
5.039640167457582377e-08
5.060446265952667595e-08
5.081338262194457158e-08
5.102316510810845884e-08
5.123381367893803861e-08
5.144533191005414213e-08
5.165772339183981652e-08
5.187099172950065612e-08
5.208514054312641085e-08
5.230017346775232331e-08
5.250693351387627100e-08
5.265825480769717625e-08
5.281001219885657996e-08
5.296220694415658473e-08
5.311484030402100093e-08
5.326791354250607354e-08
5.342142792731130829e-08
5.357538472978919933e-08
5.372978522495660460e-08
5.388463069150457933e-08
5.403992241180928165e-08
5.419566167194290454e-08
5.435184976168356897e-08
5.450848797452691100e-08
5.466557760769596166e-08
5.477555513169318270e-08
5.485743482733338174e-08
5.493943691853017098e-08
5.502156158824299790e-08
5.510380901970512000e-08
5.518617939642337319e-08
5.526867290217900556e-08
5.535128972102799508e-08
5.543403003730144659e-08
5.551689403560600209e-08
5.559988190082426428e-08
5.568299381811520022e-08
5.576622997291455159e-08
5.584959055093515233e-08
5.592304892419810466e-08
5.591848162424506692e-08
5.591391469730868305e-08
5.590934814335849294e-08
5.590478196236403650e-08
5.590021615429485362e-08
5.589565071912059670e-08
5.589108565681058728e-08
5.588652096733449097e-08
5.588195665066184768e-08
5.587739270676221056e-08
5.587282913560525846e-08
5.586826593716031952e-08
5.586370311139705939e-08
5.585914065828505105e-08
5.579494828774842882e-08
5.569123713075090250e-08
5.558771875113584475e-08
5.548439279057035463e-08
5.538125889138749096e-08
5.527831669658548489e-08
5.517556584982580763e-08
5.507300599543229027e-08
5.497063677839025033e-08
5.486845784434453959e-08
5.476646883959869704e-08
5.466466941111403574e-08
5.456305920650777660e-08
5.446163787405212202e-08
5.435100036846657959e-08
5.414239713484247054e-08
5.393459453614290677e-08
5.372758949947071981e-08
5.352137896372278159e-08
5.331595987954468824e-08
5.311132920928569527e-08
5.290748392695379171e-08
5.270442101817095297e-08
5.250213748012856575e-08
5.230063032154301169e-08
5.209989656261145629e-08
5.189993323496776345e-08
5.170073738163862182e-08
5.150230605699979027e-08
5.124033575351001311e-08
5.093224211683803079e-08
5.062600096000554920e-08
5.032160114457569362e-08
5.001903159908374485e-08
4.971828131863457355e-08
4.941933936450248998e-08
4.912219486373292679e-08
4.882683700874764878e-08
4.853325505695131282e-08
4.824143833034046944e-08
4.795137621511577396e-08
4.766305816129556076e-08
4.737647368233231611e-08
4.708497325131618663e-08
4.669298064826445057e-08
4.630425146855653691e-08
4.591875854348600965e-08
4.553647493053180461e-08
4.515737391147544723e-08
4.478142899053307361e-08
4.440861389250430617e-08
4.403890256093523110e-08
4.367226915629758194e-08
4.330868805418299764e-08
4.294813384351154133e-08
4.259058132475635889e-08
4.223600550818185710e-08
4.188438161209741282e-08
4.148167409885151347e-08
4.103863030786666036e-08
4.060031843296259999e-08
4.016668793504994184e-08
3.973768881482045766e-08
3.931327160698211568e-08
3.889338737455524011e-08
3.847798770323043797e-08
3.806702469578558652e-08
3.766045096656366812e-08
3.725821963600869973e-08
3.686028432526045824e-08
3.646659915080655272e-08
3.607711871919232647e-08
3.568904539587989351e-08
3.522762592270700222e-08
3.477217208766932338e-08
3.432260676173258943e-08
3.387885381305474794e-08
3.344083809409338563e-08
3.300848542887988551e-08
3.258172260045782902e-08
3.216047733848441230e-08
3.174467830699153475e-08
3.133425509230543504e-08
3.092913819112248551e-08
3.052925899873907378e-08
3.013454979743381800e-08
2.974494374499960098e-08
2.933278050738557460e-08
2.890129071897129160e-08
2.847614821282217029e-08
2.805725961942371393e-08
2.764453294274118529e-08
2.723787754001612386e-08
2.683720410185917569e-08
2.644242463263606613e-08
2.605345243114205673e-08
2.567020207156069754e-08
2.529258938470265615e-08
2.492053143952053052e-08
2.455394652489560578e-08
2.419275413169249179e-08
2.383662773141697056e-08
2.345248021606892113e-08
2.307452356442911294e-08
2.270265800546698726e-08
2.233678537604709726e-08
2.197680909501629890e-08
2.162263413770881688e-08
2.127416701086218450e-08
2.093131572793717518e-08
2.059398978483596855e-08
2.026210013601115596e-08
1.993555917096000058e-08
1.961428069109752618e-08
1.929817988700209870e-08
1.898717331602806750e-08
1.867029101988284563e-08
1.834773517745226572e-08
1.803075194614888262e-08
1.771924505118654517e-08
1.741311988106287645e-08
1.711228345882396225e-08
1.681664441382491122e-08
1.652611295397888167e-08
1.624060083848494339e-08
1.596002135102770044e-08
1.568428927343935090e-08
1.541332085981732790e-08
1.514703381108859510e-08
1.488534725001369278e-08
1.462818169662262524e-08
1.435507211711982791e-08
1.408666661980891461e-08
1.382327966301096679e-08
1.356481741202770314e-08
1.331118778664498325e-08
1.306230042832841431e-08
1.281806666803202444e-08
1.257839949460873471e-08
1.234321352381170780e-08
1.211242496787529710e-08
1.188595160566442446e-08
1.166371275338255627e-08
1.144562923582713254e-08
1.123162335818231756e-08
1.101301984597810852e-08
1.078906785679532759e-08
1.056966997667260382e-08
1.035473359687975415e-08
1.014416799190394361e-08
9.937884281154036951e-09
9.735795391443598669e-09
9.537816020237200353e-09
9.343862599643703566e-09
9.153853261141966499e-09
8.967707801023843594e-09
8.785347646539724557e-09
8.606695822732891479e-09
8.431676919947923929e-09
8.260217062000052796e-09
8.084868375269538373e-09
7.912894052681497457e-09
7.744577819039016261e-09
7.579841862640073246e-09
7.418610026925921616e-09
7.260807775274216978e-09
7.106362156541074331e-09
6.955201771336201461e-09
6.807256739015399760e-09
6.662458665375021268e-09
6.520740611033749937e-09
6.382037060486798842e-09
6.246283891818496836e-09
6.113418347059116558e-09
5.983250476291177381e-09
5.855694507438797051e-09
5.730857884075016640e-09
5.608682632904225385e-09
5.489112016554383484e-09
5.372090507228427756e-09
5.257563760917623288e-09
5.145478592164526961e-09
5.035782949364098147e-09
4.928425890591134494e-09
4.823357559943343987e-09
4.720529164388457862e-09
4.619892951105150488e-09
4.521402185306908650e-09
4.425011128538784283e-09
4.329365763817973759e-09
4.235687427116334863e-09
4.144036091884674619e-09
4.054367898089710006e-09
3.966639934736817272e-09
3.880810219334652838e-09
3.796837677804368898e-09
3.714682124823549650e-09
3.634304244595238131e-09
3.555665572033383137e-09
3.478728474355232121e-09
3.403456133071972273e-09
3.329812526369187070e-09
3.257762411868488829e-09
3.188172791849498491e-09
3.121318643541483498e-09
3.055866388241719622e-09
2.991786629060776270e-09
2.929050585545025121e-09
2.867630080750456609e-09
2.807497528587309550e-09
2.748625921430258425e-09
2.690988817988346946e-09
2.634560331429235823e-09
2.579315117752593203e-09
2.525228364407174990e-09
2.472275779146653893e-09
2.420433579119126173e-09
2.369678480185401658e-09
2.320617112187263179e-09
2.272639447478949072e-09
2.225653698368764266e-09
2.179639357469377995e-09
2.134576341373997162e-09
2.090444981890823548e-09
2.047226017458641242e-09
2.004900584739931928e-09
1.963450210387795281e-09
1.922856802983044827e-09
1.883102645138079126e-09
1.844170385763925502e-09
1.806043032497195150e-09
1.768703944283608236e-09
1.732732546401456064e-09
1.698415962254492142e-09
1.664779014413748325e-09
1.631808242754339170e-09
1.599490453727702835e-09
1.567812715082113376e-09
1.536762350687710827e-09
1.506326935464060735e-09
1.476494290408102602e-09
1.447252477720663110e-09
1.418589796029396262e-09
1.390494775706393523e-09
1.362956174278526904e-09
1.335962971928632398e-09
1.309504367085882721e-09
1.284015087023247798e-09
1.259084860460298608e-09
1.234638675091850321e-09
1.210667132853368573e-09
1.187161018151619899e-09
1.164111294321784798e-09
1.141509100153481753e-09
1.119345746484118392e-09
1.097612712858460511e-09
1.076301644253054338e-09
1.055404347864181646e-09
1.034912789958289745e-09
1.014819092783463067e-09
9.951155315409263437e-10
9.758712565638837638e-10
9.571324696256050514e-10
9.387535069300759196e-10
9.207274590927126743e-10
9.030475494036876095e-10
8.857071312803029868e-10
8.686996857682598671e-10
8.520188190909498446e-10
8.356582602457499737e-10
8.196118586465282447e-10
8.038735818113823979e-10
7.884375130947795168e-10
7.732978494632763576e-10
7.584488993139018267e-10
7.438850803344790686e-10
7.295020216039151154e-10
7.153796044408716728e-10
7.015305829102165629e-10
6.879496643505797195e-10
6.746316585611321744e-10
6.615714758180457223e-10
6.487641249293793653e-10
6.362047113275838626e-10
6.238884351989593341e-10
6.118105896493224885e-10
5.999665589051738575e-10
5.883518165496893350e-10
5.769619237928709660e-10
5.657925277751849021e-10
5.547337868332111289e-10
5.436849849817867290e-10
5.328562454832413755e-10
5.222431852886452639e-10
5.118415086475831367e-10
5.016470053694158798e-10
4.916555491191521823e-10
4.818630957472738930e-10
4.722656816528150714e-10
4.628594221790637494e-10
4.536405100411973625e-10
4.446052137852451139e-10
4.357498762777438048e-10
4.270709132254661790e-10
4.185648117246506630e-10
4.099144069588110591e-10
4.013757430679232050e-10
3.930149426036527248e-10
3.848283006071288351e-10
3.768121892950991707e-10
3.689630564523401941e-10
3.612774238575390043e-10
3.537518857419798356e-10
3.463831072803287831e-10
3.391678231128580093e-10
3.321028358984506853e-10
3.251850148977545455e-10
3.184112945858364253e-10
3.117786732937414883e-10
3.051692188622639197e-10
2.984465638152440868e-10
2.918720039498081694e-10
2.854422768372498246e-10
2.791541919177846610e-10
2.730046289173317674e-10
2.669905362991662824e-10
2.611089297496924387e-10
2.553568906975625855e-10
2.497315648654246083e-10
2.442301608535723091e-10
2.388499487547964704e-10
2.335882587997512846e-10
2.284424800321571619e-10
2.234100590131976884e-10
2.182381073382868206e-10
2.131225464858306187e-10
2.081268957771809635e-10
2.032483444858118040e-10
1.984841477693946979e-10
1.938316251254527373e-10
1.892881588832216947e-10
1.848511927308543995e-10
1.805182302771516075e-10
1.762868336470065292e-10
1.721546221097686126e-10
1.681192707397662742e-10
1.641785091082200985e-10
1.603301200058220803e-10
1.565030463837339359e-10
1.525952832412028093e-10
1.487850939998261717e-10
1.450700423128132714e-10
1.414477526671193624e-10
1.379159088644686902e-10
1.344722525403112578e-10
1.311145817197597602e-10
1.278407494095790303e-10
1.246486622253372794e-10
1.215362790528360892e-10
1.185016097429590691e-10
1.155427138391137703e-10
1.126576993364480481e-10
1.098447214720434866e-10
1.069683952601691801e-10
1.041280229542764374e-10
1.013630721298078142e-10
9.867154009160621128e-11
9.605147732283862821e-11
9.350098607292994333e-11
9.101821898299395391e-11
8.860137774776564801e-11
8.624871181305996591e-11
8.395851710782107057e-11
8.172913480983647306e-11
7.955895014422734972e-11
7.744639121384476650e-11
7.538992786071934916e-11
7.335805066884514213e-11
7.129531964838055463e-11
6.929058988645474485e-11
6.734223046466055838e-11
6.544865632385035126e-11
6.360832697463706331e-11
6.181974524414977752e-11
6.008145605803185234e-11
5.839204525668607611e-11
5.675013844480688769e-11
5.515439987325960478e-11
5.360353135240347573e-11
5.209627119596588458e-11
5.063139319461915804e-11
4.920770561841336117e-11
4.776982218656288490e-11
4.635556078551558774e-11
4.498316965358255989e-11
4.365140919005444402e-11
4.235907649353063627e-11
4.110500427540834922e-11
3.988805980553869987e-11
3.870714388909814447e-11
3.756118987375048567e-11
3.644916268620103007e-11
3.537005789727647637e-11
3.432290081468224741e-11
3.330674560261963688e-11
3.232067442746790828e-11
3.135371683209752267e-11
3.038252814852133381e-11
2.944142226068375742e-11
2.852946734697818815e-11
2.764576044918937571e-11
2.678942657844304370e-11
2.595961784884947979e-11
2.515551263798161139e-11
2.437631477335857669e-11
2.362125274412759857e-11
2.288957893716430451e-11
2.218056889683494529e-11
2.149352060768807008e-11
2.082775379936420806e-11
2.018260927303651532e-11
1.955744824871588635e-11
1.895165173277186846e-11
1.836461990504593714e-11
1.779577152494900913e-11
1.724454335595422766e-11
1.671038960791760320e-11
1.619278139667213688e-11
1.569120622036092594e-11
1.520516745199154927e-11
1.473418384770837723e-11
1.427778907029632849e-11
1.383553122744415111e-11
1.340697242431038336e-11
1.299168832994817644e-11
1.258926775716047206e-11
1.219931225536974567e-11
1.182143571609774020e-11
1.145526399066626491e-11
1.110043451973979407e-11
1.075659597434241133e-11
1.042340790799522156e-11
1.010054041962840900e-11
9.787673826934531320e-12
9.484498349840135717e-12
9.190713803781722233e-12
8.906029302482540440e-12
8.630162969936140598e-12
8.362841661310940075e-12
8.103800692500181045e-12
7.852783578048983731e-12
7.609541777199180546e-12
7.373834447800471456e-12
7.145428207844357261e-12
6.924096904384363581e-12
6.709621389614141403e-12
6.501789303881864008e-12
6.300394865425287033e-12
6.105238666620195092e-12
5.916127476540090254e-12
5.732874049631292221e-12
5.555296940314847375e-12
5.383220323330923546e-12
5.216473819648009840e-12
5.054892327764813040e-12
4.898315860237505634e-12
4.746589385270607615e-12
4.599562673214603522e-12
4.457090147818428699e-12
4.319030742089271595e-12
4.185247758617237716e-12
4.055608734226656082e-12
3.929985308819511986e-12
3.808253098281736474e-12
3.690291571326231720e-12
3.575983930150508463e-12
3.465216994791265832e-12
3.357881091060963310e-12
3.253869941955514779e-12
3.153080562425849854e-12
3.055413157408758675e-12
2.960771023016328702e-12
2.869060450786177972e-12
2.780190634897330784e-12
2.694073582260283885e-12
2.610624025391981766e-12
2.529759337989521627e-12
2.451399453118972873e-12
2.375466783938368227e-12
2.301886146876215625e-12
2.230584687189675451e-12
2.161491806828542504e-12
2.094539094533663320e-12
2.029660258100566612e-12
1.966791058741284986e-12
1.905869247479256150e-12
1.846834503514448378e-12
1.789628374497708699e-12
1.734194218654987842e-12
1.680477148704384235e-12
1.628423977510368067e-12
1.577983165421283365e-12
1.529104769238212200e-12
1.481740392764471179e-12
1.435843138886825310e-12
1.391367563141054235e-12
1.348269628715804823e-12
1.306506662850214807e-12
1.266037314582126076e-12
1.226821513805083082e-12
1.188820431593497477e-12
1.151996441756802600e-12
1.116313083584450180e-12
1.081735025744896285e-12
1.048228031302818130e-12
1.015758923819958690e-12
9.842955545059389699e-13
9.538067703866658050e-13
9.242623834586832092e-13
8.956331407989606539e-13
8.678906956005916977e-13
8.410075791055965481e-13
8.149571734071845444e-13
7.897136850944353707e-13
7.652521197133316000e-13
7.415482570188950844e-13
7.185786269938788480e-13
6.963204866102882735e-13
6.747517973107164333e-13
6.538512031872150222e-13
6.335980098360540431e-13
6.139721638674730312e-13
5.949542330501464800e-13
5.765253870706312954e-13
5.586673788888307981e-13
5.413625266709752881e-13
5.245936962822021073e-13
5.083442843214746715e-13
4.925982016819757615e-13
4.773398576207139869e-13
4.625541443215963961e-13
4.482264219366535353e-13
4.343425040906172712e-13
4.208886438344969353e-13
4.078515200342546911e-13
3.952182241810794719e-13
3.829762476102234671e-13
3.711134691157529772e-13
3.596181429489044808e-13
3.484788871882247617e-13
3.376846724699264334e-13
3.272248110673308475e-13
3.170889463085915216e-13
3.072670423221797574e-13
2.977493741000271010e-13
2.885265178684543182e-13
2.795893417573723389e-13
2.709289967584884646e-13
2.625369079636070686e-13
2.544047660743137963e-13
2.465245191746442313e-13
2.388883647586119862e-13
2.314887420046654046e-13
2.243183242894650206e-13
