1.211947585192272956e-07
1.230460728238416867e-07
1.249256669377179845e-07
1.268339728499625302e-07
1.287714291485445682e-07
1.307384811210976405e-07
1.327355808572603043e-07
1.347631873525804724e-07
1.368217666140068554e-07
1.389117917669918042e-07
1.410337431642299327e-07
1.431881084960592533e-07
1.453753829025458711e-07
1.475960690872836275e-07
1.498506774329307709e-07
1.521397261185117378e-07
1.544637412385107793e-07
1.568232569237847496e-07
1.592188154643231148e-07
1.616509674338828951e-07
1.641202718165276581e-07
1.666272961350994411e-07
1.691726165816531430e-07
1.717568181498832697e-07
1.743804947695737388e-07
1.770442494431010238e-07
1.797486943840245737e-07
1.824944511577885409e-07
1.852814946251186483e-07
1.881078429987277224e-07
1.909773054736407051e-07
1.938905397273575093e-07
1.968482134698182809e-07
1.998510045964445185e-07
2.028996013435085528e-07
2.059947024458795631e-07
2.091370172971715146e-07
2.123272661123339642e-07
2.155661800927272417e-07
2.188545015937115181e-07
2.221929842947926431e-07
2.255823933723675263e-07
2.290235056750982599e-07
2.325171099019680252e-07
2.360640067830487243e-07
2.396650092630257814e-07
2.433209426875277629e-07
2.470326449922903808e-07
2.508009668952142519e-07
2.546267720913467208e-07
2.585109374508382767e-07
2.624543532199233024e-07
2.664579232249619466e-07
2.705225650795944719e-07
2.746492103950609119e-07
2.788388049937211899e-07
2.830923091258400725e-07
2.874106976896739634e-07
2.917949604549147017e-07
2.962461022895476423e-07
3.007651433901616094e-07
3.053531195157808108e-07
3.100110822252579985e-07
3.147400991182885876e-07
3.195412540801077280e-07
3.244156475299103512e-07
3.293643966730705821e-07
3.343886357572019171e-07
3.394895163321235997e-07
3.446682075137991573e-07
3.499258962522907745e-07
3.552637876038120346e-07
3.606831050069232882e-07
3.661850905629400045e-07
3.717710053206254153e-07
3.774421295652193325e-07
3.831997631118756128e-07
3.890452256035831278e-07
3.949798568136238114e-07
4.010050169526449740e-07
4.071220869804235951e-07
4.133324689223742137e-07
4.196375861908980345e-07
4.260388839116207910e-07
4.325321790318779649e-07
4.391216103917083692e-07
4.458114287464279704e-07
4.526031634463241083e-07
4.594983671406403025e-07
4.664986161325300676e-07
4.736055107394032055e-07
4.808206756587853278e-07
4.881457603397272452e-07
4.955824393598881010e-07
5.031324128083574699e-07
5.107974066743101791e-07
5.185791732415825249e-07
5.264794914892594586e-07
5.345001674983643270e-07
5.426430348647452945e-07
5.509099551182502431e-07
5.593028181482894663e-07
5.678235426358800702e-07
5.764740764922721384e-07
5.852563973042630695e-07
5.941725127862832011e-07
6.032244612393822116e-07
6.124143120172005796e-07
6.217441659990419316e-07
6.312161560701522638e-07
6.408324476093158348e-07
6.505952389838795371e-07
6.605067620523187204e-07
6.705692826744590283e-07
6.807851012294719856e-07
6.911565531417611209e-07
7.016860094148591156e-07
7.123758771734667390e-07
7.232286002137261081e-07
7.342466595619146203e-07
7.454325740416124972e-07
7.567889008495350519e-07
7.683182361401284661e-07
7.800232156190730696e-07
7.919065151458285929e-07
8.039708513453586081e-07
8.162189822291747684e-07
8.286537078258415585e-07
8.412778708210874571e-07
8.540943572076672490e-07
8.671060969451251990e-07
8.803160646296068954e-07
8.937272801738849349e-07
9.073428094977266672e-07
9.211657652287967008e-07
9.351993074142289532e-07
9.494466442430404050e-07
9.639110327795513063e-07
9.785957797079779595e-07
9.935019387404613114e-07
1.008623713391704785e-06
1.023975651729285138e-06
1.039561257000917687e-06
1.055384085776129791e-06
1.071447748757855213e-06
1.087755911606373984e-06
1.104312295775813127e-06
1.121120679363358180e-06
1.138184897971401227e-06
1.155508845582811813e-06
1.173096475449517699e-06
1.190951800994634763e-06
1.209078896728303376e-06
1.227481899177477103e-06
1.246165007829863842e-06
1.265132486092220148e-06
1.284388662263258150e-06
1.303937930521335515e-06
1.323784751927190628e-06
1.343933655441940249e-06
1.364389238960558807e-06
1.385156170361115689e-06
1.406239188569953267e-06
1.427643104643095975e-06
1.449372802864101999e-06
1.471433241858653384e-06
1.493829455726081101e-06
1.516566555188129330e-06
1.539649728755203583e-06
1.563084243910353984e-06
1.586875448311311592e-06
1.611028771010789065e-06
1.635549723695370962e-06
1.660443901943260046e-06
1.685716986501152557e-06
1.711374744580578942e-06
1.737423031173945931e-06
1.763867790390622593e-06
1.790715056813366401e-06
1.817970956875373922e-06
1.845641710258329231e-06
1.873733631311694440e-06
1.902253130493625816e-06
1.931206715833796934e-06
1.960600994418527369e-06
1.990442673898476788e-06
2.020738564019305688e-06
2.051495578175636113e-06
2.082720734988640359e-06
2.114421159907688367e-06
2.146604086836327420e-06
2.179276859783031619e-06
2.212446934537080283e-06
2.246121880369918071e-06
2.280309381762458871e-06
2.315019085610094488e-06
2.350258046693993399e-06
2.386033411294391248e-06
2.422353344485498152e-06
2.459226135629369343e-06
2.496660200267813820e-06
2.534664082043056376e-06
2.573246454647705704e-06
2.612416123804332224e-06
2.652182029275227816e-06
2.692553246902760809e-06
2.733538990680733216e-06
2.775148614857350093e-06
2.817391616070117378e-06
2.860277635513293321e-06
2.903816461138331007e-06
2.948018029887767239e-06
2.992892429963164266e-06
3.038449903127575304e-06
3.084700847043005222e-06
3.131655817643505057e-06
3.179325531544389097e-06
3.227720868488070468e-06
3.276852873827181417e-06
3.326732761045494134e-06
3.377371914317147798e-06
3.428781891104931030e-06
3.480974424798016185e-06
3.533961427389909075e-06
3.587754992197168496e-06
3.642367396619440225e-06
3.697811104941572019e-06
3.754098771178380131e-06
3.811243241962655146e-06
3.869257559477190674e-06
3.928154964431449401e-06
3.987948899083466629e-06
4.048653010307821401e-06
4.110281152710313022e-06
4.172847391789966385e-06
4.236366007149286847e-06
4.300851495753266928e-06
4.366318575238072332e-06
4.432782187270104419e-06
4.500257500956109955e-06
4.568759916305279207e-06
4.638305067744041344e-06
4.708908827684278820e-06
4.780587310145983949e-06
4.853356874434927735e-06
4.927234128876411592e-06
5.002235934605790610e-06
5.078379409416765307e-06
5.155681931668130514e-06
5.234161144250154538e-06
5.313864000077952359e-06
5.394924741507546030e-06
5.477222030165487710e-06
5.560774729055272604e-06
5.645601988927478003e-06
5.731723252669293850e-06
5.819158259760906221e-06
5.907927050799864524e-06
5.998049972094569968e-06
6.089547680327726417e-06
6.182441147290936080e-06
6.276751664691622499e-06
6.372500849033162593e-06
6.469710646569538967e-06
6.568403338335487423e-06
6.668601545253520327e-06
6.770328233318726248e-06
6.873606718862668909e-06
6.978460673897700910e-06
7.084914131542681557e-06
7.192991491531464198e-06
7.302717525805534602e-06
7.414117384191824421e-06
7.527216600167222708e-06
7.642041096710934926e-06
7.758617192246275920e-06
7.876971606672887897e-06
7.997131467491191823e-06
8.119124316020124251e-06
8.242978113709711346e-06
8.368721248550087778e-06
8.496382541578120914e-06
8.625991253483388584e-06
8.757577091314823329e-06
8.891170215289842551e-06
9.026801245707189377e-06
9.164501269965218963e-06
9.304301849687420856e-06
9.446235027956442903e-06
9.590333336658590259e-06
9.736629803940231019e-06
9.885157961778161649e-06
1.003595185366526039e-05
1.018904604241338863e-05
1.034447561807550206e-05
1.050227620598843514e-05
1.066248397493835800e-05
1.082513564545099967e-05
1.099026849820811124e-05
1.115792038259245123e-05
1.132812972536299528e-05
1.150093553946269316e-05
1.167637743296039391e-05
1.185449561812916379e-05
1.203533092066331418e-05
1.221892478903580329e-05
1.239900879806851156e-05
1.257859046084762064e-05
1.276077310360276921e-05
1.294559439775725856e-05
1.313309256035032923e-05
1.332330636193961924e-05
1.351627513461807008e-05
1.371203878014695749e-05
1.391063777820670557e-05
1.411211319476721381e-05
1.431650669057940143e-05
1.452386052978975769e-05
1.473421758867964500e-05
1.494762136453118435e-05
1.516411598462155761e-05
1.538374621534756835e-05
1.560655747148235667e-05
1.583259582556620281e-05
1.606190801743331842e-05
1.629454146387664159e-05
1.653054426845256507e-05
1.676996523142783055e-05
1.701285385987022874e-05
1.725926037788552448e-05
1.750923573700302596e-05
1.776283162671093990e-05
1.802010048514476854e-05
1.828109550993038172e-05
1.854587066918411190e-05
1.881448071267220317e-05
1.908698118313186396e-05
1.936342842775631558e-05
1.964387960984616401e-05
1.992839272062953132e-05
2.021702659125338583e-05
2.050984090494855139e-05
2.080689620937090293e-05
2.110825392912130956e-05
2.141397637844691740e-05
2.172412677412637733e-05
2.203876924854166746e-05
2.235796886293949843e-05
2.268179162088412444e-05
2.301030448190584943e-05
2.334357537534678009e-05
2.368167321440693603e-05
2.402466791039397322e-05
2.437263038717973914e-05
2.472563259586534054e-05
2.508374752965928387e-05
2.544704923897086381e-05
2.581561284672216421e-05
2.618951456388186647e-05
2.656883170522402303e-05
2.695364270531507250e-05
2.733476741272921866e-05
2.767539466772569421e-05
2.802026658758777910e-05
2.836943606643817605e-05
2.872295665753011717e-05
2.908088258146101200e-05
2.944326873448835610e-05
2.981017069694967222e-05
3.018164474178635870e-05
3.055774784317532450e-05
3.093853768526661180e-05
3.132407267103092278e-05
3.171441193121700322e-05
3.210961533342071919e-05
3.250974349126714498e-05
3.291485777370706137e-05
3.332502031442932802e-05
3.374029402139051240e-05
3.416074258646321845e-05
3.458643049520508694e-05
3.501742303674842017e-05
3.545378631381444241e-05
3.589558725285159991e-05
3.634289361429996710e-05
3.679577400298413080e-05
3.725429787863527068e-05
3.771853556654444171e-05
3.818855826834859004e-05
3.866443807295094902e-05
3.914624796757757710e-05
3.963406184897163680e-05
4.012795453472708864e-05
4.062800177476412402e-05
4.113428026294637123e-05
4.164686764884437380e-05
4.216584254964492119e-05
4.269128456220840691e-05
4.322327427527714153e-05
4.376189328183547423e-05
4.430722419162395930e-05
4.485935064380946460e-05
4.541835731981320778e-05
4.598432995629859029e-05
4.655735535832092304e-05
4.713752141264090738e-05
4.772491710120458166e-05
4.831963251478972674e-05
4.892175886682470032e-05
4.953138850737711149e-05
5.014861493731831232e-05
5.077353282266381464e-05
5.140623800909256648e-05
5.204682753664707329e-05
5.269539965461677650e-05
5.335205383660683744e-05
5.401689079579473888e-05
5.461821542817288410e-05
5.519047110116425542e-05
5.576872251298934351e-05
5.635303248326845613e-05
5.694346448980713155e-05
5.753626439720964440e-05
5.811071564584156861e-05
5.869090230744324212e-05
5.927688164529333782e-05
5.986871149439636176e-05
6.046645026719038807e-05
6.105067989429988344e-05
6.162756216839742967e-05
6.220989553916968999e-05
6.279773151531509395e-05
6.339112209224960319e-05
6.398755965030595205e-05
6.455435903812852504e-05
6.512617911353135215e-05
6.570306434957562630e-05
6.628505961326322559e-05
6.687221016902585209e-05
6.744163233937470320e-05
6.799576740731259796e-05
6.855445553339685970e-05
6.911773412788997119e-05
6.968564090843670864e-05
7.025818273450342257e-05
7.078683851574592908e-05
7.131947215300697164e-05
7.185611357755572405e-05
7.239679294587844898e-05
7.294154064137299759e-05
7.346418159095883616e-05
7.396043433947420735e-05
7.446003929017948320e-05
7.496301908730092017e-05
7.546939652802708007e-05
7.597919456354264398e-05
7.643255132822171288e-05
7.688428946612663715e-05
7.733869750503190614e-05
7.779579122481220053e-05
7.825558649860624768e-05
7.868930622147512978e-05
7.908187358427055242e-05
7.947639939786089005e-05
7.987289343261915701e-05
8.027136550766112929e-05
8.067182549108792126e-05
8.100371614561925691e-05
8.132595403081422627e-05
8.164947379861421054e-05
8.197428054842862983e-05
8.230037939995316716e-05
8.259694494382057198e-05
8.283223163300163416e-05
8.306818856278457962e-05
8.330481764242548680e-05
8.354212078661865670e-05
8.378009991551280816e-05
8.393571744716466778e-05
8.407054282873622489e-05
8.420558477941630796e-05
8.434084364707861083e-05
8.447631978015558447e-05
8.458176020257560795e-05
8.460290304921650134e-05
8.462405118092095990e-05
8.464520459900973161e-05
8.466636330480459445e-05
8.468752729962697402e-05
8.461520151600352541e-05
8.450842892625315590e-05
8.440179106862811804e-05
8.429528777311492667e-05
8.418891886991512101e-05
8.405525923429957508e-05
8.380977949465443508e-05
8.356501666794401986e-05
8.332096866045518710e-05
8.307763338458938303e-05
8.283500875884483442e-05
8.249519514080403055e-05
8.210714194162226586e-05
8.172091412493888147e-05
8.133650310424715474e-05
8.095390033343136625e-05
8.055338008893097733e-05
8.002206476336081245e-05
7.949425389626124205e-05
7.896992437286669850e-05
7.844905323087242180e-05
7.793161765942880790e-05
7.732487586088473508e-05
7.666025295816259648e-05
7.600134262332907439e-05
7.534809575571075832e-05
7.470046367666506983e-05
7.404930778755280474e-05
7.326524577013831467e-05
7.248948569727308041e-05
7.172193966483487472e-05
7.096252069946362446e-05
7.021114274870605347e-05
6.939918413185649484e-05
6.853591293120455774e-05
6.768338014448656347e-05
6.684145219428920786e-05
6.600999716479721065e-05
6.518888478112400391e-05
6.427382545320928426e-05
6.337092467032310998e-05
6.248070758594076598e-05
6.160299602300139173e-05
6.073761430742584210e-05
5.985282727693757573e-05
5.894437103689581156e-05
5.804970349786648032e-05
5.716861537263549705e-05
5.630090055058525449e-05
5.544635604947932583e-05
5.458266465057669595e-05
5.373068032890040892e-05
5.289199468527564608e-05
5.206640013978172064e-05
5.125369235262638046e-05
5.046105231178834108e-05
4.969195009938150273e-05
4.893457015961910541e-05
4.818873382746342182e-05
4.745426516099987714e-05
4.673099089993300385e-05
4.606411974011750466e-05
4.541416762996012017e-05
4.477338616602112987e-05
4.414164595299470298e-05
4.351881942130733660e-05
4.292640733593371615e-05
4.238654893284875822e-05
4.185347998906106446e-05
4.132711511781482277e-05
4.080737000620993354e-05
4.029416140169650971e-05
3.982543172755895482e-05
3.937212429457580005e-05
3.892397657034868267e-05
3.848092982521092431e-05
3.804292599797799587e-05
3.760907426510377654e-05
3.717778369352426010e-05
3.675143904419263811e-05
3.632998359862623039e-05
3.591336128877414585e-05
3.550151668955858812e-05
3.504032105905589741e-05
3.456467052141934962e-05
3.409547664362825111e-05
3.363265178054598376e-05
3.317610947676412277e-05
3.269975435907783472e-05
3.212045187432955754e-05
3.155141219966689265e-05
3.099245352114367161e-05
3.044339724579407967e-05
2.990406794457033977e-05
2.927391934323968467e-05
2.860546751666489574e-05
2.795227937375378526e-05
2.731400637773878073e-05
2.669030795047330878e-05
2.606836809994238487e-05
2.537281126273033719e-05
2.469581329011383665e-05
2.403687899401241499e-05
2.339552639896601749e-05
2.277128638959573993e-05
2.216466373702883280e-05
2.157485836872329209e-05
2.100074781882827369e-05
2.044191444562970175e-05
1.989795172092873277e-05
1.937338088829746019e-05
1.894718902532887742e-05
1.853037288800718493e-05
1.812272622126494457e-05
1.772404730740663069e-05
1.733413886629143856e-05
1.700002457831595163e-05
1.671522851640717399e-05
1.643520355329913590e-05
1.615986976027508206e-05
1.588914854763895515e-05
1.562296264228304620e-05
1.535862126066711155e-05
1.509871623590533897e-05
1.484320943288173075e-05
1.459202642304499443e-05
1.434509403735497749e-05
1.406170566039455660e-05
1.373582610279559082e-05
1.341749879302667480e-05
1.310654870799741049e-05
1.280280488077157033e-05
1.250610030656600483e-05
1.215606208360507731e-05
1.181063737755060911e-05
1.147502820441561754e-05
1.114895564759452824e-05
1.083214871613120045e-05
1.053557277563836596e-05
1.026461537494928594e-05
1.000062654773521895e-05
9.743427073881994252e-06
9.492842342518632821e-06
9.248702233475169403e-06
9.054183374187321865e-06
8.871217973027128510e-06
8.691949905644929861e-06
8.516304456947186292e-06
8.344208421670299981e-06
8.171152254627481610e-06
7.992328742357589341e-06
7.817418735495999400e-06
7.646336588008869402e-06
7.478998528203284145e-06
7.315322617707642941e-06
7.132887991114011574e-06
6.948983445714879569e-06
6.769820441450376628e-06
6.595276728964006136e-06
6.425233210808035439e-06
6.262808552825631909e-06
6.113992145641429274e-06
5.968711903240244593e-06
5.826883799528388740e-06
5.688425805034142144e-06
5.553257839464261194e-06
5.428187638378418975e-06
5.308612780569307434e-06
5.191671978097393948e-06
5.077307206661821315e-06
4.965461720150390899e-06
4.854952161291943138e-06
4.741938727419411597e-06
4.631556016942568473e-06
4.523742791959436225e-06
4.418439240062149302e-06
4.315586941154279197e-06
4.217109365408755886e-06
4.121931199072509905e-06
4.028901158991039398e-06
3.937970762969495127e-06
3.849092623033257211e-06
3.762579362003136644e-06
3.680737159508147328e-06
3.600675157632131458e-06
3.522354634124888563e-06
3.445737709007921655e-06
3.370787326253699455e-06
3.297867823136380425e-06
3.226809329443735178e-06
3.157281918801315703e-06
3.089252601271032878e-06
3.022689097742374857e-06
2.957667587290341211e-06
2.896211768056279648e-06
2.836032906967872968e-06
2.777104470783418624e-06
2.719400477581489066e-06
2.662895485305341384e-06
2.610401164759545047e-06
2.561588454467347048e-06
2.513688508358002279e-06
2.466684258367710446e-06
2.420558955593756582e-06
2.375296164326402031e-06
2.330879756192400397e-06
2.287293904408025528e-06
2.244523078139541405e-06
2.202552036969143295e-06
2.161365825464385158e-06
2.120949767849130305e-06
2.081289462774201221e-06
2.042370778185750309e-06
2.004179846289650289e-06
1.966703058610006901e-06
1.929927061140072730e-06
1.893838749583875095e-06
1.858425264686782173e-06
1.823673987653386586e-06
1.789572535651110614e-06
1.756108757397832857e-06
1.723270728832078573e-06
1.691046748864136184e-06
1.659425335206641148e-06
1.628395220283129201e-06
1.597945347213063350e-06
1.568064865872004106e-06
1.538743129025386049e-06
1.509969688534623368e-06
1.481734291634157178e-06
1.454026877278089974e-06
1.426837572555195968e-06
1.400156689170907604e-06
1.373974719995116944e-06
1.348282335674526694e-06
1.323070381308335988e-06
1.298329873186116613e-06
1.274051995586648919e-06
1.250228097636658416e-06
1.226849690228263406e-06
1.204206384677153839e-06
1.182718499325117291e-06
1.161614044274376989e-06
1.140886177586163631e-06
1.120528179409408241e-06
1.100533449802212609e-06
1.080895506592194510e-06
1.061607983274990071e-06
1.042664626950288586e-06
1.024059296294664988e-06
1.005785959570604130e-06
9.878386926710557677e-07
9.702116771988578710e-07
9.528991985804643386e-07
9.358956442132999267e-07
9.191955016461937169e-07
9.027933567922810524e-07
8.866838921737756178e-07
8.708618851980895730e-07
8.553222064646872184e-07
8.400598181021711732e-07
8.250697721350310104e-07
8.103472088795442260e-07
7.958873553682918866e-07
7.816855238027879357e-07
7.677371100337278095e-07
7.540375920683474005e-07
7.405825286044245959e-07
7.273675575904322169e-07
7.143883948113839022e-07
7.016408324999218916e-07
6.891207379721806285e-07
6.768240522879998076e-07
6.647467889350368798e-07
6.528850325363611109e-07
6.412349375811154179e-07
6.297927271778223605e-07
6.185546918299420059e-07
6.075171882332728672e-07
5.966766380948113627e-07
5.860295269726947733e-07
5.754438307793406083e-07
5.629033697190372525e-07
5.506361988656907389e-07
5.386363624943168834e-07
5.268980346711234230e-07
5.154155164249989192e-07
5.041832329806704241e-07
4.931957310521357993e-07
4.824476761950862685e-07
4.719338502170349421e-07
4.616491486438675827e-07
4.515885782416270132e-07
4.417472545922847045e-07
4.321203997223536139e-07
4.227033397831736863e-07
4.134915027817561690e-07
4.044804163610742699e-07
3.956657056287311487e-07
3.870430910329431689e-07
3.786083862848114885e-07
3.703574963258762444e-07
3.622864153399597594e-07
3.543912248083407787e-07
3.466680916073073537e-07
3.391132661471700813e-07
3.317230805518340350e-07
3.244939468780397362e-07
3.174223553734145401e-07
3.105048727724826384e-07
3.037381406298097281e-07
2.971188736894759693e-07
2.906438582900793297e-07
2.843099508045011599e-07
2.781140761136700836e-07
2.720532261135899838e-07
2.661244582548976529e-07
2.603248941142590894e-07
2.546517179968853066e-07
2.491021755695135364e-07
2.436735725231745036e-07
2.383632732650986670e-07
2.331686996391397565e-07
2.268913449322136447e-07
2.205401146321030268e-07
2.143666704275237042e-07
2.083660356613105138e-07
2.025333729848151685e-07
1.968639804583216286e-07
1.913532877606308635e-07
1.859968525047420764e-07
1.807903566566688442e-07
1.757296030545047323e-07
1.708105120249212809e-07
1.660291180943853728e-07
1.613815667924324849e-07
1.568641115444256887e-07
1.524731106512953793e-07
1.482050243538216799e-07
1.440564119790929657e-07
1.400239291668462116e-07
1.361043251734429132e-07
1.322944402513188986e-07
1.285912031017867433e-07
1.249916283991388777e-07
1.214928143840613894e-07
1.180919405244071275e-07
1.147862652414583632e-07
1.115731236998279768e-07
1.084499256592328265e-07
1.054141533863973517e-07
1.024633596254091599e-07
9.959516562489139919e-08
9.680725922039489022e-08
9.409739297047299559e-08
9.146338234492871625e-08
8.890310396378050602e-08
8.641449388551885245e-08
8.399554594328525539e-08
8.164431012761891972e-08
7.935889101447890767e-08
7.713744623726695267e-08
7.497818500162284319e-08
7.287936664179583630e-08
7.062730310960720327e-08
6.830724772988360562e-08
6.606340447674582110e-08
6.389326983743689594e-08
6.179442253776827400e-08
5.976452084064173823e-08
5.780129993331429935e-08
5.590256940048945212e-08
5.406621078041457024e-08
5.229017520126036846e-08
5.057248109514249499e-08
4.891121198723577112e-08
4.730451435751504070e-08
4.575059557273510857e-08
4.424772188634563294e-08
4.279421650410536068e-08
4.138845771324052298e-08
4.002887707305899827e-08
3.871395766500061833e-08
3.744223240017370131e-08
3.621228238248617533e-08
3.502273532554738587e-08
3.387226402157359691e-08
3.275958486058805184e-08
3.168345639826566674e-08
3.064267797082164239e-08
2.963608835540035354e-08
2.866256447447010117e-08
2.772102014277633049e-08
2.681040485545799315e-08
2.592970261597220489e-08
2.507793080252126875e-08
2.425413907171675231e-08
2.345740829825690446e-08
2.268684954943586029e-08
2.194160309333850583e-08
2.122083743961591261e-08
2.052374841177056659e-08
1.984955824991598297e-08
1.919751474301064899e-08
1.856689038959701421e-08
1.793919560717769980e-08
1.730346787974975975e-08
1.669026901884790478e-08
1.609880064836707027e-08
1.552829268498834359e-08
1.497800233554174657e-08
1.444721312990007976e-08
1.393523398814499025e-08
1.344139832079118698e-08
1.296506316089623852e-08
1.250560832692701741e-08
1.206243561529214983e-08
1.163496802148944029e-08
1.122264898885455644e-08
1.082494168393213465e-08
1.044132829752625459e-08
1.007130937052043342e-08
9.714403143588852753e-09
9.370144929952860536e-09
9.038086510365402616e-09
8.717795549535825172e-09
8.408855033235792254e-09
8.110862725352667099e-09
7.823430644183643893e-09
7.546184557289575775e-09
7.278763494249332928e-09
7.020819276681744558e-09
6.772016064922289789e-09
6.532029920764481448e-09
6.300548385697318080e-09
6.077270074088589310e-09
5.861904280785070742e-09
5.654170602618790449e-09
5.453798573325842984e-09
5.260527311403512543e-09
5.074105180446131179e-09
4.894289461518063506e-09
4.720846037137301223e-09
4.553549086457628947e-09
4.392180791253382558e-09
4.236531052323109013e-09
4.085702781401256409e-09
3.936172458765748778e-09
3.792114711739313646e-09
3.653329252626005216e-09
3.519623123945850183e-09
3.390810430160383136e-09
3.266712079216746343e-09
3.147155533550663121e-09
3.031974570202527846e-09
2.921009049712661169e-09
2.814104693474829869e-09
2.711112869238151274e-09
2.611890384459309797e-09
2.516299287217802853e-09
2.424206674417375358e-09
2.335484507006926274e-09
2.250009431964104706e-09
2.167662610793923178e-09
2.088329554304236205e-09
2.011899963427996806e-09
1.938267575871265017e-09
1.867330018373612047e-09
1.798988664375600396e-09
1.733148496895411347e-09
1.669717976423941044e-09
1.608608913654726098e-09
1.549736346871821652e-09
1.493018423824996551e-09
1.438376287928179090e-09
1.385733968622852056e-09
1.335018275753946462e-09
1.286158697811446189e-09
1.239087303896132847e-09
1.193738649273335107e-09
1.150049684383158510e-09
1.107959667180850750e-09
1.067410078685369589e-09
1.028344541618698312e-09
9.907087420229220479e-10
9.544503537459083474e-10
9.195189656907420157e-10
8.858660117276913782e-10
8.530545740051587451e-10
8.214224632724474175e-10
7.909633026180780726e-10
7.616335978883404469e-10
7.333914677359394766e-10
7.061965838155279125e-10
6.800101131968496698e-10
6.547946629132739175e-10
6.305142265664948225e-10
6.071341329112249889e-10
5.846209963463650531e-10
5.629426692420755237e-10
5.420681960345434123e-10
5.219677690230118089e-10
5.026126858058595692e-10
4.839753082950312567e-10
4.660290232502103515e-10
4.487482042764657829e-10
4.321081752310425127e-10
4.160851749870564017e-10
4.006563235038127240e-10
3.857995891552352183e-10
3.714937572698325120e-10
