3.827114121229564877e-09
3.878105994204098402e-09
3.929777274958772501e-09
3.982137015817121375e-09
4.035194389714409601e-09
4.088958691804717502e-09
4.143439341089257766e-09
4.198645882066569336e-09
4.254587986404603455e-09
4.311275454635091490e-09
4.368718217870577489e-09
4.426926339544152723e-09
4.485910017172539044e-09
4.545679584142588081e-09
4.606245511521567663e-09
4.667618409891674709e-09
4.729809031208794440e-09
4.792828270686218933e-09
4.856687168703367211e-09
4.921396912739932869e-09
4.986968839335910865e-09
5.053414436077529134e-09
5.120745343609847674e-09
5.188973357676069773e-09
5.258110431184022818e-09
5.328168676300284297e-09
5.399160366571987756e-09
5.471097939077121811e-09
5.543591082847462279e-09
5.615048324182509235e-09
5.687426653899240322e-09
5.760737944885426747e-09
5.834994223071095081e-09
5.910207669401344747e-09
5.986390621834336613e-09
6.063555577365391548e-09
6.141715194076824212e-09
6.220882293214430265e-09
6.301069861290756031e-09
6.382291052215244911e-09
6.464559189452066224e-09
6.547887768205767921e-09
6.632290457634864848e-09
6.717781103094190550e-09
6.804373728406167319e-09
6.892082538161093735e-09
6.980921920047341401e-09
7.070906447211584953e-09
7.162050880649199352e-09
7.254370171625726068e-09
7.347879464129559557e-09
7.442594097355978905e-09
7.538529608223461864e-09
7.635701733922445861e-09
7.734126414496663393e-09
7.833819795458017101e-09
7.934798230435183974e-09
8.037078283856056190e-09
8.140676733665055902e-09
8.245610574075469537e-09
8.351897018356976979e-09
8.459553501659394713e-09
8.568597683872834779e-09
8.679047452524408553e-09
8.790920925712588761e-09
8.904236455079393499e-09
9.019012628820570926e-09
9.135268274734884787e-09
9.253022463312738993e-09
9.372294510864257056e-09
9.493103982688024081e-09
9.615470696280688155e-09
9.739414724587566746e-09
9.864956399295518718e-09
9.992116314168262293e-09
1.012091532842431266e-08
1.025137457015886109e-08
1.038351543980962530e-08
1.051735961366731133e-08
1.065292904743140324e-08
1.079024597981168935e-08
1.092933293617640002e-08
1.107021273224719695e-08
1.121290847784177510e-08
1.135304152941773134e-08
1.149272869545316382e-08
1.163413456429653727e-08
1.177728028276772534e-08
1.192218725787584812e-08
1.206887716002069767e-08
1.221737192623331736e-08
1.236769376345681024e-08
1.251986515186714332e-08
1.267390884823507096e-08
1.282984788932941400e-08
1.298770559536198575e-08
1.314750557347513768e-08
1.330927172127221092e-08
1.347302823039117322e-08
1.363879959012260939e-08
1.380661059107184006e-08
1.397648632886635681e-08
1.414845220790888287e-08
1.432253394517636386e-08
1.449875757406593249e-08
1.467714944828822764e-08
1.485773624580832766e-08
1.504054497283544761e-08
1.522560296786173628e-08
1.541293790575046582e-08
1.560257780187482991e-08
1.579455101630765001e-08
1.598888625806234355e-08
1.618561258938636523e-08
1.638475943010748192e-08
1.658635656203322212e-08
1.679043413340474725e-08
1.699702266340553521e-08
1.720615304672519394e-08
1.741785655817994669e-08
1.763216485738943844e-08
1.784910999351144163e-08
1.806872441003482185e-08
1.829104094963113746e-08
1.851609285906628910e-08
1.874391379417256348e-08
1.897453782488151448e-08
1.920799944031931305e-08
1.944433355396422823e-08
1.968357550886794008e-08
1.992576108294112123e-08
2.017092649430365429e-08
2.041910840670108333e-08
2.067034393498766988e-08
2.092467065067657964e-08
2.118212658755869538e-08
2.144275024739059205e-08
2.170658060565210104e-08
2.197365711737510113e-08
2.224101033070446333e-08
2.249672347618582991e-08
2.275537665055067339e-08
2.301700365640177467e-08
2.328163868498265370e-08
2.354931632064642599e-08
2.382007154537530237e-08
2.409393974335236007e-08
2.437095670558561128e-08
2.465115863458570630e-08
2.493458214909694335e-08
2.522126428888290221e-08
2.551124251956712496e-08
2.580455473752915506e-08
2.610123927485743676e-08
2.640133490435858854e-08
2.670488084462458248e-08
2.701191676515813738e-08
2.732248279155678861e-08
2.763661951075712393e-08
2.795436797633874166e-08
2.827576971388945991e-08
2.860086672643225671e-08
2.892970149991425855e-08
2.926231700875946818e-08
2.959875672148471550e-08
2.993906460638049904e-08
3.028328513725711854e-08
3.063146329925658490e-08
3.098364459473195526e-08
3.133987504919365980e-08
3.170020121732448787e-08
3.206467018906375944e-08
3.243332959576108565e-08
3.280622761640158452e-08
3.318341298390195624e-08
3.356493499147932393e-08
3.395084349909328314e-08
3.434118893996167633e-08
3.473602232715195180e-08
3.513539526024766372e-08
3.553935993209190657e-08
3.594796913560833247e-08
3.636127627070019486e-08
3.677933535122945659e-08
3.720220101207541990e-08
3.762992851627486342e-08
3.806257376224426860e-08
3.850019329108471127e-08
3.894284429397152262e-08
3.939058461962809108e-08
3.984347278188606807e-08
4.030156796733237487e-08
4.076493004304386413e-08
4.123361956441160137e-08
4.170769778305437625e-08
4.215636062236932907e-08
4.259447414308393848e-08
4.303714079538303720e-08
4.348440789806918522e-08
4.393632326170957384e-08
4.439293519374700929e-08
4.485429250366308143e-08
4.532044450819639629e-08
4.579144103661363559e-08
4.626733243603630873e-08
4.674816957682291928e-08
4.723400385800604958e-08
4.772488721278744065e-08
4.822087211408860577e-08
4.872201158016069655e-08
4.922835918025119970e-08
4.973996904033051500e-08
5.025689584887802415e-08
5.077919486272733941e-08
5.130692191297376281e-08
5.184013341094152079e-08
5.237888635421471159e-08
5.292323833272927204e-08
5.347324753492940496e-08
5.402897275398793767e-08
5.459047339409023441e-08
5.515780947678509717e-08
5.573104164739987563e-08
5.631023118152402789e-08
5.689543999155839245e-08
5.748673063333361912e-08
5.808416631279744783e-08
5.868781089277026618e-08
5.929772889977267151e-08
5.991398553092205281e-08
6.053664666090283809e-08
6.116577884900725726e-08
6.180144934625056444e-08
6.244372610256025656e-08
6.309267777403863978e-08
6.374837373030281990e-08
6.441088406189912591e-08
6.508027958779576488e-08
6.575663186295343042e-08
6.644001318597318958e-08
6.713049660682598944e-08
6.782815593466015676e-08
6.853306574569235696e-08
6.924530139117843884e-08
6.996493900546851939e-08
7.069205551414573954e-08
7.142672864224828068e-08
7.216903692257891664e-08
7.291905970409854115e-08
7.367687716040942773e-08
7.442502780022410505e-08
7.509415902581894565e-08
7.576930619269454933e-08
7.645052338822289137e-08
7.713786518605776057e-08
7.783138665050738159e-08
7.853114334094482284e-08
7.923719131625937960e-08
7.994958713934808538e-08
8.066838788164612053e-08
8.139365112769934760e-08
8.212543497977809975e-08
8.286379806253077980e-08
8.360879952768097556e-08
8.436049905876668855e-08
8.511895687592069682e-08
8.588423374069557224e-08
8.665639096093107590e-08
8.743549039566635370e-08
8.822159446009454961e-08
8.901476613056364855e-08
8.981506894962136489e-08
9.062256703110630018e-08
9.143732506528322592e-08
9.225940832402603853e-08
9.308888266604735395e-08
9.392581454217355095e-08
9.477027100066873048e-08
9.562231969260675751e-08
9.648202887728967779e-08
9.734946742771696993e-08
9.822470483610260187e-08
9.910781121944309453e-08
9.999885732513346946e-08
1.008979145366355403e-07
1.018050548791972778e-07
1.027203510256215675e-07
1.036438763020890977e-07
1.045757046940321497e-07
1.055159108520626366e-07
1.064645700979511905e-07
1.074217584306620068e-07
1.083875525324419000e-07
1.093620297749621657e-07
1.103452682255176708e-07
1.113373466532815696e-07
1.123383445356144023e-07
1.133483420644320361e-07
1.143674201526295361e-07
1.153956604405642101e-07
1.164331453025945441e-07
1.174799578536801243e-07
1.185361819560408382e-07
1.196019022258737528e-07
1.206772040401327004e-07
1.217621735433686653e-07
1.227166669229223140e-07
1.236090105051533653e-07
1.245078428316494011e-07
1.254132110858084449e-07
1.263251627941260980e-07
1.272437458286897598e-07
1.281690084096934157e-07
1.291009991079667722e-07
1.300397668475268369e-07
1.309853609081453026e-07
1.319378309279347237e-07
1.328972269059557103e-07
1.338635992048409039e-07
1.348369985534377729e-07
1.358174760494736698e-07
1.368050831622357373e-07
1.377998717352748494e-07
1.388018939891262017e-07
1.398112025240497275e-07
1.408278503227933314e-07
1.418518907533717927e-07
1.428833775718703379e-07
1.439223649252657641e-07
1.449689073542677048e-07
1.460230597961839835e-07
1.470848775878020611e-07
1.481544164682958941e-07
1.492317325821511099e-07
1.503168824821113582e-07
1.514099231321490404e-07
1.525109119104532187e-07
1.536199066124437562e-07
1.547369654538042773e-07
1.558621470735372831e-07
1.569955105370441484e-07
1.581371153392248390e-07
1.592870214076000485e-07
1.604452891054592493e-07
1.616119792350269546e-07
1.627871530406565620e-07
1.639708722120444994e-07
1.651631988874675059e-07
1.663641956570469108e-07
1.675739255660314427e-07
1.687924521181092340e-07
1.700198392787403133e-07
1.712561514785133437e-07
1.725014536165300229e-07
1.737558110638107376e-07
1.750192896667252322e-07
1.762919557504514946e-07
1.775738761224547319e-07
1.788651180759967342e-07
1.801657493936673927e-07
1.814758383509417886e-07
1.827372219857605705e-07
1.837208344481378565e-07
1.847097413626559167e-07
1.857039712275542172e-07
1.867035526944685408e-07
1.877085145692567119e-07
1.887188858128287414e-07
1.897346955419813403e-07
1.907559730302370899e-07
1.917827477086880085e-07
1.928150491668441184e-07
1.938529071534845031e-07
1.948963515775170191e-07
1.959454125088386427e-07
1.970001201792024352e-07
1.980605049830886632e-07
1.991265974785808158e-07
2.001984283882461751e-07
2.012760286000211239e-07
2.023594291681018280e-07
2.034486613138373523e-07
2.045437564266319370e-07
2.056447460648479338e-07
2.067516619567156524e-07
2.078645360012476794e-07
2.089834002691581998e-07
2.101082870037871107e-07
2.112392286220293482e-07
2.123762577152693767e-07
2.135194070503187484e-07
2.146687095703629010e-07
2.158241983959088552e-07
2.169859068257401120e-07
2.181538683378761819e-07
2.193281165905374089e-07
2.205086854231149551e-07
2.216956088571458683e-07
2.228889210972940784e-07
2.240886565323342788e-07
2.252948497361456290e-07
2.265075354687062237e-07
2.277267486770953714e-07
2.289525244965007161e-07
2.301848982512306009e-07
2.314239054557321486e-07
2.326695818156147420e-07
2.339219632286789309e-07
2.351810857859514003e-07
2.364469857727231420e-07
2.377196996695980808e-07
2.389992641535422311e-07
2.402857160989414030e-07
2.415790925786636986e-07
2.428794308651277534e-07
2.441867684313771448e-07
2.455011429521606231e-07
2.466235445170873684e-07
2.476525354166483680e-07
2.486858195894797280e-07
2.497234149484656044e-07
2.507653394812288994e-07
2.518022884885824274e-07
2.527840226874978875e-07
2.537695845007019291e-07
2.547589888514102228e-07
2.557522507210219796e-07
2.567493851493447848e-07
2.577045163586922034e-07
2.586327657536300469e-07
2.595643586947011746e-07
2.604993072253293035e-07
2.614376234323188901e-07
2.623734262204027107e-07
2.632318934168179186e-07
2.640931694568652051e-07
2.649572635308801588e-07
2.658241848592700498e-07
2.666939426926102321e-07
2.675135060647500081e-07
2.682892550335554481e-07
2.690672535577994666e-07
2.698475081608553260e-07
2.706300253850130757e-07
2.714147413091362271e-07
2.720924165555660769e-07
2.727717838388306335e-07
2.734528473836494463e-07
2.741356114252928131e-07
2.748200802096033792e-07
2.754454550501207116e-07
2.760026670331660214e-07
2.765610062273821625e-07
2.771204749130605500e-07
2.776810753751030524e-07
2.782428099030356497e-07
2.786675733560179836e-07
2.790830562704787989e-07
2.794991586544038355e-07
2.799158814313983485e-07
2.803332255264450804e-07
2.806833971380955768e-07
2.809318729016198560e-07
2.811805686290097665e-07
2.814294845149889715e-07
2.816786207544534524e-07
2.819279775424717733e-07
2.820092528275899496e-07
2.820643691884916105e-07
2.821194963214272048e-07
2.821746342285019801e-07
2.822297829118217662e-07
2.822099106715256311e-07
2.820388368810972929e-07
2.818678667944741923e-07
2.816970003487928792e-07
2.815262374812263787e-07
2.813555781289862560e-07
2.809789475229386174e-07
2.805506635304693424e-07
2.801230323526669686e-07
2.796960529944757295e-07
2.792697244623546184e-07
2.787683087832384002e-07
2.780570392869329887e-07
2.773475845747348332e-07
2.766399400162732648e-07
2.759341009929914478e-07
2.752300628981182687e-07
2.742877893409491078e-07
2.732603611159425968e-07
2.722367814354163642e-07
2.712170358834777116e-07
2.702011100982327673e-07
2.691181080105382904e-07
2.677505469547338953e-07
2.663899353504372975e-07
2.650362378830441339e-07
2.636894194174076298e-07
2.623494449969250736e-07
2.607594808758303536e-07
2.590491930753414807e-07
2.573501228319311215e-07
2.556621965710894385e-07
2.539853412008725933e-07
2.522674486494985928e-07
2.502113535556388959e-07
2.481720165772539980e-07
2.461493011280370464e-07
2.441430717349236738e-07
2.421531940290152991e-07
2.399310542877403912e-07
2.375617418165998279e-07
2.352158262400486980e-07
2.328930765144053099e-07
2.305932638775378926e-07
2.282919266281443209e-07
2.256445119638788985e-07
2.230277983607858344e-07
2.204414297903333587e-07
2.178850543527158277e-07
2.153583242289772512e-07
2.126781560770144892e-07
2.098696159778155943e-07
2.070981643019620629e-07
2.043633112750163562e-07
2.016645735903007673e-07
1.990014743234860336e-07
1.960898594516864558e-07
1.932189769055663883e-07
1.903901259393382598e-07
1.876026911834501375e-07
1.848560662777577460e-07
1.820648261294659819e-07
1.792175230522782918e-07
1.764147488112510405e-07
1.736558070220535001e-07
1.709400121910749740e-07
1.682666895451068793e-07
1.655713266154369991e-07
1.629140989242273052e-07
1.602995166544638885e-07
1.577268953966110641e-07
1.551955617251120881e-07
1.527236015251843760e-07
1.503196474535588549e-07
1.479535329504134498e-07
1.456246623999839927e-07
1.433324495618274679e-07
1.410763174232503702e-07
1.389733969781218211e-07
1.369210089545495804e-07
1.348989310240666515e-07
1.329067155609152617e-07
1.309439215499687939e-07
1.290668133257477588e-07
1.273331555618269211e-07
1.256227847232203381e-07
1.239353880141135101e-07
1.222706568402454800e-07
1.206282867524695721e-07
1.191070205743934651e-07
1.176308797058269044e-07
1.161730332405063809e-07
1.147332544485875444e-07
1.133113194101787425e-07
1.119039500963636409e-07
1.105053161971244761e-07
1.091241631534082156e-07
1.077602724803709273e-07
1.064134284239052407e-07
1.050834179265119869e-07
1.036237252535248991e-07
1.021290338779140891e-07
1.006559022590371675e-07
9.920401941422708536e-08
9.777307884649925343e-08
9.629329625398277873e-08
9.454280346632181468e-08
9.282413246811911134e-08
9.113670477868005097e-08
8.947995243337181029e-08
8.785331779245408588e-08
8.599102873226931468e-08
8.403189938253112868e-08
8.211740477976105106e-08
8.024652801272948801e-08
7.841827533844391171e-08
7.659984154099747175e-08
7.459879751476595327e-08
7.265002745039078828e-08
7.075216577717399775e-08
6.890388259769011311e-08
6.710388275588272461e-08
6.536142387404789639e-08
6.367140476355119109e-08
6.202508366978320116e-08
6.042133071400184511e-08
5.885904523220026754e-08
5.735062409319207471e-08
5.611260230546792677e-08
5.490130556164917500e-08
5.371615695107137652e-08
5.255659201677932666e-08
5.142205848668964082e-08
5.043556652934009458e-08
4.958017284521597539e-08
4.873928674780466775e-08
4.791266218657289508e-08
4.710005728403591541e-08
4.630123426498216810e-08
4.549818100287188801e-08
4.470880920954199713e-08
4.393313264125993403e-08
4.317091369238718273e-08
4.242191887962966817e-08
4.157613289589014208e-08
4.061727101094941892e-08
3.968052316236447656e-08
3.876537933861891231e-08
3.787134129048807151e-08
3.699792225976782582e-08
3.599399496979108573e-08
3.500432156080704132e-08
3.404185973134541835e-08
3.310586128502811950e-08
3.219559859752136355e-08
3.134475643139672760e-08
3.057005077585146597e-08
2.981449246490418706e-08
2.907760825971581771e-08
2.835893661784695674e-08
2.765802740417421546e-08
2.708719901242573861e-08
2.654756612317014907e-08
2.601868383441154203e-08
2.550033797200803461e-08
2.499231862860841739e-08
2.448026415878359154e-08
2.394884927571295633e-08
2.342897028850182852e-08
2.292037677719106745e-08
2.242282375791070299e-08
2.193607156487327072e-08
2.140401851277700751e-08
2.086980152792506379e-08
2.034891791721190577e-08
1.984103489663600037e-08
1.934582798805965919e-08
1.887282980235970971e-08
1.844035374040343546e-08
1.801778798581087616e-08
1.760490544117568185e-08
1.720148421309040961e-08
1.680730749289602067e-08
1.643786192852355525e-08
1.608264575597573263e-08
1.573510567474618307e-08
1.539507580731433552e-08
1.506239386071226368e-08
1.473401604543872338e-08
1.440009414612620828e-08
1.407374002972484682e-08
1.375478218505691421e-08
1.344305298795958914e-08
1.313838861319206638e-08
1.284679227920691357e-08
1.256494436327676662e-08
1.228927995572653578e-08
1.201966339553582998e-08
1.175596199797393258e-08
1.149885092336367642e-08
1.125348053336536818e-08
1.101334602551643264e-08
1.077833567296226340e-08
1.054834013295277169e-08
1.032325239596867597e-08
1.010424608635518898e-08
9.890791241518301250e-09
9.681845686181566428e-09
9.477314160423305691e-09
9.277103416712736767e-09
9.081385341012543651e-09
8.895090091792646310e-09
8.712616497373053220e-09
8.533886160449123961e-09
8.358822291955921866e-09
8.187349678077074822e-09
8.025965375569601864e-09
7.873891647868604645e-09
7.724699370257996286e-09
7.578333945834387760e-09
7.434741812181026614e-09
7.293870421766812677e-09
7.155668222716438275e-09
7.020084639944898200e-09
6.887070056649718898e-09
6.756575796153571433e-09
6.628554104091105743e-09
6.502958130933131482e-09
6.379741914842201325e-09
6.258860364852771681e-09
6.140269244370192727e-09
6.023925154982355335e-09
5.909785520577944909e-09
5.797808571765867549e-09
5.687953330589643018e-09
5.580179595531549997e-09
5.474447926800906209e-09
5.370719631900989307e-09
5.268956751469656105e-09
5.169122045388027058e-09
5.071178979152508653e-09
4.975091710504913526e-09
4.880825076316111428e-09
4.788344579718023809e-09
4.697616377479435670e-09
4.608607267621190179e-09
4.521284677265844324e-09
4.435616650717664587e-09
4.351571837768371785e-09
4.269119482224643939e-09
4.188229410652814434e-09
4.108872021336942247e-09
4.031018273445999225e-09
3.954639676406479395e-09
3.879708279476210858e-09
3.806196661515799331e-09
3.734077920953876798e-09
3.663628390824754241e-09
3.595256821550148617e-09
3.528161219973804432e-09
3.462317773660446145e-09
3.397703114568566873e-09
3.334294310757020435e-09
3.272068858246407853e-09
3.211004673032343722e-09
3.151080083247764393e-09
3.092273821471577234e-09
3.034565017180649120e-09
2.977933189342971077e-09
2.922358239148737518e-09
2.867820442877279543e-09
2.814300444897044870e-09
2.761779250796222260e-09
2.710238220641569422e-09
2.659659062363029030e-09
2.610023825261863905e-09
2.561314893639830221e-09
2.513514980547358019e-09
2.466607121648347640e-09
2.420574669199475248e-09
2.375401286141847689e-09
2.331070940302977177e-09
2.287567898706820514e-09
2.244876721990180915e-09
2.202982258923222511e-09
2.161869641032204100e-09
2.121524277322651659e-09
2.081931849100956662e-09
2.043078304892632099e-09
2.004949855455388636e-09
1.967532968885326896e-09
1.930814365814369426e-09
1.894781014697409080e-09
1.859420127187363546e-09
1.824719153596551339e-09
1.790665778442770044e-09
1.757247916078492996e-09
1.724453706401636701e-09
1.691904452436926291e-09
1.653847771740105345e-09
1.616647115119333073e-09
1.580283227684124615e-09
1.544737287651935859e-09
1.509990896606053495e-09
1.476026069972685863e-09
1.442825227712216452e-09
1.410371185219879668e-09
1.378647144431051103e-09
1.347636685126670023e-09
1.317323756434197628e-09
1.287692668519780177e-09
1.258728084467224036e-09
1.230415012339725938e-09
1.202738797420052781e-09
1.175685114625397564e-09
1.149239961092722010e-09
1.123389648930981841e-09
1.098120798136303738e-09
1.073420329666575306e-09
1.049275458671782814e-09
1.025673687876649219e-09
1.002602801112074328e-09
9.800508569921194649e-10
9.580061827331956425e-10
9.364573681122807426e-10
9.153932595610544623e-10
8.948029543928362809e-10
8.746757951594376221e-10
8.550013641348715725e-10
8.357694779232356444e-10
8.169701821877899409e-10
7.985937464986691501e-10
7.806306592964319816e-10
7.630716229689353819e-10
7.459075490389263568e-10
7.291295534598994318e-10
7.127289520177364517e-10
6.966972558358091992e-10
6.810261669811695858e-10
6.657075741695885462e-10
6.474983341047886564e-10
6.291303677545694979e-10
6.112834563168868046e-10
5.939428187203496979e-10
5.770940931969198300e-10
5.607233253872906451e-10
5.448169567836767150e-10
5.293618135004678980e-10
5.143450953634077969e-10
4.997543653083303963e-10
4.855775390805846069e-10
4.718028752266854871e-10
4.584189653698661552e-10
4.454147247614984165e-10
4.327793831005463268e-10
4.205024756134425796e-10
4.085738343870057497e-10
3.969835799472392482e-10
3.857221130769934660e-10
3.747801068657681425e-10
3.641484989850166800e-10
3.538184841826046728e-10
3.437815069901676644e-10
3.340292546373451222e-10
3.245536501670259702e-10
3.153468457458983912e-10
3.064012161647557412e-10
2.977093525231914654e-10
2.892640560934302636e-10
2.810583323582520299e-10
2.730853852180210820e-10
2.653386113620612881e-10
2.578115947996935966e-10
2.504981015464274703e-10
2.433920744608753307e-10
2.364876282281483842e-10
2.297790444855456599e-10
2.232607670865292668e-10
2.169273974990405296e-10
2.107736903343552541e-10
2.047945490027786615e-10
1.984171158891933286e-10
1.918697630914044959e-10
1.855384593399227727e-10
1.794160754648589107e-10
1.734957175441281679e-10
1.677707191407580816e-10
1.622346337963529844e-10
1.568812277722584527e-10
1.517044730302488777e-10
1.466985404448444520e-10
1.418577932396009303e-10
1.371767806399916439e-10
1.326502317357308971e-10
1.282730495456254015e-10
1.240403052782786611e-10
1.199472327821747639e-10
1.159892231789005442e-10
1.121618196734603146e-10
1.084607125358370447e-10
1.048817342481561709e-10
1.014208548119784019e-10
9.807417721044439403e-11
9.483793302015948497e-11
9.170847816787338380e-11
8.868228882718816080e-11
8.575595745065879826e-11
8.292618893282998290e-11
8.018979689988421298e-11
7.754370012172229090e-11
7.498491904244087802e-11
7.251057242529384972e-11
7.011787410836465385e-11
6.780412986729459421e-11
6.556673438153324591e-11
6.340316830069903765e-11
6.131099540774112346e-11
5.928785987571237952e-11
5.733148361506312136e-11
5.543966370846748704e-11
5.361026993029758401e-11
5.184124234794744207e-11
5.008303824390745696e-11
4.830625892828251478e-11
4.659251382238440031e-11
4.493956668248796023e-11
4.334526059934384077e-11
4.180751518365583765e-11
4.032432385140810311e-11
3.889375120549904000e-11
3.751393051026780482e-11
3.618306125561448783e-11
3.489940680753806824e-11
3.366129214202539837e-11
3.246710165933355485e-11
3.131527707581560307e-11
3.020431539053589668e-11
2.913276692402375311e-11
2.809923342660621468e-11
2.710236625384858020e-11
2.614086460672759682e-11
2.521347383423505531e-11
2.431898379619958776e-11
2.345622728419091986e-11
2.262407849844472335e-11
2.182145157882077045e-11
2.104729918787869820e-11
2.030061114422060793e-11
1.958041310431858188e-11
1.888576529110654859e-11
1.821576126767709550e-11
1.756952675448416902e-11
1.694621848850676322e-11
1.634502312288603245e-11
1.576515616559958717e-11
1.520586095578781035e-11
1.466640767639730937e-11
1.414609240185186890e-11
1.364423617950916937e-11
1.316018414370436324e-11
1.269330466122415904e-11
1.224298850709717014e-11
1.180864806962395435e-11
1.138786198132816416e-11
1.097119569929367084e-11
1.056977466618023072e-11
1.018304107919773402e-11
9.810457544796709600e-12
9.451506331921908638e-12
9.105688652588911109e-12
8.772523968782633985e-12
8.451549324716458687e-12
8.142318703522120145e-12
7.844402407478183428e-12
7.557386460914597637e-12
7.280872034964335407e-12
7.014474893362868463e-12
6.757824858524496827e-12
6.510565297154788194e-12
6.272352624683305266e-12
6.042855827828768646e-12
5.821756004632740270e-12
5.608745921322996765e-12
5.403529585390399705e-12
5.205821834286674311e-12
5.015347939170700518e-12
4.831843223153751030e-12
4.655052693512060953e-12
4.484730687356667946e-12
4.320640530267412586e-12
4.162554207417151111e-12
4.010252046729263410e-12
3.863522413627635249e-12
3.722161416955670138e-12
3.585972625655052947e-12
3.454766795811033382e-12
3.328361607684646307e-12
3.206581412366656165e-12
3.089256987700930151e-12
2.976225303138460412e-12
2.867329293194793240e-12
2.762417639196596011e-12
2.661344559013688027e-12
2.563969604484438321e-12
2.470157466253255892e-12
2.378740304585731586e-12
2.290610706936674488e-12
2.205746209713591419e-12
2.124025844693818341e-12
2.045333125388494499e-12
1.969555880999402428e-12
1.896586096527683469e-12
1.826319758806176609e-12
1.758656708236164066e-12
1.693500496017097168e-12
1.630758246665729876e-12
1.570340525628896424e-12
1.512161211800947750e-12
1.456137374764337124e-12
1.402189156578295609e-12
1.350239657947076252e-12
1.300214828605564704e-12
1.252043361765975259e-12
1.205656592475148863e-12
1.160988399737622762e-12
1.117975112264904056e-12
1.076555417716648447e-12
1.036670275304347961e-12
