6.305057893387253789e-09
6.399757612534358703e-09
6.495879687662700029e-09
6.593445482051421920e-09
6.692476679848520616e-09
6.792995290890126080e-09
6.895023655592338128e-09
6.998584449916247355e-09
7.103700690407814267e-09
7.210395739313274124e-09
7.318693309771553958e-09
7.428617471084370128e-09
7.540192654065795589e-09
7.653443656471972696e-09
7.768395648512590328e-09
7.885074178444806104e-09
8.003505178251512070e-09
8.123714969404695767e-09
8.245730268715559304e-09
8.369578194272170691e-09
8.495286271466640924e-09
8.622882439112604380e-09
8.752395055654812390e-09
8.883852905471630779e-09
9.017285205272547361e-09
9.152721610591562914e-09
9.290192222378323464e-09
9.429727593687887239e-09
9.571358736471328254e-09
9.715117128468117842e-09
9.860950411942624071e-09
1.000862831490807381e-08
1.015851784678483450e-08
1.031065212899696072e-08
1.046506477899591114e-08
1.062178991768923419e-08
1.078086217698019863e-08
1.094231670742054597e-08
1.110618918597784378e-08
1.127251582391898845e-08
1.144133337481193518e-08
1.161267914264730630e-08
1.178659099008138340e-08
1.196310734680277616e-08
1.214226721802439089e-08
1.232411019310235802e-08
1.250867645428424299e-08
1.269600678558828913e-08
1.288614258181540155e-08
1.307912585769632212e-08
1.327499925717580043e-08
1.347380606283556071e-08
1.367559020545862895e-08
1.388039627373689791e-08
1.408826952412383256e-08
1.429925589083495962e-08
1.451340199599814628e-08
1.473075515995562844e-08
1.495136341172056633e-08
1.517527549959022336e-08
1.540254090191780162e-08
1.563320983804587032e-08
1.586733327940354795e-08
1.610496296076958210e-08
1.634615139170441893e-08
1.659095186815329729e-08
1.683941848422330875e-08
1.709160614413645526e-08
1.734757057436222149e-08
1.760736833593135604e-08
1.787105683693437197e-08
1.813869434520725813e-08
1.841034000120683659e-08
1.868605383107926009e-08
1.896589675992425349e-08
1.924993062525763049e-08
1.953821819067577800e-08
1.983082315972479493e-08
2.012781018997696883e-08
2.042924490731846142e-08
2.073519392045071450e-08
2.104572483560931170e-08
2.136090627150280741e-08
2.168080787447569515e-08
2.200550033389843706e-08
2.233505539778755220e-08
2.266889535348651161e-08
2.300744084622496397e-08
2.335104229995605722e-08
2.369977522223227058e-08
2.405371624826321973e-08
2.441294315775648174e-08
2.477753489200997218e-08
2.514757157125952063e-08
2.552313451228558871e-08
2.590430624628287605e-08
2.629117053699683748e-08
2.668381239913103916e-08
2.708231811702940986e-08
2.748677526363753011e-08
2.789727271974705529e-08
2.831390069352757746e-08
2.873675074035015428e-08
2.916591578290691900e-08
2.960149013163114233e-08
3.004356950542224929e-08
3.049225105268032405e-08
3.094763337265508236e-08
3.140981653711276588e-08
3.187890211232787039e-08
3.235499318140227862e-08
3.283819436691846822e-08
3.332861185393030207e-08
3.382635341329748233e-08
3.433152842536918720e-08
3.484424790402013299e-08
3.536462452104621484e-08
3.589277263092517902e-08
3.642880829594566184e-08
3.697284931171260901e-08
3.752501523303321794e-08
3.808542740018944470e-08
3.865420896560297836e-08
3.923148492089836721e-08
3.981738212437035170e-08
4.041202932886136644e-08
4.101555721005545165e-08
4.162809839519461553e-08
4.224978749222414612e-08
4.288076111937311944e-08
4.352115793517673446e-08
4.417111866894694701e-08
4.483078615169825809e-08
4.550030534753523440e-08
4.617982338550889471e-08
4.686948959194877804e-08
4.756945552327791984e-08
4.827987499931785664e-08
4.900090413709103745e-08
4.973270138512808021e-08
5.047542755828733079e-08
5.122893584279163240e-08
5.199242599356279123e-08
5.276729481540596093e-08
5.355371189027993641e-08
5.435184932750757613e-08
5.516188180144161030e-08
5.598398658969340825e-08
5.681834361192977413e-08
5.766513546924967559e-08
5.852454748414604724e-08
5.939676774106500381e-08
6.028198712756763780e-08
6.118039937610720648e-08
6.209220110642696240e-08
6.301759186859188216e-08
6.395677418665968012e-08
6.490995360300471901e-08
6.587733872330043575e-08
6.685914126217421880e-08
6.785557608954069271e-08
6.886686127762755796e-08
6.989321814870011392e-08
7.093487132349939379e-08
7.199204877039988049e-08
7.306498185530141490e-08
7.415390539226466659e-08
7.525905769489966984e-08
7.638068062852263171e-08
7.751901966308744451e-08
7.867432392690869746e-08
7.984684626118276557e-08
8.103684327532392945e-08
8.224457540312281849e-08
8.347030695974415790e-08
8.471430619957158835e-08
8.597684537491706800e-08
8.725820079560265232e-08
8.855865288943291587e-08
8.987848626356590384e-08
9.121798976680155280e-08
9.257745655279544185e-08
9.395718414421777971e-08
9.535747449786535674e-08
9.677863407074717461e-08
9.822097388715170776e-08
9.968480960671687974e-08
1.011704615935114632e-07
1.026782549861490789e-07
1.042085197689439798e-07
1.057615908441305882e-07
1.073378081051560001e-07
1.089375165110682049e-07
1.105610661620097495e-07
1.122088123758385925e-07
1.138811157658910747e-07
1.155783423199013693e-07
1.172973250672757200e-07
1.190403275760824542e-07
1.208092305710596543e-07
1.226044189255391221e-07
1.244262832319539634e-07
1.262752198868217222e-07
1.281516311769906642e-07
1.300559253671700976e-07
1.319885167887574472e-07
1.339498259299892155e-07
1.359402795274290640e-07
1.379603106588150651e-07
1.400103588372896027e-07
1.420908701070253689e-07
1.442022971402766782e-07
1.463450993358684354e-07
1.485197429191529584e-07
1.507267010434492674e-07
1.529664538929896696e-07
1.552394887873986527e-07
1.575463002877219280e-07
1.598873903040306373e-07
1.622632682046280140e-07
1.646744509268736646e-07
1.671214630896599099e-07
1.696048371075558797e-07
1.721251133066480034e-07
1.746828400421051130e-07
1.772785738174852832e-07
1.799128794058210179e-07
1.825863299724999609e-07
1.852995071999717038e-07
1.880530014143112638e-07
1.908474117136576805e-07
1.936833460985670394e-07
1.965614216042983988e-07
1.994822644350654938e-07
2.024465101002871480e-07
2.054548035528584932e-07
2.085077993294769060e-07
2.116061616930572838e-07
2.147505647772573857e-07
2.179416927331569657e-07
2.211802398781123788e-07
2.244669108468229744e-07
2.278024207446468923e-07
2.311874953031880450e-07
2.346228710382023286e-07
2.381092954098453515e-07
2.416475269853014099e-07
2.452383356038338926e-07
2.488825025442812557e-07
2.525808206950492556e-07
2.563340947266218614e-07
2.601431412666427002e-07
2.639631815319499662e-07
2.676531036465864890e-07
2.713946069140681168e-07
2.751884123835791625e-07
2.790352511837963234e-07
2.829358646637926649e-07
2.868910045359052909e-07
2.909014330206036011e-07
2.949679229933813209e-07
2.990912581337024806e-07
3.032722330760295075e-07
3.075116535629620184e-07
3.118103366005175460e-07
3.161691106155793472e-07
3.205888156155517370e-07
3.250703033502408436e-07
3.296144374760013346e-07
3.342220937221772797e-07
3.388941600598702360e-07
3.436315368730630908e-07
3.484351371321430196e-07
3.533058865698431994e-07
3.582447238596473230e-07
3.632526007966873026e-07
3.683304824811702128e-07
3.734793475043685148e-07
3.787001881372117307e-07
3.839940105215103245e-07
3.893618348638600205e-07
3.948046956322498492e-07
4.003236417554213047e-07
4.059197368250147689e-07
4.115940593005406323e-07
4.173477027172171446e-07
4.231817758967094062e-07
4.290974031608224402e-07
4.350957245481730669e-07
4.411778960338951102e-07
4.473450897524146208e-07
4.535984942233395876e-07
4.599393145805081814e-07
4.663687728042328014e-07
4.728881079568066802e-07
4.794985764212778135e-07
4.862014521435855038e-07
4.929980268780653957e-07
4.998896104363934652e-07
5.068775309400072905e-07
5.139631350760590799e-07
5.211477883569390497e-07
5.284328753834394548e-07
5.358198001115848966e-07
5.433099861231993157e-07
5.509048769002532935e-07
5.586059361030470361e-07
5.664146478522827218e-07
5.734692009801100511e-07
5.802356006963762130e-07
5.870818375949032475e-07
5.940088536797030493e-07
6.010176020695518351e-07
6.081090471291353024e-07
6.152841646017395164e-07
6.225439417435078561e-07
6.298893774592820172e-07
6.373214824400457074e-07
6.448412793019899864e-07
6.524498027272197321e-07
6.601480996061200794e-07
6.679372291814024199e-07
6.758182631938508203e-07
6.837922860297886578e-07
6.918603948702769103e-07
7.000236998420959782e-07
7.082833241704717608e-07
7.166404043336475219e-07
7.250960902192360080e-07
7.336515452824530371e-07
7.423079467061953975e-07
7.510664855630157816e-07
7.599283669790084142e-07
7.688948102996267642e-07
7.779670492574597007e-07
7.871463321419851548e-07
7.964339219713284954e-07
8.058310966660469033e-07
8.153391492249632462e-07
8.249593879030764552e-07
8.346931363915696853e-07
8.445417339999426210e-07
8.545065358402935533e-07
8.645889130137765301e-07
8.747902527992503111e-07
8.851119588441710063e-07
8.955554513577187651e-07
9.061221673062124055e-07
9.168135606108282926e-07
9.276311023476516264e-07
9.385762809500878821e-07
9.496506024136638362e-07
9.608555905032430591e-07
9.721927869626888047e-07
9.836637517269976944e-07
9.952700631369395598e-07
1.007013318156227691e-06
1.018895132591252100e-06
1.030917141313405553e-06
1.043080998484032863e-06
1.055388377782035839e-06
1.067840972634155082e-06
1.080440496447986625e-06
1.092731652322055878e-06
1.103303833407928017e-06
1.113978300368540966e-06
1.124756042819950985e-06
1.135638059952750994e-06
1.146625360624712257e-06
1.157317795424289800e-06
1.167906163141754655e-06
1.178591404450350879e-06
1.189374405652184671e-06
1.200256061158200907e-06
1.211144873152221746e-06
1.221515997882301897e-06
1.231975931334237779e-06
1.242525433983800604e-06
1.253165272818773327e-06
1.263896221394711886e-06
1.274245015732593013e-06
1.284356727627249900e-06
1.294548680540061257e-06
1.304821511219884230e-06
1.315175861468464617e-06
1.325555502946226443e-06
1.335174821027878159e-06
1.344863944772250208e-06
1.354623380746493122e-06
1.364453639193826428e-06
1.374355234060205357e-06
1.383778589911845510e-06
1.392775351624533147e-06
1.401830606597562184e-06
1.410944735130160884e-06
1.420118119994097712e-06
1.429351146449775606e-06
1.437460952785033333e-06
1.445612073962197917e-06
1.453809416065441784e-06
1.462053241190492042e-06
1.470343812919289550e-06
1.478075939139916658e-06
1.485140978325590965e-06
1.492239787615613906e-06
1.499372528427338363e-06
1.506539362949677834e-06
1.513740454146787852e-06
1.519598684889342791e-06
1.525373053093571323e-06
1.531169363491152886e-06
1.536987699460873609e-06
1.542828144698366273e-06
1.548022697200700119e-06
1.552206898818273609e-06
1.556402410052436310e-06
1.560609261472323957e-06
1.564827483729698442e-06
1.569057107559174819e-06
1.571703142888516479e-06
1.574095402336252112e-06
1.576491302996570329e-06
1.578890850411698337e-06
1.581294050132288568e-06
1.583040562787996968e-06
1.583429123244826436e-06
1.583817779074596491e-06
1.584206530300710442e-06
1.584595376946586632e-06
1.584984319035645733e-06
1.583599638992341161e-06
1.581754321615315904e-06
1.579911154526869231e-06
1.578070135221346182e-06
1.576231261196001143e-06
1.573774373934575044e-06
1.569554206524979036e-06
1.565345355739452520e-06
1.561147791231813867e-06
1.556961482737253152e-06
1.552786400072117431e-06
1.546834030458589510e-06
1.540230958645575004e-06
1.533656073798009889e-06
1.527109255592341117e-06
1.520590384218660870e-06
1.513616906177676301e-06
1.504652145009919936e-06
1.495740479802222485e-06
1.486881596080955230e-06
1.478075181235035285e-06
1.469320924504894894e-06
1.458980554708679330e-06
1.447867849301782473e-06
1.436839786710074561e-06
1.425895722229509846e-06
1.415035016066596665e-06
1.403968655393611905e-06
1.390970197077250140e-06
1.378092083269972018e-06
1.365333199778038853e-06
1.352692442723330868e-06
1.340168718447828778e-06
1.326570942213254073e-06
1.312293988699275588e-06
1.298170688032012013e-06
1.284199386553539652e-06
1.270378448403093774e-06
1.256612364338082533e-06
1.241443111472868941e-06
1.226456974928181900e-06
1.211651744207099397e-06
1.197025235496802498e-06
1.182575291346477937e-06
1.167713736284565078e-06
1.152510564911124512e-06
1.137505332820772577e-06
1.122695462922263149e-06
1.108078411677068970e-06
1.093651668662519755e-06
1.078759071039067090e-06
1.064061954279830841e-06
1.049565072444995970e-06
1.035265697514797442e-06
1.021161138636280475e-06
1.007169713589997202e-06
9.932766210390063794e-07
9.795751724761378102e-07
9.660627243274000892e-07
9.527366694847634478e-07
9.395944368031490266e-07
9.267011774647190028e-07
9.139905570014422880e-07
9.014542752316843808e-07
8.890899409283491921e-07
8.768951956623767579e-07
8.648912149294462561e-07
8.530882272434028567e-07
8.414463124367137463e-07
8.299632723818255774e-07
8.186369389485624856e-07
8.074651735947678778e-07
7.963032293366529972e-07
7.852714392948706668e-07
7.743924809722656941e-07
7.636642370756049575e-07
7.530846196441223312e-07
7.424627672248221560e-07
7.315947606020599648e-07
7.208858374689573874e-07
7.103336691963943862e-07
6.999359612412158912e-07
6.896904526472792077e-07
6.789136407004243602e-07
6.681226002204178101e-07
6.575030786901854210e-07
6.470523498897512124e-07
6.367677309312324970e-07
6.264401817262747534e-07
6.156779500722507918e-07
6.051006133747652133e-07
5.947049951416156624e-07
5.844879734526781972e-07
5.744464800223636832e-07
5.641533338518656404e-07
5.538812806621833242e-07
5.437962600935981709e-07
5.338948666729603653e-07
5.241737569336644934e-07
5.145806180649051812e-07
5.049502164251767322e-07
4.955000482269862203e-07
4.862267403925891964e-07
4.771269829715557859e-07
4.681975279593426334e-07
4.592231145864117872e-07
4.503090454174046448e-07
4.415680089782969844e-07
4.329966464971240957e-07
4.245916643996978740e-07
4.162905439830665859e-07
4.077122799695564727e-07
3.993107833953962255e-07
3.910824117138463233e-07
3.830235974380694755e-07
3.751308465944138905e-07
3.670231291211947795e-07
3.588265657725003192e-07
3.508130526062017433e-07
3.429785016444663215e-07
3.353189162044411422e-07
3.278214286926222541e-07
3.203220762153156286e-07
3.129942814296552030e-07
3.058341197245972388e-07
2.988377562698083235e-07
2.920014439618161960e-07
2.854554954295562220e-07
2.791795364435308035e-07
2.730415592509031291e-07
2.670385302156398734e-07
2.611674823985370221e-07
2.554255140908326213e-07
2.500928167659598065e-07
2.448766836199500228e-07
2.397693422631187456e-07
2.347685236480597922e-07
2.298720060524083940e-07
2.250657931038437796e-07
2.203457906093764787e-07
2.157247743857264248e-07
2.112006685268266468e-07
2.067714406618003946e-07
2.024351010419542251e-07
1.981039552172278004e-07
1.938575666237264768e-07
1.897022000195004433e-07
1.856359043342799955e-07
1.816567703192876760e-07
1.777067866596444925e-07
1.737531312547496385e-07
1.698874375498809927e-07
1.661077485559020388e-07
1.624121508231563857e-07
1.587987734727887658e-07
1.551805800099275472e-07
1.516296986126816202e-07
1.481600693843372658e-07
1.447698330921546651e-07
1.414571730468285469e-07
1.382613050875467489e-07
1.352258685442676843e-07
1.322570730254051563e-07
1.293534554708455941e-07
1.265135849410030374e-07
1.237360619116343502e-07
1.211260563766243460e-07
1.186007819540357648e-07
1.161281552531687900e-07
1.137070786576311181e-07
1.113364774344840101e-07
1.090176590273298069e-07
1.067542652325232621e-07
1.045378633793530878e-07
1.023674778344216086e-07
1.002421532201555537e-07
9.816095399426090829e-08
9.610508257852687023e-08
9.408515170424024243e-08
9.210767561618786086e-08
9.017176200221334204e-08
8.827653730472415755e-08
8.643212706733403720e-08
8.467622209819776832e-08
8.295598907611696636e-08
8.127070331050223578e-08
7.961965483315855732e-08
7.800214809919210443e-08
7.646319102751450790e-08
7.497944326197627074e-08
7.352448722487829760e-08
7.209776422043319655e-08
7.069872639419500076e-08
6.932829376661783747e-08
6.799605086364216974e-08
6.668940892466126049e-08
6.540787599032135086e-08
6.415096955497562628e-08
6.291821638501706331e-08
6.172925626400343938e-08
6.057730738143197483e-08
5.944685537584187235e-08
5.833749908731464944e-08
5.724884484210170198e-08
5.618453042355991607e-08
5.523052537769335189e-08
5.429271919690010261e-08
5.337083682683879763e-08
5.246460788354990486e-08
5.157376657415401798e-08
5.069805161889552329e-08
4.983720617451055622e-08
4.899097775889613271e-08
4.815911817705783728e-08
4.734138344831599677e-08
4.653753373474682159e-08
4.574733327083911201e-08
4.497055029434539340e-08
4.420695697830672811e-08
4.345632936423262224e-08
4.271844729641466611e-08
4.199309435735592233e-08
4.128005780429675159e-08
4.057912850681794541e-08
3.989010088550425790e-08
3.921277285164852434e-08
3.854694574798004752e-08
3.789242429039939177e-08
3.724901651070210101e-08
3.661653370027577028e-08
3.599479035475235864e-08
3.538360411960063581e-08
3.478279573664252344e-08
3.419218899147715787e-08
3.361161066179846017e-08
3.304089046658949780e-08
3.247986101617990659e-08
3.192835776315132518e-08
3.138621895407610460e-08
3.085328558207615760e-08
3.032940134018668112e-08
2.981441257551210609e-08
2.930816824416043739e-08
2.881051986694252077e-08
2.832132148582413686e-08
2.784042962111691629e-08
2.735107332993049458e-08
2.686656868978156803e-08
2.639064670170968248e-08
2.592315533019129641e-08
2.546394523290286379e-08
2.501286971301316920e-08
2.456978467231995607e-08
2.413454856521722640e-08
2.370702235347798823e-08
2.328706946183748907e-08
2.287455573436394503e-08
2.246934939160169457e-08
2.207132098847330698e-08
2.168034337292830078e-08
2.129629164532348683e-08
2.091904311852311742e-08
2.054847727870623828e-08
2.018447574686747618e-08
1.982692224100084932e-08
1.947570253895264439e-08
1.913070444193252433e-08
1.879181773867134239e-08
1.845893417021354602e-08
1.813194739533308299e-08
1.781075295656268518e-08
1.749524824682397987e-08
1.718533247664948521e-08
1.688090664198484976e-08
1.658187349256130725e-08
1.628813750082903266e-08
1.599960483144016969e-08
1.571618331127262923e-08
1.543778239998517274e-08
1.516431316109365575e-08
1.489568823355993312e-08
1.463182180388403917e-08
1.437262957869058510e-08
1.411802875780079078e-08
1.386793800778166415e-08
1.362227743596359808e-08
1.338096856491835777e-08
1.310333386353510804e-08
1.280329443976191206e-08
1.251012530234141356e-08
1.222366913583166374e-08
1.194377222699109145e-08
1.167028438229547378e-08
1.140305884734382148e-08
1.114195222810925266e-08
1.088682441399362825e-08
1.063753850264361050e-08
1.039396072648841533e-08
1.015596038095990276e-08
9.923409754355873222e-09
9.696184059309781681e-09
9.474161365829406625e-09
9.257222535868820709e-09
9.045251159398605536e-09
8.838133491939731089e-09
8.635758393528156541e-09
8.438017269076664835e-09
8.244804010102322842e-09
8.056014937788580878e-09
7.871548747350639957e-09
7.691306453675239657e-09
7.515191338204801919e-09
7.343108897038005141e-09
7.174966790218732257e-09
7.010674792186054501e-09
6.850144743359130946e-09
6.693290502830276125e-09
6.540027902141694641e-09
6.390274700120341077e-09
6.243950538746984800e-09
6.100976900036012551e-09
5.961277063902336259e-09
5.824776066993188846e-09
5.691400662462585811e-09
5.561079280666758124e-09
5.433741990759823986e-09
5.309320463168506244e-09
5.187747932926433569e-09
5.057830358026067521e-09
4.911609649963821655e-09
4.769616148816947190e-09
4.631727647009343142e-09
4.497825469957777652e-09
4.367794373933787371e-09
4.241522446878459429e-09
4.118901012084721859e-09
3.999824534664000875e-09
3.884190530716970468e-09
3.771899479130241436e-09
3.662854735922743674e-09
3.556962451068650809e-09
3.454131487724703822e-09
3.354273343792743699e-09
3.257302075749824492e-09
3.163134224680462319e-09
3.071688744447074699e-09
2.982886931937259061e-09
2.896652359327412504e-09
2.812910808304655748e-09
2.731590206190448618e-09
2.652620563910681530e-09
2.575933915759265758e-09
2.501464260902974466e-09
2.429147506577433411e-09
2.358921412925290149e-09
2.290725539429101028e-09
2.224501192892829322e-09
2.160191376927185850e-09
2.097740742895339171e-09
2.037095542276770290e-09
1.978203580408281747e-09
1.921014171562339794e-09
1.865478095324093445e-09
1.811547554229521151e-09
1.759176132628254154e-09
1.708318756735659727e-09
1.658931655839814151e-09
1.610972324629971080e-09
1.564399486614105216e-09
1.518362279441746909e-09
1.468308647965417610e-09
1.419905061447329734e-09
1.373097125265465273e-09
1.327832237945876452e-09
1.284059532050579275e-09
1.241729817014087096e-09
1.200795523864467600e-09
1.161210651766598431e-09
1.122930716327683560e-09
1.085912699606947408e-09
1.050115001773219787e-09
1.015497394356202574e-09
9.820209750388270172e-10
9.496481239398879588e-10
9.183424613378472363e-10
8.880688067883083050e-10
8.587931395892104413e-10
8.304825605492710254e-10
8.031052550168027141e-10
7.766304571272737150e-10
7.510284152294506086e-10
7.262703584513489069e-10
7.023284643682934160e-10
6.791758277368354572e-10
6.567864302593998933e-10
6.351351113456154134e-10
6.141975398375433927e-10
5.939501866669945461e-10
5.743702984142030989e-10
5.554358717381527638e-10
5.371256286498319200e-10
5.194189926006197600e-10
5.022960653589100068e-10
4.857376046490397786e-10
4.697250025273437057e-10
4.542402644710440200e-10
4.392659891565232549e-10
4.247853489041786331e-10
4.107820707679431796e-10
3.972404182481906171e-10
3.841451736074939384e-10
3.707710360548721179e-10
3.577855366556187728e-10
3.452548278906129042e-10
3.331629816453755146e-10
3.214946276551551773e-10
3.102349339673750558e-10
2.993695880883497304e-10
2.888847787902991046e-10
2.787671785555285767e-10
2.690039266354723611e-10
2.595826127030519049e-10
2.504912610775888210e-10
2.417183155021964038e-10
2.332526244543180543e-10
2.250834269707344862e-10
2.172003389690120359e-10
2.095933400480328910e-10
2.022527607507912227e-10
1.951692702732932770e-10
1.883338646039269871e-10
1.817378550782222248e-10
1.753728573344648187e-10
1.692307806561101279e-10
1.633038176874611159e-10
1.575844345095306953e-10
1.520653610634798843e-10
1.467395819094554981e-10
1.416003273090774792e-10
1.366410646202465703e-10
1.318554899933311067e-10
1.272375203581752876e-10
1.227812856917520437e-10
1.184811215566175713e-10
1.143315619006992854e-10
1.103273321092510100e-10
1.064633423001498428e-10
1.027346808540154670e-10
9.913660817091928271e-11
9.566455064575442837e-11
9.231409485460599294e-11
8.908098194473036580e-11
8.590663882011681488e-11
8.281960210462336228e-11
7.984349739407926264e-11
7.697433837058381965e-11
7.420828196371663854e-11
7.154162320297323536e-11
6.897079025517246148e-11
6.649233964019557641e-11
6.410295161864659104e-11
6.179942574525454451e-11
5.957867658206719728e-11
5.743772956568499918e-11
5.537371702300905498e-11
5.338387433016089664e-11
5.146553620942973566e-11
4.961613315929126538e-11
4.783318801270874773e-11
4.611431261911396404e-11
4.445720464561940768e-11
4.285964449317754951e-11
4.131949232355887951e-11
3.983468519316389167e-11
3.840323428983016393e-11
3.702322226893581447e-11
3.569280068522794320e-11
3.441018751693927175e-11
3.317366477887433967e-11
3.198157622126828147e-11
3.083232511133802869e-11
2.972437209455158960e-11
2.865623313275365214e-11
2.762647751638276905e-11
2.663372594812030308e-11
2.567664869540179962e-11
2.475396380931867008e-11
2.386443540752222561e-11
2.300687201883227281e-11
2.218012498733078447e-11
2.138308693380505223e-11
2.061469027247764302e-11
1.987390578103782562e-11
1.915639690769590350e-11
1.846072085603977335e-11
1.779030869775460652e-11
1.714424295938894277e-11
1.652163948609018048e-11
1.592164623162009240e-11
1.534344209231092192e-11
1.478623578336745272e-11
1.424926475597680132e-11
1.373179415374374914e-11
1.323311580702430917e-11
1.275254726378011638e-11
1.228943085562819319e-11
1.184313279780768405e-11
1.141304232183158174e-11
1.099857083963722481e-11
1.059915113809067883e-11
1.021423660274341636e-11
9.843300469778735548e-12
9.485835105123988780e-12
9.141351309742683466e-12
8.809377650154927564e-12
8.489459813270608355e-12
8.181159984652201975e-12
7.884056249356161151e-12
7.597742014533458591e-12
7.321825452998388268e-12
7.055928967004669320e-12
6.799688671494850146e-12
6.552753896115662587e-12
6.314786705318279502e-12
6.085461435886136116e-12
5.864464251257844306e-12
5.651492712035135537e-12
5.446255362087948549e-12
5.248471329690590781e-12
5.057869943142649000e-12
4.874190360348970194e-12
4.697181211851688993e-12
4.526600256825560656e-12
4.362214051566403981e-12
4.203677422961294478e-12
4.050475221176252195e-12
3.902856443681487351e-12
3.760617603670368815e-12
3.623562630373181346e-12
3.491502598781104235e-12
3.364255469220281718e-12
3.241645836417206488e-12
3.123504687709218179e-12
3.009669170067179065e-12
2.899982365608706380e-12
2.794293075292973357e-12
2.692455610498644901e-12
2.594329592197662578e-12
2.499779757448262941e-12
2.408675772940106791e-12
2.320892055334868030e-12
2.236307598154470002e-12
2.154805804978215045e-12
2.076274328719197975e-12
2.000604916758111512e-12
1.927693261721220059e-12
1.857438857696611417e-12
1.789744861690668581e-12
1.724517960133757610e-12
1.661668240251059051e-12
1.601109066121231421e-12
1.542756959252154130e-12
1.486531483509030631e-12
1.432355134236270225e-12
1.380153231420301845e-12
1.329853816746047546e-12
1.281387554405147984e-12
1.234687635519244243e-12
1.189689686046455220e-12
1.146331678044291207e-12
