2.964115044867700304e-07
3.010153449655033457e-07
3.056906919371783740e-07
3.104386560350941244e-07
3.152603651428177811e-07
3.201569646621172651e-07
3.251296177850510870e-07
3.301795057702885464e-07
3.353078282237149658e-07
3.405158033834011025e-07
3.458046684089988900e-07
3.511756796756258721e-07
3.566301130723203852e-07
3.621692643051324988e-07
3.677944492049158305e-07
3.735070040399065795e-07
3.793082858331578584e-07
3.851996726848972452e-07
3.911810585620090730e-07
3.972545206028951011e-07
4.034222789813850254e-07
4.096857977387810362e-07
4.160465636470375590e-07
4.225060865616705972e-07
4.290658997801545242e-07
4.357275604058840414e-07
4.424926497177783808e-07
4.493627735456323622e-07
4.563395626512950363e-07
4.634246731157574422e-07
4.706197867322639859e-07
4.779266114055132983e-07
4.853468815570665207e-07
4.928823585370501569e-07
5.005348310422407364e-07
5.083061155406563847e-07
5.161980567027243335e-07
5.242125278391537559e-07
5.323514313456069939e-07
5.406166991542648924e-07
5.490102931924129785e-07
5.575342058481473752e-07
5.661904604433016717e-07
5.749811117137262513e-07
5.839082462970247908e-07
5.929739832278510598e-07
6.021804744409140359e-07
6.115299052817745594e-07
6.210244950255842978e-07
6.306664974038791467e-07
6.404582011395389814e-07
6.504019304900721541e-07
6.605000457993152630e-07
6.707549440577127308e-07
6.811690594712941400e-07
6.917448640394724642e-07
7.024848681418341891e-07
7.133916211340179911e-07
7.244677119528600622e-07
7.357157697309346188e-07
7.471384644206222601e-07
7.587385074278816187e-07
7.705186522558600402e-07
7.824816951584826277e-07
7.946304758042114001e-07
8.069678779500866886e-07
8.194968301262496137e-07
8.322203063310922835e-07
8.451413267371843697e-07
8.582629584081854887e-07
8.715883160268623965e-07
8.851205626344260376e-07
8.988629103813490671e-07
9.128178166398626736e-07
9.269849420809163032e-07
9.413719443030778936e-07
9.559822358404638584e-07
9.708192821904411141e-07
9.858866026356224749e-07
1.001187771078639010e-06
1.016726416889837170e-06
1.032506225768166864e-06
1.048530940615398660e-06
1.064804362423929084e-06
1.081330351178364610e-06
1.098112826771089097e-06
1.115155769932037037e-06
1.132463223172922897e-06
1.150039291746087282e-06
1.167888144618264861e-06
1.186014015459425241e-06
1.204421203647000403e-06
1.223114075285661342e-06
1.242097064242946707e-06
1.261374673200961355e-06
1.280951474724387704e-06
1.300832112345071185e-06
1.321021301663463134e-06
1.341523831467119756e-06
1.362344564866603796e-06
1.383488440448969564e-06
1.404960473449198695e-06
1.426765756939767300e-06
1.448909463038725214e-06
1.471396844136475001e-06
1.494233234141640729e-06
1.517424049746223707e-06
1.540974791710441767e-06
1.564891046167461764e-06
1.589178485948430365e-06
1.613842871928020192e-06
1.638890054390909110e-06
1.664325974419416287e-06
1.690156665302727842e-06
1.716388253967939325e-06
1.743026962433363922e-06
1.770079109284339778e-06
1.797551111171999522e-06
1.825449484335242576e-06
1.853780846146388170e-06
1.882551916680757886e-06
1.911769520310677317e-06
1.941440587324158355e-06
1.971572155568762084e-06
2.002171372120915636e-06
2.033245494981199934e-06
2.064801894795881053e-06
2.096848056605230692e-06
2.129391581618910619e-06
2.162433498567661581e-06
2.195984561360168179e-06
2.230056182965347058e-06
2.264656440071540887e-06
2.299793534680283113e-06
2.335475796050612967e-06
2.371711682673519850e-06
2.408509784277013042e-06
2.445878823862350374e-06
2.483827659771812086e-06
2.522365287788561155e-06
2.561500843269129203e-06
2.601243603308915098e-06
2.641602988941361583e-06
2.682588567371195333e-06
2.724210054242322518e-06
2.766477315940955436e-06
2.809400371934427603e-06
2.852989397146294464e-06
2.897254724368334252e-06
2.942206846709925445e-06
2.987856420085421266e-06
3.034214265740180240e-06
3.081291372815697472e-06
3.129098900954625681e-06
3.177648182946155653e-06
3.226950727412436294e-06
3.277018221536736036e-06
3.327862533833874157e-06
3.379495716963636056e-06
3.431930010587906018e-06
3.485177844272029070e-06
3.539251840431291748e-06
3.594164817323047350e-06
3.649929792085268749e-06
3.706559983822312724e-06
3.764068816738455660e-06
3.822469923320156948e-06
3.881777147567614614e-06
3.942004548276502572e-06
4.003166402370586176e-06
4.065277208286121986e-06
4.128351689408653293e-06
4.192404797563252575e-06
4.257451716558828373e-06
4.323507865787429176e-06
4.390588903879465019e-06
4.458710732415563412e-06
4.527889499696020960e-06
4.598141604568822230e-06
4.669483700316918743e-06
4.741932698605961545e-06
4.815505773493189564e-06
4.890220365498513054e-06
4.966094185738863619e-06
5.043143100023782259e-06
5.121375751134272956e-06
5.200822000109902110e-06
5.281500673102643841e-06
5.363430888308457632e-06
5.446632060497738917e-06
5.531123905615951424e-06
5.616926445455622053e-06
5.704060012400915459e-06
5.792545254245701455e-06
5.882403139086417958e-06
5.973654960290784894e-06
6.066322341543693815e-06
6.160427241971271880e-06
6.255991961344493240e-06
6.353039145363441514e-06
6.451591791023678555e-06
6.551673252065718163e-06
6.653307244509130242e-06
6.756517852272397733e-06
6.861329532880100095e-06
6.967767123258487220e-06
7.075855845621041283e-06
7.185621313445261493e-06
7.297089537542298059e-06
7.410286932220602577e-06
7.525240321545285517e-06
7.641976945694474232e-06
7.760524467414434152e-06
7.880910978574682228e-06
8.003165006824795996e-06
8.127315522354617406e-06
8.253391944759178730e-06
8.381424150010208929e-06
8.511442477535696008e-06
8.643477737409429833e-06
8.777561217651911138e-06
8.913724691644627420e-06
9.052000425659217009e-06
9.192421186503635470e-06
9.335020249286730458e-06
9.479831405303376451e-06
9.626888970041917658e-06
9.776227791315731750e-06
9.927883257521138708e-06
1.008189130602322861e-05
1.023828843167177330e-05
1.039711169544943115e-05
1.055839873325390316e-05
1.072218776481644627e-05
1.088851760275860369e-05
1.105742766178965289e-05
1.122895796804651945e-05
1.140314916857868929e-05
1.158004254098013891e-05
1.175968000317090396e-05
1.194212869434464890e-05
1.212742113760656627e-05
1.231558855319615225e-05
1.250667554879274816e-05
1.270072742420230849e-05
1.289779018209643021e-05
1.309791053891787825e-05
1.330113593595546336e-05
1.350751455059049325e-05
1.371709530771799547e-05
1.392992789134498030e-05
1.414606275636883199e-05
1.436555114053817122e-05
1.458844507659954812e-05
1.481479740463261876e-05
1.504466178457642752e-05
1.527809270895033085e-05
1.551514551577229663e-05
1.575587640167733884e-05
1.600034243523985837e-05
1.624860157050244823e-05
1.650071266071483230e-05
1.675673547228565671e-05
1.701673069895101665e-05
1.728075997616286948e-05
1.754888589570033954e-05
1.782117202050812266e-05
1.809768289976486681e-05
1.837848408418560499e-05
1.866364214156123196e-05
1.895322467253945304e-05
1.924730032665039346e-05
1.954593881858105562e-05
1.984921094470191793e-05
2.015718859985034372e-05
2.046994479437417506e-05
2.078755367143998365e-05
2.111009052460946186e-05
2.143763181568912425e-05
2.177025519285634506e-05
2.210803950906708160e-05
2.245106484074898000e-05
2.279941250678478283e-05
2.315316508778979615e-05
2.351240644568897571e-05
2.387722174359742722e-05
2.424769746600970771e-05
2.462392143930187513e-05
2.500598285255208338e-05
2.539397227868422889e-05
2.578798169593921600e-05
2.618810450967987204e-05
2.659443557453391318e-05
2.700707121688049068e-05
2.742610925768591447e-05
2.784810871280523576e-05
2.825711337884980707e-05
2.867212508898385148e-05
2.909323206855462726e-05
2.952052383867352753e-05
2.995409123524669467e-05
3.039402642828575548e-05
3.084042294150156002e-05
3.129337567218599313e-05
3.175298091138581907e-05
3.221933636437244227e-05
3.269254117141301192e-05
3.317269592884592301e-05
3.365990271046613504e-05
3.415426508922461110e-05
3.465588815924640402e-05
3.516487855817187542e-05
3.568134448982667194e-05
3.620539574722399592e-05
3.673714373590502517e-05
3.727670149762219131e-05
3.782418373436982980e-05
3.837970683276863891e-05
3.894338888880741049e-05
3.951534973294855798e-05
4.009571095560242223e-05
4.068459593297514597e-05
4.128212985329755721e-05
4.188843974343715556e-05
4.250365449590308106e-05
4.312790489624632228e-05
4.376132365086286803e-05
4.440404541520523066e-05
4.505620682240782967e-05
4.571794651233371655e-05
4.638940516104699132e-05
4.707072551071856114e-05
4.776205239997108885e-05
4.846353279466916915e-05
4.917531581916264710e-05
4.989755278798791712e-05
5.063039723803518504e-05
5.137400496118819829e-05
5.212853403744334934e-05
5.289414486851475245e-05
5.367100021193389953e-05
5.445926521564907903e-05
5.525910745313348887e-05
5.607069695900900280e-05
5.689420626519253569e-05
5.772981043757448104e-05
5.857768711323466207e-05
5.943801653820545930e-05
6.031098160578957529e-05
6.119676789543995830e-05
6.209556371221196767e-05
6.292227718121377747e-05
6.371466301108968109e-05
6.451702742615868073e-05
6.532949608763089226e-05
6.615219623917970439e-05
6.698525672686888601e-05
6.782880801933257025e-05
6.868298222820796593e-05
6.954791312882545871e-05
7.042373618116064184e-05
7.131058855104803278e-05
7.220860913166429523e-05
7.311793856527961158e-05
7.403871926528537777e-05
7.497109543849686541e-05
7.591521310773921300e-05
7.687122013471537750e-05
7.783926624316448947e-05
7.881950304230940551e-05
7.981208405060186075e-05
8.081716471976515344e-05
8.183490245913941686e-05
8.286545666033526541e-05
8.390898872219539474e-05
8.496566207607309429e-05
8.603564221142660133e-05
8.711909670173822789e-05
8.821619523075740653e-05
8.932710961907659980e-05
9.045201385104029016e-05
9.159108410199291858e-05
9.274449876587065073e-05
9.391243848314098240e-05
9.509508616909204072e-05
9.629262704248106803e-05
9.750524865454155983e-05
9.873314091835576529e-05
9.997649613859908272e-05
1.012355090416560652e-04
1.025103768061182418e-04
1.038012990936649599e-04
1.051084780803321556e-04
1.064321184881772642e-04
1.077724276173404739e-04
1.091296153785107677e-04
1.105038943258016969e-04
1.118954796900392755e-04
1.133045894124705297e-04
1.147314441788959582e-04
1.161762674542319998e-04
1.176392855175086325e-04
1.191207274973076462e-04
1.206208254076479455e-04
1.221398141843208244e-04
1.236779317216852800e-04
1.251966931088523203e-04
1.265217119657052129e-04
1.278607541559820065e-04
1.292139680955932304e-04
1.305815037712088056e-04
1.319635127568826046e-04
1.333190006981694025e-04
1.346631403142178808e-04
1.360208317218187114e-04
1.373922115519082496e-04
1.387774178129537526e-04
1.401699451365454627e-04
1.415069461992341274e-04
1.428567001515660805e-04
1.442193286360729542e-04
1.455949544555654206e-04
1.469837015841996973e-04
1.483379215391445675e-04
1.496658501084560666e-04
1.510056663614218607e-04
1.523574767171867136e-04
1.537213885475649728e-04
1.550954948455994520e-04
1.563842951416395612e-04
1.576838050086104863e-04
1.589941134400587545e-04
1.603153101690430501e-04
1.616474856742781713e-04
1.629354054233549739e-04
1.641747656435064171e-04
1.654235529967680791e-04
1.666818391901685127e-04
1.679496964761722545e-04
1.692271976568288767e-04
1.703906192914365729e-04
1.715558621666052731e-04
1.727290737372558227e-04
1.739103084985576663e-04
1.750996213183537390e-04
1.762358693298153643e-04
1.772940971570867788e-04
1.783586792307364772e-04
1.794296537055417302e-04
1.805070589653843312e-04
1.815909336246264493e-04
1.825321571139362070e-04
1.834588097400947774e-04
1.843901666611190296e-04
1.853262517590871907e-04
1.862670890373180430e-04
1.871459279666303475e-04
1.879050948221198394e-04
1.886673412760849215e-04
1.894326798210716270e-04
1.902011230003020862e-04
1.909726834078812302e-04
1.915736801624517548e-04
1.921376892624445851e-04
1.927033588528793658e-04
1.932706938223806227e-04
1.938396990739646626e-04
1.943423804018647833e-04
1.946743128219805181e-04
1.950068121752134313e-04
1.953398794298727501e-04
1.956735155559210018e-04
1.960077215249778895e-04
1.961406269973120910e-04
1.962062789687421614e-04
1.962719529151267484e-04
1.963376488438210255e-04
1.964033667621833371e-04
1.964052107683201696e-04
1.961753511699185681e-04
1.959457605839060729e-04
1.957164386954484249e-04
1.954873851900799128e-04
1.952585997537028032e-04
1.948121166915766668e-04
1.942654370134493243e-04
1.937202914219875703e-04
1.931766756122534339e-04
1.926345852913899923e-04
1.920425535156627093e-04
1.911581765014418004e-04
1.902778721403334573e-04
1.894016216773231846e-04
1.885294064437659830e-04
1.876612078569877976e-04
1.865760801016727556e-04
1.853596072196912617e-04
1.841510657202951110e-04
1.829504038910046001e-04
1.817575703565036999e-04
1.805432997256919069e-04
1.790071388405345171e-04
1.774840484502037796e-04
1.759739173437996405e-04
1.744766352566648048e-04
1.729920928623338299e-04
1.713299189879876087e-04
1.695277803546864327e-04
1.677445975679343697e-04
1.659801712401198553e-04
1.642343040808951209e-04
1.625027170776349793e-04
1.604856326782775852e-04
1.584935855801253258e-04
1.565262650046843871e-04
1.545833640310360761e-04
1.526645795479544679e-04
1.506487720413340729e-04
1.485301435757525673e-04
1.464413101527352573e-04
1.443818527537629878e-04
1.423513582531269589e-04
1.403494193350553752e-04
1.382202977533369753e-04
1.361146585890223525e-04
1.340410965968910216e-04
1.319991231153565541e-04
1.299882569270712147e-04
1.279834400595146774e-04
1.259749579599061132e-04
1.239979955658357836e-04
1.220520582292122807e-04
1.201366590646035950e-04
1.182513188274148712e-04
1.164308573195083215e-04
1.146432579955719208e-04
1.128831042424791742e-04
1.111499746798071765e-04
1.094434543967183748e-04
1.078054977760780898e-04
1.062716698843756580e-04
1.047596648871442610e-04
1.032691722940573748e-04
1.017998860323617570e-04
1.003515043840261787e-04
9.905456644618267439e-05
9.780466877655709693e-05
9.657054265831580366e-05
9.535198908170017099e-05
9.414881154811201725e-05
9.299538436168774101e-05
9.194554588102209474e-05
9.090755918034588241e-05
8.988129046318306262e-05
8.886660744350612562e-05
8.786337932868330076e-05
8.687762171362422865e-05
8.590503009435369733e-05
8.494332660069251156e-05
8.399238934049540898e-05
8.305209778619444230e-05
8.208822183414769434e-05
8.100785942155187412e-05
7.994171564978488800e-05
7.888960338743201549e-05
7.785133796591288879e-05
7.682673714706935017e-05
7.559669470232456903e-05
7.428281039666499426e-05
7.299176163924556160e-05
7.172315154408369624e-05
7.047659012314741792e-05
6.919782277331013053e-05
6.762118055466305336e-05
6.608046144148367411e-05
6.457484694147793704e-05
6.310353721134193475e-05
6.166575063185228899e-05
6.010123272936712213e-05
5.847610547234261832e-05
5.689492138389531538e-05
5.535649224811418765e-05
5.385966197824666729e-05
5.240291291632211140e-05
5.098074464833145058e-05
4.959717275733446562e-05
4.825114977212076073e-05
4.694165664891317873e-05
4.566770199987298096e-05
4.455049410817280573e-05
4.356254818989059021e-05
4.259651083080605099e-05
4.165189618958162253e-05
4.072822919883409303e-05
3.982649192617174135e-05
3.918682051120772484e-05
3.855742315000379623e-05
3.793813482630576121e-05
3.732879317426105213e-05
3.672923843584867490e-05
3.614533141523697642e-05
3.557733305503900080e-05
3.501826038799572724e-05
3.446797315314179043e-05
3.392633329361405514e-05
3.339320492201522600e-05
3.264726878494679502e-05
3.190379950786414494e-05
3.117726109778929354e-05
3.046726799170508220e-05
2.977344340693857132e-05
2.901742355711416649e-05
2.816900261785593152e-05
2.734538808805567626e-05
2.654585466978425597e-05
2.576969827161127840e-05
2.501623538856222439e-05
2.435224434841802506e-05
2.371565514435576710e-05
2.309570694507850799e-05
2.249196474000413645e-05
2.190400489011191465e-05
2.138560496211937983e-05
2.098408118728010873e-05
2.059009619107468191e-05
2.020350842974699641e-05
1.982417901708467988e-05
1.945197167452276821e-05
1.905427671283231581e-05
1.865691208717240970e-05
1.826783424395539350e-05
1.788687036768930565e-05
1.751385124683772798e-05
1.712138697387305820e-05
1.666564108899578730e-05
1.622202648249564133e-05
1.579022023776504319e-05
1.536990803375682630e-05
1.496078391618291388e-05
1.460034551864414817e-05
1.426189429420503749e-05
1.393128872185532708e-05
1.360834693120350125e-05
1.329289126780316258e-05
1.299132992368618800e-05
1.272213942835658225e-05
1.245852677018461309e-05
1.220037637203113138e-05
1.194757505160536089e-05
1.170001197184202710e-05
1.143561542920664491e-05
1.116652232145681050e-05
1.090376128224209351e-05
1.064718331074901103e-05
1.039664291232376091e-05
1.015461423944065007e-05
9.934776351031242411e-06
9.719697747026060519e-06
9.509275393374801649e-06
9.303408486617917541e-06
9.101998405596393662e-06
8.907342099014563643e-06
8.718410607143186128e-06
8.533486495725351947e-06
8.352484765177678474e-06
8.175322218822498021e-06
8.002049204455230209e-06
7.834269011524556525e-06
7.670006691631228504e-06
7.509188484991724150e-06
7.351742178355264000e-06
7.197597072577312130e-06
7.050002872999582404e-06
6.908292186934045066e-06
6.769429998792116110e-06
6.633359051491451580e-06
6.500023238862777000e-06
6.369367582515635424e-06
6.253984241936640219e-06
6.140709305327333878e-06
6.029486054614151463e-06
5.920277328752109154e-06
5.813046639773562541e-06
5.707758160597052839e-06
5.604376713057181278e-06
5.502867756151073197e-06
5.403197374497784534e-06
5.305332267006839048e-06
5.209239735751839007e-06
5.114887675045774733e-06
5.022244560714040968e-06
4.931279439561894730e-06
4.841961919032595529e-06
4.754262157052812715e-06
4.668150852062143904e-06
4.583599233223035328e-06
4.500579050808075122e-06
4.419062566761475542e-06
4.339022545431416140e-06
4.260432244470264621e-06
4.183265405899654033e-06
4.107496247337383068e-06
4.033099453383193474e-06
3.960050167160569247e-06
3.888323982011767476e-06
3.817896933343278842e-06
3.748745490618912416e-06
3.680846549498006414e-06
3.614177424115967182e-06
3.548715839504627048e-06
3.484439924149922742e-06
3.421328202684369786e-06
3.359359588711864191e-06
3.298513377762447796e-06
3.238769240374706232e-06
3.180107215303461274e-06
3.122507702850460838e-06
3.065951458315861812e-06
3.010419585568386434e-06
2.957000422990291488e-06
2.904854073267196199e-06
2.853627318201010529e-06
2.803303940849650928e-06
2.753868010254884294e-06
2.705303876399009524e-06
2.657596165250537244e-06
2.610729773897183812e-06
2.564689865764716338e-06
2.519461865920141021e-06
2.475031456457636432e-06
2.431384571965962900e-06
2.388507395075725928e-06
2.346386352085191329e-06
2.305008108663240493e-06
2.264359565628079634e-06
2.224427854800432865e-06
2.185200334929839735e-06
2.146664587692769715e-06
2.108808413761355520e-06
2.071619828941409069e-06
2.035087060378588863e-06
1.999198542831432996e-06
1.963942915010130813e-06
1.929309015979864319e-06
1.895285881627568206e-06
1.861862741191003985e-06
1.829029013849040078e-06
1.796774305372063206e-06
1.765088404831463548e-06
1.733961281367128099e-06
1.703383081011972814e-06
1.673344123572454302e-06
1.643834899564077468e-06
1.614846067200978801e-06
1.586368449438563559e-06
1.558393031068334387e-06
1.530910955863916708e-06
1.503913523777428378e-06
1.477392188185306528e-06
1.451338553182656478e-06
1.422266355957525380e-06
1.390895881454741160e-06
1.360217335483067768e-06
1.330215456396020663e-06
1.300875319168355897e-06
1.272182327971357715e-06
1.244122208911837494e-06
1.216681002931299221e-06
1.189845058861752259e-06
1.163601026634637827e-06
1.137935850639608731e-06
1.112836763229737373e-06
1.088291278370006798e-06
1.064287185425878123e-06
1.040812543088886288e-06
1.017855673436176927e-06
9.954051561211205188e-07
9.734498226920212206e-07
9.519787510361473965e-07
9.309812599463271820e-07
9.104469038073488105e-07
8.903654673996084052e-07
8.707269608173342244e-07
8.515216144989086223e-07
8.327398743668211674e-07
8.143723970747839224e-07
7.964100453597223198e-07
7.788438834962517304e-07
7.616651728514218749e-07
7.448653675375249917e-07
7.284361101607563721e-07
7.123692276636849573e-07
6.966567272593942893e-07
6.812907924553099569e-07
6.662637791647436552e-07
6.515682119041747686e-07
6.371967800744416833e-07
6.231423343239298071e-07
6.093978829919894912e-07
5.959565886307933322e-07
5.828117646039168712e-07
5.687935756469286641e-07
5.526267601537435660e-07
5.369194539348912749e-07
5.216585963617494180e-07
5.068314980278386648e-07
4.924258301975872007e-07
4.784296145549820281e-07
4.648312132435953136e-07
4.516193191897034921e-07
4.387829467004509394e-07
4.263114223292525398e-07
4.141943760008099988e-07
4.024217323883993437e-07
3.909837025362325309e-07
3.798707757199338321e-07
3.690737115383766531e-07
3.585835322302866323e-07
3.483915152092298978e-07
3.384891858107800071e-07
3.288683102458313184e-07
3.195208887542077020e-07
3.104391489528526134e-07
3.016155393730961370e-07
2.930427231816057830e-07
2.847135720798043210e-07
2.766211603766928337e-07
2.687587592301356529e-07
2.611198310518263137e-07
2.536980240712805562e-07
2.464871670543370833e-07
2.394812641717794500e-07
2.326744900137971478e-07
2.260611847461600128e-07
2.196358494040637833e-07
2.133931413197369835e-07
2.073278696800150072e-07
2.014349912101770618e-07
1.957096059804614351e-07
1.901469533317725122e-07
1.847424079171909871e-07
1.794914758559999076e-07
1.743196724127017322e-07
1.685584875239371126e-07
1.629877071423808908e-07
1.576010384867636447e-07
1.523923967493354387e-07
1.473558982224433060e-07
1.424858536522604662e-07
1.377767618121798543e-07
1.332233032886006044e-07
1.288203344720890274e-07
1.245628817471369985e-07
1.204461358739366778e-07
1.164654465558417019e-07
1.126163171863686153e-07
1.088943997698051686e-07
1.052954900096971987e-07
1.018155225596507120e-07
9.845056643109830514e-08
9.519682055283468534e-08
9.205060947730549368e-08
8.900837922880724688e-08
8.606669328889551273e-08
8.322222871447840113e-08
8.047177238420249915e-08
7.781221736889477505e-08
7.524055942196140743e-08
7.275389358577411806e-08
7.034941091021688869e-08
6.802439527968109851e-08
6.577622034492776101e-08
6.360234655635092051e-08
6.150031829528965178e-08
5.946776110014878181e-08
5.750237898419513883e-08
5.560195184199943886e-08
5.376433294159457803e-08
5.198744649951637658e-08
5.026928533598811876e-08
4.860790860760016347e-08
4.700143961492350256e-08
4.544806368258113786e-08
4.394602610938158997e-08
4.240448726588168350e-08
4.090253290958491635e-08
3.945377733091399002e-08
3.805633624495105060e-08
3.670839210759097805e-08
3.540819175160146392e-08
3.415404410641355329e-08
3.294431799867544149e-08
3.177744003071210630e-08
3.065189253412689384e-08
2.956621159588762805e-08
2.851898515432745811e-08
2.750885116258423588e-08
2.653449581709204337e-08
2.559465184881730469e-08
2.468809687501940877e-08
2.381365180939201601e-08
2.297017932851538647e-08
2.215658239262827263e-08
2.137180281879210198e-08
2.061481990459403221e-08
1.988464910059776508e-08
1.918034072981581594e-08
1.850097875253787983e-08
1.784567957490841933e-08
1.721359089970405606e-08
1.660389061781613286e-08
1.601578573899657844e-08
1.544851136047680210e-08
1.490132967211714091e-08
1.437352899679425553e-08
1.386442286477732445e-08
1.337334912088967261e-08
1.289966906329444607e-08
1.244276661278438841e-08
1.200204751149497903e-08
1.157693854999892414e-08
1.116688682177672935e-08
1.077135900409369163e-08
1.038984066434825213e-08
1.002183559098884252e-08
9.660290748383321169e-09
9.308022714920844685e-09
8.968600337001351260e-09
8.641555190440369001e-09
8.326435932409341284e-09
8.022807678554525385e-09
7.730251402829039885e-09
7.448363359210771869e-09
7.176754524507444811e-09
6.915050061480302860e-09
6.662888801545122062e-09
6.419922746336843833e-09
6.185816587450080472e-09
5.960247243692413981e-09
5.742903415212147118e-09
5.533485153884918051e-09
5.331703449366420149e-09
5.137279830240055397e-09
4.949945979708862341e-09
4.769443365301574356e-09
4.595522882081441065e-09
4.427944508865959724e-09
4.266476976982349301e-09
4.110897451102514250e-09
3.960991221716168206e-09
3.816551408818206535e-09
3.677378676401448234e-09
3.543280957360242423e-09
3.414073188426024934e-09
3.289577054768211522e-09
3.169620743908658401e-09
3.054038708609623722e-09
2.942671438408105735e-09
2.835365239481555239e-09
2.731972022540604942e-09
2.632349098456663821e-09
2.536358981341882295e-09
2.443869198810034837e-09
2.354752109156341175e-09
2.268884725203831761e-09
2.186148544573403907e-09
2.106051881970544274e-09
2.028341100483995357e-09
1.953497753371198608e-09
1.881416035752430079e-09
1.811994046820784373e-09
1.745133645786582127e-09
1.680740313137226262e-09
1.618723017016471387e-09
1.558994084534094769e-09
1.501469077824059443e-09
1.446066674676043116e-09
1.392708553571460650e-09
1.341319282961582431e-09
1.291826214631099230e-09
1.244159380996467573e-09
1.198251396193846393e-09
1.154037360816694965e-09
1.111454770168538953e-09
1.070443425901024611e-09
1.030945350912451362e-09
9.929047073864461812e-10
9.562677178548917746e-10
9.209825891735738968e-10
8.869994393030158839e-10
8.542702267909924964e-10
8.227486828570902009e-10
7.923902459832479284e-10
7.631519989178170921e-10
7.349926080041280638e-10
7.078722647477237841e-10
6.817526295397235982e-10
6.565967774566972538e-10
6.323691460604742644e-10
6.090354851240895471e-10
