8.956836351244688791e-09
9.093125110040559088e-09
9.231487661975625617e-09
9.371955562242131820e-09
9.514560846181498684e-09
9.659336036590516613e-09
9.806314151138316640e-09
9.955528709896547925e-09
1.010701374298413961e-08
1.026080379832803342e-08
1.041693394954236847e-08
1.057543980392748495e-08
1.073635751059042064e-08
1.089972376868932582e-08
1.106557583580294289e-08
1.123395153642781587e-08
1.140488927060443096e-08
1.157842802267496641e-08
1.175460737017395223e-08
1.193346749285456590e-08
1.211504918185190759e-08
1.229939384898608713e-08
1.248654353620647592e-08
1.267654092518006029e-08
1.286942934702529441e-08
1.306516567622543597e-08
1.326362349335062554e-08
1.346509585358641534e-08
1.366962854736976834e-08
1.387726806068721094e-08
1.408806158564010315e-08
1.430205703117042824e-08
1.451930303394948070e-08
1.473984896943196379e-08
1.496374496307802140e-08
1.519104190174558134e-08
1.542179144525605425e-08
1.565604603813540469e-08
1.589385892153371456e-08
1.613528414532579325e-08
1.638037658039556078e-08
1.662919193110706281e-08
1.688178674796489010e-08
1.713821844046693070e-08
1.739854529015234347e-08
1.766282646384775371e-08
1.793112202711450012e-08
1.820349295790047987e-08
1.848000116039902043e-08
1.876070947911842771e-08
1.904568171316524126e-08
1.933498263074441260e-08
1.962867798387977174e-08
1.992683452335807392e-08
2.022952001390009424e-08
2.053680324956196305e-08
2.084875406937085814e-08
2.116544337319778345e-08
2.148694313787165950e-08
2.181332643353814348e-08
2.214466744026694770e-08
2.248104146491141161e-08
2.282252495822415579e-08
2.316919553223273865e-08
2.352113197787930284e-08
2.387841428292788404e-08
2.424112365014425602e-08
2.460934251575142521e-08
2.498315456816568521e-08
2.536264476701724788e-08
2.574789936245977543e-08
2.613900591477324745e-08
2.653605331426454997e-08
2.693913180147038919e-08
2.734833298766712556e-08
2.776374987569186933e-08
2.818547688108039953e-08
2.861360985352562529e-08
2.904824609866224759e-08
2.948948440018230311e-08
2.993742504228660299e-08
3.039158595949356642e-08
3.085244649342143488e-08
3.132029555476650846e-08
3.179523911813910099e-08
3.227738476515731495e-08
3.276684170881566317e-08
3.326372081822382414e-08
3.376813464371960714e-08
3.428019744236376387e-08
3.480002520382032574e-08
3.532773567663051373e-08
3.586344839488391993e-08
3.640728470529528549e-08
3.695936779469071317e-08
3.751982271791188399e-08
3.808877642614216909e-08
3.866635779566355049e-08
3.925269765704832782e-08
3.984792882479479611e-08
4.045218612741099727e-08
4.106560643795601507e-08
4.168832870504302211e-08
4.232049398431376021e-08
4.296224547038945036e-08
4.361372852930625186e-08
4.427509073144297990e-08
4.494648188494820867e-08
4.562805406967333765e-08
4.631996167162164661e-08
4.702236141791822945e-08
4.773541241231158689e-08
4.845927617121268140e-08
4.919411666028057316e-08
4.994010033156316711e-08
5.069739616120136916e-08
5.146617568770391106e-08
5.224661305080412658e-08
5.303888503090431049e-08
5.384317108911979006e-08
5.465965340792914800e-08
5.548851693244088009e-08
5.632994941228689705e-08
5.718414144414969959e-08
5.805128651493615067e-08
5.893158104560429690e-08
5.982522443565591155e-08
6.073241910830360665e-08
6.165337055632242042e-08
6.258828738859652114e-08
6.353738137737300465e-08
6.450086750623045552e-08
6.547896401877676366e-08
6.647189246808351571e-08
6.747987776687202213e-08
6.850314823845821969e-08
6.954154956034177543e-08
7.059455888397384334e-08
7.166351304407656970e-08
7.274865347992725032e-08
7.385022528671551598e-08
7.496847727090163395e-08
7.610366200641374260e-08
7.725603589169451465e-08
7.842585920761311731e-08
7.961339617625391787e-08
8.081891502059411055e-08
8.204268802508645104e-08
8.328499159715854687e-08
8.454610632964417517e-08
8.582631706415840687e-08
8.712591295543404721e-08
8.844518753663111845e-08
8.978443878563652423e-08
9.114396919236568761e-08
9.252408582708514184e-08
9.392510040976855425e-08
9.534732938050416941e-08
9.679109397096629780e-08
9.825672027697111257e-08
9.974453933212988324e-08
1.012548871826186254e-07
1.027881049630779570e-07
1.043445389736643106e-07
1.059245407582667427e-07
1.075284671839081592e-07
1.091566805213499767e-07
1.108095485269150684e-07
1.124874445255516665e-07
1.141907474951550415e-07
1.159198421521640337e-07
1.176751190384558730e-07
1.194569746095554224e-07
1.212658113241815828e-07
1.231020377351471357e-07
1.249660685816375309e-07
1.268583248828852786e-07
1.287792340332646975e-07
1.307292298988235748e-07
1.327087529152793987e-07
1.347182501874978990e-07
1.367581755904793323e-07
1.388289898718713332e-07
1.409311607560368375e-07
1.430651630496958994e-07
1.452314787491692475e-07
1.474305971492424001e-07
1.496630149536812570e-07
1.519292363874208719e-07
1.542297733104504088e-07
1.565651453334255954e-07
1.589358799350299022e-07
1.613385493242415303e-07
1.637762497039829528e-07
1.662507818462900172e-07
1.687627022505360055e-07
1.713125758243682915e-07
1.739009760107504186e-07
1.765284849169254867e-07
1.791956934453246704e-07
1.819032014264570004e-07
1.846516177538050518e-07
1.874415605207609222e-07
1.902736571596274354e-07
1.931485445827234280e-07
1.960668693256185820e-07
1.990292876925349422e-07
2.020364659039412159e-07
2.050890802463812810e-07
2.081878172245638222e-07
2.113333737157526676e-07
2.145264571264854330e-07
2.177677855516644944e-07
2.210580879360493250e-07
2.243981042381890815e-07
2.277885855968342435e-07
2.312302944998579064e-07
2.347240049557342662e-07
2.382705026676048430e-07
2.418705852099779183e-07
2.455250622080926850e-07
2.492347555199984027e-07
2.530004994213815925e-07
2.568231407931892345e-07
2.607035393120811086e-07
2.646425676437645882e-07
2.686411116392511154e-07
2.727000705340722090e-07
2.768203571505116513e-07
2.810028981028900109e-07
2.852486340059513176e-07
2.895585196864007534e-07
2.939335243976328514e-07
2.983746320377099185e-07
3.028828413706306534e-07
3.074591662509449659e-07
3.121046358517572477e-07
3.168202948961798719e-07
3.216072038922809156e-07
3.264664393715849209e-07
3.313990941311710576e-07
3.364062774794357099e-07
3.414891154855643254e-07
3.466487512327765845e-07
3.518863450753912653e-07
3.572030748997818475e-07
3.626001363892708204e-07
3.679969338971729615e-07
3.732342543528284909e-07
3.785461121837407589e-07
3.839335682034225822e-07
3.893976983228503072e-07
3.949395937653305520e-07
4.005603612844254257e-07
4.062611233849756641e-07
4.120430185472768462e-07
4.179072014544384958e-07
4.238548432229828715e-07
4.298871316367245814e-07
4.360052713839799892e-07
4.422104842981479701e-07
4.485040096017233748e-07
4.548871041537746450e-07
4.613610427009478926e-07
4.679271181320430758e-07
4.745866417362089643e-07
4.813409434648218504e-07
4.881913721970819947e-07
4.951392960093958843e-07
5.021861024485862340e-07
5.093331988089999792e-07
5.165820124135508434e-07
5.239339908987660421e-07
5.313906025038890037e-07
5.389533363640977178e-07
5.466237028078904854e-07
5.544032336587150928e-07
5.622934825408801604e-07
5.702960251898252168e-07
5.784124597668054033e-07
5.866444071780564529e-07
5.949935113984955310e-07
6.034614398000413699e-07
6.120498834845945674e-07
6.207605576217630693e-07
6.295952017913937172e-07
6.385555803309781530e-07
6.476434826879986197e-07
6.568607237772996322e-07
6.662091443435341167e-07
6.756906113287743333e-07
6.853070182453477213e-07
6.950602855539920058e-07
7.049523610473787988e-07
7.149852202391016220e-07
7.251608667581999247e-07
7.354813327492966013e-07
7.459486792784325461e-07
7.565649967446693968e-07
7.673324052975650750e-07
7.782530552605759104e-07
7.893291275604922867e-07
8.005628341629854180e-07
8.106512450794686173e-07
8.204432313345783591e-07
8.303534965603331495e-07
8.403834694673662005e-07
8.505345960239399860e-07
8.608083396643944856e-07
8.712061815001289038e-07
8.817296205331245945e-07
8.923801738720460351e-07
9.031593769509617807e-07
9.140687837506888897e-07
9.251099670228278452e-07
9.362845185165031099e-07
9.475940492078262575e-07
9.590401895321491250e-07
9.706245896191137610e-07
9.823489195305401467e-07
9.942148695011984877e-07
1.006224150182467771e-06
1.018378492888966981e-06
1.030679649848135691e-06
1.043129394452851471e-06
1.055729521517088363e-06
1.068481847534664057e-06
1.081388210941122574e-06
1.094450472378758381e-06
1.107670514964865160e-06
1.121050244563209447e-06
1.134591590058798163e-06
1.148296503635942807e-06
1.162166961059703724e-06
1.176204961960722087e-06
1.190412530123504811e-06
1.204791713778168742e-06
1.219344585895733286e-06
1.234073244486963583e-06
1.248979812904841527e-06
1.264066440150661240e-06
1.279335301183848522e-06
1.294788597235519531e-06
1.310428556125806646e-06
1.326257432585040648e-06
1.342277508578801316e-06
1.358491093636893369e-06
1.374900525186310464e-06
1.391508168888193159e-06
1.408316418978881649e-06
1.425327698615089101e-06
1.442544460223217829e-06
1.459969185852925251e-06
1.477604387534943210e-06
1.495452607643223103e-06
1.513516419261466944e-06
1.531798426554058121e-06
1.550301265141499013e-06
1.568197685605152783e-06
1.583877486697993958e-06
1.599714064047153366e-06
1.615708985197674968e-06
1.631863833367878463e-06
1.648180207606076468e-06
1.664044943186199601e-06
1.679824979955400303e-06
1.695754657851457086e-06
1.711835395912051228e-06
1.728068626631522706e-06
1.744269839761105411e-06
1.759820190354598742e-06
1.775509173972678122e-06
1.791338026543459500e-06
1.807307995013484693e-06
1.823420337445967674e-06
1.838949906815697032e-06
1.854227080863710758e-06
1.869631170846749035e-06
1.885163231125691955e-06
1.900824324820563603e-06
1.916460089704154743e-06
1.931095205833562897e-06
1.945842083551570860e-06
1.960701576329557571e-06
1.975674544156467289e-06
1.990761853588567691e-06
2.005118020627920574e-06
2.018980646977904572e-06
2.032939114274577013e-06
2.046994085125933983e-06
2.061146226720987058e-06
2.075305854622648534e-06
2.087975476178662688e-06
2.100722445037492704e-06
2.113547233399919292e-06
2.126450316349495609e-06
2.139432171870118964e-06
2.151528466053577577e-06
2.162799228290808033e-06
2.174129032313175116e-06
2.185518187410531974e-06
2.196967004492942731e-06
2.208475796099171872e-06
2.217963430800475243e-06
2.227463339271241500e-06
2.237003937439457337e-06
2.246585399585904430e-06
2.256207900737838923e-06
2.264785738257735653e-06
2.272079265527874196e-06
2.279396280909560702e-06
2.286736860044016007e-06
2.294101078816076938e-06
2.301489013354940862e-06
2.306478937624536026e-06
2.311265630298385407e-06
2.316062256913697861e-06
2.320868838086628517e-06
2.325685394476116144e-06
2.329372223514341934e-06
2.331243282842382210e-06
2.333115845091674732e-06
2.334989911469426104e-06
2.336865483183831838e-06
2.338742561444037398e-06
2.337893841426022092e-06
2.336569437866378532e-06
2.335245784573811627e-06
2.333922881123303538e-06
2.332600727090078678e-06
2.330156139749478441e-06
2.325303562178778586e-06
2.320461090157950625e-06
2.315628702642067961e-06
2.310806378630030750e-06
2.305994097164474003e-06
2.298301410507344690e-06
2.289839625396544971e-06
2.281408994514226604e-06
2.273009403158120724e-06
2.264640737048263257e-06
2.255340802828551769e-06
2.243204296904780572e-06
2.231133100301819349e-06
2.219126861575244203e-06
2.207185231171830498e-06
2.195307861419382534e-06
2.180708045390228078e-06
2.165108428384990773e-06
2.149620402682044300e-06
2.134243170017002853e-06
2.118975937835837095e-06
2.103142568780741260e-06
2.084421051350326184e-06
2.065866187013282583e-06
2.047476492275894878e-06
2.029250496850040962e-06
2.011186743535642661e-06
1.991059539871009232e-06
1.969940522337639837e-06
1.949045512621533108e-06
1.928372134688772849e-06
1.907918037707826127e-06
1.887356218139723299e-06
1.864534926492266071e-06
1.841989582409689731e-06
1.819716849224651292e-06
1.797713430615693820e-06
1.775976070119396530e-06
1.753259190738322400e-06
1.729947914083522007e-06
1.706946583398003856e-06
1.684251077650330297e-06
1.661857330602172169e-06
1.639700533966689136e-06
1.616620601174898952e-06
1.593865534592909951e-06
1.571430761501412367e-06
1.549311773545324861e-06
1.527504125827816755e-06
1.505792936829018087e-06
1.484193440100129713e-06
1.462903772330811393e-06
1.441919489251575968e-06
1.421236210342726580e-06
1.400849617919921920e-06
1.381025520189992481e-06
1.361487601775000449e-06
1.342226094078285367e-06
1.323237086607252266e-06
1.304516724192611546e-06
1.286312938765175258e-06
1.268672268325882175e-06
1.251273524438186957e-06
1.234113389288480300e-06
1.217188590564107508e-06
1.200495900829354033e-06
1.184414735557938935e-06
1.168585585030724038e-06
1.152967983717558690e-06
1.137559104361859472e-06
1.122356157492015534e-06
1.107254827725874313e-06
1.092191695215286919e-06
1.077333482074071288e-06
1.062677400572122451e-06
1.048220700903717342e-06
1.033960670671577719e-06
1.018989349506835838e-06
1.004069969522838350e-06
9.893690294069421525e-07
9.748833309045342698e-07
9.606097225877515773e-07
9.460468217432488988e-07
9.306142093379978185e-07
9.154333450705523352e-07
9.005001222399064281e-07
8.858105011365850486e-07
8.713605079498273054e-07
8.558777818696679000e-07
8.403115726027831321e-07
8.250284725321800930e-07
8.100233326318084531e-07
7.952910975231206978e-07
7.805359655229238376e-07
7.651637624467864195e-07
7.500943059932942699e-07
7.353216337433251883e-07
7.208399007041478554e-07
7.066433769967704233e-07
6.922707116285580330e-07
6.780069565329848314e-07
6.640370961609785154e-07
6.503550750167735122e-07
6.369549623738748334e-07
6.237612314079080258e-07
6.105187820240451138e-07
5.975574698075056146e-07
5.848713262169297581e-07
5.724545094230762999e-07
5.603013016187237022e-07
5.480987172028925505e-07
5.359936045061337591e-07
5.241558410090756446e-07
5.125795221326887844e-07
5.012588737043679999e-07
4.901627385057201964e-07
4.791046337798526134e-07
4.682960006488691393e-07
4.577312110166198539e-07
4.474047637571830429e-07
4.373112818504149159e-07
4.276157913765616177e-07
4.182591621654146476e-07
4.091072646596001368e-07
4.001556191399528130e-07
3.913998439077131009e-07
3.828582961662672616e-07
3.750405584963779974e-07
3.673824543590188384e-07
3.598807241328267268e-07
3.525321747559617042e-07
3.453336783669979723e-07
3.382709443668028606e-07
3.313419119978159802e-07
3.245548116817286570e-07
3.179067361283792626e-07
3.113948375995954140e-07
3.050163266893483684e-07
2.982479856932913422e-07
2.916151726609376610e-07
2.851298684495401419e-07
2.787887925728022544e-07
2.725887374999984720e-07
2.664044255069920083e-07
2.602074298350746053e-07
2.541545862555438535e-07
2.482425415587400004e-07
2.424680205360593499e-07
2.368278241655188455e-07
2.314586686365009709e-07
2.262257005624996519e-07
2.211110428331686001e-07
2.161120206113115557e-07
2.112260195341898029e-07
2.065437277376511512e-07
2.021202274839511517e-07
1.977914643336661730e-07
1.935554093237020215e-07
1.894100769448074007e-07
1.853535242109330419e-07
1.814870159140514023e-07
1.777208860511132408e-07
1.740329090746120567e-07
1.704214631940411926e-07
1.668849602734980868e-07
1.633887967086497693e-07
1.598914278922408949e-07
1.564689209322406740e-07
1.531196733961236819e-07
1.498421171517427764e-07
1.466347176331232682e-07
1.435270611396727634e-07
1.404944047337583548e-07
1.375258268702683721e-07
1.346199736010306822e-07
1.317755195861333831e-07
1.290287671529476130e-07
1.264590316705657700e-07
1.239404750112876265e-07
1.214720778982451205e-07
1.190528413544771405e-07
1.166817862986354980e-07
1.143864855364853919e-07
1.121482455886104691e-07
1.099538020563764909e-07
1.078022979601625686e-07
1.056928930891632817e-07
1.036299227265156210e-07
1.016323450755295976e-07
9.967327287129827323e-08
9.775196388013224086e-08
9.586769017569028585e-08
9.401973786319076548e-08
9.225809182506745450e-08
9.055820491626119638e-08
8.888963900538117181e-08
8.725181699232419134e-08
8.564417241025283537e-08
8.407988875428183354e-08
8.266572544647199515e-08
8.127534734926127038e-08
7.990835441249976817e-08
7.856435331459331531e-08
7.724295734933465332e-08
7.594378631463733615e-08
7.466646640314032649e-08
7.341063009465409474e-08
7.217591605041395537e-08
7.096196900911452827e-08
6.976843968468967036e-08
6.859498466581400160e-08
6.744126631709389122e-08
6.630695268192038869e-08
6.519171738695613427e-08
6.409523954822879981e-08
6.301720367880371667e-08
6.195729959801027964e-08
6.091522234219308965e-08
5.989067207696680490e-08
5.888335401094469033e-08
5.789297831091970956e-08
5.691926001847080262e-08
5.596191896797257163e-08
5.502067970598433306e-08
5.409527141199454851e-08
5.318542782049774420e-08
5.229088714438312049e-08
5.141139199961051917e-08
5.054668933115502768e-08
4.969653034019498145e-08
4.886067041252619857e-08
4.803886904817964316e-08
4.723088979222291652e-08
4.643650016672568412e-08
4.565547160386930504e-08
4.488757938018153960e-08
4.413260255187780626e-08
4.339032389128866561e-08
4.266052982435833125e-08
4.194301036919299856e-08
4.121361308649487533e-08
4.049342854766807278e-08
3.978582882563160880e-08
3.909059400784210769e-08
3.840750802460342609e-08
3.773635858191472133e-08
3.707693709549260669e-08
3.642903862594588035e-08
3.579246181508309463e-08
3.516700882333303396e-08
3.455248526825912922e-08
3.394870016414761213e-08
3.335546586265164839e-08
3.277259799447336408e-08
3.219991541206364835e-08
3.163724013332416818e-08
3.108439728629319195e-08
3.054121505479705053e-08
3.000752462505256487e-08
2.948316013320189468e-08
2.896795861376395958e-08
2.846175994898719255e-08
2.796440681908701936e-08
2.747574465335297280e-08
2.699562158211011902e-08
2.652388838952021784e-08
2.606039846720709569e-08
2.560500776869295337e-08
2.515757476463057373e-08
2.471796039881790001e-08
2.428602804498116739e-08
2.386164346431349877e-08
2.344467476375500497e-08
2.303499235500215722e-08
2.263246891423388511e-08
2.223697934254057960e-08
2.184840072704520135e-08
2.146661230270376895e-08
2.109149541477276662e-08
2.072293348193323390e-08
2.036081196005877921e-08
1.993491489833613993e-08
1.947989241980039290e-08
1.903525601298991225e-08
1.860076861162566745e-08
1.817619856056215314e-08
1.776131949227595648e-08
1.735591020617384898e-08
1.695975455065521771e-08
1.657264130786714809e-08
1.619436408108950097e-08
1.582472118469048321e-08
1.546351553659433607e-08
1.511055455320304341e-08
1.476565004671710192e-08
1.442861812479950877e-08
1.409927909252998899e-08
1.377745735659743632e-08
1.346298133167876936e-08
1.315568334895533338e-08
1.285539956671684946e-08
1.256196988300627800e-08
1.227523785025834632e-08
1.199505059188647534e-08
1.172125872077402991e-08
1.145371625962552945e-08
1.119228056313625463e-08
1.093681224193811359e-08
1.068717508828148900e-08
1.044323600341375824e-08
1.020486492661500374e-08
9.971934765853711959e-09
9.744321330025366778e-09
9.521903262737437206e-09
9.304561977606032708e-09
9.092181595029454764e-09
8.884648880404531745e-09
8.681853183753761605e-09
8.483686380729928675e-09
8.290042814967683163e-09
8.100819241750963179e-09
7.915914772965885210e-09
7.714968207400116299e-09
7.491286557519887600e-09
7.274090155426541495e-09
7.063190973005717369e-09
6.858406433680509651e-09
6.659559254354076784e-09
6.466477291934524726e-09
6.278993394309963424e-09
6.096945255643736540e-09
5.920175275865504992e-09
5.748530424235998131e-09
5.581862106867352545e-09
5.420026038084799039e-09
5.262882115517532932e-09
5.110294298811439342e-09
4.962130491858212874e-09
4.818262428438930826e-09
4.678565561183487397e-09
4.542918953749054203e-09
4.411205176124922023e-09
4.283310202972680977e-09
4.159123314913861948e-09
4.038537002679560883e-09
3.921446874039078112e-09
3.807751563426992040e-09
3.697352644190434976e-09
3.590154543380601152e-09
3.486064459014719809e-09
3.384992279736871919e-09
3.286850506808097450e-09
3.191554178358253915e-09
3.099020795834065072e-09
3.009170252579668142e-09
2.921924764487844306e-09
2.837208802661892851e-09
2.754949028029848416e-09
2.675074227854448557e-09
2.597515254083874308e-09
2.522204963489904375e-09
2.449078159541655146e-09
2.378071535964586636e-09
2.307342375234724026e-09
2.231152852391475695e-09
2.157479143175796359e-09
2.086238174246726178e-09
2.017349615383815019e-09
1.950735788908041654e-09
1.886321582093575688e-09
1.824034362471905743e-09
1.763803895932545773e-09
1.705562267528138690e-09
1.649243804894608584e-09
1.594785004200012754e-09
1.542124458538597534e-09
1.491202788689316603e-09
1.441962576160735038e-09
1.394348298446827080e-09
1.348306266420630050e-09
1.303784563795239962e-09
1.260732988583803647e-09
1.219102996492503963e-09
1.178847646182787700e-09
1.139921546341009374e-09
1.102280804495914078e-09
1.065882977526138206e-09
1.030687023802020548e-09
9.966532569076705948e-10
9.637433008911779643e-10
9.319200469924989257e-10
9.011476118001738716e-10
8.713912967897483637e-10
8.426175491982509277e-10
8.147939241906137442e-10
7.878890482753757404e-10
7.618725839284167919e-10
7.367151953848317326e-10
7.123885155603761529e-10
6.888651140651645959e-10
6.661184662736137715e-10
6.441229234156536648e-10
6.228536836555836098e-10
6.022867641259039346e-10
5.823989738845929134e-10
5.620541983524388538e-10
5.423720005697239310e-10
5.233790404275999232e-10
5.050511819769048078e-10
4.873651344690269574e-10
4.702984227584154347e-10
4.538293587415220559e-10
4.379370137958959082e-10
4.226011921844408391e-10
4.078024053909852070e-10
3.935218473545871401e-10
3.797413705711087347e-10
3.664434630316420550e-10
3.536112259685358631e-10
3.412283523807185616e-10
3.292791063110078776e-10
3.177483028491223313e-10
3.066212888349385235e-10
2.958839242374838967e-10
2.855225641860173263e-10
2.755240416303451231e-10
2.658756506083444755e-10
2.565651300994296870e-10
2.475806484434480098e-10
2.389107883051902723e-10
2.305445321654237843e-10
2.224712483200142378e-10
2.146806773693168586e-10
2.071629191806999024e-10
1.999084203076180817e-10
1.929079618492375016e-10
1.861526477352119396e-10
1.796338934206982137e-10
1.733434149772504713e-10
1.672732185657398055e-10
1.614155902779109954e-10
1.557630863336714999e-10
1.503085236216545640e-10
1.450449705710389762e-10
1.399657383430166953e-10
1.350643723307235725e-10
1.302484100758325993e-10
1.255731967555353160e-10
1.210657983020572204e-10
1.167201910695036691e-10
1.125305676282802738e-10
1.084913290041001951e-10
1.045970771955639714e-10
1.008426079603222437e-10
9.722290386017183581e-11
9.373312755579761831e-11
9.036861534219862462e-11
8.712487091615356694e-11
8.399755936740430238e-11
8.098250138551978081e-11
7.807566767470409970e-11
7.527317356908423982e-11
7.257127384127660316e-11
6.996635769730109651e-11
6.745494395114771593e-11
6.503367637255154614e-11
6.269931920175894323e-11
6.044875282528672966e-11
5.827896960689942724e-11
5.618706986823304013e-11
5.417025801368912738e-11
5.222583879442887279e-11
5.035121370646615364e-11
4.854387751805067748e-11
4.680141492170029678e-11
4.512149730640426171e-11
4.350187964569086341e-11
4.194039749739368906e-11
4.043496411111098316e-11
3.898356763949244778e-11
3.758426844962324636e-11
3.623519653091802587e-11
3.493454899605517388e-11
3.368058767161487103e-11
3.247163677519998799e-11
3.130608067593654275e-11
3.018236173535810914e-11
2.909345983675833304e-11
2.803852359869904040e-11
2.702183961639132344e-11
2.604202085333260065e-11
2.509773056731561031e-11
2.418768048674544656e-11
2.331062905308170445e-11
2.246537972701217378e-11
2.165077935604360450e-11
2.086571660128458294e-11
2.010912042127450220e-11
1.937995861078753434e-11
1.867723639262165358e-11
1.799999506044850728e-11
1.734731067087433280e-11
1.671829278292776587e-11
1.611208324325272208e-11
1.552785501535189013e-11
1.496481105128113084e-11
1.442218320425688194e-11
1.389923118069328525e-11
1.339524153023756451e-11
1.290952667242782486e-11
1.244142395864445338e-11
1.199029476807460655e-11
1.155552363645856477e-11
1.113651741642663647e-11
1.073270446828348998e-11
1.034353388013414231e-11
9.968474716288631121e-12
9.607015292920121259e-12
9.258662479987049160e-12
8.922941028468323607e-12
8.599392921993129656e-12
8.287576751980263778e-12
7.987067115435952541e-12
7.697454034586817699e-12
7.418342397557602067e-12
7.149351419330056200e-12
6.890114122247129562e-12
6.640276835354966632e-12
6.399276074338870976e-12
6.166446149673393755e-12
5.942087460377403180e-12
5.725891790791718166e-12
5.517562139311500692e-12
5.316812310376269881e-12
5.123366521304999372e-12
4.936959023436237106e-12
4.757333737052286900e-12
4.584243899586437252e-12
4.417451726629725248e-12
4.256728085271475551e-12
4.101852179324963491e-12
3.952611246005826714e-12
3.808800263646477415e-12
3.670221670044813964e-12
3.536685091060694610e-12
3.408007079086962146e-12
3.284010861035812315e-12
3.164526095494645903e-12
3.049388638717227993e-12
2.938440319129130368e-12
2.831528720037440404e-12
2.728506970246381158e-12
2.629233542291132817e-12
2.533572058012563813e-12
2.441391101206044872e-12
2.352564037086706692e-12
2.266968838323196694e-12
2.184487917401168440e-12
2.105007965085835428e-12
2.028419794761929096e-12
1.954618192437220316e-12
1.883501772203413437e-12
1.814972836955886926e-12
1.748937244181123912e-12
1.685304276627148217e-12
1.623986517679547144e-12
1.564899731271742140e-12
1.507962746164615269e-12
1.453097344436485005e-12
