7.045108235564886996e-10
7.138598778731316370e-10
7.233329967373912643e-10
7.329318265202750760e-10
7.426580354405912722e-10
7.525133138548749433e-10
7.624993745511618846e-10
7.726179530466611204e-10
7.828708078893768017e-10
7.932597209637337619e-10
8.037864978002579108e-10
8.144529678893668905e-10
8.252609849993244473e-10
8.362124274984138384e-10
8.473091986813872461e-10
8.585097686297038416e-10
8.698119584797072390e-10
8.812629404577367093e-10
8.928646733963382229e-10
9.046191419158913533e-10
9.165283567640771700e-10
9.285943551598708083e-10
9.408192011420080531e-10
9.532049859220745174e-10
9.657538282422459550e-10
9.784678747377022458e-10
9.913493003038466810e-10
1.004400308468361670e-09
1.017623131768125166e-09
1.031020032131125747e-09
1.044477590908855716e-09
1.058107599340378510e-09
1.071915473847206110e-09
1.085903535509403953e-09
1.100074135696172804e-09
1.114429656461139135e-09
1.128972510942762864e-09
1.143705143769966461e-09
1.158630031473101436e-09
1.173749682900234635e-09
1.189066639638867248e-09
1.204583476443204620e-09
1.220302801666929281e-09
1.236227257701694566e-09
1.252287784740561606e-09
1.268471678423582042e-09
1.284864724042705225e-09
1.301469624565049345e-09
1.318289117889425106e-09
1.335325977297758372e-09
1.352583011912395528e-09
1.370063067159268784e-09
1.387769025237047791e-09
1.405703805592404119e-09
1.423870365401368132e-09
1.442271700056904803e-09
1.460910843662843530e-09
1.479790869534140423e-09
1.498914890703602326e-09
1.518095977691379071e-09
1.537511686968065293e-09
1.557175713724183954e-09
1.577091233819529101e-09
1.597261463731616691e-09
1.617689661075119481e-09
1.638379125128044263e-09
1.659333197364539376e-09
1.680555261994581659e-09
1.702048746510568721e-09
1.723817122240838629e-09
1.745863904910330242e-09
1.768192655208416024e-09
1.790806979363925128e-09
1.813595577633700325e-09
1.836521994480614201e-09
1.859738233709056365e-09
1.883247959084428208e-09
1.907054880687316128e-09
1.931162755498979486e-09
1.955575387994242030e-09
1.980296630741869710e-09
2.005330385012579039e-09
2.030680601394649722e-09
2.056351280417401284e-09
2.082346473182508898e-09
2.108670282003311838e-09
2.135326861052200601e-09
2.162320417016187729e-09
2.189329536723232308e-09
2.216647388956445428e-09
2.244306105841652548e-09
2.272309940594296313e-09
2.300663199500272875e-09
2.329370242578130090e-09
2.358435484249529247e-09
2.387863394018070841e-09
2.417658497156593984e-09
2.447825375403047877e-09
2.478368667665049109e-09
2.509293070733228149e-09
2.540603340003477555e-09
2.572304290208214369e-09
2.604213327678628652e-09
2.636241433409392345e-09
2.668663439112108245e-09
2.701484189194024073e-09
2.734708587641692031e-09
2.768341598753696556e-09
2.802388247882406608e-09
2.836853622184838952e-09
2.871742871382813976e-09
2.907061208532341196e-09
2.942813910802589712e-09
2.979006320264373727e-09
3.015643844688350818e-09
3.052731958353038017e-09
3.090276202862748262e-09
3.127759295190468908e-09
3.165633932952431243e-09
3.203967201974109946e-09
3.242764655909448101e-09
3.282031915662691238e-09
3.321774670202680464e-09
3.361998677387072190e-09
3.402709764796526614e-09
3.443913830578996911e-09
3.485616844304242373e-09
3.527824847828688342e-09
3.570543956170759899e-09
3.613780358396812982e-09
3.657540318517798165e-09
3.701526678344268378e-09
3.745541254232362515e-09
3.790079204138533455e-09
3.835146751463915022e-09
3.880750193611696460e-09
3.926895902866955158e-09
3.973590327287176962e-09
4.020839991603218819e-09
4.068651498130969347e-09
4.117031527694030753e-09
4.165986840557106132e-09
4.215524277370751391e-09
4.265650760127184109e-09
4.316373293127461152e-09
4.367698963960326163e-09
4.418732305560509507e-09
4.470221656775543936e-09
4.522310988506549325e-09
4.575007292036385107e-09
4.628317640113967116e-09
4.682249187903537567e-09
4.736809173944985360e-09
4.792004921125464829e-09
4.847843837662137600e-09
4.904333418096553697e-09
4.961481244300536258e-09
5.019294986493772506e-09
5.077782404273372369e-09
5.136951347655218564e-09
5.196325349738156133e-09
5.255489618385651960e-09
5.315327518965138120e-09
5.375846721308256521e-09
5.437054982573742503e-09
5.498960148241709992e-09
5.561570153119260766e-09
5.624893022357543547e-09
5.688936872480391971e-09
5.753709912424673780e-09
5.819220444592488549e-09
5.885476865915341338e-09
5.952487668930409713e-09
6.020261442869190370e-09
6.088806874758288751e-09
6.156611883313898120e-09
6.224879519144699844e-09
6.293904141154007310e-09
6.363694143188561449e-09
6.434258012170337565e-09
6.505604329128682279e-09
6.577741770243647186e-09
6.650679107901272798e-09
6.724425211760187481e-09
6.798989049830293989e-09
6.874379689563419511e-09
6.950606298955787780e-09
7.027678147663126368e-09
7.105604608127694478e-09
7.183623638334369407e-09
7.260893374934437642e-09
7.338994253656481812e-09
7.417935214575358160e-09
7.497725293928612249e-09
7.578373625151053601e-09
7.659889439920005940e-09
7.742282069212277748e-09
7.825560944372025142e-09
7.909735598190588183e-09
7.994815665997437884e-09
8.080810886763339012e-09
8.167731104215068611e-09
8.255586267962095551e-09
8.344386434635738930e-09
8.431602703809939052e-09
8.519142723113514990e-09
8.607591615290867627e-09
8.696958816596424582e-09
8.787253861255398840e-09
8.878486382480863569e-09
8.970666113501360244e-09
9.063802888599564529e-09
9.157906644161157912e-09
9.252987419735172335e-09
9.349055359104952510e-09
9.446120711370237203e-09
9.544193832040869020e-09
9.643285184141269123e-09
9.742184559911631058e-09
9.839224441863629022e-09
9.937230917974355846e-09
1.003621361628800179e-08
1.013618226075166872e-08
1.023714667217070247e-08
1.033911676917339557e-08
1.044210256918550361e-08
1.054611418941428410e-08
1.065116184784233579e-08
1.075725586423155274e-08
1.086440666113675144e-08
1.097262476492972039e-08
1.108192080683326208e-08
1.119230552396551512e-08
1.129958948695491186e-08
1.140675388616312137e-08
1.151493462392691874e-08
1.162414133911949779e-08
1.173438376202844038e-08
1.184567171522250082e-08
1.195801511442698457e-08
1.207142396940704320e-08
1.218590838485972909e-08
1.230147856131413997e-08
1.241814479604046236e-08
1.253591748396727507e-08
1.265480711860791877e-08
1.277482429299527293e-08
1.289409493335156826e-08
1.300942995439556644e-08
1.312579662342633486e-08
1.324320416832243894e-08
1.336166189950389071e-08
1.348117921067056965e-08
1.360176557954698132e-08
1.372343056863395122e-08
1.384618382596687801e-08
1.397003508588092688e-08
1.409499416978280564e-08
1.422107098692967602e-08
1.434827553521505131e-08
1.447661790196145218e-08
1.460610826472044910e-08
1.472996673404344978e-08
1.485271716601873047e-08
1.497649052417046607e-08
1.510129533293268453e-08
1.522714018777679145e-08
1.535403375580351875e-08
1.548198477633993891e-08
1.561100206154118269e-08
1.574109449699746059e-08
1.587227104234599455e-08
1.600454073188804841e-08
1.613791267521126873e-08
1.627239605781686315e-08
1.640800014175236373e-08
1.654194872746505524e-08
1.666843123873412771e-08
1.679588085647421648e-08
1.692430497534337829e-08
1.705371104654051206e-08
1.718410657823759057e-08
1.731549913601542582e-08
1.744789634330243539e-08
1.758130588181707820e-08
1.771573549201347656e-08
1.785119297353068112e-08
1.798768618564496990e-08
1.812522304772597227e-08
1.826381153969625376e-08
1.840345970249409054e-08
1.853373916817669289e-08
1.866112671664855152e-08
1.878938983520146395e-08
1.891853454187232040e-08
1.904856689606166733e-08
1.917949299881794654e-08
1.931131899312392793e-08
1.944405106418469415e-08
1.957769543971799746e-08
1.971225839024643653e-08
1.984774622939165477e-08
1.998416531417052725e-08
2.012152204529360747e-08
2.025982286746518877e-08
2.039519130485500567e-08
2.051763867093337402e-08
2.064082117880253918e-08
2.076474324206048494e-08
2.088940930080339330e-08
2.101482382178449626e-08
2.114099129857427751e-08
2.126791625172143849e-08
2.139560322891486698e-08
2.152405680514657511e-08
2.165328158287562672e-08
2.178328219219304079e-08
2.191406329098768083e-08
2.204562956511316009e-08
2.217798572855571293e-08
2.229536905171886954e-08
2.240680857976223083e-08
2.251880511892214736e-08
2.263136145332198335e-08
2.274448038100093451e-08
2.285816471398369654e-08
2.297241727835052725e-08
2.308724091430721290e-08
2.320263847625581522e-08
2.331861283286577258e-08
2.343516686714492507e-08
2.355230347651132691e-08
2.367002557286541642e-08
2.378833608266206334e-08
2.390205745456576286e-08
2.399466770709568011e-08
2.408763678475555801e-08
2.418096607783939535e-08
2.427465698202798960e-08
2.436871089840965613e-08
2.446312923350147348e-08
2.455791339927017139e-08
2.465306481315310474e-08
2.474858489807973378e-08
2.484447508249276359e-08
2.494073680036936288e-08
2.503737149124288578e-08
2.513438060022427265e-08
2.523176557802349058e-08
2.530702251181584669e-08
2.537190738416831968e-08
2.543695861535101776e-08
2.550217663189253651e-08
2.556756186141521273e-08
2.563311473263770856e-08
2.569883567537788672e-08
2.576472512055562630e-08
2.583078350019563513e-08
2.589701124743030188e-08
2.596340879650252178e-08
2.602997658276855197e-08
2.609671504270090998e-08
2.616362461389104057e-08
2.622417986083076118e-08
2.625228943954223961e-08
2.628042914878280180e-08
2.630859902084932764e-08
2.633679908807310774e-08
2.636502938282030003e-08
2.639328993749154264e-08
2.642158078452235754e-08
2.644990195638305132e-08
2.647825348557855303e-08
2.650663540464886420e-08
2.653504774616864519e-08
2.656349054274768842e-08
2.659196382703052123e-08
2.662046763169688574e-08
2.661925846394223394e-08
2.660231046321238663e-08
2.658537325296822201e-08
2.656844682633974042e-08
2.655153117646109790e-08
2.653462629647098681e-08
2.651773217951247359e-08
2.650084881873281686e-08
2.648397620728385780e-08
2.646711433832159338e-08
2.645026320500652038e-08
2.643342280050350646e-08
2.641659311798159815e-08
2.639977415061441797e-08
2.637570340511472787e-08
2.630728721588773494e-08
2.623904849206812025e-08
2.617098677332656422e-08
2.610310160052795448e-08
2.603539251572813682e-08
2.596785906217065930e-08
2.590050078428401617e-08
2.583331722767835894e-08
2.576630793914254504e-08
2.569947246664084891e-08
2.563281035931025882e-08
2.556632116745719128e-08
2.550000444255459260e-08
2.543385973723868973e-08
2.533233421740641336e-08
2.521018261756127343e-08
2.508862002831481770e-08
2.496764360947933548e-08
2.484725053456223596e-08
2.472743799070024097e-08
2.460820317859358448e-08
2.448954331244057929e-08
2.437145561987271640e-08
2.425393734188960564e-08
2.413698573279470374e-08
2.402059806013106222e-08
2.390477160461770066e-08
2.378950366008575833e-08
2.366801869696534060e-08
2.349474769852547802e-08
2.332274519827651093e-08
2.315200190968082896e-08
2.298250861418641577e-08
2.281425616072927347e-08
2.264723546523948990e-08
2.248143751015050545e-08
2.231685334391238347e-08
2.215347408050866396e-08
2.199129089897625143e-08
2.183029504292955776e-08
2.167047782008740116e-08
2.151183060180385585e-08
2.135434482260250301e-08
2.116303479837589720e-08
2.095040775407555108e-08
2.073991699412187832e-08
2.053154105506071904e-08
2.032525868908342260e-08
2.012104886185999502e-08
1.991889075039436528e-08
1.971876374090124426e-08
1.952064742670388164e-08
1.932452160615339231e-08
1.913036628056890128e-08
1.893816165219805049e-08
1.874788812219855898e-08
1.855952628863947993e-08
1.836855687801484952e-08
1.813297714191028228e-08
1.790041875432167637e-08
1.767084296596178857e-08
1.744421152450929884e-08
1.722048666823525463e-08
1.699963111971091648e-08
1.678160807959669035e-08
1.656638122051050577e-08
1.635391468097485882e-08
1.614417305944163331e-08
1.593712140839325082e-08
1.573272522851975922e-08
1.553095046297049657e-08
1.533176349167941367e-08
1.511307065872088373e-08
1.488136900306423884e-08
1.465321961408101560e-08
1.442856803122589041e-08
1.420736062889958318e-08
1.398954460364812322e-08
1.377506796155836204e-08
1.356387950584674206e-08
1.335592882463832670e-08
1.315116627893321015e-08
1.294954299075739988e-08
1.275101083149537626e-08
1.255552241040151664e-08
1.236303106328765770e-08
1.217217535761814175e-08
1.196418281238996699e-08
1.175974434830174972e-08
1.155879923484632333e-08
1.136128777925161765e-08
1.116715130874822768e-08
1.097633215314010597e-08
1.078877362767305656e-08
1.060442001619586394e-08
1.042321655460947601e-08
1.024510941459848072e-08
1.007004568764109598e-08
9.897973369292069687e-09
9.728841343734181819e-09
9.562599368593895042e-09
9.395316218391167098e-09
9.227804845866515424e-09
9.063280074247303050e-09
8.901688654701396901e-09
8.742978287782863930e-09
8.587097606505394096e-09
8.433996159717136375e-09
8.283624395771961567e-09
8.135933646492203685e-09
7.990876111416806800e-09
7.848404842330868780e-09
7.708473728070469106e-09
7.571037479598949224e-09
7.436051615348745176e-09
7.303337397073876013e-09
7.169212589232066672e-09
7.037550965425215936e-09
6.908307289610268297e-09
6.781437156497920636e-09
6.656896976296030208e-09
6.534643959733197803e-09
6.414636103357123772e-09
6.296832175103361935e-09
6.181191700128696024e-09
6.067674946904958901e-09
5.956242913568219800e-09
5.846857314518455093e-09
5.739480567265529462e-09
5.634075779516751022e-09
5.525853172617843994e-09
5.415419301820523285e-09
5.307192445838506562e-09
5.201128497602490765e-09
5.097184231520519674e-09
4.995317285861644137e-09
4.895486145491853699e-09
4.797650124954719214e-09
4.701769351890475576e-09
4.607804750786264553e-09
4.515718027051141966e-09
4.425471651409523756e-09
4.337028844606256640e-09
4.250353562417625641e-09
4.165329444610835134e-09
4.071167247284998911e-09
3.979133697770354543e-09
3.889180675466175225e-09
3.801261147594747497e-09
3.715329144609977359e-09
3.631339736161666967e-09
3.549249007603328399e-09
3.469014037030969197e-09
3.390592872841032193e-09
3.313944511795507463e-09
3.239028877583118567e-09
3.165806799864951664e-09
3.094239993793923038e-09
3.024291039997223348e-09
2.955548073937527036e-09
2.887991952834606794e-09
2.821979988478354493e-09
2.757476885472585608e-09
2.694448155181857402e-09
2.632860097290956172e-09
2.572679781785986861e-09
2.513875031347323358e-09
2.456414404144919286e-09
2.400267177026965511e-09
2.345403329092809033e-09
2.291793525641262970e-09
2.239409102485917154e-09
2.188222050628900405e-09
2.138205001285012116e-09
2.094164327074743788e-09
2.051124372763783796e-09
2.008968989755621265e-09
1.967679998049791396e-09
1.927239591287179979e-09
1.887630329070801183e-09
1.848835129444477925e-09
1.810837261525986020e-09
1.773620338291720648e-09
1.737168309509577879e-09
1.701465454817083729e-09
1.666496376941847502e-09
1.632245995061286710e-09
1.598699538298826855e-09
1.566248058329849227e-09
1.534908292401486326e-09
1.504195618026866079e-09
1.474097487447410061e-09
1.444601603978317348e-09
1.415695916984721944e-09
1.387368616958344796e-09
1.359608130692717612e-09
1.332403116554889851e-09
1.305742459851775314e-09
1.279615268289210369e-09
1.254010867521871775e-09
1.228918796792241315e-09
1.204328804656830132e-09
1.180230844797918854e-09
1.157263328661320406e-09
1.134773426513311273e-09
1.112720586256144360e-09
1.091096314162493806e-09
1.069892281569537510e-09
1.049100321671142657e-09
1.028712426372393351e-09
1.008720743205245459e-09
9.891175723041202025e-10
9.698953634402755387e-10
9.510467131138092962e-10
9.325643617021756949e-10
9.144411906641168697e-10
8.966702197979315783e-10
8.799184722303347428e-10
8.643197284541628097e-10
8.489975112143356088e-10
8.339469183901216844e-10
8.191631347630706558e-10
8.046414304764601538e-10
7.903771595220346508e-10
7.763657582536050169e-10
7.626027439269503515e-10
7.490837132656517203e-10
7.358043410523152704e-10
7.227603787447872638e-10
7.099476531168835388e-10
6.973620649232441073e-10
6.849995875878270235e-10
6.732163189648149201e-10
6.616634699540061916e-10
6.503088756742675437e-10
6.391491339398336113e-10
6.281809009487644513e-10
6.174008902810280912e-10
6.068058719137940198e-10
5.963926712536082949e-10
5.861581681852031517e-10
5.760992961366065134e-10
5.662130411602960155e-10
5.564964410301413223e-10
5.469465843538237165e-10
5.375606097004856351e-10
5.284331778470109976e-10
5.195963562869136806e-10
5.109073101098895561e-10
5.023635681147615929e-10
4.939627004254712572e-10
4.857023178000118138e-10
4.775800709509162035e-10
4.695936498771173093e-10
4.617407832069640978e-10
4.540192375522325934e-10
4.464268168729577704e-10
4.389613618528516516e-10
4.316207492851940819e-10
4.244028914689820402e-10
4.173057356151787756e-10
4.101987590512286431e-10
4.031988992524687371e-10
3.963184889550081809e-10
3.895554898061127072e-10
3.829078982366328380e-10
3.763737448674376879e-10
3.699510939259786807e-10
3.636380426728024389e-10
3.574327208378643159e-10
3.513332900664468395e-10
3.453379433745397056e-10
3.394449046135131976e-10
3.336524279439255930e-10
3.279587973183119932e-10
3.222493175842040482e-10
3.164637308062808925e-10
3.107820170624923640e-10
3.052023114413538348e-10
2.997227825135544016e-10
2.943416317308234347e-10
2.890570928355973139e-10
2.838674312812713366e-10
2.787709436628780818e-10
2.737659571579701332e-10
2.688508289775530982e-10
2.640239458268703479e-10
2.592837233758746111e-10
2.546286057391951877e-10
2.500570649654574215e-10
2.452624636903385938e-10
2.405167144201075234e-10
2.358627938618489963e-10
2.312989251597162834e-10
2.268233658394460941e-10
2.224344071430880731e-10
2.181303733766077616e-10
2.139096212701041407e-10
2.097705393504203299e-10
2.057115473258806763e-10
2.017310954829419590e-10
1.978276640945186965e-10
1.939997628397493187e-10
1.902459302350008021e-10
1.864408087530058075e-10
1.824968128477366822e-10
1.786362488037903185e-10
1.748573516914725665e-10
1.711583939166695120e-10
1.675376844310435374e-10
1.639935679589374736e-10
1.605244242406354220e-10
1.571286672916324679e-10
1.538047446775673177e-10
1.505511368045028578e-10
1.473663562242105046e-10
1.442489469541573523e-10
1.411974838118772692e-10
1.382105717634206587e-10
1.350389571479746163e-10
1.318965750026082799e-10
1.288273166857730893e-10
1.258294805921099481e-10
1.229014047129386138e-10
1.200414657148376130e-10
1.172480780396605681e-10
1.145196930255004205e-10
1.118547980481059010e-10
1.092519156822804228e-10
1.067096028827904937e-10
1.042264501843394008e-10
1.018010809201552124e-10
9.943215045876247126e-11
9.704154113872108333e-11
9.455921273285934479e-11
9.214038243556343389e-11
8.978342596143033808e-11
8.748676057437669501e-11
8.524884402480211358e-11
8.306817351394185725e-11
8.094328468471447119e-11
7.887275063837898270e-11
7.685518097634921018e-11
7.488922086651835127e-11
7.297355013346560657e-11
7.110688237193549110e-11
6.928796408299568519e-11
6.751557383229208485e-11
6.565709363076435770e-11
6.382190567063449752e-11
6.203801323186845460e-11
6.030398254824168659e-11
5.861841992887287751e-11
5.697997063807305801e-11
5.538731780650533432e-11
5.383918137277896350e-11
5.233431705462591489e-11
5.087151534883633646e-11
4.944960055914480960e-11
4.806742985128924136e-11
4.672389233448196982e-11
4.541790816855374437e-11
4.411644857430869782e-11
4.278241259710328776e-11
4.148871649416242743e-11
4.023414042922702975e-11
3.901750145263059119e-11
3.783765238588623464e-11
3.669348074000372839e-11
3.558390766651373706e-11
3.450788694021446199e-11
3.346440397267588757e-11
3.245247485557833856e-11
3.147114543297592773e-11
3.051949040161654828e-11
2.959661243846527094e-11
2.870164135461185265e-11
2.778727585507074109e-11
2.689039637384902072e-11
2.602246513527015645e-11
2.518254778776333414e-11
2.436974013747316308e-11
2.358316717486961359e-11
2.282198213277768009e-11
2.208536557480869096e-11
2.137252451321505005e-11
2.068269155521710030e-11
2.001512407688413606e-11
1.936910342367971826e-11
1.874393413681032650e-11
1.813894320454487489e-11
1.754505037611481981e-11
1.694974576209071213e-11
1.637463986940866429e-11
1.581904735423917888e-11
1.528230612651016070e-11
1.476377656090552653e-11
1.426284073463443296e-11
1.377890169106366972e-11
1.331138272833440840e-11
1.285972671211656614e-11
1.242339541168142313e-11
1.200186885850108881e-11
1.159464472661123379e-11
1.120123773399760414e-11
1.082117906429399925e-11
1.044401185294889313e-11
1.007706846014239744e-11
9.723017378779028754e-12
9.381405646092385479e-12
9.051796213860731189e-12
8.733767389260265344e-12
8.426912295363276034e-12
8.130838350591729359e-12
7.845166766459536213e-12
7.569532062961510577e-12
7.303581600988788985e-12
7.046975131172353413e-12
6.799384358578078774e-12
6.560492522695338591e-12
6.328695478314341156e-12
6.101415435808297970e-12
5.882297615342839953e-12
5.671048890130879359e-12
5.467386660336526761e-12
5.271038475024645835e-12
5.081741667687376711e-12
4.899243004859555790e-12
4.723298347353497966e-12
4.553672323659687964e-12
4.390138015076437968e-12
4.232476652147368383e-12
4.080477322000705771e-12
3.933936686198699699e-12
3.792658708719893836e-12
3.655251955224035849e-12
3.522418264903182283e-12
3.394411817546808357e-12
3.271057188723178377e-12
3.152185329012477303e-12
3.037633332335597366e-12
2.927244212702108702e-12
2.820866689071250961e-12
2.718354978031190095e-12
2.619568594012467994e-12
2.524372156761674933e-12
2.432635205811797720e-12
2.344232021694592286e-12
2.259041453650446659e-12
2.176853133990965498e-12
2.097348863875730095e-12
2.020748294000000671e-12
1.946945373769679966e-12
1.875837925830826413e-12
1.807327504609054114e-12
1.741319260015310670e-12
1.677721806129524937e-12
1.616447094680258487e-12
1.557410293145176373e-12
1.500529667303658825e-12
1.445726468078860185e-12
1.392924822512557275e-12
1.342051628721936578e-12
1.293036454692771595e-12
1.245811440768994902e-12
1.200311205703545879e-12
1.156472756140510443e-12
1.114235399403206027e-12
1.073540659467440225e-12
1.034332196003712094e-12
9.965557263761083527e-13
9.601589504900693940e-13
9.250914783848833405e-13
8.913047604706747048e-13
8.587520203133547023e-13
8.273881898744013852e-13
7.971698471158631778e-13
7.680551558842054171e-13
7.400038079897036595e-13
7.129769674013113183e-13
6.869372164796259113e-13
6.618485041735845067e-13
6.376760961091488256e-13
6.143865265008662945e-13
5.919475518197711108e-13
5.703281061534234036e-13
5.494982581963400620e-13
5.294291698112208470e-13
5.100930561036386581e-13
4.914631469549134092e-13
4.735136499598859363e-13
4.562197147183098683e-13
4.395573984304133884e-13
4.235036327489906535e-13
4.080361918421561526e-13
3.931336616225197035e-13
3.787754101001834503e-13
3.649415588185398898e-13
3.516129553332922255e-13
3.387711466966283106e-13
3.263983539098051869e-13
3.144774473087992609e-13
3.029919228489348459e-13
2.919258792556518360e-13
2.812639960098043598e-13
2.709915121369686895e-13
2.610942057714383078e-13
2.515583744665877670e-13
2.423708162243494269e-13
2.335188112175520017e-13
2.249901041797955771e-13
2.167728874385031756e-13
2.088557845676395509e-13
2.012278346374795482e-13
1.938784770396194403e-13
1.867975368662102554e-13
1.799752108231831432e-13
1.734020536579599781e-13
1.670689650828553026e-13
1.609671771760762701e-13
1.550882422428626305e-13
1.494240211199760100e-13
1.439666719073320272e-13
1.387086391111892207e-13
1.336426431838505433e-13
1.287616704454081219e-13
1.240589633735661743e-13
1.195280112481073393e-13
1.151625411370466485e-13
1.109565092119941176e-13
1.069040923807029216e-13
1.029996802252181450e-13
9.923786723446515069e-14
9.561344532052418277e-14
9.212139660822793030e-14
8.875688648810529725e-14
8.551525692304543231e-14
8.239201999942311437e-14
7.938285171375021103e-14
7.648358598625631775e-14
7.369020889311046414e-14
7.099885310929382453e-14
6.840579255443480318e-14
6.590743723419181993e-14
6.350032827004070529e-14
6.118113311058952886e-14
5.894664091778703329e-14
5.679375812163741852e-14
5.471950413727089809e-14
5.272100723843538280e-14
5.079550058170140361e-14
4.894031837587100138e-14
4.715289219129083332e-14
4.543074740395833971e-14
4.377149976949834663e-14
4.217285212226686060e-14
4.063259119501199465e-14
3.914858455468916591e-14
3.771877765018822217e-14
3.634119096788450677e-14
3.501391729107796313e-14
3.373511905952293634e-14
3.250302582539616348e-14
3.131593180217796262e-14
3.017219350305531377e-14
2.907022746557709781e-14
2.800850805940967879e-14
2.698556537415947310e-14
2.599998318433766481e-14
2.505039698864912373e-14
2.413549212089257645e-14
2.325400192985438500e-14
2.240470602567832757e-14
2.158642859028145320e-14
2.079803674947842609e-14
2.003843900456047042e-14
1.930658372115628861e-14
1.860145767328411192e-14
1.792208464057862107e-14
1.726752405675074450e-14
1.663686970740917188e-14
1.602924847544078645e-14
1.544381913221300759e-14
1.487977117292460456e-14
1.433632369449219006e-14
1.381272431441977955e-14
1.330824812915335385e-14
1.282219671047957041e-14
1.235389713857806043e-14
1.190270107038914324e-14
1.146798384200810926e-14
1.104914360386095078e-14
1.064560048746666390e-14
1.025679580263125157e-14
9.882191263962089713e-15
9.521268245632401110e-15
9.173527063363229117e-15
8.838486282629440293e-15
8.515682052131965213e-15
8.204667461613016754e-15
7.905011923125747631e-15
7.616300574901667919e-15
7.338133706990074502e-15
7.070126207874761647e-15
6.811907031301680081e-15
6.563118682579424765e-15
6.323416723641341223e-15
