7.334998341634365634e-10
7.433045375848108349e-10
7.532403006257050257e-10
7.633088751620372135e-10
7.735120364870867113e-10
7.838515836245052088e-10
7.943293396455111722e-10
8.049471519903535299e-10
8.157068927940428872e-10
8.266104592164373285e-10
8.376597737767693541e-10
8.488567846926153953e-10
8.602034662233954890e-10
8.717018190184954437e-10
8.833538704700124281e-10
8.951207321490875596e-10
9.070005795036227383e-10
9.190380936042197309e-10
9.312353669695808482e-10
9.435945198898604042e-10
9.561177007952533990e-10
9.688070866294411981e-10
9.816648832280263534e-10
9.946933257019940958e-10
1.007894678826222732e-09
1.021271237433190185e-09
1.034825326811902727e-09
1.048559303112083762e-09
1.062475553753762022e-09
1.076576497842298276e-09
1.090748477423437685e-09
1.105103797213259960e-09
1.119648047091488163e-09
1.134383713563387113e-09
1.149313315859083745e-09
1.164439406364230830e-09
1.179764571056384044e-09
1.195291429947100017e-09
1.211022637529857327e-09
1.226960883233872595e-09
1.243108891883888210e-09
1.259469424166013363e-09
1.276045277099693653e-09
1.292839284515894070e-09
1.309786862520924066e-09
1.326876398781154499e-09
1.344188911968348844e-09
1.361727311389663452e-09
1.379494544311623439e-09
1.397493596455442577e-09
1.415727492498720329e-09
1.434199296583772664e-09
1.452912112832504843e-09
1.471869085868088792e-09
1.491073401343388412e-09
1.510528286476279853e-09
1.530237010592015645e-09
1.550202885672574985e-09
1.570429266913279983e-09
1.590733397569530769e-09
1.611289431985322258e-09
1.632111098939883881e-09
1.653201831033302568e-09
1.674565105222989229e-09
1.696204443396833857e-09
1.718123412953867705e-09
1.740325627392319219e-09
1.762814746905380947e-09
1.785594478984569763e-09
1.808668579030952745e-09
1.832040850974275324e-09
1.855715147900014434e-09
1.879695372684645992e-09
1.903873644818759730e-09
1.928214852223292120e-09
1.952867264302325075e-09
1.977834859837502976e-09
2.003121668479576481e-09
2.028731771398792307e-09
2.054669301943525042e-09
2.080938446307415261e-09
2.107543444204980878e-09
2.134488589555925052e-09
2.161778231178098472e-09
2.189416773489407604e-09
2.217408677218690401e-09
2.245758460125604556e-09
2.274470697729799625e-09
2.303244436068946901e-09
2.332355311811792300e-09
2.361834122053150842e-09
2.391685517144177069e-09
2.421914206212184778e-09
2.452524957903484986e-09
2.483522601135669478e-09
2.514912025859344474e-09
2.546698183829591117e-09
2.578886089387088250e-09
2.611480820249103058e-09
2.644487518310576192e-09
2.677911390455226130e-09
2.711757709376957725e-09
2.745853547147509305e-09
2.780114862486997886e-09
2.814803672486575491e-09
2.849925311199607821e-09
2.885485179234959433e-09
2.921488744587485135e-09
2.957941543478766442e-09
2.994849181208454544e-09
3.032217333016180923e-09
3.070051744954229594e-09
3.108358234771099999e-09
3.147142692806096636e-09
3.186411082895076531e-09
3.226169443287501363e-09
3.266423887574919584e-09
3.306656072124860216e-09
3.347320481323747107e-09
3.388484971008621315e-09
3.430155691041149596e-09
3.472338866912476975e-09
3.515040800673188264e-09
3.558267871874927881e-09
3.602026538523375189e-09
3.646323338043165985e-09
3.691164888254451592e-09
3.736557888361698981e-09
3.782509119954430836e-09
3.829025448020417578e-09
3.876113821971341618e-09
3.923492210094671012e-09
3.970972652854996520e-09
4.019027683845381030e-09
4.067664256489519871e-09
4.116889408358449213e-09
4.166710262188912114e-09
4.217134026914048722e-09
4.268167998706407333e-09
4.319819562033730432e-09
4.372096190727514875e-09
4.425005449064353677e-09
4.478554992860512677e-09
4.532752570579763611e-09
4.587606024454452896e-09
4.643123291620303266e-09
4.698467786430714507e-09
4.754340676366607167e-09
4.810877991381436474e-09
4.868087632635922979e-09
4.925977595249281756e-09
4.984555969416473748e-09
5.043830941538857440e-09
5.103810795368170545e-09
5.164503913164314031e-09
5.225918776866705214e-09
5.288063969279655700e-09
5.350948175271855236e-09
5.414580182990003666e-09
5.478968885087093897e-09
5.543658579475310803e-09
5.608252298388513049e-09
5.673598651769205653e-09
5.739706409179725681e-09
5.806584442363691296e-09
5.874241726436786983e-09
5.942687341091042563e-09
6.011930471813535761e-09
6.081980411118898768e-09
6.152846559796583348e-09
6.224538428172257510e-09
6.297065637384308147e-09
6.370437920674801965e-09
6.444665124695882430e-09
6.519757210831122969e-09
6.594277739695162814e-09
6.669371796413585007e-09
6.745321006277966603e-09
6.822135107567673455e-09
6.899823949459266119e-09
6.978397493289370560e-09
7.057865813831931866e-09
7.138239100590006501e-09
7.219527659102275880e-09
7.301741912264428521e-09
7.384892401665594403e-09
7.468989788939996963e-09
7.554044857134002234e-09
7.640068512088721463e-09
7.726332898034497506e-09
7.812032787014385649e-09
7.898683252557287662e-09
7.986294838385206325e-09
8.074878205170258071e-09
8.164444131831955225e-09
8.255003516848646278e-09
8.346567379583868561e-09
8.439146861627083944e-09
8.532753228149308742e-09
8.627397869274069634e-09
8.723092301463230622e-09
8.819848168918395810e-09
8.917677244997654728e-09
9.016591433648379916e-09
9.114184752309754539e-09
9.212274360819999504e-09
9.311419639317101748e-09
9.411631949240280410e-09
9.512922774303874906e-09
9.615303721813544797e-09
9.718786523996278600e-09
9.823383039344712837e-09
9.929105253976285730e-09
1.003596528300662999e-08
1.014397537193784823e-08
1.025314789806191754e-08
1.036349537187891046e-08
1.047503043853067108e-08
1.058660570608826684e-08
1.069663716814640942e-08
1.080781223779498524e-08
1.092014280107366922e-08
1.103364086755920995e-08
1.114831857164934961e-08
1.126418817386026505e-08
1.138126206213732647e-08
1.149955275317944168e-08
1.161907289377739960e-08
1.173983526216590196e-08
1.186185276938964873e-08
1.198513846068383807e-08
1.210970551686879614e-08
1.223556725575910741e-08
1.235874234598446308e-08
1.248206510583683764e-08
1.260661845231948223e-08
1.273241466494554906e-08
1.285946614576035201e-08
1.298778542056414809e-08
1.311738514014687314e-08
1.324827808153547408e-08
1.338047714925352121e-08
1.351399537659354447e-08
1.364884592690178378e-08
1.378504209487615795e-08
1.392259730787677677e-08
1.406152512724979564e-08
1.420004502319925227e-08
1.433512022968885975e-08
1.447148031318965816e-08
1.460913749584791180e-08
1.474810411607079006e-08
1.488839262963211271e-08
1.503001561078885843e-08
1.517298575340829931e-08
1.531731587210561080e-08
1.546301890339252110e-08
1.561010790683695396e-08
1.575859606623336672e-08
1.590849669078456981e-08
1.605982321629458069e-08
1.621258920637303196e-08
1.636032707666229575e-08
1.650734967024654909e-08
1.665569348698990840e-08
1.680537040010579265e-08
1.695639238950672997e-08
1.710877154276301040e-08
1.726252005607024226e-08
1.741765023522564705e-08
1.757417449661276498e-08
1.773210536819536213e-08
1.789145549052025125e-08
1.805223761772880797e-08
1.821446461857793331e-08
1.837814947746998623e-08
1.854062346841644541e-08
1.869628701062782459e-08
1.885325747428204271e-08
1.901154583204246155e-08
1.917116314869694070e-08
1.933212058193115874e-08
1.949442938310859168e-08
1.965810089805702931e-08
1.982314656786169920e-08
1.998957792966488560e-08
2.015740661747264230e-08
2.032664436296787814e-08
2.049730299633048004e-08
2.066939444706426867e-08
2.084293074483094870e-08
2.100777697311038021e-08
2.117021530675750754e-08
2.133390966155679459e-08
2.149886974943460235e-08
2.166510535741277123e-08
2.183262634818928860e-08
2.200144266072339006e-08
2.217156431082540866e-08
2.234300139175075017e-08
2.251576407479888765e-08
2.268986260991679298e-08
2.286530732630705030e-08
2.304210863304064464e-08
2.322027701967470371e-08
2.339601143680085535e-08
2.355949151521571165e-08
2.372411391381239368e-08
2.388988661457507568e-08
2.405681765526218943e-08
2.422491512979616196e-08
2.439418718865585653e-08
2.456464203927177300e-08
2.473628794642397802e-08
2.490913323264285085e-08
2.508318627861261181e-08
2.525845552357762021e-08
2.543494946575182873e-08
2.561267666273030577e-08
2.579164573190463895e-08
2.595656258274856430e-08
2.611615484127015514e-08
2.627672834254678793e-08
2.643828911968653403e-08
2.660084324289165808e-08
2.676439681968660880e-08
2.692895599514772378e-08
2.709452695213378122e-08
2.726111591151853034e-08
2.742872913242435668e-08
2.759737291245746275e-08
2.776705358794447484e-08
2.793777753417046249e-08
2.810955116561869522e-08
2.827724219522390891e-08
2.842442608221408038e-08
2.857237606571536386e-08
2.872109613328294744e-08
2.887059029322719504e-08
2.902086257472201707e-08
2.917191702791323767e-08
2.932375772402786857e-08
2.947638875548360135e-08
2.962981423599945774e-08
2.978403830070649944e-08
2.993906510625907736e-08
3.009489883094724207e-08
3.025154367480910148e-08
3.040900385974415445e-08
3.054501676051169981e-08
3.067113697640259298e-08
3.079777794201122208e-08
3.092494180751048095e-08
3.105263073195130031e-08
3.118084688329932824e-08
3.130959243847173640e-08
3.143886958337417189e-08
3.156868051293780826e-08
3.169902743115687310e-08
3.182991255112567922e-08
3.196133809507646982e-08
3.209330629441705855e-08
3.222581938976874083e-08
3.235241393261135283e-08
3.244716371475383184e-08
3.254219098843790018e-08
3.263749656634681108e-08
3.273308126354370903e-08
3.282894589747907442e-08
3.292509128799714907e-08
3.302151825734346690e-08
3.311822763017161029e-08
3.321522023355014523e-08
3.331249689697003280e-08
3.341005845235155106e-08
3.350790573405120364e-08
3.360603957886932319e-08
3.370446082605668881e-08
3.377273741461232393e-08
3.382501261814371789e-08
3.387736873596021760e-08
3.392980589330518666e-08
3.398232421561582027e-08
3.403492382852349591e-08
3.408760485785401822e-08
3.414036742962798956e-08
3.419321167006104825e-08
3.424613770556426560e-08
3.429914566274418564e-08
3.435223566840351330e-08
3.440540784954116740e-08
3.445866233335262468e-08
3.450448409775530935e-08
3.450434342577717407e-08
3.450420275437261245e-08
3.450406208354148552e-08
3.450392141328386606e-08
3.450378074359982026e-08
3.450364007448919591e-08
3.450349940595207243e-08
3.450335873798851598e-08
3.450321807059837437e-08
3.450307740378172700e-08
3.450293673753863343e-08
3.450279607186896132e-08
3.450265540677276360e-08
3.450251474225005351e-08
3.446458631294605493e-08
3.440427547767054560e-08
3.434407018252312178e-08
3.428397024281513808e-08
3.422397547418133039e-08
3.416408569257908802e-08
3.410430071428762644e-08
3.404462035590796087e-08
3.398504443436175482e-08
3.392557276689126052e-08
3.386620517105853148e-08
3.380694146474469454e-08
3.374778146614982414e-08
3.368872499379186372e-08
3.362227607638010766e-08
3.349775890904887696e-08
3.337370288018808914e-08
3.325010628201148429e-08
3.312696741305767030e-08
3.300428457816637946e-08
3.288205608845523466e-08
3.276028026129648239e-08
3.263895542029383837e-08
3.251807989525939920e-08
3.239765202219066667e-08
3.227767014324761165e-08
3.215813260672989688e-08
3.203903776705409305e-08
3.192038398473106044e-08
3.176091227415227923e-08
3.157495446647920404e-08
3.139008542810652777e-08
3.120629878436992364e-08
3.102358819792826146e-08
3.084194736854528486e-08
3.066137003287188413e-08
3.048184996423065865e-08
3.030338097240075072e-08
3.012595690340461160e-08
2.994957163929593889e-08
2.977421909794832522e-08
2.959989323284601142e-08
2.942658803287495052e-08
2.924837426460466708e-08
2.900965735380890748e-08
2.877288878253392578e-08
2.853805264898689061e-08
2.830513318116070392e-08
2.807411473577496820e-08
2.784498179722522563e-08
2.761771897654114721e-08
2.739231101035262652e-08
2.716874275986484003e-08
2.694699920984167856e-08
2.672706546759694427e-08
2.650892676199430912e-08
2.629256844245542278e-08
2.607797597797562726e-08
2.582946087622991182e-08
2.555710590228590783e-08
2.528762273554627532e-08
2.502098109465995865e-08
2.475715101757297873e-08
2.449610285816190722e-08
2.423780728290251903e-08
2.398223526757365956e-08
2.372935809399582707e-08
2.347914734680415908e-08
2.323157491025541269e-08
2.298661296506883277e-08
2.274423398529984927e-08
2.250441073524725226e-08
2.226404168394809875e-08
2.197908596405246312e-08
2.169777737002260600e-08
2.142006922258108587e-08
2.114591543989504905e-08
2.087527052992922612e-08
2.060808958289745229e-08
2.034432826381039870e-08
2.008394280511864129e-08
1.982688999945031943e-08
1.957312719244132298e-08
1.932261227565726989e-08
1.907530367960645056e-08
1.883116036684176686e-08
1.859014182515121920e-08
1.833205596407743821e-08
1.806112656175838088e-08
1.779420122429625170e-08
1.753122077562808694e-08
1.727212691425369160e-08
1.701686220031070743e-08
1.676537004284019717e-08
1.651759468724095503e-08
1.627348120290885414e-08
1.603297547105891492e-08
1.579602417272761936e-08
1.556257477695226518e-08
1.533257552912499072e-08
1.510597543951923719e-08
1.488203068183807047e-08
1.464194499605526039e-08
1.440573251398708734e-08
1.417333075082951092e-08
1.394467822982027645e-08
1.371971446597635386e-08
1.349837995009420828e-08
1.328061613300771920e-08
1.306636541010051388e-08
1.285557110606771890e-08
1.264817745992394189e-08
1.244412961025285943e-08
1.224337358069475345e-08
1.204585626566843909e-08
1.185152541632315549e-08
1.165357013467940650e-08
1.145280365130962162e-08
1.125549595184711314e-08
1.106158744872577631e-08
1.087101958094768775e-08
1.068373479639771255e-08
1.049967653446258846e-08
1.031878920894922594e-08
1.014101819129772789e-08
9.966309794083252379e-09
9.794611254802356213e-09
9.625870719938369538e-09
9.460037229301568192e-09
9.297060700639109482e-09
9.136811523097224110e-09
8.968533572428605408e-09
8.803354894258929916e-09
8.641218407491139092e-09
8.482068082323950676e-09
8.325848920889248002e-09
8.172506938246650852e-09
8.021989143727558550e-09
7.874243522623351468e-09
7.729219018210291440e-09
7.586865514106033921e-09
7.447133816950547144e-09
7.309975639406536412e-09
7.175343583472447531e-09
7.043191124103266631e-09
6.908001701251546035e-09
6.769914155652639965e-09
6.634586911957867054e-09
6.501964793094042394e-09
6.371993724950531275e-09
6.244620714331489453e-09
6.119793827348833527e-09
5.997462168247379269e-09
5.877575858652879347e-09
5.760086017235250300e-09
5.644944739778076717e-09
5.532105079646523639e-09
5.421521028645918104e-09
5.313147498262603107e-09
5.206940301280134691e-09
5.096721005634481014e-09
4.988716256589000391e-09
4.883000239024716861e-09
4.779524452372522975e-09
4.678241423840166437e-09
4.579104686632568036e-09
4.482068758633782457e-09
4.387089121540526081e-09
4.294122200438051208e-09
4.203125343808831780e-09
4.114056803964717592e-09
4.026875717893936138e-09
3.941542088513856316e-09
3.858016766321129699e-09
3.776426958953757621e-09
3.696747325315310966e-09
3.618748869172354792e-09
3.542396119004222373e-09
3.467654351711386907e-09
3.394489576824379721e-09
3.322868521045817835e-09
3.252758613118719949e-09
3.184127969013953249e-09
3.116945377430279645e-09
3.051180285600329361e-09
2.986802785396051558e-09
2.923783599727335957e-09
2.862094069227607823e-09
2.801706139220348364e-09
2.743493798523492094e-09
2.686533537608250560e-09
2.630755882363661126e-09
2.576136279598607849e-09
2.522650685893910328e-09
2.470275557018519656e-09
2.418987837565301020e-09
2.368764950802190166e-09
2.319584788733959131e-09
2.271425702370280004e-09
2.224266492195929287e-09
2.178086398838803818e-09
2.132865093931693825e-09
2.088582671163782264e-09
2.045439615052117302e-09
2.003461216854803385e-09
1.962344338060088962e-09
1.922071297772244787e-09
1.882624777959214788e-09
1.843987816005535688e-09
1.806143797418214730e-09
1.769076448682176340e-09
1.732769830262459519e-09
1.697208329749911020e-09
1.662376655147664655e-09
1.628259828295296964e-09
1.594843178428006056e-09
1.562112335867969153e-09
1.530053225845143976e-09
1.499875394306103470e-09
1.470386745538637477e-09
1.441477865203557539e-09
1.413137354628857549e-09
1.385354039248772335e-09
1.358116964197683076e-09
1.331415389990653353e-09
1.305238788288890586e-09
1.279576837748438802e-09
1.254419419950533770e-09
1.229756615411945476e-09
1.205578699673733380e-09
1.181876139466952433e-09
1.158639588953692498e-09
1.136180158981659591e-09
1.114600706718743789e-09
1.093431112660344371e-09
1.072663592375899254e-09
1.052290509284406559e-09
1.032304371846330892e-09
1.012697830808839618e-09
9.934636765033421711e-10
9.745948361943766048e-10
9.560843714788240881e-10
9.379254757345658435e-10
9.201114716175361505e-10
9.026358086063742162e-10
8.854920605936701982e-10
8.686739235229624857e-10
8.526043609829733773e-10
8.368785051693756406e-10
8.214427048051567408e-10
8.062916099643978885e-10
7.914199693978457187e-10
7.768226287128809545e-10
7.624945285870563347e-10
7.484307030145534345e-10
7.346262775850293981e-10
7.210764677941634033e-10
7.077765773853946587e-10
6.947219967222461294e-10
6.819082011906404863e-10
6.693307496307276888e-10
6.570330940154214844e-10
6.450356034215710008e-10
6.332571882165591395e-10
6.216938480616748440e-10
6.103416556648061066e-10
5.991967554465834166e-10
5.882553622309055980e-10
5.775137599593765433e-10
5.669683004291915875e-10
5.566154020541068739e-10
5.464515486479978848e-10
5.364732882306535184e-10
5.266772318553762997e-10
5.170600524579686239e-10
5.076184837267716757e-10
4.982380786025270099e-10
4.890152908252493947e-10
4.799632242714945478e-10
4.710787187540304331e-10
4.623586725832412267e-10
4.538000414842685894e-10
4.453998375342448455e-10
4.371551281191514360e-10
4.290630349100155611e-10
4.211207328580567039e-10
4.133254492084086842e-10
4.056744625321410663e-10
3.981651017761561986e-10
3.907947453307004445e-10
3.834637119645937330e-10
3.761014331231496856e-10
3.688805057265682541e-10
3.617982159098393664e-10
3.548519019125666931e-10
3.480389530786016785e-10
3.413568088748613874e-10
3.348029579289997129e-10
3.283749370855537650e-10
3.220703304801985361e-10
3.158867686317955139e-10
3.098219275518532389e-10
3.038735278710993345e-10
2.980393339828209862e-10
2.923171532026409839e-10
2.864371146417077681e-10
2.806281603612962731e-10
2.749370118682870390e-10
2.693612800573673567e-10
2.638986242743558229e-10
2.585467513336196157e-10
2.533034145554071783e-10
2.481664128227056730e-10
2.431335896572289519e-10
2.382028323141457696e-10
2.333720708951568778e-10
2.286392774795737164e-10
2.240024652730035391e-10
2.194596877733140336e-10
2.149061998340713832e-10
2.102466551417687135e-10
2.056881375801700770e-10
2.012284567032512499e-10
1.968654695577159583e-10
1.925970796532665735e-10
1.884212359552054523e-10
1.843359318988781112e-10
1.803392044254815449e-10
1.764291330387852473e-10
1.726038388822966998e-10
1.688614838364393054e-10
1.652002696353050858e-10
1.616184370025542328e-10
1.581142648060566330e-10
1.544763827566189895e-10
1.508775186409100096e-10
1.473624979107872557e-10
1.439293672517924251e-10
1.405762188561871437e-10
1.373011893627747804e-10
1.341024588214184124e-10
1.309782496816883965e-10
1.279268258050660556e-10
1.249464915001661207e-10
1.220355905804299215e-10
1.191925054437769405e-10
1.164156561736926226e-10
1.137034996612611736e-10
1.109933126662667463e-10
1.082132742961984850e-10
1.055028672683556968e-10
1.028603475334943309e-10
1.002840147253955394e-10
9.777221106674263690e-11
9.532332030240232067e-11
9.293576665941993444e-11
9.060801383306951275e-11
8.833856399829434091e-11
8.612595684591166112e-11
8.396876864295711961e-11
8.186561131656305798e-11
7.981513156078305325e-11
7.781600996578934118e-11
7.575684552365986976e-11
7.372441531696936906e-11
7.174651183346162110e-11
6.982167221181365149e-11
6.794847283684004516e-11
6.612552828658217634e-11
6.435149030765069713e-11
6.262504681805248479e-11
6.094492093677292694e-11
5.930987003939153226e-11
5.771868483903494283e-11
5.617018849198645571e-11
5.466323572728954666e-11
5.319671199970258633e-11
5.174377714782229017e-11
5.026644042352076910e-11
4.883128314411645829e-11
4.743710104416136997e-11
4.608272424119383983e-11
4.476701625406979231e-11
4.348887304932087543e-11
4.224722211474173358e-11
4.104102155942627685e-11
3.986925923949802858e-11
3.873095190880346532e-11
3.762514439385223726e-11
3.655090879231542135e-11
3.550734369440576152e-11
3.449357342648974498e-11
3.346655507450609352e-11
3.245772851507794596e-11
3.147931234670277693e-11
3.053038986880842695e-11
2.961007201413898974e-11
2.871749651576644170e-11
2.785182709921332299e-11
2.701225269892832338e-11
2.619798669837954191e-11
2.540826619305619374e-11
2.464235127568560291e-11
2.389952434299639869e-11
2.317908942338084687e-11
2.248037152482188468e-11
2.179469119188636004e-11
2.110712004834394106e-11
2.044124015398088377e-11
1.979636720100544327e-11
1.917183846992390838e-11
1.856701214848077223e-11
1.798126667208461877e-11
1.741400008504205741e-11
1.686462942194318946e-11
1.633259010856292770e-11
1.581733538166245262e-11
1.531833572709463123e-11
1.483507833563558668e-11
1.436706657598409303e-11
1.391381948438601748e-11
1.346265120522480564e-11
1.302198052708339747e-11
1.259573424749568820e-11
1.218344021507072887e-11
1.178464173326895173e-11
1.139889705452114844e-11
1.102577889090640212e-11
1.066487394084669342e-11
1.031578243129457676e-11
9.978117674905912010e-12
9.651505641707794110e-12
9.335584544787013159e-12
9.030004439539903153e-12
8.734426836040220255e-12
8.446599001618626260e-12
8.161940698279514263e-12
7.886875646572762043e-12
7.621080544926617354e-12
7.364242987335234184e-12
7.116061096168168714e-12
6.876243167353945513e-12
6.644507327521745722e-12
6.420581202697545007e-12
6.204201598165539456e-12
5.995114189118539904e-12
5.793073221733738730e-12
5.597841224322476682e-12
5.409188728214676667e-12
5.226893998049388201e-12
5.050742771155245460e-12
4.880528005713696426e-12
4.716049637409589802e-12
4.557114344282677697e-12
4.403535319503917330e-12
4.255132051809608079e-12
4.111730113334756054e-12
3.973160954596927157e-12
3.839261706389227983e-12
3.709874988349691674e-12
3.584848723982063873e-12
3.464035961910554591e-12
3.347294703158461795e-12
3.234487734247746955e-12
3.125482465923112819e-12
3.020150777311492258e-12
2.918368865333304799e-12
2.820017099188827307e-12
2.724979879748391830e-12
2.633145503681320233e-12
2.544406032163942075e-12
2.458657164012072755e-12
2.375798113089206400e-12
2.295731489846104345e-12
2.218363186852620173e-12
2.143602268187210395e-12
2.071360862554121628e-12
2.001554060002620573e-12
1.934099812126932154e-12
1.868918835629411231e-12
1.805934519133888286e-12
1.745072833139362281e-12
1.686262243008425724e-12
1.629433624887985818e-12
1.574520184463576428e-12
1.521457378451748522e-12
1.470182838738213570e-12
1.420636299072573597e-12
1.372759524233562866e-12
1.326496241581455657e-12
1.281792074917229957e-12
1.238594480570736526e-12
1.196852685642755191e-12
1.156517628328378133e-12
1.117541900251479252e-12
1.079879690742663375e-12
1.043486732995022281e-12
1.008320252034545665e-12
9.743389144439308282e-13
9.415027797807684673e-13
9.097732536330179711e-13
8.791130422564839211e-13
8.494861087411089632e-13
8.208576306544823079e-13
7.931939591128044853e-13
7.664625792311988937e-13
7.406320719068854600e-13
7.156720768902942043e-13
6.915532571007307014e-13
6.682472641446117020e-13
6.457267049957832896e-13
6.239651097987540861e-13
6.029369007569777792e-13
5.826173620696179753e-13
5.629826108814975228e-13
5.440095692120349737e-13
5.256759368302388809e-13
5.079601650437953388e-13
4.908414313715192892e-13
4.742996150693660499e-13
4.583152734812131004e-13
4.428696191866801182e-13
4.279444979190597183e-13
4.135223672274535630e-13
3.995862758579975708e-13
3.861198438299680647e-13
3.731072431833481475e-13
3.605331793752118007e-13
3.483828733030607025e-13
3.366420439340047579e-13
3.252968915193476476e-13
3.143340813748588016e-13
3.037407282076646888e-13
2.935043809713377415e-13
2.836130082313902497e-13
2.740549840239466262e-13
2.648190741910155915e-13
2.558944231762576036e-13
2.472705412657600070e-13
2.389372922587986791e-13
2.308848815541127324e-13
2.231038446376862450e-13
2.155850359584984224e-13
2.083196181791672707e-13
2.012990517888655611e-13
1.945150850662817172e-13
1.879597443808515280e-13
1.816253248208313180e-13
1.755043811372249641e-13
1.695897189929088788e-13
1.638743865066594777e-13
1.583516660821692082e-13
1.530150665124211790e-13
1.478583153501610374e-13
1.428753515354847432e-13
1.380603182718869318e-13
1.334075561423952699e-13
1.289115964576949701e-13
1.245671548284252844e-13
1.203691249541011148e-13
1.163125726213477714e-13
1.123927299044090813e-13
1.086049895610939073e-13
1.049448996175917815e-13
1.014081581357824599e-13
9.799060815689259339e-14
9.468823281555577010e-14
9.149715061853304694e-14
8.841361088254691514e-14
8.543398932586102491e-14
8.255478380842988368e-14
7.977261021561085122e-14
7.708419848059727461e-14
7.448638874089792256e-14
7.197612762434989221e-14
6.955046466029291910e-14
6.720654881169519865e-14
6.494162512414401552e-14
6.275303148777261588e-14
6.063819550831296016e-14
5.859463148359341788e-14
5.661993748193641494e-14
5.471179251901275031e-14
5.286795382984123428e-14
5.108625423272202512e-14
4.936459958201028815e-14
4.770096630673145188e-14
4.609339903215067237e-14
4.454000828149365177e-14
4.303896825512458562e-14
4.158851468456672066e-14
4.018694275884459496e-14
3.883260512071056944e-14
