6.905833986381850081e-10
6.997134642353769731e-10
7.089642366117551637e-10
7.183373116076135611e-10
7.278343061615243334e-10
7.374568585892912629e-10
7.472066288665622058e-10
7.570852989151926100e-10
7.670945728933947276e-10
7.772361774897079890e-10
7.875118622208864902e-10
7.979233997336939781e-10
8.084725861107070430e-10
8.191612411801427515e-10
8.299912088298145308e-10
8.409209320904547052e-10
8.519481807838420339e-10
8.631200331005934090e-10
8.744383852714503543e-10
8.859051583929870503e-10
8.975222987536937204e-10
9.092917781643372651e-10
9.212155942926198225e-10
9.332957710022602640e-10
9.455343586965210621e-10
9.579334346662037943e-10
9.704951034422626931e-10
9.832214971529871285e-10
9.961147758859049129e-10
1.009177128054432176e-09
1.022293109024324949e-09
1.035576293324351068e-09
1.049032072923700443e-09
1.062662690442563050e-09
1.076470417640667600e-09
1.090457555795877557e-09
1.104626436087770300e-09
1.118979419986134486e-09
1.133518899644564101e-09
1.148247298299140479e-09
1.163167070672321445e-09
1.178280703382032164e-09
1.193590715356113032e-09
1.209099658252154572e-09
1.224736870487805123e-09
1.240489243538756053e-09
1.256444221134989859e-09
1.272604409144310328e-09
1.288972446950783652e-09
1.305551007885818436e-09
1.322342799664791539e-09
1.339350564829289429e-09
1.356577081195037243e-09
1.374025162305588742e-09
1.391697657891853261e-09
1.409597454337530184e-09
1.427727475150532822e-09
1.446090681440473047e-09
1.464690072402289391e-09
1.483335870478738198e-09
1.502208047001157734e-09
1.521320330335386270e-09
1.540675775310885076e-09
1.560277475623099785e-09
1.580128564327919391e-09
1.600232214342463385e-09
1.620591638952202202e-09
1.641210092324594604e-09
1.662090870029194662e-09
1.683237309564408841e-09
1.704652790890954089e-09
1.726340736972070672e-09
1.748304614320675269e-09
1.770432095150957755e-09
1.792686297017616431e-09
1.815220232573061364e-09
1.838037418049288166e-09
1.861141413877071343e-09
1.884535825241547183e-09
1.908224302644742896e-09
1.932210542475251353e-09
1.956498287584992072e-09
1.981091327873258841e-09
2.005993500878111670e-09
2.031208692375157121e-09
2.056740836983942417e-09
2.082593918781885589e-09
2.108771971925966223e-09
2.134945558745701396e-09
2.161414685230079014e-09
2.188211976830421701e-09
2.215341502148801390e-09
2.242807380229991308e-09
2.270613781186782252e-09
2.298764926833200516e-09
2.327265091325435558e-09
2.356118601810808268e-09
2.385329839084786053e-09
2.414903238256045978e-09
2.444843289419930063e-09
2.475154538340093396e-09
2.505841587138760293e-09
2.536721949133132198e-09
2.567706601326131170e-09
2.599069713867090406e-09
2.630815909439312164e-09
2.662949867189644595e-09
2.695476323418120009e-09
2.728400072276016727e-09
2.761725966472545946e-09
2.795458917990061467e-09
2.829603898808068546e-09
2.864165941636011209e-09
2.899150140655123391e-09
2.934561652269240511e-09
2.970405695864773733e-09
3.006687554580083056e-09
3.042869043325427489e-09
3.079420343342967693e-09
3.116410701865474893e-09
3.153845392915232385e-09
3.191729753866685161e-09
3.230069186207485359e-09
3.268869156308550267e-09
3.308135196203484421e-09
3.347872904377370354e-09
3.388087946564910201e-09
3.428786056558289170e-09
3.469973037024663244e-09
3.511654760333548665e-09
3.553837169394012250e-09
3.596224814595918817e-09
3.638620662410690134e-09
3.681516314326873241e-09
3.724917662528553732e-09
3.768830668662713635e-09
3.813261364658070318e-09
3.858215853553714179e-09
3.903700310337370584e-09
3.949720982793631817e-09
3.996284192362092438e-09
4.043396335005765683e-09
4.091063882089590629e-09
4.139293381269292359e-09
4.188091457390877185e-09
4.237464813400556961e-09
4.286500572028818330e-09
4.335960864595343672e-09
4.385991860582914263e-09
4.436600145120301310e-09
4.487792379319510483e-09
4.539575301152623972e-09
4.591955726338615026e-09
4.644940549240374875e-09
4.698536743772272961e-09
4.752751364318010609e-09
4.807591546659071706e-09
4.863064508914073970e-09
4.919177552488668422e-09
4.975938063036697618e-09
5.032866242869324950e-09
5.089544548398535307e-09
5.146861144349672445e-09
5.204823218916858786e-09
5.263438041245042199e-09
5.322712962341650778e-09
5.382655415998414493e-09
5.443272919723783861e-09
5.504573075685626327e-09
5.566563571664653666e-09
5.629252182018586185e-09
5.692646768657058696e-09
5.756755282027734782e-09
5.821585762113301799e-09
5.887146339439799907e-09
5.951919767264925513e-09
6.017112571410540009e-09
6.083019447969520764e-09
6.149648218348229182e-09
6.217006789622693341e-09
6.285103155477113881e-09
6.353945397152406904e-09
6.423541684405257024e-09
6.493900276477653285e-09
6.565029523077041936e-09
6.636937865367216015e-09
6.709633836970088147e-09
6.783126064978294441e-09
6.857423270979166336e-09
6.931756790368244294e-09
7.005277960994867120e-09
7.079578928532140355e-09
7.154667963838816262e-09
7.230553425497993203e-09
7.307243760747436562e-09
7.384747506419954072e-09
7.463073289893552537e-09
7.542229830051982291e-09
7.622225938255167302e-09
7.703070519320070973e-09
7.784772572511982771e-09
7.867341192546139653e-09
7.950785570600309287e-09
8.035114995337777546e-09
8.117805322591685019e-09
8.200760162387341278e-09
8.284562707341268274e-09
8.369221620046683958e-09
8.454745651618762109e-09
8.541143642599337960e-09
8.628424523870497761e-09
8.716597317578043210e-09
8.805671138063846427e-09
8.895655192808104622e-09
8.986558783381214883e-09
9.078391306405017597e-09
9.171162254524401147e-09
9.264881217388303379e-09
9.358346286667034402e-09
9.449902568893155704e-09
9.542354581257691279e-09
9.635711087031372970e-09
9.729980935219240154e-09
9.825173061399538188e-09
9.921296488570809263e-09
1.001836032800692253e-08
1.011637378012084920e-08
1.021534613533677556e-08
1.031528677497058718e-08
1.041620517211922861e-08
1.051811089255857822e-08
1.062101359565009768e-08
1.072492303525656061e-08
1.082570417761247961e-08
1.092629977384696537e-08
1.102783013366042757e-08
1.113030394314824909e-08
1.123372996911961214e-08
1.133811705984743839e-08
1.144347414582531050e-08
1.154981024053165471e-08
1.165713444120066649e-08
1.176545592960076364e-08
1.187478397282002902e-08
1.198512792405895726e-08
1.209649722343077685e-08
1.220890139876899842e-08
1.232050153204819287e-08
1.242817067324863356e-08
1.253678073750622477e-08
1.264633994756879166e-08
1.275685659804296541e-08
1.286833905602210270e-08
1.298079576171986134e-08
1.309423522910903519e-08
1.320866604656624220e-08
1.332409687752209826e-08
1.344053646111720951e-08
1.355799361286365212e-08
1.367647722531248387e-08
1.379599626872694345e-08
1.391655979176168653e-08
1.403158200716193682e-08
1.414545907015025061e-08
1.426026033295211636e-08
1.437599329615872246e-08
1.449266552123431732e-08
1.461028463101023473e-08
1.472885831018294264e-08
1.484839430581615005e-08
1.496890042784684466e-08
1.509038454959574438e-08
1.521285460828157540e-08
1.533631860553969950e-08
1.546078460794487732e-08
1.558626074753833462e-08
1.571006685577577409e-08
1.582659726007073689e-08
1.594399203593393131e-08
1.606225759489553914e-08
1.618140039604376357e-08
1.630142694637740664e-08
1.642234380116136835e-08
1.654415756428464044e-08
1.666687488862097042e-08
1.679050247639218244e-08
1.691504707953435361e-08
1.704051550006636265e-08
1.716691459046152893e-08
1.729425125402181904e-08
1.742253244525487239e-08
1.754174117037086963e-08
1.765810299836464550e-08
1.777523670384096324e-08
1.789314740699133797e-08
1.801184026197179720e-08
1.813132045712796334e-08
1.825159321522200555e-08
1.837266379366085225e-08
1.849453748472616390e-08
1.861721961580543402e-08
1.874071554962503573e-08
1.886503068448453226e-08
1.899017045449282708e-08
1.911614032980546215e-08
1.923921574703691617e-08
1.934980571682891726e-08
1.946103137476842849e-08
1.957289637488873158e-08
1.968540439222688497e-08
1.979855912294479331e-08
1.991236428445030007e-08
2.002682361551964333e-08
2.014194087641996792e-08
2.025771984903316087e-08
2.037416433697979958e-08
2.049127816574440670e-08
2.060906518280082434e-08
2.072752925773892815e-08
2.084667428239141759e-08
2.095188695743531557e-08
2.105154593701208204e-08
2.115167895084793207e-08
2.125228825371689378e-08
2.135337611111797097e-08
2.145494479932620000e-08
2.155699660544373647e-08
2.165953382745160363e-08
2.176255877426128862e-08
2.186607376576674894e-08
2.197008113289667045e-08
2.207458321766695028e-08
2.217958237323347760e-08
2.228508096394493753e-08
2.238614374145414703e-08
2.246703052077729144e-08
2.254820956442008835e-08
2.262968192840709714e-08
2.271144867257869115e-08
2.279351086060466977e-08
2.287586955999814176e-08
2.295852584212944848e-08
2.304148078223993468e-08
2.312473545945618929e-08
2.320829095680392552e-08
2.329214836122209255e-08
2.337630876357707324e-08
2.346077325867668006e-08
2.354554294528468696e-08
2.361002135746282052e-08
2.366498033386586532e-08
2.372006724277012951e-08
2.377528238197464936e-08
2.383062604997152929e-08
2.388609854594769554e-08
2.394170016978665635e-08
2.399743122206985196e-08
2.405329200407839167e-08
2.410928281779486703e-08
2.416540396590460916e-08
2.422165575179773683e-08
2.427803847957044687e-08
2.433455245402680750e-08
2.438525958637478651e-08
2.440642639026676813e-08
2.442761156729044370e-08
2.444881513339409366e-08
2.447003710453964032e-08
2.449127749670305480e-08
2.451253632587403945e-08
2.453381360805616344e-08
2.455510935926704482e-08
2.457642359553804934e-08
2.459775633291446258e-08
2.461910758745564869e-08
2.464047737523470638e-08
2.466186571233888903e-08
2.468327261486926728e-08
2.467805329595768396e-08
2.465873782759585873e-08
2.463943747741677017e-08
2.462015223358734483e-08
2.460088208428391267e-08
2.458162701769207137e-08
2.456238702200650438e-08
2.454316208543129522e-08
2.452395219617975212e-08
2.450475734247426576e-08
2.448557751254658389e-08
2.446641269463767566e-08
2.444726287699756290e-08
2.442812804788561127e-08
2.440262705234442964e-08
2.433817275157790386e-08
2.427388869301028620e-08
2.420977442698325423e-08
2.414582950502631356e-08
2.408205347985350236e-08
2.401844590536012898e-08
2.395500633661993303e-08
2.389173432988177999e-08
2.382862944256666682e-08
2.376569123326441654e-08
2.370291926173088234e-08
2.364031308888473816e-08
2.357787227680424271e-08
2.351559638872448666e-08
2.342283651448293315e-08
2.331230992406295046e-08
2.320230488137187721e-08
2.309281892535462158e-08
2.298384960656915169e-08
2.287539448713175276e-08
2.276745114066248617e-08
2.266001715223089330e-08
2.255309011830202365e-08
2.244666764668248614e-08
2.234074735646719188e-08
2.223532687798591172e-08
2.213040385275030026e-08
2.202597593340114824e-08
2.191633295163156273e-08
2.176305936002841278e-08
2.161085769929685021e-08
2.145972047280430340e-08
2.130964023634660863e-08
2.116060959778110255e-08
2.101262121666269249e-08
2.086566780388225939e-08
2.071974212130764824e-08
2.057483698142713993e-08
2.043094524699544777e-08
2.028805983068212602e-08
2.014617369472265187e-08
2.000527985057153896e-08
1.986537135855827991e-08
1.969779348270337954e-08
1.951275282371224866e-08
1.932945043279210487e-08
1.914786998068913315e-08
1.896799529154618602e-08
1.878981034146178193e-08
1.861329925706263309e-08
1.843844631408958680e-08
1.826523593599684805e-08
1.809365269256437080e-08
1.792368129852327238e-08
1.775530661219416189e-08
1.758851363413827328e-08
1.742328750582124442e-08
1.725596499942960394e-08
1.705245413945894077e-08
1.685134341591225516e-08
1.665260452241388305e-08
1.645620948642369722e-08
1.626213066530012463e-08
1.607034074240908551e-08
1.588081272327962183e-08
1.569351993180406448e-08
1.550843600648352997e-08
1.532553489671749920e-08
1.514479085913719384e-08
1.496617845398217778e-08
1.478967254151973552e-08
1.461524827850641348e-08
1.442479748053500926e-08
1.422358870027593762e-08
1.402518654335473761e-08
1.382955186071171498e-08
1.363664604936991382e-08
1.344643104481810987e-08
1.325886931349977074e-08
1.307392384540678337e-08
1.289155814677676452e-08
1.271173623289184136e-08
1.253442262097826217e-08
1.235958232320479055e-08
1.218718083977878307e-08
1.201718415213879390e-08
1.184834047977194064e-08
1.166324353204957256e-08
1.148103820278755827e-08
1.130167931859208987e-08
1.112512241177631528e-08
1.095132370933582398e-08
1.078024012209602408e-08
1.061182923402937278e-08
1.044604929173929020e-08
1.028285919410835144e-08
1.012221848210840570e-08
9.964087328769578730e-09
9.808426529306303861e-09
9.655197491397266563e-09
9.504362225617606475e-09
9.350186014285628295e-09
9.193875688058891373e-09
9.040178456165049922e-09
8.889050634593145491e-09
8.740449269613235780e-09
8.594332125567748122e-09
8.450657672867489026e-09
8.309385076187785107e-09
8.170474182862447573e-09
8.033885511471439240e-09
7.899580240619317533e-09
7.767520197901598023e-09
7.637667849055087898e-09
7.509986287290088331e-09
7.384188891706139561e-09
7.253487265364675042e-09
7.125099084058084155e-09
6.998983399344673612e-09
6.875099987578360231e-09
6.753409337079703476e-09
6.633872635533841086e-09
6.516451757611760986e-09
6.401109252810429473e-09
6.287808333508160895e-09
6.176512863231637206e-09
6.067187345130351335e-09
5.959796910655178044e-09
5.854307308437338396e-09
5.750684893364088446e-09
5.644434737697146276e-09
5.536117570161718605e-09
5.429879017993108095e-09
5.325679192391236532e-09
5.223478970025364668e-09
5.123239978344688857e-09
5.024924581170820169e-09
4.928495864566729594e-09
4.833917622976881926e-09
4.741154345633334693e-09
4.650171203222706679e-09
4.560934034809009963e-09
4.473409335007431182e-09
4.387564241404251960e-09
4.303314260676251226e-09
4.213682638069103657e-09
4.125917908578409211e-09
4.039981187602875323e-09
3.955834400449519862e-09
3.873440265464420201e-09
3.792762277514993376e-09
3.713764691816160452e-09
3.636412508093397566e-09
3.560671455075782811e-09
3.486507975311876006e-09
3.413889210301938379e-09
3.342782985939823039e-09
3.273157798258022582e-09
3.204982799469763055e-09
3.137791426212106026e-09
3.071571077999172341e-09
3.006748252413399158e-09
2.943293455960021127e-09
2.881177817578725280e-09
2.820373075507730077e-09
2.760851564425023734e-09
2.702586202861093558e-09
2.645550480877183161e-09
2.589718448003644620e-09
2.535064701432833965e-09
2.481564374461180349e-09
2.429193125175189541e-09
2.377927125376166371e-09
2.327743049738774096e-09
2.280047069696747085e-09
2.233356048748071874e-09
2.187621170971274214e-09
2.142822856375448588e-09
2.098941925930616638e-09
2.055959593356800705e-09
2.013857457081254092e-09
1.972617492360387944e-09
1.932222043563021099e-09
1.892653816611699189e-09
1.853895871578685764e-09
1.815931615433721413e-09
1.778744794940213825e-09
1.742319489696875156e-09
1.706629899245465799e-09
1.671659977196692461e-09
1.637406610886600128e-09
1.603855117636560174e-09
1.570991115625301677e-09
1.538800517724140076e-09
1.507269525458496247e-09
1.476384623093268296e-09
1.446132571839276129e-09
1.416500404178455242e-09
1.387475418305380430e-09
1.359045172682600666e-09
1.331197480707630119e-09
1.303920405489124331e-09
1.277202254730186826e-09
1.252176952559963494e-09
1.227696169906153991e-09
1.203694000692820466e-09
1.180161087750759308e-09
1.157088256848829696e-09
1.134466513117427500e-09
1.112287037541811683e-09
1.090541183524105727e-09
1.069220473512396837e-09
1.048316595695813976e-09
1.027821400764188436e-09
1.007726898731072719e-09
9.880252558188651792e-10
9.687087914048525793e-10
9.500693049083708396e-10
9.321612132626553431e-10
9.145906756719238270e-10
8.973513294961911083e-10
8.804369320264446268e-10
8.638413582240405843e-10
8.475585985027054692e-10
8.315827565523460804e-10
8.159080472038785080e-10
8.005287943343036897e-10
7.854394288112710182e-10
7.706344864763850217e-10
7.561086061665248183e-10
7.418565277724616613e-10
7.278730903340678533e-10
7.146361697385319560e-10
7.016771262875124284e-10
6.889530790685321302e-10
6.764597667154400826e-10
6.641930051366925322e-10
6.521486861140814888e-10
6.403227759268463359e-10
6.287113140007762205e-10
6.173104115817693825e-10
6.061162504334723322e-10
5.951250815585349305e-10
5.843332239430293182e-10
5.737370633236740081e-10
5.633330509773769641e-10
5.531993750569273140e-10
5.433615160063640636e-10
5.336986091973639445e-10
5.242075433547370538e-10
5.148852625328608943e-10
5.057287651317377658e-10
4.967351029305275873e-10
4.879013801382798719e-10
4.792247524615352234e-10
4.707024261885301056e-10
4.623316572896580886e-10
4.541097505339572546e-10
4.460340586212887018e-10
4.381019813299588738e-10
4.303109646794897880e-10
4.226221484724241568e-10
4.150667816673928064e-10
4.076464848480818077e-10
4.003588433202048579e-10
3.932014855578278521e-10
3.861720824316312924e-10
3.792683464509692420e-10
3.724880310194861314e-10
3.658289297040255820e-10
3.592888755166249679e-10
3.528657402093378951e-10
3.465574335816638437e-10
3.403619028003658735e-10
3.342771317314345467e-10
3.282285405342018967e-10
3.221767068561563011e-10
3.162364560733906250e-10
3.104057308354940051e-10
3.046825117252032374e-10
2.990648165589963929e-10
2.935506997005884843e-10
2.881382513870733820e-10
2.828255970674964439e-10
2.776108967536214425e-10
2.724923443826677779e-10
2.674681671917973249e-10
2.625366251041348165e-10
2.576960101261083468e-10
2.529446457559026342e-10
2.480581176270706680e-10
2.432345377035744174e-10
2.385047540383951857e-10
2.338669427293228146e-10
2.293193153405899514e-10
2.248601182132073956e-10
2.204876317887201409e-10
2.162001699461126680e-10
2.119960793515997204e-10
2.078737388210735910e-10
2.038315586949360330e-10
1.998679802250953876e-10
1.959814749738827898e-10
1.921705442246531791e-10
1.883376652255291739e-10
1.844145578181264228e-10
1.805731694429288681e-10
1.768117978778115929e-10
1.731287763582438246e-10
1.695224728386994179e-10
1.659912892694523795e-10
1.625336608884397471e-10
1.591480555278753983e-10
1.558329729353009022e-10
1.525869441087880864e-10
1.494085306459834122e-10
1.462963241067091932e-10
1.432489453888533422e-10
1.402650441172479721e-10
1.371466294122099990e-10
1.340629601739795311e-10
1.310486256034077618e-10
1.281020667472581820e-10
1.252217597045306100e-10
1.224062148383323183e-10
1.196539760054651205e-10
1.169636198033371615e-10
1.143337548338118771e-10
1.117630209836001648e-10
1.092500887208394070e-10
1.067936584074859771e-10
1.043924596271684490e-10
1.020452505281539006e-10
9.968833912410164672e-11
9.726435087911783489e-11
9.489930351993355849e-11
9.259176385972214683e-11
9.034033356054866142e-11
8.814364828599439251e-11
8.600037687438773018e-11
8.390922053213813499e-11
8.186891204668477111e-11
7.987821501858272559e-11
7.793592311226165360e-11
7.604085932500259866e-11
7.419187527369062682e-11
7.238785049890881131e-11
7.062769178595681071e-11
6.880068802727394839e-11
6.699765291980673661e-11
6.524186931071827252e-11
6.353209889683257603e-11
6.186713582674465849e-11
6.024580585036647269e-11
5.866696549076421726e-11
5.712950123769647233e-11
5.563232876228714881e-11
5.417439215228118579e-11
5.275466316733938333e-11
5.137214051385060696e-11
5.002584913874868007e-11
4.871483954183497388e-11
4.741063275925832187e-11
4.608100931173843138e-11
4.478867493650703032e-11
4.353258386762568171e-11
4.231171966749095657e-11
4.112509440432589906e-11
3.997174785273863140e-11
3.885074671670194135e-11
3.776118387432284914e-11
3.670217764379315504e-11
3.567287106992779498e-11
3.467243123070921858e-11
3.370004856328174298e-11
3.275493620884821813e-11
3.183632937593691933e-11
3.090080875294614710e-11
2.998205368392056772e-11
2.909061540403165212e-11
2.822568171969954289e-11
2.738646458580481797e-11
2.657219938769727314e-11
2.578214424455227156e-11
2.501557933343887514e-11
2.427180623348668769e-11
2.355014728955058904e-11
2.284994499479629515e-11
2.217056139164308837e-11
2.151137749051701944e-11
2.087179270588736654e-11
2.024261959998360765e-11
1.961106195725204567e-11
1.899920853581082423e-11
1.840644457572278570e-11
1.783217449719391873e-11
1.727582130216409405e-11
1.673682599456794207e-11
1.621464701868350796e-11
1.570875971500407851e-11
1.521865579308622380e-11
1.474384282084467104e-11
1.428384372978113906e-11
1.383819633564970567e-11
1.340645287407690575e-11
1.298817955067015629e-11
1.257074999104185361e-11
1.216316085361977844e-11
1.176878722880144300e-11
1.138720062191566417e-11
1.101798643163699143e-11
1.066074349951291469e-11
1.031508367409753243e-11
9.980631389217314644e-12
9.657023255911250196e-12
9.343907667601347420e-12
9.040944418065543154e-12
8.747804331796525078e-12
8.464168906346615994e-12
8.189729966268177720e-12
7.922133345937832945e-12
7.657449505240759852e-12
7.401608930930016400e-12
7.154316163486149499e-12
6.915285614892332350e-12
6.684241238820896880e-12
6.460916211838883705e-12
6.245052625264873725e-12
6.036401187321327257e-12
5.834720935237710439e-12
5.639778956972951847e-12
5.451350122234972161e-12
5.269216822487166081e-12
5.093168719641653105e-12
4.923002503148441418e-12
4.755697526185890440e-12
4.593124718140877424e-12
4.436109437203092087e-12
4.284461700140289381e-12
4.137998018268598054e-12
3.996541175437335524e-12
3.859920013603368043e-12
3.727969225735664341e-12
3.600529155799287868e-12
3.477445605577002520e-12
3.358569648094487370e-12
3.243757447423815499e-12
3.132870084646630186e-12
3.025773389767097159e-12
2.921927278694502335e-12
2.820300364282351083e-12
2.722208113380915940e-12
2.627527587630733749e-12
2.536140124564568780e-12
2.447931188888557489e-12
2.362790228935863488e-12
2.280610538113024663e-12
2.201289121165307107e-12
2.124726565093414390e-12
2.050826914559863793e-12
1.979497551628822020e-12
1.910649079688641883e-12
1.844195211411705994e-12
1.780052660611066222e-12
1.718141037858473926e-12
1.658382749732815230e-12
1.600702901572807086e-12
1.545029203612032853e-12
1.491291880378612759e-12
1.439423583246150383e-12
1.389359306026100275e-12
1.341036303495959905e-12
1.294394012761110581e-12
1.249373977351725604e-12
1.205919773959706932e-12
1.163976941723690537e-12
1.123492913973649077e-12
1.084416952349423155e-12
1.046700083210660813e-12
1.010295036258510760e-12
9.751561852920559020e-13
9.412394910253068932e-13
9.085024458930672588e-13
8.769040207764584343e-13
8.464046135814452954e-13
8.169659996057670677e-13
7.885512836321825624e-13
7.611248536879452447e-13
7.346523364125442018e-13
7.091005539778210849e-13
6.844374825064083076e-13
6.606322119364244893e-13
6.376549072820929191e-13
6.154767712417603974e-13
5.940700081064368601e-13
5.734077889236126828e-13
5.534642178727147376e-13
5.342142998100506355e-13
5.156339089425565290e-13
4.976997585911072799e-13
4.803893720054816596e-13
4.636810541943961014e-13
4.475538647353215163e-13
4.319875915299849994e-13
4.169627254726942193e-13
4.024604359996983203e-13
3.884625474889726375e-13
3.749515164808285057e-13
3.619104096908167438e-13
3.493228827873586551e-13
3.371731599075003187e-13
3.254460138851311639e-13
3.141267471668801865e-13
3.032011733917658396e-13
2.926555996115326508e-13
2.824768091293673942e-13
2.726520449354980710e-13
2.631689937189274663e-13
2.540157704352340785e-13
2.451809034111334441e-13
2.366533199671026215e-13
2.284223325400665544e-13
2.204776252887467978e-13
2.128092411648887243e-13
2.054075694341528757e-13
1.982633336310566950e-13
1.913675799328354515e-13
1.847116659376780881e-13
1.782872498332638786e-13
1.720862799420220204e-13
1.661009846300232885e-13
1.603238625668378501e-13
1.547476733241729157e-13
1.493654283014904846e-13
1.441703819672394775e-13
1.391560234047299974e-13
1.343160681520426813e-13
1.296444503257554130e-13
1.251353150186128275e-13
1.207830109616088390e-13
1.165820834412902584e-13
1.125272674634019067e-13
1.086134811543032648e-13
1.048358193918912165e-13
1.011895476580417491e-13
9.767009610487279415e-14
9.427305382738279882e-14
9.099416333529394343e-14
8.782931521716697642e-14
8.477454299010426121e-14
8.182601812858415154e-14
7.898004526619444154e-14
7.623305756425493184e-14
7.358161224152270403e-14
7.102238625937659107e-14
6.855217215707583365e-14
6.616787403187167324e-14
6.386650365893225948e-14
6.164517674622112292e-14
5.950110931963230991e-14
5.743161423385589772e-14
5.543409780459571828e-14
5.350605655792277835e-14
5.164507409268749263e-14
4.984881805206085186e-14
4.811503720040765007e-14
4.644155860182732283e-14
4.482628489682822367e-14
4.326719167372119316e-14
4.176232493143731055e-14
4.030979863059251720e-14
3.890779232972656175e-14
3.755454890375548892e-14
3.624837234177969835e-14
3.498762562148358794e-14
3.377072865746757570e-14
3.259615632093706480e-14
3.146243652826890544e-14
3.036814839605912833e-14
2.931192046033832188e-14
2.829242895772655010e-14
2.730839616636858223e-14
2.635858880457392838e-14
2.544181648515327918e-14
2.455693022351382511e-14
2.370282099764528439e-14
2.287841835818928360e-14
2.208268908685303433e-14
2.131463590148347928e-14
2.057329620618002857e-14
1.985774088488009210e-14
1.916707313690381432e-14
1.850042735299988699e-14
1.785696803048335785e-14
1.723588872610543902e-14
1.663641104534409550e-14
1.605778366684686273e-14
1.549928140080531677e-14
1.496020428007928488e-14
1.443987668293284568e-14
1.393764648628192286e-14
1.345288424839315209e-14
1.298498242000854118e-14
1.253335458290812783e-14
1.209743471495605786e-14
1.167667648070844688e-14
1.127055254669543843e-14
