4.634303569535853235e-09
4.697905577149995646e-09
4.762380470044925910e-09
4.827740227853709201e-09
4.893996994620026943e-09
4.961163081054582415e-09
5.029250966822462768e-09
5.098273302861901643e-09
5.168242913734884939e-09
5.239172800009906601e-09
5.311076140677641243e-09
5.383966295599560058e-09
5.457856807990251033e-09
5.532761406933790056e-09
5.608694009934650944e-09
5.685668725503615142e-09
5.763699855779204691e-09
5.842801899184966030e-09
5.922989553123464078e-09
6.004277716707011402e-09
6.086681493525989436e-09
6.170216194455145566e-09
6.254897340498400431e-09
6.340740665672694842e-09
6.427762119931447070e-09
6.515977872128000186e-09
6.605404313019997465e-09
6.696058058314733008e-09
6.787605527016444354e-09
6.878667421967049013e-09
6.970950994971744534e-09
7.064472635951542213e-09
7.159248954713131760e-09
7.255296783898938240e-09
7.352633181976490764e-09
7.451275436268155944e-09
7.551241066021529759e-09
7.652547825520737634e-09
7.755213707239758604e-09
7.859256945038050668e-09
7.964696017398766020e-09
8.071549650710699313e-09
8.179836822594258486e-09
8.289576765271777419e-09
8.400788968983320232e-09
8.513493185448334535e-09
8.627709431373426621e-09
8.743457992007504333e-09
8.860759424744628394e-09
8.979634562774835252e-09
9.100104518784476610e-09
9.222190688705663708e-09
9.345914755516378071e-09
9.471298693091561395e-09
9.598364770105538612e-09
9.727135553987129050e-09
9.857633914927837770e-09
9.989883029943441416e-09
1.012390638699046577e-08
1.025972778913774856e-08
1.039737135879392466e-08
1.053686154199159799e-08
1.067822311272916617e-08
1.082148117737070843e-08
1.096666117910500685e-08
1.111378890246427031e-08
1.126289047790370248e-08
1.141399238644230269e-08
1.156712146436593367e-08
1.172230490799367848e-08
1.187957027850795659e-08
1.203894550684941311e-08
1.220045889867771284e-08
1.236413913939863780e-08
1.253001529925877366e-08
1.269811683850840059e-08
1.286847361263389866e-08
1.304111587766012607e-08
1.321607429552391681e-08
1.339337993951993339e-08
1.357306429981930983e-08
1.375515928906236206e-08
1.393969724802654362e-08
1.412671095137022903e-08
1.431243293466762426e-08
1.449869815822518149e-08
1.468738747932543341e-08
1.487853244571943573e-08
1.507216501572767523e-08
1.526831756358351594e-08
1.546702288484584387e-08
1.566831420188233152e-08
1.587222516942402017e-08
1.607878988019220611e-08
1.628804287059851573e-08
1.650001912651922513e-08
1.671475408914467107e-08
1.693228366090485529e-08
1.715264421147197655e-08
1.737587258384144890e-08
1.760200610049166757e-08
1.783108256962418009e-08
1.806314029148497075e-08
1.829821806476803961e-08
1.853635519310233485e-08
1.877759149162307074e-08
1.902196729362858942e-08
1.926952345732390773e-08
1.952030137265178326e-08
1.977434296821313889e-08
2.003169071827709758e-08
2.029238764988248342e-08
2.055647735003168568e-08
2.082400397297815642e-08
2.109501224760873937e-08
2.136954748492207748e-08
2.164765558560434990e-08
2.192938304770364194e-08
2.221477697440396379e-08
2.250388508190090006e-08
2.279675570737930683e-08
2.309343781709502837e-08
2.339398101456180146e-08
2.369843554884463768e-08
2.400685232296120244e-08
2.431928290239248767e-08
2.463577952370425729e-08
2.495639510328075099e-08
2.528118324617179113e-08
2.561019825505553950e-08
2.594349513931738023e-08
2.628112962424721528e-08
2.662315816035641991e-08
2.696963793281601979e-08
2.732062687101774079e-08
2.767618365825944038e-08
2.803636774155662436e-08
2.840123934158169692e-08
2.877085946273227406e-08
2.914267626526143118e-08
2.950635235989338979e-08
2.987456682638251739e-08
3.024737629979354760e-08
3.062483812194900688e-08
3.100701035024920650e-08
3.139395176660200466e-08
3.178572188646403621e-08
3.218238096799479617e-08
3.258399002132492722e-08
3.299061081794021979e-08
3.340230590018265487e-08
3.381913859087003812e-08
3.424117300303572729e-08
3.466847404978980303e-08
3.510110745430337715e-08
3.553913975991747419e-08
3.598263834037806806e-08
3.643167141019875585e-08
3.688630803515310722e-08
3.734661814289727806e-08
3.781267253372582018e-08
3.828454289146144789e-08
3.876230179448070042e-08
3.924602272687721416e-08
3.973578008976434498e-08
4.023164921271876868e-08
4.073370636536693214e-08
4.124202876911610231e-08
4.175669460903176662e-08
4.227778304586328394e-08
4.280537422821959944e-08
4.333954930489692236e-08
4.388039043736009400e-08
4.442798081238022001e-08
4.498240465482909647e-08
4.554374724063419496e-08
4.611209490989484208e-08
4.668753508016220708e-08
4.727015625988499702e-08
4.786004806202292397e-08
4.845730121783010157e-08
4.906200759081038931e-08
4.967426019084692777e-08
5.029415318850799574e-08
5.092178192953137946e-08
5.155724294948949082e-08
5.220063398863753063e-08
5.285205400694687427e-08
5.351160319932614781e-08
5.417938301103206609e-08
5.485549615327316925e-08
5.554004661900719897e-08
5.623313969893666714e-08
5.693488199770351705e-08
5.764538145028598051e-08
5.833687293939036960e-08
5.902275417813975674e-08
5.971669949454645759e-08
6.041880369999297082e-08
6.112916272058295511e-08
6.184787361024732361e-08
6.257503456400425356e-08
6.331074493137579113e-08
6.405510522996077358e-08
6.480821715916879344e-08
6.557018361411492706e-08
6.634110869967772862e-08
6.712109774472334856e-08
6.791025731649540574e-08
6.870869523517541762e-08
6.951652058861386790e-08
7.033384374723437325e-08
7.116077637911319912e-08
7.199743146523657306e-08
7.284392331493609992e-08
7.370036758150696416e-08
7.456688127800914417e-08
7.544358279325451066e-08
7.633059190798168840e-08
7.722802981122195040e-08
7.813601911685594586e-08
7.905468388036658260e-08
7.998414961578819596e-08
8.092454331285488968e-08
8.187599345435144993e-08
8.283863003366642233e-08
8.381258457255342672e-08
8.479799013910027287e-08
8.579498136590945073e-08
8.680369446849327726e-08
8.782426726388342203e-08
8.885683918946116433e-08
8.990155132200797153e-08
9.095854639698044839e-08
9.202796882801152373e-08
9.310996472664197705e-08
9.420468192228205368e-08
9.531226998240961397e-08
9.643288023300482956e-08
9.756666577922515917e-08
9.871378152632441538e-08
9.987438420081564464e-08
1.010486323718850598e-07
1.022366864730565092e-07
1.034387088241109952e-07
1.046548636532636776e-07
1.058853171196026503e-07
1.071302373357893969e-07
1.083897943910283532e-07
1.096641603743053217e-07
1.109362286026950057e-07
1.121375858860581752e-07
1.133519529800167554e-07
1.145794707711946141e-07
1.158202816719137834e-07
1.170745296367156788e-07
1.183423601790635831e-07
1.196239203882236951e-07
1.209193589463301968e-07
1.222288261456347484e-07
1.235524739059428864e-07
1.248904557922392707e-07
1.262429270325037784e-07
1.276100445357203771e-07
1.289919669100816101e-07
1.303888544813885342e-07
1.318008693116528339e-07
1.332281752178976439e-07
1.346709377911632481e-07
1.361293244157183954e-07
1.376035042884796157e-07
1.390936484386408904e-07
1.405999297475158227e-07
1.421225229685950607e-07
1.436616047478193949e-07
1.452173536440752828e-07
1.467899501499095951e-07
1.483795767124699379e-07
1.499864177546715295e-07
1.516106596965933584e-07
1.532524909771059261e-07
1.549121020757335902e-07
1.565896855347521458e-07
1.582854359815286839e-07
1.599995501511003667e-07
1.617322269089993179e-07
1.634836672743242127e-07
1.652540744430618738e-07
1.670436538116612835e-07
1.688526130008630826e-07
1.706811618797872017e-07
1.725295125902798971e-07
1.743978795715276548e-07
1.762864795849344422e-07
1.781955317392697983e-07
1.801252575160891403e-07
1.820758807954293279e-07
1.840476278817826906e-07
1.860407275303503375e-07
1.880554109735856026e-07
1.900919119480155275e-07
1.921504667213624074e-07
1.942313141199527443e-07
1.963346955564254949e-07
1.984608550577398500e-07
2.006100392934864907e-07
2.025997574132782206e-07
2.045182663966508029e-07
2.064549426116448002e-07
2.084099580920145436e-07
2.103834865005817030e-07
2.123757031446583017e-07
2.143867849916224341e-07
2.164169106846353860e-07
2.184662605585114057e-07
2.205350166557383259e-07
2.226233627426449880e-07
2.247314843257287809e-07
2.268595686681308827e-07
2.290078048062720397e-07
2.311763835666460807e-07
2.333654975827674310e-07
2.355753413122866841e-07
2.378061110542605445e-07
2.400580049665905419e-07
2.423312230836267319e-07
2.446259673339332325e-07
2.469424415582291497e-07
2.492808515274918683e-07
2.516414049612395704e-07
2.540243115459791359e-07
2.564297829538341443e-07
2.588580328613490063e-07
2.613092769684661014e-07
2.637837330176906395e-07
2.662816208134286353e-07
2.688031622415137171e-07
2.713485812889188542e-07
2.739181040636488729e-07
2.765119588148301719e-07
2.791303759529813859e-07
2.817735880704850594e-07
2.844418299622442399e-07
2.871353386465436286e-07
2.898543533860999903e-07
2.925991157093170685e-07
2.953698694317424657e-07
2.981668606777213520e-07
3.009903379022644209e-07
3.038405519131129917e-07
3.067177558930231226e-07
3.096222054222514768e-07
3.125541585012599350e-07
3.155138755736356186e-07
3.185016195492217182e-07
3.215176558274763330e-07
3.245622523210435981e-07
3.276356794795538805e-07
3.307382103136497631e-07
3.338701204192327333e-07
3.370316880019496347e-07
3.401080147432878109e-07
3.426444717180220163e-07
3.451998450772753064e-07
3.477742758956274321e-07
3.503679062997643323e-07
3.529808794763244124e-07
3.556133396798021554e-07
3.582654322405153670e-07
3.609373035726237186e-07
3.636291011822148946e-07
3.663409736754473317e-07
3.690730707667533628e-07
3.718255432871076875e-07
3.745985431923496826e-07
3.773922235715754873e-07
3.802067386555889034e-07
3.830422438254158767e-07
3.858988956208819230e-07
3.887768517492574757e-07
3.916762710939594555e-07
3.945973137233262141e-07
3.975401408994533049e-07
4.005049150870966472e-07
4.034917999626405398e-07
4.065009604231374085e-07
4.095325625954059990e-07
4.125867738452062258e-07
4.156637627864781309e-07
4.187636992906505119e-07
4.218867544960181583e-07
4.250331008171932045e-07
4.282029119546187388e-07
4.313963629041616105e-07
4.346136299667724172e-07
4.378548907582178604e-07
4.411203242188899162e-07
4.444101106236791692e-07
4.477244315919308380e-07
4.510634700974707859e-07
4.544274104787055423e-07
4.578164384488033209e-07
4.612307411059408421e-07
4.646705069436360758e-07
4.681359258611537771e-07
4.716271891739891593e-07
4.751444896244286486e-07
4.786880213921948113e-07
4.822579801051605795e-07
4.858545628501528918e-07
4.894779681838326727e-07
4.931283961436561269e-07
4.968060482589177199e-07
5.005111275618795554e-07
5.042438385989746569e-07
5.080043874421027868e-07
5.117929817000065229e-07
5.150603089176671968e-07
5.180760066067253144e-07
5.211093613203976739e-07
5.241604764412323623e-07
5.272294559570907159e-07
5.302892257191936661e-07
5.331930047498473151e-07
5.361126844102903681e-07
5.390483517698274822e-07
5.420000943745454553e-07
5.449680002499159461e-07
5.478179927419050542e-07
5.505937820183765553e-07
5.533836361963482760e-07
5.561876265425597252e-07
5.590058246848582389e-07
5.618211764131982510e-07
5.644159026412806290e-07
5.670226124051949425e-07
5.696413610499442633e-07
5.722722041761381485e-07
5.749151976411731931e-07
5.774193434582089751e-07
5.798022833038500546e-07
5.821950572542394551e-07
5.845977058935412169e-07
5.870102699734007701e-07
5.894325903603619913e-07
5.915542696221498297e-07
5.936835859283813439e-07
5.958205667688163758e-07
5.979652397321598623e-07
6.001176325064278595e-07
6.021107585172067678e-07
6.039191767020400173e-07
6.057330264063831446e-07
6.075523239436086463e-07
6.093770856760896632e-07
6.112073280153417523e-07
6.126708457427816021e-07
6.141110860453944611e-07
6.155547120030364240e-07
6.170017315745572830e-07
6.184521527375212819e-07
6.197279369008931073e-07
6.207379217282279612e-07
6.217495525509918435e-07
6.227628320517014638e-07
6.237777629172461279e-07
6.247943478388905958e-07
6.253795708873667314e-07
6.258979385392170953e-07
6.264167358581622009e-07
6.269359632003438272e-07
6.274556209222045555e-07
6.277876987861275720e-07
6.277408677935324967e-07
6.276940402943826167e-07
6.276472162884171518e-07
6.276003957753757451e-07
6.275535787549976164e-07
6.270019761934022495e-07
6.263230431889195683e-07
6.256448453496230483e-07
6.249673818794579966e-07
6.242906519832315764e-07
6.234317166075766230e-07
6.220647058033273382e-07
6.207006924701562401e-07
6.193396700354477529e-07
6.179816319410034369e-07
6.166265716430014364e-07
6.147077601911857163e-07
6.125861917231751922e-07
6.104719455195912926e-07
6.083649963087730964e-07
6.062653189062821591e-07
6.040072518825385574e-07
6.010823212424363756e-07
5.981715547025556901e-07
5.952748836726414506e-07
5.923922398945896601e-07
5.895235554408429883e-07
5.860764151052669086e-07
5.823496003870608654e-07
5.786464841961888325e-07
5.749669158355456440e-07
5.713107455662929306e-07
5.675585956798754620e-07
5.630293945474684745e-07
5.585363371067516923e-07
5.540791349257433028e-07
5.496575018741944358e-07
5.452711541052165952e-07
5.403567093214805843e-07
5.351067663905375106e-07
5.299078303228437770e-07
5.247594055510875309e-07
5.196610013227433367e-07
5.145572642437572337e-07
5.086680203495490359e-07
5.028461804083226012e-07
4.970909729640199946e-07
4.914016353901012039e-07
4.857774137884912036e-07
4.798029209260514327e-07
4.735348907447554488e-07
4.673487446050952534e-07
4.612434127936064056e-07
4.552178395713053184e-07
4.492709829911281418e-07
4.427625014629362706e-07
4.363440966771746613e-07
4.300187348204267378e-07
4.237850671172687577e-07
4.176417643444890071e-07
4.113940915841491222e-07
4.050159113010294742e-07
3.987366171821893152e-07
3.925546761142549768e-07
3.864685787529704371e-07
3.804768391546800196e-07
3.744267594613500945e-07
3.684609442130689029e-07
3.625901834732531846e-07
3.568129627197113235e-07
3.511277915614327890e-07
3.455708989860655359e-07
3.401595225467634300e-07
3.348328841309862543e-07
3.295896568059827112e-07
3.244285344177532382e-07
3.193482312656745833e-07
3.145998221476374333e-07
3.099631511320444420e-07
3.053948168305668487e-07
3.008938120752421490e-07
2.964591445420678013e-07
2.922129466238073535e-07
2.882806101479810239e-07
2.844011914854746157e-07
2.805739785164108495e-07
2.767982687039767661e-07
2.730733689654599962e-07
2.696137299056725793e-07
2.662542631150396714e-07
2.629366562739020168e-07
2.596603877949138566e-07
2.564249425898599235e-07
2.532222032285889778e-07
2.500377017112044968e-07
2.468932482219349528e-07
2.437883391200858175e-07
2.407224770987064299e-07
2.376951711049371088e-07
2.343790069823168202e-07
2.309855981288776234e-07
2.276413200563682322e-07
2.243454614347547674e-07
2.210973212328507444e-07
2.177409505997805571e-07
2.137806007629541857e-07
2.098922831772351379e-07
2.060746876944269653e-07
2.023265279957735613e-07
1.986465411585405277e-07
1.944385778023903263e-07
1.900139786838123945e-07
1.856900647151742540e-07
1.814645447285882052e-07
1.773351796934496548e-07
1.732274605505417110e-07
1.687042299763654385e-07
1.642991077827091846e-07
1.600090099814099795e-07
1.558309331118917911e-07
1.517619521384714810e-07
1.478161500685185000e-07
1.439845175856745754e-07
1.402522071828392224e-07
1.366166442718635267e-07
1.330753210020681817e-07
1.296556102678257509e-07
1.268367119414814057e-07
1.240791004947245757e-07
1.213814434631747009e-07
1.187424373521332244e-07
1.161608070067396212e-07
1.139140330270870258e-07
1.119637355754932302e-07
1.100468287435497450e-07
1.081627408577006360e-07
1.063109100318877821e-07
1.044907839999832609e-07
1.026727362505650951e-07
1.008859172458303729e-07
9.913019434578979611e-08
9.740502638330543011e-08
9.570988160919876793e-08
9.380034306117142871e-08
9.164022853154673667e-08
8.952985896690635629e-08
8.746808879764880989e-08
8.545379883532865977e-08
8.348589566513014712e-08
8.121837472518782674e-08
7.898270637709021943e-08
7.680857844985931831e-08
7.469429694294966986e-08
7.263821448594664035e-08
7.071253863219022435e-08
6.895303626090508059e-08
6.723731464837139754e-08
6.556428442132762323e-08
6.393288331280592552e-08
6.234207548766074091e-08
6.104775458454527141e-08
5.982453453315105657e-08
5.862582426601194958e-08
5.745113267809474564e-08
5.629997850468726458e-08
5.514266709910003835e-08
5.394752039931270593e-08
5.277827697387090976e-08
5.163437540247206720e-08
5.051526643287998425e-08
4.942041271719673357e-08
4.822140115433002263e-08
4.701698623951107835e-08
4.584265372073027715e-08
4.469765223685778432e-08
4.358124919333842830e-08
4.251410483021842288e-08
4.153593044913653329e-08
4.058026213101003758e-08
3.964658205112454960e-08
3.873438429899627559e-08
3.784317460424736352e-08
3.701102590394817243e-08
3.621217909440883093e-08
3.543057461224438550e-08
3.466584029867546669e-08
3.391761202760657237e-08
3.317904985222825154e-08
3.242802059547964412e-08
3.169399137179427238e-08
3.097657737442638886e-08
3.027540250698000383e-08
2.959009918624446696e-08
2.893395172347152024e-08
2.829960759144771276e-08
2.767917073630317274e-08
2.707233625673850242e-08
2.647880593606994621e-08
2.590029007840860257e-08
2.534962965941935768e-08
2.481067671150953080e-08
2.428318232468962406e-08
2.376690288099126130e-08
2.326159994195454769e-08
2.276993746607466585e-08
2.229071881991964462e-08
2.182158586289590750e-08
2.136232633046398606e-08
2.091273242542760560e-08
2.047322429012521491e-08
2.005549783867562673e-08
1.964629448968262810e-08
1.924544034160072388e-08
1.885276504109326213e-08
1.846810171063653153e-08
1.810656619091610961e-08
1.776636369278958261e-08
1.743255322606822760e-08
1.710501469150017627e-08
1.678363024636681301e-08
1.646828426208457381e-08
1.615886328260422668e-08
1.585525598359110329e-08
1.555735313237244450e-08
1.526504754863760952e-08
1.497823406587622591e-08
1.469680949354119809e-08
1.442067257992249226e-08
1.414972397571858529e-08
1.388386619829225004e-08
1.362300359659791875e-08
1.336704231676817865e-08
1.311589026834670589e-08
1.286945709115582236e-08
1.262765412278626450e-08
1.239039436669822347e-08
1.215759246092117169e-08
1.192916464734245979e-08
1.170502874157228653e-08
1.148510410337537174e-08
1.126931160765793712e-08
1.105757361599969986e-08
1.084981394872121083e-08
1.064595785747543846e-08
1.044593199835481009e-08
1.024966440550318268e-08
1.005708446522383229e-08
9.868122890573903585e-09
9.682711696436145766e-09
9.500784175058894051e-09
9.322274872056046219e-09
9.147119562857402628e-09
8.975255229602025966e-09
8.806620038465362939e-09
8.641153317412524439e-09
8.478795534369581446e-09
8.320061060245768262e-09
8.165715313295203216e-09
8.014232839754470232e-09
7.865560522937259749e-09
7.719646231526816459e-09
7.576438801296258586e-09
7.435888017168176044e-09
7.297944595606713017e-09
7.162560167336754147e-09
7.029687260383223828e-09
6.899279283425338663e-09
6.771290509459638154e-09
6.645676059765835482e-09
6.522391888170374709e-09
6.401394765601899200e-09
6.282642264933007250e-09
6.166092746103437720e-09
6.051705341519235384e-09
5.939439941722526757e-09
5.829257181327506638e-09
5.721118425216962550e-09
5.614985754995130879e-09
5.510821955691725573e-09
5.408590502712760313e-09
5.308255549033213487e-09
5.209781912627494345e-09
5.113135064133078140e-09
5.018281114742778953e-09
4.925186804321955257e-09
4.833819489745837347e-09
4.744147133453439597e-09
4.656138292213681776e-09
4.569762106100034322e-09
4.484988287669478875e-09
4.401787111342500181e-09
4.320129402979803040e-09
4.239986529652581254e-09
4.161330389602559177e-09
4.084133402388101745e-09
4.008368499213406060e-09
3.934009113436741999e-09
3.860169933086529555e-09
3.773385482657768595e-09
3.688552122716414789e-09
3.605625988790536017e-09
3.524564202570521006e-09
3.445324849738094502e-09
3.367866958293935826e-09
3.292150477372324835e-09
3.218136256532286923e-09
3.145786025514176012e-09
3.075062374451375623e-09
3.005928734526994996e-09
2.938349359065313964e-09
2.872289305048406113e-09
2.807714415048245244e-09
2.744591299565077462e-09
2.682887319762855673e-09
2.622570570592763653e-09
2.563609864296201358e-09
2.505974714278656522e-09
2.449635319346073678e-09
2.394562548295730044e-09
2.340727924853394439e-09
2.288103612949273329e-09
2.236662402324886184e-09
2.186377694463532243e-09
2.137223488837148486e-09
2.089174369462275072e-09
2.042205491758325102e-09
1.996292569701264148e-09
1.951411863266141259e-09
1.907540166151940429e-09
1.864654793782357595e-09
1.822733571576379344e-09
1.781754823482561839e-09
1.741697360771045985e-09
1.702540471077629417e-09
1.664263907694044251e-09
1.626847879099115411e-09
1.590273038725210273e-09
1.554520474954761979e-09
1.519571701341747627e-09
1.477985348163340314e-09
1.436030075485965380e-09
1.395265778691828234e-09
1.355658649788174177e-09
1.317175840482936861e-09
1.279785434941922631e-09
1.243456423319285279e-09
1.208158676039437933e-09
1.173862918808988646e-09
1.140540708338035881e-09
1.108164408750605544e-09
1.076707168664793287e-09
1.046142898923455413e-09
1.016446250957107509e-09
9.875925957610020056e-10
9.595580034690057821e-10
9.323192235072639764e-10
9.058536653113027229e-10
8.801393795904303616e-10
8.551550401240786458e-10
8.308799260747936195e-10
8.072939048033786873e-10
7.843774151718044800e-10
7.621114513201343644e-10
7.404775469039503957e-10
7.194577597792466544e-10
6.990346571220370144e-10
6.791913009704163546e-10
6.599112341769764558e-10
6.411784667600599555e-10
6.229774626423881524e-10
6.052931267661922688e-10
5.881107925740606992e-10
5.714162098452080884e-10
5.551955328769826098e-10
5.394353090019238155e-10
5.241224674307240645e-10
5.092443084119504945e-10
4.947884926994524360e-10
4.807430313187766258e-10
4.670962756240813247e-10
4.525433830693629362e-10
4.376045373041550818e-10
4.231588356686538734e-10
4.091899990515702817e-10
3.956822857290665146e-10
3.826204736251323656e-10
3.699898431575560639e-10
3.577761606501790423e-10
3.459656622927179046e-10
3.345450386300886395e-10
3.235014195637495848e-10
3.128223598481701495e-10
3.024958250660611796e-10
2.925101780665810010e-10
2.828541658512397856e-10
2.735169068926881086e-10
2.644878788721407341e-10
2.557569068215974163e-10
2.473141516574834457e-10
2.391500990928309986e-10
2.312555489154528298e-10
2.236216046200682043e-10
2.162396633826804671e-10
2.091014063658967049e-10
2.021987893442941576e-10
1.955240336392420841e-10
1.890696173529699144e-10
1.828282668920139410e-10
1.767929487704779631e-10
1.709568616838762898e-10
1.653134288446252672e-10
1.598562905705502267e-10
1.545792971180460395e-10
1.494765017518241228e-10
1.445421540434392496e-10
1.397706933910256514e-10
1.351567427529613101e-10
1.306951025883886156e-10
1.263807449977563156e-10
1.222088080567975237e-10
1.181745903375422070e-10
1.141654945460501644e-10
1.101147016086896178e-10
1.062076379433526886e-10
1.024392037821780929e-10
9.880448030605460225e-11
9.529872322424255329e-11
9.191735658179765483e-11
8.865596678672037025e-11
8.551029684903442725e-11
8.247624082426950222e-11
7.954983845410086557e-11
7.672726999714853119e-11
7.400485124318717605e-11
7.137902870426378152e-11
6.884637497643982301e-11
6.640358426610852585e-11
6.404746807504627125e-11
6.177495103856462590e-11
5.958306691133472579e-11
5.746895469563881673e-11
5.542985490700073299e-11
5.346310597231579495e-11
5.156614075578393064e-11
4.973648320810662846e-11
4.797174513457858534e-11
4.626962307785110604e-11
4.462789531130153144e-11
4.304441893908324577e-11
4.151712709907010840e-11
4.004402626504713350e-11
3.862319364462238739e-11
3.725277466946650469e-11
3.593098057460283736e-11
3.465608606358798015e-11
3.342642705653706468e-11
3.224039851805238057e-11
3.109645236222022695e-11
2.999309543194353227e-11
2.892888754997001443e-11
2.790243963907465320e-11
2.691241190894018130e-11
2.595330056374395687e-11
2.500367615927045399e-11
2.408879826063555258e-11
2.320739550237916741e-11
2.235824303796710339e-11
2.154016083767593446e-11
2.075201204875786160e-11
1.999270141560624115e-11
1.926117375772768986e-11
1.855641250340396648e-11
1.787743827700716913e-11
1.722330753800471249e-11
1.659311126976236152e-11
1.598597371632437072e-11
1.540105116541368429e-11
1.483753077596254190e-11
1.429462944854277932e-11
1.377159273712710013e-11
1.326769380066902408e-11
1.278223239304369168e-11
1.231453388994677709e-11
1.186394835139890096e-11
1.142984961855250921e-11
1.101163444354684350e-11
1.060872165120080109e-11
1.022055133137946292e-11
9.846584060911726544e-12
9.486300153977550648e-12
9.139198939923708934e-12
8.804798067503848066e-12
8.482632834576050020e-12
8.172255542326958751e-12
7.873234873124303291e-12
7.585155291134022605e-12
7.307616464868302401e-12
7.040232710862602978e-12
6.782632457708391872e-12
6.534457729696629238e-12
6.295363649354889628e-12
6.065017958186210268e-12
5.843100554944245048e-12
5.629303050802548562e-12
5.420972415759067634e-12
5.220134504765546710e-12
5.026737300604434467e-12
4.840505137601378861e-12
4.661172563031740904e-12
4.488483958747701684e-12
4.322193176824106521e-12
4.162063188702361911e-12
4.007865747333354626e-12
3.859381061837288851e-12
3.716397484216773495e-12
3.578711207676817788e-12
3.446125976121406573e-12
3.318452804412817790e-12
3.195509708994845396e-12
3.077121448495994349e-12
2.963119273942822773e-12
2.853340688227591005e-12
2.747629214487099096e-12
2.645834173062766666e-12
2.547810466723959519e-12
2.453418373848382967e-12
2.362523349264885468e-12
