1.033434501666505813e-08
1.049223418183451400e-08
1.065253559358930429e-08
1.081528610647594385e-08
1.098052313810848813e-08
1.114828467777107091e-08
1.131860929515187773e-08
1.149153614921073881e-08
1.166710499718203213e-08
1.184535620371509204e-08
1.202633075015450907e-08
1.221007024396199003e-08
1.239661692828216416e-08
1.258601369165477869e-08
1.277830407787492006e-08
1.297353229600423858e-08
1.317174323053489052e-08
1.337298245170874528e-08
1.357729622599450465e-08
1.378473152672464830e-08
1.399533604489487552e-08
1.420915820012881437e-08
1.442624715180998680e-08
1.464665281038384364e-08
1.487042584883277312e-08
1.509753555506921156e-08
1.532787279122253091e-08
1.556172419312593596e-08
1.579914337504141397e-08
1.604018476920290712e-08
1.628490363829580111e-08
1.653335608812684395e-08
1.678559908048718504e-08
1.704169044621199861e-08
1.730168889843901765e-08
1.756565404606954842e-08
1.783364640743464560e-08
1.810572742417014066e-08
1.838195947530304456e-08
1.866240589155284545e-08
1.894713096985132429e-08
1.923619998808354533e-08
1.952967922005395881e-08
1.982763595068057727e-08
2.013013849142140093e-08
2.043725619593577238e-08
2.074905947598491872e-08
2.106561981757483126e-08
2.138700979734586330e-08
2.171330309921193803e-08
2.204457453125387286e-08
2.238090004287019192e-08
2.272235674219002235e-08
2.306902291375123446e-08
2.342097803644852389e-08
2.377830280175507888e-08
2.414107913222268641e-08
2.450939020026370512e-08
2.488332044721952066e-08
2.526295560272042998e-08
2.564838270434033943e-08
2.603969011755167978e-08
2.643696755598441268e-08
2.684030610199465747e-08
2.724979822754668374e-08
2.766553781541342143e-08
2.808762018070098078e-08
2.851614209270096755e-08
2.895120179707647946e-08
2.939289903838660817e-08
2.984133508295425763e-08
3.029661274208345939e-08
3.075883639563034080e-08
3.122811201593400272e-08
3.170454719211217072e-08
3.218825115472815107e-08
3.267933480083353189e-08
3.317791071939294244e-08
3.368409321709731603e-08
3.419799834457031520e-08
3.471974392297495339e-08
3.524889781480207019e-08
3.578593668113149238e-08
3.633115766837328052e-08
3.688468543622500979e-08
3.744664654365201422e-08
3.801716947782434159e-08
3.859638468349385458e-08
3.918442459281928650e-08
3.978142365564571039e-08
4.038751837024489334e-08
4.100284731452486730e-08
4.162755117771413613e-08
4.226177279252904885e-08
4.290565716783123427e-08
4.355935152178220434e-08
4.422300531550392071e-08
4.489677028725143898e-08
4.558080048710607463e-08
4.627525231219851370e-08
4.698028454246628881e-08
4.769605837695834586e-08
4.842273747069133349e-08
4.916048797206748866e-08
4.990947856086353499e-08
5.066988048679731703e-08
5.144186760868257986e-08
5.222561643418025178e-08
5.302130616015487246e-08
5.382911871364689349e-08
5.464923879346820325e-08
5.548185391243188092e-08
5.632715444022537131e-08
5.718533364693627871e-08
5.805658774724246615e-08
5.894111594527437465e-08
5.983912048016081851e-08
6.075080667226978451e-08
6.167638297015258604e-08
6.261606099820374016e-08
6.357005560504708948e-08
6.453858491265841913e-08
6.552187036623773761e-08
6.652013678484023446e-08
6.753361241277907022e-08
6.856252897181156605e-08
6.960712171411959250e-08
7.066762947609866310e-08
7.174429473296506321e-08
7.283736365419586368e-08
7.394708615981267206e-08
7.507371597752439425e-08
7.621751070073914461e-08
7.737873184746085558e-08
7.855764492008232602e-08
7.975451946609078875e-08
8.096925632918354340e-08
8.220140116081021895e-08
8.345229608296408477e-08
8.472222642403019427e-08
8.601148185436133025e-08
8.732035645235107463e-08
8.864914877151396074e-08
8.999816190858461930e-08
9.136770357265440764e-08
9.275808615535886248e-08
9.416962680213516723e-08
9.560264748456229942e-08
9.705747507380196352e-08
9.853444141515887799e-08
1.000338834037738893e-07
1.015561430614689714e-07
1.031015676147634205e-07
1.046705095740751411e-07
1.062633268141285443e-07
1.078803826555847009e-07
1.095220459479158128e-07
1.111886911535389439e-07
1.128806984332300024e-07
1.145984537328394927e-07
1.163423488713259603e-07
1.181127816301288198e-07
1.199101558439035835e-07
1.217348814926353312e-07
1.235873747951553162e-07
1.254680583040793431e-07
1.273773610021932353e-07
1.293157184003024777e-07
1.312835726365725854e-07
1.332813725773794132e-07
1.353095739196969903e-07
1.373686392950408503e-07
1.394590383749931958e-07
1.415812479783363932e-07
1.437357521798142267e-07
1.459230424205481750e-07
1.481436176201364780e-07
1.503979842904564544e-07
1.526866566511999280e-07
1.550101567471653472e-07
1.573690145673377272e-07
1.597637681657778003e-07
1.621949637843509497e-07
1.646631559773266290e-07
1.671689077378704245e-07
1.697127906264632235e-07
1.722953849012724227e-07
1.749172796505105668e-07
1.775790729268049233e-07
1.802813718836119002e-07
1.830247929137105331e-07
1.858099617897998690e-07
1.886330379163424448e-07
1.914975482714452209e-07
1.944055580032485685e-07
1.973577276769236928e-07
2.003547278887361499e-07
2.033972394183743995e-07
2.064859533835900157e-07
2.096215713971899500e-07
2.128048057264089302e-07
2.160363794547039502e-07
2.193170266460054196e-07
2.226474925114624286e-07
2.260285335787202184e-07
2.294609178637683421e-07
2.329454250453982186e-07
2.364828466423105479e-07
2.400739861929098596e-07
2.437196594378341314e-07
2.474206945052511867e-07
2.511779320989718484e-07
2.549922256894185985e-07
2.588644417074948499e-07
2.627954597413977106e-07
2.667861727364197148e-07
2.708374871977853678e-07
2.749503233965648554e-07
2.791256155787201872e-07
2.833643121773206720e-07
2.876673760279834722e-07
2.920357845875850805e-07
2.964705301562944903e-07
3.009726201029779271e-07
3.055430770940260700e-07
3.101829393256567548e-07
3.148932607597451991e-07
3.196751113632355883e-07
3.245295773511859041e-07
3.294577614335091506e-07
3.344607830654557680e-07
3.395397787019024515e-07
3.446959020555021186e-07
3.499303243587541028e-07
3.552442346300538671e-07
3.606388399437828529e-07
3.661153657045009334e-07
3.716750559252983273e-07
3.773191735103821484e-07
3.830490005419473012e-07
3.888658385714064186e-07
3.947710089150422129e-07
4.007658529541496297e-07
4.068517324397352518e-07
4.130300298018441491e-07
4.193021484635841089e-07
4.256695131599182385e-07
4.320374218181018069e-07
4.382187400926225213e-07
4.444884967608595495e-07
4.508479571434347505e-07
4.572984046643774716e-07
4.638411411101356305e-07
4.704774868922974889e-07
4.772087813140625005e-07
4.840363828405347123e-07
4.909616693728777897e-07
4.979860385263930740e-07
5.051109079125810246e-07
5.123377154252282909e-07
5.196679195305974944e-07
5.271029995617645076e-07
5.346444560171676036e-07
5.422938108634268176e-07
5.500526078425017041e-07
5.579224127832323845e-07
5.659048139173491167e-07
5.740014221999977152e-07
5.822138716348514421e-07
5.905438196038752280e-07
5.989929472018060648e-07
6.075629595754249596e-07
6.162555862676716921e-07
6.250725815666938577e-07
6.340157248598848283e-07
6.430868209929876053e-07
6.522877006343360336e-07
6.616202206443126795e-07
6.710862644500804421e-07
6.806877424256887996e-07
6.904265922776113374e-07
7.003047794358003197e-07
7.103242974503362305e-07
7.204871683937576242e-07
7.307954432691341766e-07
7.412512024239925222e-07
7.518565559701558641e-07
7.626136442095937048e-07
7.735246380663611107e-07
7.845917395247267150e-07
7.958171820735532013e-07
8.072032311570512865e-07
8.187521846319749653e-07
8.304663732313586020e-07
8.423481610348957143e-07
8.543999459460327155e-07
8.666241601759040367e-07
8.790232707341830612e-07
8.915997799269581379e-07
9.043562258617308721e-07
9.172951829596400296e-07
9.304192624750129127e-07
9.437311130223580251e-07
9.556920505405357446e-07
9.673043412241914200e-07
9.790577289221489380e-07
9.909539280564759987e-07
1.002994673880609989e-06
1.015181722732457568e-06
1.027516852290599052e-06
1.040001861833585951e-06
1.052638572502387565e-06
1.065428827566047620e-06
1.078374492690548616e-06
1.091477456210941499e-06
1.104739629406804787e-06
1.118162946781025782e-06
1.131749366341984082e-06
1.145500869889151829e-06
1.159419463302176092e-06
1.173507176833472854e-06
1.187766065404366244e-06
1.202198208904836556e-06
1.216805712496895267e-06
1.231590706921673225e-06
1.246555348810215468e-06
1.261701820998053164e-06
1.277032332843621082e-06
1.292549120550521018e-06
1.308254447493699575e-06
1.324150604549617580e-06
1.340239910430388909e-06
1.356524712022022347e-06
1.373007384726744657e-06
1.389690332809481950e-06
1.406575989748578967e-06
1.423666818590749087e-06
1.440965312310355843e-06
1.458473994173041835e-06
1.476195418103805210e-06
1.494132169059522837e-06
1.512286863405998350e-06
1.530662149299623330e-06
1.549260707073628988e-06
1.568085249629078061e-06
1.587138522830575727e-06
1.606423305906789566e-06
1.625942411855863660e-06
1.645698687855730256e-06
1.665695015679407895e-06
1.685934312115373068e-06
1.706419529393012582e-06
1.727153655613243041e-06
1.748139715184397598e-06
1.769380769263357965e-06
1.790879916202097263e-06
1.812640291999615511e-06
1.834665070759363886e-06
1.855976827525326662e-06
1.874672644537234776e-06
1.893556790179418015e-06
1.912631161543231423e-06
1.931897674830022740e-06
1.951358265543603489e-06
1.970289213409924295e-06
1.989123566595728309e-06
2.008137960791512842e-06
2.027334117042051415e-06
2.046713772843914820e-06
2.066059262601409733e-06
2.084640320342767189e-06
2.103388486411096010e-06
2.122305263691381457e-06
2.141392168584798233e-06
2.160650731130223712e-06
2.179225009898529811e-06
2.197504867251283021e-06
2.215938060392364963e-06
2.234525875538812802e-06
2.253269609696754338e-06
2.271987061757822574e-06
2.289526651787061389e-06
2.307201646292654915e-06
2.325013090588225866e-06
2.342962038057129400e-06
2.361049550214789653e-06
2.378277852247873474e-06
2.394927164169293088e-06
2.411693030843637666e-06
2.428576268221174934e-06
2.445577697964278635e-06
2.462591540637433961e-06
2.477850828901057935e-06
2.493204670351626998e-06
2.508653650881813403e-06
2.524198360014733176e-06
2.539839390926445854e-06
2.554437955093690092e-06
2.568064660474184447e-06
2.581764057813845724e-06
2.595536534889527042e-06
2.609382481546690983e-06
2.623302289710423139e-06
2.634839101303512256e-06
2.646393017979083009e-06
2.657997599224823380e-06
2.669653067207708296e-06
2.681359645068924665e-06
2.691835852704741401e-06
2.700798408763432264e-06
2.709790805947468902e-06
2.718813143613871085e-06
2.727865521450448666e-06
2.736948039476943382e-06
2.743200164095985786e-06
2.749213703988200859e-06
2.755240426535662581e-06
2.761280360636895557e-06
2.767333535253758316e-06
2.772052948827472095e-06
2.774627190680162621e-06
2.777203823079217762e-06
2.779782848244603298e-06
2.782364268398344996e-06
2.784948085764515899e-06
2.784310010389021757e-06
2.783109273489774515e-06
2.781909054409692489e-06
2.780709352925471111e-06
2.779510168813902801e-06
2.776982665613430109e-06
2.771605126432244330e-06
2.766238000685750751e-06
2.760881268208673267e-06
2.755534908874762815e-06
2.750198902596766883e-06
2.741445898086738262e-06
2.731778212371326109e-06
2.722144619667619003e-06
2.712544999746900250e-06
2.702979232804438461e-06
2.692304948249262940e-06
2.678259133055912784e-06
2.664286595194894473e-06
2.650386952376729509e-06
2.636559824306353436e-06
2.622804832672692244e-06
2.605804515544059923e-06
2.587608338876267417e-06
2.569539225018957457e-06
2.551596286700153760e-06
2.533778642843632552e-06
2.515278105175374323e-06
2.493318113618515607e-06
2.471549846876572953e-06
2.449971631068904384e-06
2.428581806928935308e-06
2.407378729676536487e-06
2.383687426278152132e-06
2.358794871065531023e-06
2.334162265751623416e-06
2.309786895711538485e-06
2.285666074668881118e-06
2.261403655530837120e-06
2.234391416775375588e-06
2.207701836489483339e-06
2.181331060550264570e-06
2.155275280871927290e-06
2.129530734855886560e-06
2.102566757387277441e-06
2.074856375463455842e-06
2.047511197290557020e-06
2.020526409734643055e-06
1.993897263095565650e-06
1.967542104099655184e-06
1.939992518691584003e-06
1.912828683430646476e-06
1.886045197031353744e-06
1.859636733837178674e-06
1.833598042761601627e-06
1.807624287465896678e-06
1.781738156472653649e-06
1.756222728496868132e-06
1.731072694876267953e-06
1.706282822971407900e-06
1.681847955076993318e-06
1.658010586036752247e-06
1.634516240880596013e-06
1.611354815344477747e-06
1.588521591890081266e-06
1.566011919827565435e-06
1.544106411332693185e-06
1.522857483750293414e-06
1.501900969255546230e-06
1.481232843861197164e-06
1.460849138955319973e-06
1.440745940539298066e-06
1.421399429523818306e-06
1.402358626816675880e-06
1.383572891165423416e-06
1.365038805739163625e-06
1.346752999478231029e-06
1.328623730496403632e-06
1.310594870594539648e-06
1.292810654666661977e-06
1.275267762997917088e-06
1.257962920920572375e-06
1.240892898202746144e-06
1.223076450624114950e-06
1.205337687948930315e-06
1.187856197581689202e-06
1.170628248200116237e-06
1.153650162598766018e-06
1.136356805531812544e-06
1.118093527236996494e-06
1.100123772360571237e-06
1.082442823458293125e-06
1.065046038903642805e-06
1.047928851669314531e-06
1.029606245445864753e-06
1.011185330660083344e-06
9.930939885658487879e-07
9.753263227046909511e-07
9.578765421129905965e-07
9.403799380392653710e-07
9.221029598003803497e-07
9.041812081247533173e-07
8.866077789219125219e-07
8.693759022874862950e-07
8.524789398951916774e-07
8.352859078198055888e-07
8.181882676962571219e-07
8.014406027070418750e-07
7.850357491386984476e-07
7.689666899133056947e-07
7.531231773260651678e-07
7.371286217950312231e-07
7.214737528044445205e-07
7.061513562153697230e-07
6.911543711001306419e-07
6.764758864884537106e-07
6.617128237287832143e-07
6.470549921180775743e-07
6.327218512490690405e-07
6.187062087838655397e-07
6.050010317045562472e-07
5.915715576479663669e-07
5.782132692626755981e-07
5.651566246367523550e-07
5.523948123468385221e-07
5.399211747784490637e-07
5.277292046528205735e-07
5.160447576111094477e-07
5.047880005893056039e-07
4.937767931574927850e-07
4.830057790126923352e-07
4.724697186917959792e-07
4.621919761280465590e-07
4.528140347316449427e-07
4.436263731094001628e-07
4.346251304574386452e-07
4.258065243081529847e-07
4.171668489407453609e-07
4.086950859457074799e-07
4.003882943164874082e-07
3.922503395280911554e-07
3.842777899452867282e-07
3.764672836813656638e-07
3.688155271804927320e-07
3.606729259924366701e-07
3.526918848272497205e-07
3.448874497045190954e-07
3.372557126511373083e-07
3.297928521703928134e-07
3.223285818877715157e-07
3.148246416042702438e-07
3.074953960979084280e-07
3.003367784033296800e-07
2.933448162357846488e-07
2.865156297869253985e-07
2.800044883536454079e-07
2.736577632131711556e-07
2.674548961952764596e-07
2.613926265380776103e-07
2.554677673897884656e-07
2.497992369336786554e-07
2.444593449316022082e-07
2.392336023838780801e-07
2.341195691479122611e-07
2.291148572433896843e-07
2.242171297372171837e-07
2.195555677548771142e-07
2.150160565923378584e-07
2.105704039541145530e-07
2.062166692298036814e-07
2.019529519328891493e-07
1.977320166438026830e-07
1.934970862104655022e-07
1.893528575060623744e-07
1.852973879240354642e-07
1.813287764636521009e-07
1.774451628389098124e-07
1.736758035721256775e-07
1.699956495240215183e-07
1.663934771724992222e-07
1.628676341016756335e-07
1.594165029100159853e-07
1.560859083300482103e-07
1.529758988190659642e-07
1.499278562035060958e-07
1.469405457938560427e-07
1.440127575017735821e-07
1.411433053499098961e-07
1.383638109293088107e-07
1.356527352962901086e-07
1.329947799917632168e-07
1.303889041855634911e-07
1.278340874413636990e-07
1.253347774712945734e-07
1.229108652150834445e-07
1.205338302162814503e-07
1.182027658920463138e-07
1.159167831923969151e-07
1.136750102611371081e-07
1.115392473966678847e-07
1.094791517930622204e-07
1.074571055218220763e-07
1.054724058234784100e-07
1.035243629183121700e-07
1.016288485354147877e-07
9.991443484753719977e-08
9.822894222228639350e-08
9.657188277982974519e-08
9.494277687055481392e-08
9.334115293623199903e-08
9.176654737351731151e-08
9.021850439975871762e-08
8.869657592106621783e-08
8.720032140260672390e-08
8.572930774108855585e-08
8.428310913939549684e-08
8.286130698333635248e-08
8.146348972047383045e-08
8.008925274099660923e-08
7.873819826060263354e-08
7.740993520535649955e-08
7.610407909848999980e-08
7.482025194911234359e-08
7.355808214279687303e-08
7.231720433401514472e-08
7.109725934038400595e-08
6.989789403869742240e-08
6.871876126271218009e-08
6.755951970265719353e-08
6.641983380643934147e-08
6.529937368251464885e-08
6.419781500439837156e-08
6.311483891678683938e-08
6.205013194326016675e-08
6.100338589554650853e-08
5.997429778431243088e-08
5.896256973146095445e-08
5.796790888390823921e-08
5.699002732881434021e-08
5.602864201024517121e-08
5.508347464723913340e-08
5.415425165325649894e-08
5.324070405698764053e-08
5.234256742449659517e-08
5.145958178267913039e-08
5.059149154401094093e-08
4.971208341003397099e-08
4.884419755990304908e-08
4.799146347564431860e-08
4.715361663398117525e-08
4.633039712974934341e-08
4.552154959527356040e-08
4.472682312115034216e-08
4.394597117841473448e-08
4.317875154206535445e-08
4.242492621592507705e-08
4.168426135881255824e-08
4.095652721200408698e-08
4.024149802795999121e-08
3.953895200029757207e-08
3.884867119498444039e-08
3.817044148273467973e-08
3.750405247258449625e-08
3.684929744662720511e-08
3.620597329588872691e-08
3.557388045732173680e-08
3.495282285189999018e-08
3.434260782379328379e-08
3.374304608060437117e-08
3.315395163464984618e-08
3.257514174526522170e-08
3.200643686211753422e-08
3.144766056950822252e-08
3.089863953164742086e-08
3.035920343888444643e-08
2.982918495487655448e-08
2.930841966468046639e-08
2.879674602374939910e-08
2.829400530782153712e-08
2.780004156368208346e-08
2.731470156078644518e-08
2.683783474372650799e-08
2.636929318552792948e-08
2.590893154176192079e-08
2.545660700545874159e-08
2.501217926280800601e-08
2.457551044963269355e-08
2.406281598181260059e-08
2.351543010966870466e-08
2.298049628358829561e-08
2.245773124187412791e-08
2.194685816652421804e-08
2.144760653664921296e-08
2.095971198522450079e-08
2.048291615910050652e-08
2.001696658219837420e-08
1.956161652181664240e-08
1.911662485798007482e-08
1.868175595576009760e-08
1.825677954049958681e-08
1.784147057587676491e-08
1.743560914474217044e-08
1.703898033266679168e-08
1.665137411413904104e-08
1.627258524135077502e-08
1.590241313551304089e-08
1.554066178064437540e-08
1.518713961977502022e-08
1.484165945351250299e-08
1.450403834091434429e-08
1.417409750261633890e-08
1.385166222616377447e-08
1.353656177349676921e-08
1.322862929053986769e-08
1.292770171884816810e-08
1.263361970926387564e-08
1.234622753753645852e-08
1.206537302186259101e-08
1.179090744230176648e-08
1.152268546202520417e-08
1.126056505035608326e-08
1.100440740756059256e-08
1.075407689134970207e-08
1.050944094505302727e-08
1.027037002742638004e-08
1.003673754405649954e-08
9.808419780325698417e-09
9.585295835901840005e-09
9.342662874944876024e-09
9.072395735218836365e-09
8.809946958179477489e-09
8.555090372065210947e-09
8.307606347873715787e-09
8.067281610091432220e-09
7.833909052897832885e-09
7.607287561686945098e-09
7.387221839751887156e-09
7.173522239983018301e-09
6.966004601434757132e-09
6.764490090620375805e-09
6.568805047397874108e-09
6.378780835313836737e-09
6.194253696276968143e-09
6.015064609435424593e-09
5.841059154136468677e-09
5.672087376850930352e-09
5.508003661946842129e-09
5.348666606201512070e-09
5.193938896943931199e-09
5.043687193722012568e-09
4.897782013393203312e-09
4.756097618539231187e-09
4.618511909108609117e-09
4.484906317194024402e-09
4.355165704853428312e-09
4.229178264887019220e-09
4.106835424484647500e-09
3.988031751660540336e-09
3.872664864394549911e-09
3.760635342402034349e-09
3.651846641455837343e-09
3.546205010186954607e-09
3.443619409291981582e-09
3.344001433077702478e-09
3.247265233275256527e-09
3.153327445058287282e-09
3.062107115201267474e-09
2.973525632315952626e-09
2.887506659106150801e-09
2.801795405687569985e-09
2.709367852811881233e-09
2.619989363587762534e-09
2.533559353407442616e-09
2.449980555817367710e-09
2.369158913056617258e-09
2.291003470206316627e-09
2.215426272831017581e-09
2.142342267996614307e-09
2.071669208553686009e-09
2.003327560578315711e-09
1.937240413866325510e-09
1.873333395380223608e-09
1.811534585551420623e-09
1.751774437343488338e-09
1.693985697985450767e-09
1.638103333286958610e-09
1.584064454450240980e-09
1.531808247296432306e-09
1.481275903826598325e-09
1.432410556040505437e-09
1.385157211938592666e-09
1.339462693635184203e-09
1.295275577513264146e-09
1.252546136353438947e-09
1.211226283372022175e-09
1.171269518105174022e-09
1.132630874078351552e-09
1.095266868201975078e-09
1.059135451836516035e-09
1.024195963471879518e-09
9.904090829677930658e-10
9.577367873038261075e-10
9.261423077890761118e-10
8.955900886834912804e-10
8.660457471842223035e-10
8.374760347319343429e-10
8.098487995936454358e-10
7.831329506798359361e-10
7.572984225552201111e-10
7.323161416037654617e-10
7.081579933098532095e-10
6.834287430241594548e-10
6.595039402962725436e-10
6.364166735827968698e-10
6.141376232448943581e-10
5.926384960368517163e-10
5.718919891751525026e-10
5.518717556653208457e-10
5.325523708426077347e-10
5.139093000839823250e-10
4.959188676504124036e-10
4.785582266199052261e-10
4.618053298730894122e-10
4.456389020945172996e-10
4.300384127540996544e-10
4.149840500343980438e-10
4.004566956706358458e-10
3.864379006714858487e-10
3.729098618898081615e-10
3.598553994135616896e-10
3.472579347482073089e-10
3.351014697628729031e-10
3.233705663735503387e-10
3.120503269375294710e-10
3.011263753341507813e-10
2.905848387078844251e-10
2.804123298505049971e-10
2.705959302000383195e-10
2.611231734348518612e-10
2.519820296420622381e-10
2.431608900401753355e-10
2.346485522365208737e-10
2.264342060008004249e-10
2.185074195366505797e-10
2.108581262337937338e-10
2.034766118839700188e-10
1.963535023443838442e-10
1.894797516330334836e-10
1.828466304407791130e-10
1.764457150455652799e-10
1.702688766147350608e-10
1.643082708818233582e-10
1.584502757480527122e-10
1.527630414991328940e-10
1.472799383774672617e-10
1.419936395322016530e-10
1.368970810941445035e-10
1.319834527366043825e-10
1.272461885750206741e-10
1.226789583932380598e-10
1.182756591846896422e-10
1.140304069971943214e-10
1.099375290704692344e-10
1.059915562558475908e-10
1.021872157080722520e-10
9.851942383940636380e-11
9.498327952663634105e-11
9.157405756190152460e-11
8.828720233858429546e-11
8.511832176383764734e-11
8.206318138960755492e-11
7.911769875430814253e-11
7.627793792759527112e-11
7.354010425093735645e-11
7.090053926696665202e-11
6.835571583083045513e-11
6.590223339700601001e-11
6.353681347529077756e-11
6.125629524988564460e-11
5.905763135572490917e-11
5.693788380640319775e-11
5.489422006826207548e-11
5.292390927539011784e-11
5.102431858047507415e-11
4.919290963663670137e-11
4.742723520553446335e-11
4.572493588722118489e-11
4.408373696737227111e-11
4.250144537767609101e-11
4.097594676532383573e-11
3.950520266768535015e-11
3.808724778839310710e-11
3.672018737119542737e-11
3.539540579748826539e-11
3.411187565238590005e-11
3.287488967300979506e-11
3.168276004597193679e-11
3.053386016241881534e-11
2.942662239859620084e-11
2.835953597689401484e-11
2.733114490445597612e-11
2.634004598654183641e-11
2.538488691192802917e-11
2.446436440773947127e-11
2.357722246118979093e-11
2.272225060580653687e-11
2.189828226980318082e-11
2.110419318434213723e-11
2.033889984951930872e-11
1.960135805597590745e-11
1.889056146012016207e-11
1.820554021101525252e-11
1.754535962706028321e-11
1.690911892065787444e-11
1.629594996912899536e-11
1.570501613019730286e-11
1.513551110042715702e-11
1.458665781505789359e-11
1.405770738773304642e-11
1.354793808867717841e-11
1.305665435992751050e-11
1.258318586627529781e-11
1.212688658062234287e-11
1.168713390250587938e-11
1.126332780858680217e-11
1.085489003394439890e-11
1.046126328305899136e-11
1.008191046940622107e-11
9.716313982626450654e-12
9.363974982267699514e-12
9.024412717139554946e-12
8.697163869349414414e-12
8.381781922125177156e-12
8.077836550562714924e-12
7.784637196390398111e-12
7.501366404490056237e-12
7.228403394380947276e-12
6.965373081979126386e-12
6.711914031924972845e-12
6.467677960927085165e-12
6.232329259179299526e-12
6.005544529192165543e-12
5.787012141405916579e-12
5.576431805973835505e-12
5.373514160127894572e-12
5.177980370559264655e-12
4.989561750267937247e-12
4.807999389354133179e-12
4.633043799245165772e-12
4.464454569867906767e-12
4.302000039296337071e-12
4.145456975420275060e-12
3.994610269197332282e-12
3.849252639067398501e-12
3.709184346122584659e-12
3.574212919642032545e-12
3.444152892613825701e-12
3.318825546881021556e-12
3.198058667561328985e-12
3.081686306403135503e-12
2.969548553752577525e-12
2.861491318818371558e-12
2.757366117932530252e-12
2.657029870515875677e-12
2.560344702468120207e-12
2.467177756712153353e-12
2.377401010632474701e-12
2.290891100156665478e-12
2.207529150238212567e-12
2.127200611507987508e-12
2.049795102869490765e-12
1.975206259822000227e-12
1.903331588302861418e-12
1.834072323848324479e-12
1.767333295879247701e-12
