6.824777423564721372e-09
6.927634756505257141e-09
7.032042269075551660e-09
7.138023324285470997e-09
7.245601637252614460e-09
7.354801280508983454e-09
7.465646689387661872e-09
7.578162667490528742e-09
7.692374392238687290e-09
7.808307420506219211e-09
7.925987694339029353e-09
8.045441546759815626e-09
8.166695707660561228e-09
8.289777309783806523e-09
8.414713894794070358e-09
8.541533419440797272e-09
8.670264261814187155e-09
8.800935227695159718e-09
8.933575557001357937e-09
9.068214930329956450e-09
9.204883475599246893e-09
9.343611774790288937e-09
9.484430870790160601e-09
9.627372274338353034e-09
9.772467971077849960e-09
9.919651232735244402e-09
1.006876028776689744e-08
1.022011070287972383e-08
1.037373616948847967e-08
1.052967088544656938e-08
1.068794956265870138e-08
1.084860743480793619e-08
1.101168026519890055e-08
1.117720435471888297e-08
1.134521654991861408e-08
1.151575425121450357e-08
1.168885542121416834e-08
1.186455859316712314e-08
1.204290287954247798e-08
1.222392798073559155e-08
1.240767419390559103e-08
1.259418242194572904e-08
1.278349418258859895e-08
1.297565161764819249e-08
1.317069750240090543e-08
1.336867525510753622e-08
1.356962894667842325e-08
1.377360331048386978e-08
1.398064375231203534e-08
1.419079636047649715e-08
1.440410791607576795e-08
1.462062590340701026e-08
1.484039852053630108e-08
1.506347469002777993e-08
1.528990406983407051e-08
1.551973706435041141e-08
1.575302483563494424e-08
1.598981931479766216e-08
1.623017321356055018e-08
1.647414003599153912e-08
1.672177409041465247e-08
1.697313050149954553e-08
1.722826522253240549e-08
1.748723504787149488e-08
1.775009762558988257e-08
1.801691147030820141e-08
1.828773597622033741e-08
1.856263143031487622e-08
1.884165902579531777e-08
1.912488087570201712e-08
1.941236002673887568e-08
1.970416047330787309e-08
2.000034717175457324e-08
2.030098605482774100e-08
2.060614404635634198e-08
2.091588907614713816e-08
2.123029009510622448e-08
2.154941709058788127e-08
2.187334110197412072e-08
2.220213423648844790e-08
2.253586968524730384e-08
2.287395375663470769e-08
2.321689226489856006e-08
2.356497229009037529e-08
2.391827091657284630e-08
2.427686638439838768e-08
2.464083810663597880e-08
2.501026668695781112e-08
2.538523393748910463e-08
2.576582289692627165e-08
2.615211784892596904e-08
2.654420434077042538e-08
2.694216920231231225e-08
2.734610056520370236e-08
2.775608788241352848e-08
2.817222194803715618e-08
2.859459491740343394e-08
2.902330032748319430e-08
2.945843311760321959e-08
2.990008965047129048e-08
3.034836773351646631e-08
3.080336664054871359e-08
3.126518713374396038e-08
3.173393148595831907e-08
3.220970350337727092e-08
3.269260854850376968e-08
3.318275356349159051e-08
3.368024709382847710e-08
3.418519931237378524e-08
3.469772204375711471e-08
3.521792878914272696e-08
3.574593475136462581e-08
3.628185686043920306e-08
3.682581379945990256e-08
3.737792603088058637e-08
3.793831582319224192e-08
3.850710727800021652e-08
3.908442635750754471e-08
3.967040091240951007e-08
4.026516071020715747e-08
4.086883746394534747e-08
4.148156486138087189e-08
4.210347859458871703e-08
4.273471639001170223e-08
4.337541803896115698e-08
4.402572542857401635e-08
4.468578257323479857e-08
4.535573564646871822e-08
4.603573301331213558e-08
4.672592526316911023e-08
4.742646524316061680e-08
4.813750809197285506e-08
4.885921127421401139e-08
4.959173461528551330e-08
5.033524033677671068e-08
5.108989309238918420e-08
5.185542444268127528e-08
5.263114913842080185e-08
5.341847819011799667e-08
5.421758519167568077e-08
5.502864633385238050e-08
5.585184044311020989e-08
5.668734902104323529e-08
5.753535628439578512e-08
5.839604920567938046e-08
5.926961755439729249e-08
6.015625393888581288e-08
6.105615384878138213e-08
6.196951569812306549e-08
6.289654086909975325e-08
6.383743375645187935e-08
6.479240181253725341e-08
6.576165559307097229e-08
6.674540880355029002e-08
6.774387834637253285e-08
6.875728436865926763e-08
6.978585031079523368e-08
7.082980295569347309e-08
7.188937247879749876e-08
7.296479249883136610e-08
7.405630012930904354e-08
7.516413603081430516e-08
7.628854446406258023e-08
7.742977334375677712e-08
7.858807429324856925e-08
7.976370270001751798e-08
8.095691777197986409e-08
8.216798259464055393e-08
8.339716418909850564e-08
8.464473357092139436e-08
8.591096580990009445e-08
8.719614009069744285e-08
8.850053977440409541e-08
8.982445246101529321e-08
9.116817005284218426e-08
9.253198881887182201e-08
9.391620946008986982e-08
9.532113717578037112e-08
9.674708173081841426e-08
9.819435752396637256e-08
9.966328365719672186e-08
1.011541840060469545e-07
1.026673872910300814e-07
1.042032271501122903e-07
1.057620422122748851e-07
1.073441761721768518e-07
1.089499778659341322e-07
1.105798013480326637e-07
1.122340059693919016e-07
1.139129564565961492e-07
1.156170229923111507e-07
1.173465812969034054e-07
1.190986303189361556e-07
1.208757370684335938e-07
1.226793605661979744e-07
1.245098964766647614e-07
1.263677463680981937e-07
1.282533178006843521e-07
1.301670244159383192e-07
1.321092860274455223e-07
1.340805287129568992e-07
1.360811849078593809e-07
1.381116935000387909e-07
1.401724999261591948e-07
1.422640562693818888e-07
1.443868213585367583e-07
1.465412608687780352e-07
1.487278474237399655e-07
1.509470606992173212e-07
1.531993875283926473e-07
1.554853220086340408e-07
1.578053656098860391e-07
1.601600272846781831e-07
1.625498235797749441e-07
1.649752787494915803e-07
1.674369248707008027e-07
1.699353019595555826e-07
1.724709580899535122e-07
1.750444495137689225e-07
1.776563407828788591e-07
1.803072048730099654e-07
1.829976233094333556e-07
1.857281862945349223e-07
1.884994928372891408e-07
1.913121508846649015e-07
1.941667774549920650e-07
1.970639987733179095e-07
2.000044504087834075e-07
2.029887774140492166e-07
2.060176344668022740e-07
2.090916860133735415e-07
2.122116064144991410e-07
2.153780800932559290e-07
2.185918016852049690e-07
2.218534761907749553e-07
2.251638191299196296e-07
2.285235566990827275e-07
2.319334259305047052e-07
2.353941748539088093e-07
2.389065626605949960e-07
2.424713598699876789e-07
2.460893484986629794e-07
2.497613222319063571e-07
2.534880865978198870e-07
2.572704591440350386e-07
2.611092696170591962e-07
2.650053601442988043e-07
2.688996422808419834e-07
2.726754779788518488e-07
2.765043332164092575e-07
2.803869524834238773e-07
2.843240907237842083e-07
2.883165134821516747e-07
2.923649970528165543e-07
2.964703286306385608e-07
3.006333064641121565e-07
3.048547400105814753e-07
3.091354500936283614e-07
3.134762690626800051e-07
3.178780409548479285e-07
3.223416216590461777e-07
3.268678790824140792e-07
3.314576933190688150e-07
3.361119568212382644e-07
3.408315745727863445e-07
3.456174642651816167e-07
3.504705564759372710e-07
3.553917948495493274e-07
3.603821362809865781e-07
3.654425511017457147e-07
3.705740232685269649e-07
3.757775505545584003e-07
3.810541447435998333e-07
3.864048318266819423e-07
3.918306522015967711e-07
3.973326608751965141e-07
4.029119276685339900e-07
4.085695374248746642e-07
4.143065902206423158e-07
4.201242015793142860e-07
4.260235026883282986e-07
4.320056406190354229e-07
4.380717785497335898e-07
4.442230959918407410e-07
4.504607890192440873e-07
4.567860705008605747e-07
4.632001703364768501e-07
4.697043356958865677e-07
4.762998312613957100e-07
4.829879394737323460e-07
4.897699607814009548e-07
4.966472138935476477e-07
5.036210360363746704e-07
5.106927832131468541e-07
5.178638304678631248e-07
5.251355721526158891e-07
5.325094221987142102e-07
5.399868143916147149e-07
5.475692026497022650e-07
5.552580613070008624e-07
5.630548853998387146e-07
5.709611909575487778e-07
5.789785152972522105e-07
5.861664283297126305e-07
5.931379392515847376e-07
6.001923651310254413e-07
6.073306921086681282e-07
6.145539180537100735e-07
6.218630527034005559e-07
6.292591178042001697e-07
6.367431472546074135e-07
6.443161872496836876e-07
6.519792964273092021e-07
6.597335460161663030e-07
6.675800199854828274e-07
6.755198151965687330e-07
6.835540415561413430e-07
6.916838221714821952e-07
6.999102935074311040e-07
7.082346055452611662e-07
7.166579219434315323e-07
7.251814202002502373e-07
7.338062918184864778e-07
7.425337424719255588e-07
7.513649921739126749e-07
7.603012754478934646e-07
7.693438414999975029e-07
7.784939543936593311e-07
7.877528932263247770e-07
7.971219523082510328e-07
8.066024413434472932e-07
8.161956856127533027e-07
8.259030261591033557e-07
8.357258199749848514e-07
8.456654401921425457e-07
8.557232762735243699e-07
8.659007342075096854e-07
8.761992367044628553e-07
8.866202233956100162e-07
8.971651510342793892e-07
9.078354936995527761e-07
9.186327430023199821e-07
9.295584082937952462e-07
9.406140168765030893e-07
9.518011142177907565e-07
9.631212641658649233e-07
9.745760491683960761e-07
9.861670704937413892e-07
9.978959484547791106e-07
1.009764322635415971e-06
1.021773852119777149e-06
1.033926215724142948e-06
1.046223112231624991e-06
1.058666260629632123e-06
1.071257400350183184e-06
1.083998291513051840e-06
1.096890715171820551e-06
1.109936473562844939e-06
1.122539601524130039e-06
1.133540733878805454e-06
1.144649679724355388e-06
1.155867495656450063e-06
1.167195248625627154e-06
1.178634016038772268e-06
1.189740974569366651e-06
1.200781212133400316e-06
1.211923897917740469e-06
1.223169982593761150e-06
1.234520425654628221e-06
1.245841798758576239e-06
1.256686939124772531e-06
1.267626487199622575e-06
1.278661264808855924e-06
1.289792100932261249e-06
1.301019831765951309e-06
1.311820913552976387e-06
1.322434049438322809e-06
1.333133049676156037e-06
1.343918608942122043e-06
1.354791427532057670e-06
1.365640067018005667e-06
1.375761003023131746e-06
1.385956946600233636e-06
1.396228453640174428e-06
1.406576084153597429e-06
1.417000402301456616e-06
1.426890723721635400e-06
1.436418966125594977e-06
1.446010834567484040e-06
1.455666753918176182e-06
1.465387151885682488e-06
1.475107160473057525e-06
1.483744825952718257e-06
1.492433070310264989e-06
1.501172189716338028e-06
1.509962482075830843e-06
1.518804247038066529e-06
1.527002337552396410e-06
1.534600497950065287e-06
1.542236465782604511e-06
1.549910429174784409e-06
1.557622577187446669e-06
1.565373099822186519e-06
1.571660620317484259e-06
1.577952851928963199e-06
1.584270274843288187e-06
1.590612989915249451e-06
1.596981098403427350e-06
1.602591011133123318e-06
1.607270476447319474e-06
1.611963605506962762e-06
1.616670438209330254e-06
1.621391014568199933e-06
1.626125374714184212e-06
1.629129297891212354e-06
1.631984655201662588e-06
1.634845017066005818e-06
1.637710392255666530e-06
1.640580789557452388e-06
1.642636724262567268e-06
1.643385893411920994e-06
1.644135404240235439e-06
1.644885256903349419e-06
1.645635451557162523e-06
1.646385988357648881e-06
1.645177394635740461e-06
1.643627836958278224e-06
1.642079738776314484e-06
1.640533098715174271e-06
1.638987915401488106e-06
1.636638883659380257e-06
1.632565584852717526e-06
1.628502423751653390e-06
1.624449375125261694e-06
1.620406413805424413e-06
1.616373514686649749e-06
1.610291145775980250e-06
1.603665626435341293e-06
1.597067367697018566e-06
1.590496257397659876e-06
1.583952183835410461e-06
1.576751986209537513e-06
1.567544444482675683e-06
1.558390670770944628e-06
1.549290351092660932e-06
1.540243173299660036e-06
1.531248827066576403e-06
1.520343833272921587e-06
1.508744040575083848e-06
1.497232751009029736e-06
1.485809289320936075e-06
1.474472985408983475e-06
1.462752995363154845e-06
1.449034073490529966e-06
1.435443819149565985e-06
1.421981025588465755e-06
1.408644497373351901e-06
1.395433050282126394e-06
1.380821800648618514e-06
1.365546492879990763e-06
1.350440167834052523e-06
1.335500956143526809e-06
1.320727009120956462e-06
1.305899735643284736e-06
1.289583207678763788e-06
1.273470546119565109e-06
1.257559203762554288e-06
1.241846665230545102e-06
1.226330446574679588e-06
1.210216300847440494e-06
1.193750049341198713e-06
1.177507838313076089e-06
1.161486619459341174e-06
1.145683385951612158e-06
1.130060334821857318e-06
1.113952252562185358e-06
1.098073777789909444e-06
1.082421637638811109e-06
1.066992605894693242e-06
1.051783502330392940e-06
1.036729896206819174e-06
1.021834409609104031e-06
1.007152937791703831e-06
9.926824058415662576e-07
9.784197830252438080e-07
9.643620821541535605e-07
9.508321554114827099e-07
9.374988565209605235e-07
9.243525273898160471e-07
9.113905461844553795e-07
8.986103278366514396e-07
8.862160130387633447e-07
8.742464874761412527e-07
8.624386262708404037e-07
8.507902459307658060e-07
8.392991924547861625e-07
8.279633409344246746e-07
8.170181975523577196e-07
8.062404753453175195e-07
7.956049278123789594e-07
7.851096794516903453e-07
7.747528795021439352e-07
7.644089816415285763e-07
7.540021992985533172e-07
7.437370965032222363e-07
7.336117444082162952e-07
7.236242404258430536e-07
7.137727078705334968e-07
7.032504538706989977e-07
6.927368291167638421e-07
6.823803835084050695e-07
6.721787672105879038e-07
6.621296655184116025e-07
6.518249464158473491e-07
6.407928885039386555e-07
6.299475468299415079e-07
6.192857612442479431e-07
6.088044250823939220e-07
5.985004842598369134e-07
5.874251669314105587e-07
5.762876561061034776e-07
5.653613111524128512e-07
5.546421283906959442e-07
5.441261800506003744e-07
5.336261017875841375e-07
5.227669515612239861e-07
5.121287821737784932e-07
5.017070967235394724e-07
4.914974898195652280e-07
4.814956457194547986e-07
4.715182730400430707e-07
4.616755936026292039e-07
4.520383745769265227e-07
4.426023270920977633e-07
4.333632518050814152e-07
4.243033076919260603e-07
4.153693577692748892e-07
4.066235172951562243e-07
3.980618255170548067e-07
3.896804050783752367e-07
3.814754602624928575e-07
3.732785365193157424e-07
3.651675202110575657e-07
3.572327491971739667e-07
3.494703938214785073e-07
3.418767076428653505e-07
3.344257228114839840e-07
3.269555808316037836e-07
3.196523010796952282e-07
3.125121563169469402e-07
3.055315025607097707e-07
2.987067772247905941e-07
2.921065231227850224e-07
2.857045155574259676e-07
2.794428187952239367e-07
2.733183576880671877e-07
2.673281244849039389e-07
2.614828619639317376e-07
2.560901561162563265e-07
2.508086670272673562e-07
2.456361010121682230e-07
2.405702116900939026e-07
2.356087990085373653e-07
2.307319631966907937e-07
2.259390938819922889e-07
2.212457842292903683e-07
2.166499661399902802e-07
2.121496144749816726e-07
2.077427461622652162e-07
2.030986703822738886e-07
1.985491526668834741e-07
1.941015465563488628e-07
1.897535691767792879e-07
1.855029887918683116e-07
1.812955228508877123e-07
1.771182157223021814e-07
1.730371597011475204e-07
1.690501370247836437e-07
1.651549810309825952e-07
1.613495749805005529e-07
1.577441461717375577e-07
1.542309006473417083e-07
1.507959014123593365e-07
1.474374057813551891e-07
1.441537098816290665e-07
1.409907622527022000e-07
1.379763699039211947e-07
1.350264254741888572e-07
1.321395510624936970e-07
1.293143982274427759e-07
1.265496473574145732e-07
1.239022145465448614e-07
1.213212925667647587e-07
1.187941320010975700e-07
1.163196129824296360e-07
1.138966389708306650e-07
1.115097548148620320e-07
1.091404907647844075e-07
1.068215668140847313e-07
1.045519133793177361e-07
1.023304836026339076e-07
1.001562528689255606e-07
9.805885857621574106e-08
9.601439648309565529e-08
9.401256006715430882e-08
9.205246061132510241e-08
9.013322792770183073e-08
8.827623878638118507e-08
8.652832379876335800e-08
8.481501842802480110e-08
8.313563738592819962e-08
8.148950895329692215e-08
7.987597471133894906e-08
7.831542089544437258e-08
7.679413548868696954e-08
7.530240121326935056e-08
7.383964403531245661e-08
7.240530107160609956e-08
7.100335940068559642e-08
6.965067395593794308e-08
6.832375853007229775e-08
6.702212217829736033e-08
6.574528330881426793e-08
6.449276950463241476e-08
6.329586418337515152e-08
6.213918299296165933e-08
6.100363922429801259e-08
5.988884660794198791e-08
5.879442593321550899e-08
5.772911466179820740e-08
5.676370648577027531e-08
5.581444290076534384e-08
5.488105391961587605e-08
5.396327407016853314e-08
5.306084231978086182e-08
5.217350200107769187e-08
5.130100073895143458e-08
5.044309037878143373e-08
4.959952691585485917e-08
4.877007042596733213e-08
4.795448499718465394e-08
4.715253866274463452e-08
4.636400333508257622e-08
4.558865474095801966e-08
4.482627235766884156e-08
4.407663935032963634e-08
4.333954251020086846e-08
4.261477219404797056e-08
4.190212226451551133e-08
4.120139003149791745e-08
4.051237619449115898e-08
3.983488478590798766e-08
3.916872311534117714e-08
3.851370171475926704e-08
3.786963428461835336e-08
3.723633764087558504e-08
3.661363166288783000e-08
3.600133924218293048e-08
3.539928623208605814e-08
3.480730139819038232e-08
3.422521636965412475e-08
3.365286559131361144e-08
3.309008627659596340e-08
3.253671836122005733e-08
3.199260445767131716e-08
3.145758981043817341e-08
3.093152225199646597e-08
3.041425215953089120e-08
2.990563241237894170e-08
2.940551835018803128e-08
2.891376773177086956e-08
2.840834936754099688e-08
2.790859271083813017e-08
2.741762772001791956e-08
2.693529973303043746e-08
2.646145680862417303e-08
2.599594967848176870e-08
2.553863170019825664e-08
2.508935881108624755e-08
2.464798948279380785e-08
2.421438467672064561e-08
2.378840780021886400e-08
2.336992466356379017e-08
2.295880343768194564e-08
2.255491461262316166e-08
2.215813095676229102e-08
2.176832747671956442e-08
2.138538137798534411e-08
2.100917202623780669e-08
2.063958090934152794e-08
2.027649160001377115e-08
1.991978971914817222e-08
1.956936289978357608e-08
1.922510075170620224e-08
1.888689482667528620e-08
1.855463858426003043e-08
1.822822735827743593e-08
1.790755832382085654e-08
1.759253046486859548e-08
1.728304454246183040e-08
1.697900306344304601e-08
1.668031024974404875e-08
1.638687200821410067e-08
1.609859590097919919e-08
1.581539111632256670e-08
1.553716844007748914e-08
1.526384022752332207e-08
1.499532037577612743e-08
1.473152429666465199e-08
1.447236889008366348e-08
1.421777251781630467e-08
1.396765497781642113e-08
1.367267924082891842e-08
1.335721550145084101e-08
1.304903031875570462e-08
1.274795575779325669e-08
1.245382775830274672e-08
1.216648604531403157e-08
1.188577404181110513e-08
1.161153878341082026e-08
1.134363083501031385e-08
1.108190420935735376e-08
1.082621628749969945e-08
1.057642774106968506e-08
1.033240245636199785e-08
1.009400746016329603e-08
9.861112847292925877e-09
9.633591709815566010e-09
9.411320067887098467e-09
9.194176802196045000e-09
8.982043587963752441e-09
8.774804830467354713e-09
8.572347602050397658e-09
8.374561580586780509e-09
8.181338989364494968e-09
7.992574538356402253e-09
7.808165366846044476e-09
7.628010987377216320e-09
7.452013230996777361e-09
7.280076193760846278e-09
7.112106184475227959e-09
6.948011673641615987e-09
6.787703243581728448e-09
6.631093539712205824e-09
6.478097222943731711e-09
6.328630923178416126e-09
6.182613193880121403e-09
6.039964467692964893e-09
5.900607013083813360e-09
5.764464891985151407e-09
5.631463918415234855e-09
5.501531618052980935e-09
5.374597188745572457e-09
5.236948220497521558e-09
5.084085796745956952e-09
4.935685307619550321e-09
4.791616512735391995e-09
4.651752973325570036e-09
4.515971941270904309e-09
4.384154251373782506e-09
4.256184216775644865e-09
4.131949527426802580e-09
4.011341151520103897e-09
3.894253239801660109e-09
3.780583032674442675e-09
3.670230770013760117e-09
3.563099603614987423e-09
3.459095512196821135e-09
3.358127218885658144e-09
3.260106111108465516e-09
3.164946162823931095e-09
3.072563859023611118e-09
2.982878122436895015e-09
2.895810242375269380e-09
2.811283805653686643e-09
2.729224629528221631e-09
2.649560696591241547e-09
2.572222091566920831e-09
2.497140939951699241e-09
2.424251348445682335e-09
2.353489347122848391e-09
2.284792833289356827e-09
2.218101516980402579e-09
2.153356868048112260e-09
2.090502064793899849e-09
2.029481944100071112e-09
1.970242953017264246e-09
1.912733101764801859e-09
1.856901918103054764e-09
1.802700403037633973e-09
1.750080987816439312e-09
1.698997492182072483e-09
1.649405083842753560e-09
1.601260239126224453e-09
1.553350965751932483e-09
1.501908522239150270e-09
1.452169702088319891e-09
1.404078086273415834e-09
1.357579124201639922e-09
1.312620071836380730e-09
1.269149931869331616e-09
1.227119395873987342e-09
1.186480788374792988e-09
1.147188012768588474e-09
1.109196499036973559e-09
1.072463153190264404e-09
1.036946308385765021e-09
1.002605677664811955e-09
9.694023082550533312e-10
9.372985373861011678e-10
9.062579495684231676e-10
8.762453352870678103e-10
8.472266510632975055e-10
8.191689808388805454e-10
7.920404986392227942e-10
7.658104324729711277e-10
7.404490294271885752e-10
7.159275219184434368e-10
6.922180950615786406e-10
6.692938551191331163e-10
6.471287989956113969e-10
6.256977847420413245e-10
6.049765030373079833e-10
5.849414496139547000e-10
5.655698985971623872e-10
5.468398767266504074e-10
5.287301384322977276e-10
5.112201417351619042e-10
4.942900249465987333e-10
4.779205841390376003e-10
4.620932513628499618e-10
4.467900735846301115e-10
4.319936923229599114e-10
4.176873239585883535e-10
4.038547406966716512e-10
3.904802521594973747e-10
3.768252013491367496e-10
3.636164058579146563e-10
3.508706162317574923e-10
3.385716027977016348e-10
3.267037047789937093e-10
3.152518103536735511e-10
3.042013374121330045e-10
2.935382149891976533e-10
2.832488653470574700e-10
2.733201866862502167e-10
2.637395364626565945e-10
2.544947152893051068e-10
2.455739514024465011e-10
2.369658856721482828e-10
2.286595571383002151e-10
2.206443890536294736e-10
2.129101754159520578e-10
2.054470679724979113e-10
1.982455636797804571e-10
1.912964926030246368e-10
1.845910062397590808e-10
1.781205662527023636e-10
1.718769335975903639e-10
1.658521580321008823e-10
1.600385679925273775e-10
1.544287608252972112e-10
1.490155933609096822e-10
1.437921728182807327e-10
1.387518480279136165e-10
1.338882009627282024e-10
1.291950385657526054e-10
1.246663848642862296e-10
1.202964733604729682e-10
1.160797396886145468e-10
1.120108145298627690e-10
1.080845167752724305e-10
1.042958469285087228e-10
1.006399807398084736e-10
9.711226306308916443e-11
9.370820192838382827e-11
9.042346282205388085e-11
8.719805729230992781e-11
8.406765804011423258e-11
8.104963972600866780e-11
7.813996788849917672e-11
7.533475290274826914e-11
7.263024478096114377e-11
7.002282815943093190e-11
6.750901746555161064e-11
6.508545225833404015e-11
6.274889273619574376e-11
6.049621540602293858e-11
5.832440890771020950e-11
5.623056998860008960e-11
5.421189962243866093e-11
5.226569926766129613e-11
5.038936726000541656e-11
4.858039533462690548e-11
4.683636527307300479e-11
4.515494567062841498e-11
4.353388881971232117e-11
4.197102770516313236e-11
4.046427310738936897e-11
3.901161080951974588e-11
3.761109890481441505e-11
3.626086520073999183e-11
3.495910471623919508e-11
3.370407726884676453e-11
3.249410514842833300e-11
3.132757087443187320e-11
3.020291503365228484e-11
2.911863419562249426e-11
2.807327890283920282e-11
2.706545173314055637e-11
2.609380543164405609e-11
2.515704110974714559e-11
2.425390650878459025e-11
2.338319432601879805e-11
2.254374060072838884e-11
2.173442315823488471e-11
2.095416010978923675e-11
2.020190840631168714e-11
1.947309509933672544e-11
1.876713624403239251e-11
1.808677054188836722e-11
1.743107016335238544e-11
1.679914091551191887e-11
1.619012102266422519e-11
1.560317995109374132e-11
1.503751727645519121e-11
1.449236159221751278e-11
1.396696945767969818e-11
1.346062438412485446e-11
1.297263585772865499e-11
1.250233839789064390e-11
1.204909064970386760e-11
1.161227450932499155e-11
1.119129428105290757e-11
1.078557586496526703e-11
1.039456597400611089e-11
1.001773137945601989e-11
9.654558183756484454e-12
9.304551119696803541e-12
8.967232875007209147e-12
8.642143441437755071e-12
8.328839487435065906e-12
8.026893753561284444e-12
7.735894469831259985e-12
7.455444794172704770e-12
7.185162271244025427e-12
6.924678310871668478e-12
6.673637685395535900e-12
6.431698045237451314e-12
6.198529452031453327e-12
5.973813928679679242e-12
5.757245025720079187e-12
5.548527403414503927e-12
5.347376428987605630e-12
5.153517788466816588e-12
4.966687112594398820e-12
4.786629616301444568e-12
4.613099751251617224e-12
4.445860870981925646e-12
4.284544246285558250e-12
4.128717027515333156e-12
3.978557184483111510e-12
3.833858596923020582e-12
3.694422641083666130e-12
3.560057917082776974e-12
3.430579986177801977e-12
3.305811117592006986e-12
3.185580044548336393e-12
3.069721729176229487e-12
2.958077135968747945e-12
2.850493013478854383e-12
2.746821683955439762e-12
2.646920840630142590e-12
2.550653352376771978e-12
2.457887075475242392e-12
2.368494672221479331e-12
2.282353436134514871e-12
2.199345123520682316e-12
2.119355791163765858e-12
2.042275639918291161e-12
1.967998863991303898e-12
1.896423505705633889e-12
1.827451315545443345e-12
1.760987617291823752e-12
1.696941178063360313e-12
1.635224083083305177e-12
1.575751615001351508e-12
1.518442137604497148e-12
1.463216983757263574e-12
1.410000347417488864e-12
1.358719179579491812e-12
1.309303088001679639e-12
1.261684240581116267e-12
1.215797272242207678e-12
1.171579195211920242e-12
1.128969312558197075e-12
1.087909134872933609e-12
1.048342299985203917e-12
1.010214495594461267e-12
9.734733847175403443e-13
