8.934591578603984925e-09
9.070508691877239763e-09
9.208493438742698635e-09
9.348577272992813520e-09
9.490792126909580271e-09
9.635170418543550982e-09
9.781745059103552910e-09
9.930549460458855979e-09
1.008161754275543331e-08
1.023498374214811305e-08
1.039068301865031230e-08
1.054875086410330687e-08
1.070922331026650438e-08
1.087213693703102014e-08
1.103752888075808788e-08
1.120543684274432855e-08
1.137589909781579785e-08
1.154895450305286070e-08
1.172464250664757839e-08
1.190300315689606510e-08
1.208407711132751617e-08
1.226790564597214982e-08
1.245453066477012689e-08
1.264399470912360088e-08
1.283634096759406240e-08
1.303161328574732531e-08
1.322985617614802254e-08
1.343111482850640563e-08
1.363543511997936390e-08
1.384286362562818600e-08
1.405337375015004993e-08
1.426678320212417005e-08
1.448343341286565845e-08
1.470337359536527495e-08
1.492665370994443386e-08
1.515332447560400783e-08
1.538343738154520015e-08
1.561704469886561725e-08
1.585419949243286899e-08
1.609495563293841001e-08
1.633936780913464124e-08
1.658749154025748189e-08
1.683938318863792238e-08
1.709509997250493069e-08
1.735469997898277915e-08
1.761824217728590537e-08
1.788578643211380850e-08
1.815739351724970332e-08
1.843312512936546317e-08
1.871304390203642203e-08
1.899721341996862621e-08
1.928569823344251630e-08
1.957856387297574910e-08
1.987587686420868327e-08
2.017770474301611552e-08
2.048411607084810275e-08
2.079518045030412524e-08
2.111096854094356870e-08
2.143155207533629062e-08
2.175700387535715842e-08
2.208739786872755414e-08
2.242280910580855693e-08
2.276331377664883443e-08
2.310898922829173278e-08
2.345991398234468217e-08
2.381616775281590083e-08
2.417783146422170292e-08
2.454498726996880421e-08
2.491771857101598986e-08
2.529611003481870112e-08
2.568024761456178859e-08
2.607021856868409151e-08
2.646611148069948843e-08
2.686801627931923367e-08
2.727602425887930161e-08
2.769022810007850941e-08
2.811072189103117683e-08
2.853760114863989497e-08
2.897096284029220904e-08
2.941090540588741573e-08
2.985752878019752486e-08
3.031093441556778878e-08
3.077122530496228833e-08
3.123850600535880757e-08
3.171288266149966734e-08
3.219446303000284897e-08
3.268275836949213440e-08
3.317819822116464154e-08
3.368114847461683628e-08
3.419172298046999484e-08
3.471003731521360320e-08
3.523620880736791515e-08
3.577035656404310715e-08
3.631260149790103847e-08
3.686306635452576429e-08
3.742187574020863839e-08
3.798915615015531760e-08
3.856503599711961793e-08
3.914964564047183247e-08
3.974311741570759896e-08
4.034558566440409358e-08
4.095718676463035330e-08
4.157805916181862918e-08
4.220834340010336791e-08
4.284818215413604725e-08
4.349772026138145710e-08
4.415710475490403530e-08
4.482648489665105464e-08
4.550601221124040967e-08
4.619584052026067339e-08
4.689612597709059665e-08
4.760702710224746736e-08
4.832870481927028481e-08
4.906132249114743065e-08
4.980504595729640026e-08
5.056004357110426984e-08
5.132648623803654914e-08
5.210454745432547090e-08
5.289440334624209769e-08
5.369623270996639439e-08
5.451021705205998440e-08
5.533654063055312387e-08
5.617539049665435105e-08
5.702695653709247215e-08
5.789143151710043280e-08
5.876901112405034605e-08
5.965989401175099941e-08
6.056428184541581491e-08
6.148237934731302808e-08
6.241439434310773399e-08
6.336053780890662650e-08
6.432102391901503938e-08
6.529607009442009305e-08
6.628589705200549265e-08
6.729072885451564573e-08
6.831079296127512163e-08
6.934632027967774621e-08
7.039754521745607857e-08
7.146470573574322089e-08
7.254804340293923027e-08
7.364780344939324962e-08
7.476389157775374390e-08
7.589549065721071610e-08
7.704421720889532293e-08
7.821033046799965576e-08
7.939409359340588108e-08
8.059577372707268659e-08
8.181564205432299684e-08
8.305397386504148158e-08
8.431104861580111374e-08
8.558714999292740611e-08
8.688256597651897463e-08
8.819758890543701484e-08
8.953251554327672760e-08
9.088764714533989818e-08
9.226328952661831644e-08
9.365975313080902876e-08
9.507735310037122876e-08
9.651640934764661104e-08
9.797724662705312754e-08
9.946019460837352062e-08
1.009655879511531253e-07
1.024937663802216445e-07
1.040450747623611317e-07
1.056198631841309948e-07
1.072184870308743715e-07
1.088413070669171284e-07
1.104886895169827355e-07
1.121610061488396530e-07
1.138586343571971652e-07
1.155819572488745970e-07
1.173313637292558484e-07
1.191072485900562755e-07
1.209100125984141189e-07
1.227400625873342727e-07
1.245978115474973654e-07
1.264836787204607936e-07
1.283980896932704620e-07
1.303414764945020914e-07
1.323142776917598190e-07
1.343169384906465985e-07
1.363499108352365488e-07
1.384136535100638614e-07
1.405086322436597670e-07
1.426353198136523835e-07
1.447941961534600451e-07
1.469857484605997374e-07
1.492104713066317092e-07
1.514688667487727396e-07
1.537614444431941794e-07
1.560887217600378818e-07
1.584512239001730238e-07
1.608494840137168469e-07
1.632840433203542584e-07
1.657554512314732057e-07
1.682642654741539947e-07
1.708110522170298358e-07
1.733900873759541616e-07
1.760053092710876034e-07
1.786599762444506698e-07
1.813546832414280671e-07
1.840900341808948116e-07
1.868666420905607394e-07
1.896851292443602295e-07
1.925461273019104613e-07
1.954502774500752103e-07
1.983982305466616850e-07
2.013906472662885205e-07
2.044281982484499963e-07
2.075115642478158923e-07
2.106414362867957805e-07
2.138185158104086237e-07
2.170435148434844931e-07
2.203171561502372911e-07
2.236401733962482083e-07
2.270133113128879480e-07
2.304373258642216563e-07
2.339129844164284024e-07
2.374410659097807635e-07
2.410223610332134971e-07
2.446576724015278101e-07
2.483478147352681493e-07
2.520936150433098141e-07
2.558959128082051710e-07
2.597555601743208947e-07
2.636734221388154157e-07
2.676503767454939515e-07
2.716873152815927886e-07
2.757851424775266988e-07
2.799447767096491443e-07
2.841671502060757253e-07
2.884532092556062863e-07
2.928039144198017957e-07
2.972202407482562342e-07
3.017031779971215130e-07
3.062537308509223213e-07
3.108729191477200358e-07
3.155617781076695267e-07
3.203213585650288934e-07
3.251527272036626291e-07
3.300569667961009466e-07
3.350351764462000013e-07
3.400884718354698182e-07
3.452179854731100540e-07
3.504248669498209313e-07
3.557102831954419680e-07
3.610754187404733999e-07
3.665214759815491175e-07
3.720496754509064340e-07
3.776612560899249997e-07
3.833574755267861602e-07
3.891396103583288351e-07
3.949389059069274541e-07
4.005385568883040601e-07
4.062176026587081718e-07
4.119771689191068329e-07
4.178183973312458134e-07
4.237424457439501325e-07
4.297504884226327174e-07
4.358437162820576275e-07
4.420233371224030025e-07
4.482905758686715891e-07
4.546466748134954354e-07
4.610928938633830329e-07
4.676305107884583521e-07
4.742608214757405812e-07
4.809851401860145964e-07
4.878047998143443096e-07
4.947211521542789736e-07
5.017355681658059135e-07
5.088494382471022548e-07
5.160641725101399622e-07
5.233812010601980305e-07
5.308019742793386834e-07
5.383279631139013669e-07
5.459606593660746777e-07
5.537015759896010702e-07
5.615522473896748016e-07
5.695142297270919805e-07
5.775891012267127561e-07
5.857784624902971611e-07
5.940839368137766542e-07
6.025071705090227732e-07
6.110498332301852123e-07
6.197136183046387119e-07
6.285002430686453809e-07
6.374114492077644270e-07
6.464490031020840450e-07
6.556146961763516975e-07
6.649103452550829368e-07
6.743377929226800035e-07
6.838989078886695749e-07
6.935955853581303898e-07
7.034297474073471723e-07
7.134033433648124045e-07
7.235183501976199927e-07
7.337767729033406140e-07
7.441806449074522218e-07
7.547320284664058616e-07
7.654330150764063131e-07
7.762857258879887658e-07
7.872923121264733746e-07
7.984549555183811271e-07
8.097758687238965736e-07
8.212572957754604280e-07
8.329015125225832031e-07
8.447108270829629932e-07
8.566875803000017452e-07
8.675115054412846545e-07
8.778960179991925137e-07
8.884048379586608892e-07
8.990394533365802511e-07
9.098013699620903529e-07
9.206921116897948353e-07
9.317132206155443522e-07
9.428662572947861000e-07
9.541528009635351261e-07
9.655744497619913442e-07
9.771328209608239632e-07
9.888295511901827262e-07
1.000666296671432995e-06
1.012644733451673341e-06
1.024766557641060834e-06
1.037033485652965846e-06
1.049447254447024770e-06
1.062009621775079212e-06
1.074722366430070693e-06
1.087587288497913941e-06
1.100606209612375035e-06
1.113780973213022798e-06
1.127113444806245173e-06
1.140605512229401106e-06
1.154259085918135040e-06
1.168076099176880066e-06
1.182058508452621081e-06
1.196208293611913109e-06
1.210527458221225701e-06
1.225018029830643274e-06
1.239682060260961218e-06
1.254521625894208452e-06
1.269538827967670984e-06
1.284735792871410963e-06
1.300114672449359998e-06
1.315677644304015970e-06
1.331426912104774243e-06
1.347364705899976090e-06
1.363493282432667536e-06
1.379814925460148257e-06
1.396331946077348430e-06
1.413046683044061279e-06
1.429961503116121097e-06
1.447078801380517643e-06
1.464401001594535644e-06
1.481930556528955176e-06
1.499669948315343224e-06
1.517621688797535295e-06
1.535788319887292059e-06
1.554172413924229483e-06
1.572776574040057609e-06
1.591603434527163555e-06
1.610655661211637410e-06
1.629935951830733623e-06
1.649447036414864652e-06
1.668494412664321003e-06
1.684925396032381397e-06
1.701518188281788853e-06
1.718274382872495559e-06
1.735195588956523612e-06
1.752283431532483315e-06
1.768930346861951404e-06
1.785425906993912953e-06
1.802075290878488589e-06
1.818879932946927682e-06
1.835841281006770753e-06
1.852820811907999488e-06
1.869023278962073332e-06
1.885367432647125128e-06
1.901854511978251273e-06
1.918485766805448463e-06
1.935262457908331873e-06
1.951466456319502679e-06
1.967317654347599111e-06
1.983297607076091967e-06
1.999407360342205851e-06
2.015647968478193470e-06
2.031934254130387101e-06
2.047074793262033661e-06
2.062328148999203022e-06
2.077695161971570242e-06
2.093176679072587683e-06
2.108773553506161188e-06
2.123652791316453257e-06
2.137892274290097381e-06
2.152227235618859342e-06
2.166658315502690366e-06
2.181186158434198775e-06
2.195811413227435556e-06
2.208745800779976141e-06
2.221749273238578432e-06
2.234829300589061608e-06
2.247986333530382161e-06
2.261220825414891239e-06
2.273614467718208335e-06
2.285001806924881760e-06
2.296446179325198457e-06
2.307947870568432554e-06
2.319507167734525203e-06
2.331124359341249631e-06
2.340713392660036630e-06
2.350180449062552198e-06
2.359685795140855513e-06
2.369229585758217490e-06
2.378811976404255605e-06
2.387422399839203656e-06
2.394508599060607820e-06
2.401615831099417474e-06
2.408744158383937804e-06
2.415893643527769655e-06
2.423064349330360101e-06
2.427836180697089719e-06
2.432225464613828497e-06
2.436622683914945834e-06
2.441027852946824683e-06
2.445440986081768897e-06
2.448859650437227740e-06
2.450218074618055782e-06
2.451577252339921545e-06
2.452937184020837483e-06
2.454297870079026959e-06
2.455659310932961521e-06
2.454323180113564001e-06
2.452284935283962602e-06
2.450248383158089936e-06
2.448213522330193607e-06
2.446180351395704525e-06
2.443205118282737372e-06
2.437543361521701585e-06
2.431894725021985363e-06
2.426259178379380874e-06
2.420636691260137757e-06
2.415027233400783553e-06
2.406687695350105520e-06
2.397343540788787443e-06
2.388035665643628929e-06
2.378763929056939155e-06
2.369528190717917507e-06
2.359585875788231854e-06
2.346570352194183714e-06
2.333626622492515560e-06
2.320754290666659263e-06
2.307952962884482406e-06
2.295222247486238396e-06
2.280022105467891488e-06
2.263611738810313470e-06
2.247319485101377900e-06
2.231144494227917034e-06
2.215085922195430983e-06
2.198689816734364143e-06
2.179241949932875766e-06
2.159966103541110094e-06
2.140860756002915974e-06
2.121924399220625885e-06
2.103155538435995712e-06
2.082653278750614033e-06
2.061046093494824007e-06
2.039663079232564900e-06
2.018501910226645869e-06
1.997560284869012684e-06
1.976682002989433796e-06
1.953476153641409996e-06
1.930542736299718796e-06
1.907878552667379479e-06
1.885480441994764259e-06
1.863345280638809323e-06
1.840461496886537801e-06
1.816949266197024852e-06
1.793737408535109505e-06
1.770822086580679540e-06
1.748199512036086119e-06
1.725865944999871982e-06
1.702590559554053744e-06
1.679615335171899639e-06
1.656950144774394542e-06
1.634590804677850272e-06
1.612533187654344619e-06
1.590557730034489111e-06
1.568627147148518133e-06
1.546998942765783372e-06
1.525668947696636498e-06
1.504633050236132239e-06
1.483887195371462194e-06
1.463395334546085585e-06
1.443183751809822827e-06
1.423251319940766787e-06
1.403594183466158194e-06
1.384208540162831155e-06
1.365108648629521972e-06
1.346300399272351371e-06
1.327751286976718265e-06
1.309457741393490888e-06
1.291416241365249053e-06
1.273623314248508293e-06
1.255917815671346086e-06
1.238431759552634345e-06
1.221189160573212728e-06
1.204186629096317320e-06
1.187420822678860900e-06
1.170654482012356222e-06
1.153634162949197083e-06
1.136861304828156920e-06
1.120332309777909644e-06
1.104043632237114193e-06
1.087991778193878464e-06
1.071282782648852888e-06
1.054591593717119193e-06
1.038160462906793671e-06
1.021985338365927217e-06
1.006062231372690781e-06
9.901041292091742580e-07
9.735728645816093648e-07
9.573176140641998820e-07
9.413337691898565981e-07
9.256167984367180424e-07
9.101622459434359206e-07
8.943196395220804479e-07
8.785038548146106860e-07
8.629677676949594085e-07
8.477064317920103048e-07
8.327149882097979231e-07
8.178896198425207709e-07
8.028980770320282038e-07
7.881813223474485065e-07
7.737343190480607330e-07
7.595521227142956483e-07
7.456298795555389181e-07
7.315226194480126660e-07
7.174504228818682933e-07
7.036489311591990659e-07
6.901129367694393160e-07
6.768373323781674159e-07
6.637094026188087142e-07
6.500377486959232748e-07
6.366477151934351633e-07
6.235335010530647281e-07
6.106894247116923283e-07
5.981099216398935066e-07
5.851685638871136133e-07
5.720729643386922304e-07
5.592704337247901981e-07
5.467544133995003527e-07
5.345184914941093410e-07
5.225408128317256854e-07
5.105366942695658425e-07
4.988083414637168377e-07
4.873494193590934669e-07
4.761537384332654448e-07
4.652152513531954916e-07
4.547404724056058817e-07
4.446969355656352654e-07
4.348752233451498023e-07
4.252704364579116650e-07
4.158777838248166432e-07
4.066925801839929594e-07
3.982061097906187372e-07
3.899058899929102239e-07
3.817786802193979421e-07
3.738208742440787796e-07
3.660289410092299320e-07
3.584146863209360682e-07
3.509772667036436288e-07
3.436941800773671405e-07
3.365622238969568654e-07
3.295782620728886797e-07
3.227392235922530904e-07
3.158933502963411280e-07
3.091789681562012747e-07
3.026073016746275810e-07
2.961753173991308735e-07
2.898800463539207068e-07
2.836032200221121714e-07
2.772782817762886662e-07
2.710944027321578703e-07
2.650484369778352678e-07
2.591373087617799333e-07
2.533580109280692985e-07
2.475424198145279440e-07
2.418310005808417429e-07
2.362513579924971847e-07
2.308004516345729935e-07
2.254753112420821112e-07
2.203408273338733707e-07
2.154691567092479427e-07
2.107051972835043161e-07
2.060465675938428975e-07
2.014909388309041438e-07
1.970360336746144730e-07
1.928733104286389274e-07
1.888524872099278737e-07
1.849154859535200741e-07
1.810605592258729002e-07
1.772859960221291085e-07
1.735926996268176206e-07
1.699841349612134170e-07
1.664505834670956922e-07
1.629904858053866581e-07
1.596023150518273850e-07
1.562845760231547276e-07
1.529899475857985251e-07
1.497465245342542967e-07
1.465718628180607936e-07
1.434645046806558988e-07
1.404230232702605164e-07
1.374638330368023332e-07
1.346480397112501892e-07
1.318899247719113561e-07
1.291883067413646376e-07
1.265420283434368321e-07
1.239499560074657160e-07
1.214897988415063945e-07
1.191213299574126568e-07
1.167990348665790300e-07
1.145220134013071429e-07
1.122893829428550746e-07
1.101018261786753464e-07
1.079692343996186507e-07
1.058779493622748042e-07
1.038271709852936209e-07
1.018161146843145365e-07
9.984401107180116059e-08
9.794190111888049447e-08
9.609902572409767280e-08
9.429082588371902371e-08
9.251664914230654238e-08
9.077585532102707036e-08
8.907449609004322207e-08
8.755527001476940137e-08
8.606195537283608581e-08
8.459411022713602566e-08
8.315130017809866049e-08
8.173309823513410237e-08
8.033908469026699039e-08
7.896884699392678513e-08
7.762197963285642650e-08
7.629808401010262780e-08
7.499676832705452060e-08
7.371764746749256017e-08
7.246034288361653665e-08
7.122448248401597841e-08
7.000970052355203074e-08
6.881563749511822571e-08
6.764194002324602369e-08
6.648826075952566546e-08
6.535425827981075667e-08
6.423959698317540319e-08
6.314394699259585254e-08
6.206698405732551305e-08
6.100838945693423389e-08
5.996784990698572044e-08
5.894505746632230044e-08
5.793970944593242425e-08
5.695150831937125287e-08
5.598016163470969053e-08
5.502538192798518676e-08
5.408688663812813605e-08
5.316439802334024427e-08
5.225764307889859697e-08
5.136635345636107104e-08
5.049026538415080856e-08
4.962911958949420302e-08
4.878266122169131470e-08
4.795063977669403208e-08
4.713280902297104177e-08
4.632892692863725320e-08
4.553875558982552943e-08
4.476206116028142111e-08
4.399861378215696155e-08
4.322805510935558252e-08
4.246645110048181724e-08
4.171826524481576736e-08
4.098326113756787589e-08
4.026120653899436641e-08
3.955187330101670097e-08
3.885503729513305439e-08
3.817047834160022551e-08
3.749798013986402206e-08
3.683733020021378677e-08
3.618831977664234408e-08
3.555074380088823273e-08
3.492440081764021317e-08
3.430909292088323786e-08
3.370462569136594619e-08
3.311080813517009626e-08
3.252745262336179011e-08
3.195437483270622163e-08
3.139139368742720649e-08
3.083833130199252853e-08
3.029501292490703039e-08
2.976126688349650765e-08
2.923692452966412260e-08
2.872182018660254237e-08
2.821579109644492720e-08
2.771867736883816873e-08
2.723032193042245358e-08
2.675057047520038692e-08
2.627927141578085288e-08
2.581627583548204101e-08
2.536143744127815723e-08
2.491461251757483415e-08
2.447565988079948962e-08
2.404444083479115866e-08
2.362081912697706015e-08
2.320466090532029775e-08
2.279583467602673390e-08
2.239421126199698148e-08
2.199966376200978864e-08
2.161206751062541149e-08
2.123130003879473400e-08
2.079409782916207600e-08
2.032208582408101680e-08
1.986078817336965500e-08
1.940996166840553124e-08
1.896936862123790626e-08
1.853877673927243583e-08
1.811795900280001697e-08
1.770669354530585103e-08
1.730476353649556017e-08
1.691195706797637828e-08
1.652806704153307176e-08
1.615289105994048250e-08
1.578623132025384402e-08
1.542789450952203870e-08
1.507769170286758744e-08
1.473543826388047366e-08
1.440095374727268331e-08
1.407406180374252807e-08
1.375459008699878189e-08
1.344237016289474344e-08
1.313723742062532176e-08
1.283903098593985359e-08
1.254759363632457326e-08
1.226277171811091474e-08
1.198441506546497115e-08
1.171237692121612256e-08
1.144651385948255658e-08
1.118668571005323578e-08
1.093275548448657586e-08
1.068458930388619129e-08
1.044205632831640891e-08
1.020502868781998909e-08
9.973381415001413591e-09
9.746992379140871106e-09
9.525742221803631543e-09
9.309514293910843270e-09
9.098194594239281579e-09
8.891671709316489629e-09
8.689836754680861694e-09
8.492583317474671723e-09
8.299807400340237276e-09
8.093479065859207728e-09
7.860769200898706187e-09
7.634750386944732521e-09
7.415230237810396337e-09
7.202021898942753264e-09
6.994943888373094140e-09
6.793819942240197995e-09
6.598478864755513490e-09
6.408754382481959865e-09
6.224485002802768265e-09
6.045513876459720806e-09
5.871688664043677640e-09
5.702861406324112928e-09
5.538888398306793541e-09
5.379630066912761842e-09
5.224950852174368831e-09
5.074719091847266265e-09
4.928806909340015905e-09
4.787090104866248009e-09
4.649448049726279014e-09
4.515763583628533585e-09
4.385922914963254514e-09
4.259815523943529161e-09
4.137334068531460305e-09
4.018374293069036459e-09
3.902834939536208865e-09
3.790617661360540266e-09
3.681626939704987534e-09
3.575770002162796007e-09
3.472956743789985565e-09
3.373099650408447059e-09
3.276113724114286143e-09
3.181916410927939113e-09
3.090427530524683978e-09
3.001569207985454974e-09
2.915265807510081876e-09
2.831443868036451451e-09
2.750032040710738660e-09
2.670961028155656363e-09
2.594163525484797271e-09
2.519574163013030754e-09
2.445797871787029616e-09
2.365359493421744884e-09
2.287566604607618878e-09
2.212332199426470009e-09
2.139572133445569621e-09
2.069205029607947533e-09
2.001152187217770045e-09
1.935337493919215496e-09
1.871687340570013382e-09
1.810130538914821713e-09
1.750598241966110037e-09
1.693023867003560239e-09
1.637343021106026366e-09
1.583493429132492323e-09
1.531414864071661659e-09
1.481049079682298957e-09
1.432339745348797083e-09
1.385232383079395762e-09
1.339674306576304155e-09
1.295614562309743126e-09
1.253003872530022261e-09
1.211794580153749448e-09
1.171940595462778861e-09
1.133397344556037789e-09
1.096121719496721132e-09
1.060072030099109251e-09
1.025207957300949190e-09
9.914905080694556308e-10
9.588819717902913901e-10
9.273458780908713418e-10
8.968469560508253737e-10
8.673510947538899096e-10
8.388253051372765784e-10
8.112376830956808297e-10
7.845573737987605787e-10
7.587545371821870652e-10
7.338003145735773787e-10
7.096667964161234715e-10
6.863269910536778418e-10
6.637547945424649653e-10
6.419249614556605112e-10
6.208130766481242809e-10
5.992196125055841984e-10
5.782498211355330394e-10
5.580138711500511181e-10
5.384860816461596053e-10
5.196416704284112853e-10
5.014567225584543442e-10
4.839081600052511592e-10
4.669737123573414702e-10
4.506318885600745609e-10
4.348619496418824283e-10
4.196438823949930272e-10
4.049583739772269632e-10
3.907867874025645980e-10
3.771111378894591257e-10
3.639140700368278101e-10
3.511788357987658749e-10
3.388892732300692167e-10
3.270297859755238030e-10
3.155853234770002795e-10
3.045413618731895030e-10
2.938838855677502616e-10
2.835993694425070147e-10
2.736747616930690948e-10
2.640974672651446959e-10
2.548553318704912842e-10
2.459366265622264261e-10
2.373300328499487219e-10
2.290246283357315019e-10
2.210098728528081656e-10
2.132755950893259250e-10
2.058119796801999718e-10
1.986095547507075718e-10
1.916591798959747537e-10
1.849520345811404081e-10
1.784796069474456741e-10
1.722336830100641734e-10
1.662063362339556206e-10
1.603899174745069872e-10
1.547770452702134633e-10
1.493605964750581203e-10
1.441336972187198978e-10
1.389993640902462121e-10
1.340051109025840634e-10
1.291903014488247700e-10
1.245484883078175373e-10
1.200734557145319929e-10
1.157592112366467052e-10
1.115999777501933368e-10
1.075901857035185169e-10
1.037244656592021025e-10
9.999764110394234506e-11
9.640472151678646697e-11
9.294089568641579549e-11
8.960152526854330793e-11
8.638213857479393600e-11
8.327842458474907467e-11
8.028622717314200904e-11
7.740153954446696700e-11
7.462049886755471645e-11
7.193938110292795501e-11
6.935459601600862215e-11
6.686268236950384099e-11
6.446030328852668843e-11
6.214424179224978698e-11
5.991139648610688583e-11
5.775877740877236803e-11
5.568350202836168455e-11
5.368279138248578632e-11
5.175396635699493589e-11
4.989444409842735350e-11
4.810173455535767655e-11
4.637343714401700175e-11
4.470723753371526605e-11
4.310090454776462724e-11
4.155228717575249609e-11
4.005931169316398095e-11
3.861997888449558728e-11
3.723236136614414043e-11
3.589460100548288098e-11
3.460490643267099489e-11
3.336155064186399702e-11
3.216286867861196603e-11
3.100170327866062130e-11
2.987569978568924256e-11
2.879059352519517991e-11
2.774489908116120079e-11
2.673718498891539835e-11
2.576607177558226094e-11
2.483023007170303352e-11
2.392837879144561757e-11
2.305928337890894518e-11
2.222175411812334612e-11
2.141464450443379097e-11
2.063684967503378907e-11
1.988730489650518159e-11
1.916498410729017512e-11
1.846889851310271795e-11
1.779809523335504515e-11
1.715165599674737049e-11
1.652869588423391500e-11
1.592836211764639728e-11
1.534983289231417813e-11
1.479231625208584494e-11
1.425504900521006268e-11
1.373729567959214443e-11
1.323834751599730974e-11
1.275752149782030033e-11
1.229415941609587555e-11
1.184762696846738872e-11
1.141731289088253660e-11
1.100262812082577043e-11
1.060300499094296886e-11
1.021789645195463777e-11
9.846775323792575507e-12
9.489133573936635918e-12
9.144481621962137151e-12
8.812347669347041614e-12
8.492277053620772048e-12
8.183831625971003819e-12
7.886589151455839631e-12
7.600142731001223540e-12
7.324100244391174635e-12
7.058083813489633888e-12
6.801526328282271955e-12
6.553573133002755635e-12
6.314659200982993508e-12
6.084455001158895030e-12
5.862643015693450985e-12
5.648917302028338731e-12
5.442983070900925109e-12
5.244556279745247893e-12
5.053363240915313677e-12
4.869140244191363794e-12
4.691633193047431944e-12
4.520597254179082831e-12
4.355796519807985298e-12
4.197003682296975076e-12
4.043999720627646044e-12
3.896573598307213129e-12
3.754521972288427200e-12
3.617648912501128707e-12
3.485765631608108320e-12
3.358690224613244423e-12
3.236247417962054721e-12
3.118268327789006288e-12
3.004590226978169671e-12
2.895056320715545199e-12
2.789515530224068301e-12
2.687822284382355321e-12
2.589836318940329386e-12
2.495422483054421302e-12
2.404450552875642340e-12
2.316795051933455875e-12
2.232335078067597022e-12
2.150954136669226931e-12
2.072539980001327004e-12
1.996984452376750396e-12
1.924183340980430579e-12
1.854036232129907812e-12
