4.319847771692120283e-09
4.379175910198048078e-09
4.439318852420375942e-09
4.500287788750574968e-09
4.562094063267268089e-09
4.624749175846999783e-09
4.688264784303830544e-09
4.752652706558481558e-09
4.817924922837276073e-09
4.884093577901103289e-09
4.951170983305164950e-09
5.019169619689771816e-09
5.088102139102385224e-09
5.157981367351860792e-09
5.228820306394721387e-09
5.300632136754400680e-09
5.373430219973719511e-09
5.447228101100849835e-09
5.520950263560144790e-09
5.595090521076075331e-09
5.670226400273442607e-09
5.746371271250565927e-09
5.823538683651428595e-09
5.901742369076677779e-09
5.980996243527245086e-09
6.061314409880546464e-09
6.142711160400045612e-09
6.225200979278502662e-09
6.308798545215395352e-09
6.393518734028830314e-09
6.479376621302779947e-09
6.566387485069612596e-09
6.654566808528780453e-09
6.743930282801983648e-09
6.834493809725337424e-09
6.926273504679061067e-09
7.019285699455026879e-09
7.113546945163098971e-09
7.209074015176217183e-09
7.305883908115175761e-09
7.403993850873448315e-09
7.503421301682672027e-09
7.604183953219138496e-09
7.706299735752313644e-09
7.809786820335320485e-09
7.914663622038441078e-09
8.020948803225984254e-09
8.128661276877210634e-09
8.237820209951683862e-09
8.348445026800136629e-09
8.460555412620823354e-09
8.574171316962448098e-09
8.689312957274089576e-09
8.806000822502854480e-09
8.924255676739641292e-09
9.044098562914245414e-09
9.165550806539699746e-09
9.288634019507101402e-09
9.413370103931346429e-09
9.539781256048556706e-09
9.667889970165644023e-09
9.797719042663311694e-09
9.929291576052407657e-09
1.006263098308495422e-08
1.019776099092036893e-08
1.033470564534752351e-08
1.047348931506370773e-08
1.061413669601087238e-08
1.075667281577009901e-08
1.090112303801527275e-08
1.104751306702637489e-08
1.119586895226338144e-08
1.134621709300177826e-08
1.149788474976146951e-08
1.164773620652107481e-08
1.179954067112357376e-08
1.195332359703946780e-08
1.210911076947326678e-08
1.226692830968705614e-08
1.242680267938017504e-08
1.258876068512622312e-08
1.275282948286776803e-08
1.291903658246965045e-08
1.308740985233164425e-08
1.325797752406122796e-08
1.343076819720724984e-08
1.360581084405530072e-08
1.378313481448556541e-08
1.396276984089398482e-08
1.414474604317766532e-08
1.432909393378500490e-08
1.451584442283190787e-08
1.470502882328454619e-08
1.489667885620967830e-08
1.509082665609342046e-08
1.528750477622931598e-08
1.548674619417663870e-08
1.568858431728982899e-08
1.589305298831996404e-08
1.610018649108943190e-08
1.631001955624001951e-08
1.652258736705678032e-08
1.673792556536692399e-08
1.695607025751615330e-08
1.717705802042269312e-08
1.740092590771022260e-08
1.762771145592076585e-08
1.785745269080855704e-08
1.809018813371590552e-08
1.832595680803218604e-08
1.856479824573695648e-08
1.880675249402854323e-08
1.905186012203864010e-08
1.930016222763479685e-08
1.955170044431136969e-08
1.980651694817033007e-08
2.006465446499303692e-08
2.032615627740420303e-08
2.059106623212918737e-08
2.085942874734591678e-08
2.113128882013259193e-08
2.140669203401243145e-08
2.168568456659700275e-08
2.196831319732847379e-08
2.225462531532384619e-08
2.254466892732036253e-08
2.283849266572511849e-08
2.313614579676936969e-08
2.343767822876912448e-08
2.373509025101836878e-08
2.403199629185249286e-08
2.433261637784724331e-08
2.463699696858766393e-08
2.494518510482918677e-08
2.525722841576757370e-08
2.557317512639981468e-08
2.589307406497711110e-08
2.621697467055105595e-08
2.654492700061425806e-08
2.687698173883649919e-08
2.721319020289770763e-08
2.755360435241886326e-08
2.789827679699217108e-08
2.824726080431163114e-08
2.860061030840535509e-08
2.895837991797089318e-08
2.932062492481455763e-08
2.968740131239688664e-08
3.005876576448441756e-08
3.043477567390999939e-08
3.081548915144259760e-08
3.120096503476809656e-08
3.159126289758239017e-08
3.198644305879828587e-08
3.238656659186748604e-08
3.279169533421931438e-08
3.320189189681734524e-08
3.361721967383574924e-08
3.403774285245653952e-08
3.446352642278947241e-08
3.489463618791596555e-08
3.533113877405872108e-08
3.577310164087852281e-08
3.622059309189982877e-08
3.667368228506682669e-08
3.713243924343148098e-08
3.759693486597531833e-08
3.806724093856656652e-08
3.854343014505435369e-08
3.902557607850179464e-08
3.951375325255916835e-08
4.000803711298015810e-08
4.050850404928135263e-08
4.101523140654805898e-08
4.152829749738759842e-08
4.204778161403222929e-08
4.257376404059345063e-08
4.310632606546953266e-08
4.364554999390831906e-08
4.419151916072718689e-08
4.474431794319206346e-08
4.530403177405758454e-08
4.587074715477039914e-08
4.644455166883756623e-08
4.702049333994246754e-08
4.757591017419541570e-08
4.813788771927589860e-08
4.870650347180261022e-08
4.928183584380174273e-08
4.986396417352060611e-08
5.045296873636805127e-08
5.104893075598412529e-08
5.165193241544143364e-08
5.226205686857784540e-08
5.287938825146308273e-08
5.350401169400172224e-08
5.413601333167225772e-08
5.477548031740485786e-08
5.542250083360048583e-08
5.607716410429039477e-08
5.673956040744083638e-08
5.740978108740208950e-08
5.808791856750447527e-08
5.877406636280418468e-08
5.946831909297868682e-08
6.017077249537436487e-08
6.088152343820945683e-08
6.160066993393173868e-08
6.232831115273412616e-08
6.306454743623090182e-08
6.380948031129450117e-08
6.456321250405563055e-08
6.532584795407009169e-08
6.609749182865098950e-08
6.687825053737223894e-08
6.766823174674182268e-08
6.846754439504936547e-08
6.927629870738806489e-08
7.009460621085571673e-08
7.092257974993316719e-08
7.176033350204657135e-08
7.260798299331194889e-08
7.346564511446583570e-08
7.433343813698533993e-08
7.521148172939736434e-08
7.609989697378038307e-08
7.699880638246257125e-08
7.790833391491577121e-08
7.882860499484904091e-08
7.975974652750546377e-08
8.070188691716191550e-08
8.165515608483552026e-08
8.261968548620068714e-08
8.359560812971635637e-08
8.458305859496733315e-08
8.558217305122399707e-08
8.659308927621860064e-08
8.761594667514607115e-08
8.865088629988723809e-08
8.969805086846021693e-08
9.070644276721469702e-08
9.169902455285297883e-08
9.270246795505499798e-08
9.371689183023713725e-08
9.474241633543742425e-08
9.577916294254728637e-08
9.682725445269980830e-08
9.788681501081543174e-08
9.895797012030669890e-08
1.000408466579439718e-07
1.011355728888837424e-07
1.022422784818617698e-07
1.033610945245512304e-07
1.044921535390911474e-07
1.056355894977825871e-07
1.067915378389577543e-07
1.079601354830223864e-07
1.091415208486738533e-07
1.103358338692965788e-07
1.115432160095370063e-07
1.127638102820600677e-07
1.139977612644879628e-07
1.152452151165264645e-07
1.165063195972764851e-07
1.177812240827361198e-07
1.190700795834940003e-07
1.203730387626163409e-07
1.216902559537295831e-07
1.230218871793010345e-07
1.243680901691197377e-07
1.257290243789784041e-07
1.271048510095620369e-07
1.284957330255411657e-07
1.299018351748748268e-07
1.313233240083248265e-07
1.327603678991834028e-07
1.342131370632167749e-07
1.356818035788269893e-07
1.371665414074346557e-07
1.386675264140832620e-07
1.401849363882718169e-07
1.417189510650126450e-07
1.432697521461210570e-07
1.448375233217376099e-07
1.464224502920859483e-07
1.480247207894687673e-07
1.496445246005044130e-07
1.512820535886070577e-07
1.529375017167112696e-07
1.546110650702498998e-07
1.563029418803758346e-07
1.580133325474455863e-07
1.597424396647548779e-07
1.614904680425358795e-07
1.632576247322165768e-07
1.650120214392578586e-07
1.666094327956491877e-07
1.682223080135172311e-07
1.698507967919428288e-07
1.714950502791800849e-07
1.731552210866852182e-07
1.748314633032812032e-07
1.765239325094598687e-07
1.782327857918203151e-07
1.799581817576529427e-07
1.817002805496553784e-07
1.834592438608002865e-07
1.852352349493410070e-07
1.870284186539647371e-07
1.888389614090920106e-07
1.906670312603244881e-07
1.925127978800418241e-07
1.943764325831501276e-07
1.962581083429823057e-07
1.981579998073527786e-07
2.000762833147677055e-07
2.020131369107898724e-07
2.039687403645684876e-07
2.059432751855187160e-07
2.079369246401729763e-07
2.099498737691888590e-07
2.119823094045239910e-07
2.140344201867768902e-07
2.161063965826957194e-07
2.181984309028563667e-07
2.203107173195117588e-07
2.224434518846141020e-07
2.245968325480112409e-07
2.267710591758200733e-07
2.289663335689746133e-07
2.311828594819614072e-07
2.334208426417244085e-07
2.356804907667646980e-07
2.379620135864175501e-07
2.402656228603189974e-07
2.425915323980601184e-07
2.449399580790320136e-07
2.473111178724625549e-07
2.497052318576471593e-07
2.521225222443755701e-07
2.545632133935561568e-07
2.570275318380400611e-07
2.595157063036468837e-07
2.620279677303942422e-07
2.645645492939305099e-07
2.671256864271802667e-07
2.697116168421935668e-07
2.723225805522102470e-07
2.749588198939362047e-07
2.776205795500362527e-07
2.803081065718442893e-07
2.826749806415034618e-07
2.848784273630298033e-07
2.870990499147042238e-07
2.893369821818339190e-07
2.915923590933598788e-07
2.938653166299918448e-07
2.961559918324063184e-07
2.984645228095114318e-07
3.007910487467701060e-07
3.031357099145941466e-07
3.054986476768009157e-07
3.078800044991363353e-07
3.102799239578644903e-07
3.126985507484238814e-07
3.151360306941516529e-07
3.175925107550754239e-07
3.200681390367729352e-07
3.225630647993045946e-07
3.250774384662083309e-07
3.276114116335717406e-07
3.301651370791714676e-07
3.327387687716842096e-07
3.353324618799699882e-07
3.379463727824274682e-07
3.405806590764215936e-07
3.432354795877881970e-07
3.459109943804057898e-07
3.486073647658488259e-07
3.513247533131126458e-07
3.540633238584153950e-07
3.568232415150755396e-07
3.596046726834672035e-07
3.624077850610527445e-07
3.652327476524924626e-07
3.680797307798374772e-07
3.709489060927942842e-07
3.738404465790765040e-07
3.767545265748342399e-07
3.796913217751649096e-07
3.826510092447062395e-07
3.856337674283118440e-07
3.886397761618099738e-07
3.916692166828460668e-07
3.947222716418101613e-07
3.977991251128479539e-07
4.008999626049625952e-07
4.040249710731943078e-07
4.071743389298956118e-07
4.103482560560900371e-07
4.135469138129205144e-07
4.167705050531868643e-07
4.200192241329733358e-07
4.232932669233665136e-07
4.265928308222648097e-07
4.299181147662790118e-07
4.331664855146225581e-07
4.358779079202069992e-07
4.386063025794347124e-07
4.413517757307833379e-07
4.441144342777381478e-07
4.468943857929471126e-07
4.495878013790942095e-07
4.522338795215796577e-07
4.548955313284621900e-07
4.575728484595549148e-07
4.602659231141367488e-07
4.629584199888411320e-07
4.654955430076662947e-07
4.680465700682696487e-07
4.706115773681282016e-07
4.731906415223032395e-07
4.757838395657210158e-07
4.782759409767211111e-07
4.806878849806948510e-07
4.831119924103814965e-07
4.855483246058959139e-07
4.879969432166942722e-07
4.904530582141876098e-07
4.926874782785762820e-07
4.949320779777751453e-07
4.971869036884554715e-07
4.994520019985727480e-07
5.017274197083290138e-07
5.038831009222696480e-07
5.059102141199421853e-07
5.079454823597426894e-07
5.099889384492701811e-07
5.120406153281032731e-07
5.141005460683407885e-07
5.158782027741468478e-07
5.176475558912495010e-07
5.194229775152907740e-07
5.212044884599657404e-07
5.229921096103563516e-07
5.246440507834735458e-07
5.261039687478590743e-07
5.275679492008194713e-07
5.290360034469737649e-07
5.305081428223941754e-07
5.319843786947016179e-07
5.331197785626371757e-07
5.342127553596479711e-07
5.353079729256705290e-07
5.364054358546207554e-07
5.375051487498357863e-07
5.384529390935874804e-07
5.391173260751155310e-07
5.397825328312778762e-07
5.404485603735790272e-07
5.411154097147717037e-07
5.417830818688579994e-07
5.420525713700578641e-07
5.422331091852013259e-07
5.424137071308643122e-07
5.425943652270730113e-07
5.427750834938634580e-07
5.427986951505405659e-07
5.424256109668796696e-07
5.420527832167893977e-07
5.416802117240162761e-07
5.413078963124236148e-07
5.409358368060002969e-07
5.400998225238872459e-07
5.391105678026355632e-07
5.381231250147772415e-07
5.371374908415461373e-07
5.361536619702586509e-07
5.350239204539000894e-07
5.333619795422009154e-07
5.317052011054636985e-07
5.300535691075311911e-07
5.284070675620588828e-07
5.267656805323576636e-07
5.246261764594714394e-07
5.222620701157540510e-07
5.199086170696717561e-07
5.175657693146041828e-07
5.152334790602650798e-07
5.127921595009841197e-07
5.096801727134143837e-07
5.065870716704629486e-07
5.035127417600247473e-07
5.004570690655455582e-07
4.974199403617965815e-07
4.938876592364246458e-07
4.900609275182715182e-07
4.862638460158492997e-07
4.824961849938733751e-07
4.787577164970939973e-07
4.749805790225442763e-07
4.704700771888675601e-07
4.660024078996982929e-07
4.615771644094155626e-07
4.571939438349315357e-07
4.528523471190037076e-07
4.481087990576069140e-07
4.430519949200295788e-07
4.380522556473689736e-07
4.331089372758233624e-07
4.282214031085771429e-07
4.233795087769930488e-07
4.178851180632420911e-07
4.124620305861598035e-07
4.071093210108337326e-07
4.018260760108457792e-07
3.966113941124360834e-07
3.911803757224468646e-07
3.855196367540743406e-07
3.799408138726448253e-07
3.744427216772171684e-07
3.690241919206904170e-07
3.636840732615688459e-07
3.580565810038277982e-07
3.524954744021025342e-07
3.470207393636342358e-07
3.416310344203537200e-07
3.363250389390168024e-07
3.310383925511042212e-07
3.257461576140437745e-07
3.205385284244104020e-07
3.154141524095046595e-07
3.103716986198965737e-07
3.054098573837395323e-07
3.005997228376486452e-07
2.958752624200132958e-07
2.912250553184731152e-07
2.866479345098198259e-07
2.821427513126949021e-07
2.778005588187438189e-07
2.736983482815641925e-07
2.696567140490642630e-07
2.656747616062865248e-07
2.617516096473478793e-07
2.578863898803866882e-07
2.543693581983165332e-07
2.509676055594391865e-07
2.476113455109353960e-07
2.442999696676583456e-07
2.410328777805659962e-07
2.378858466743106348e-07
2.349773576613671087e-07
2.321044290167963915e-07
2.292666259650868147e-07
2.264635190464691649e-07
2.236946840519225745e-07
2.209673974066428429e-07
2.182759973180323680e-07
2.156173786918542737e-07
2.129911422473466869e-07
2.103968935670179735e-07
2.077544284324481311e-07
2.048466810044515970e-07
2.019796306396595822e-07
1.991527077387543756e-07
1.963653506745737544e-07
1.936170056805349341e-07
1.904019389482515845e-07
1.870014453764982250e-07
1.836616831008413191e-07
1.803815674874625885e-07
1.771600332736195611e-07
1.738729481590154618e-07
1.699133734345696951e-07
1.660439693327795724e-07
1.622626824156483446e-07
1.585675060077224545e-07
1.549564791311759610e-07
1.510710943615228603e-07
1.470587516934931545e-07
1.431529740421119070e-07
1.393509311150252241e-07
1.356498677904658315e-07
1.320475722620000240e-07
1.285467107248075486e-07
1.251386644608731067e-07
1.218209727402147543e-07
1.185912400720257956e-07
1.154471344750490559e-07
1.126722032000531943e-07
1.102024923603726103e-07
1.077869161826441633e-07
1.054242880657574481e-07
1.031134474182257587e-07
1.008565389956494367e-07
9.919791257088637369e-08
9.756656292603581821e-08
9.596204148346071649e-08
9.438390704256380276e-08
9.283172565847000830e-08
9.131196902807456033e-08
8.982468348007694004e-08
8.836162277713296875e-08
8.692239234597604183e-08
8.550660404013156619e-08
8.411387603523926541e-08
8.223168934744530644e-08
8.035874175775739378e-08
7.852845330229808050e-08
7.673985235658458203e-08
7.499198942630980357e-08
7.311200390951020079e-08
7.103295820642051778e-08
6.901303317851949721e-08
6.705054764379703370e-08
6.514386822708756296e-08
6.329140800061386573e-08
6.166160344935443517e-08
6.009843148293827171e-08
5.857488720149783601e-08
5.708996601088081262e-08
5.564268878421665682e-08
5.435502947124402601e-08
5.333449756333376960e-08
5.233312644670988674e-08
5.135055637179484701e-08
5.038643434341686059e-08
4.944041399399409729e-08
4.842884437905026110e-08
4.741796157278225970e-08
4.642817949813630240e-08
4.545905770754297777e-08
4.451016494714552378e-08
4.352113444938357550e-08
4.239528392420221247e-08
4.129855808570670731e-08
4.023020350583926045e-08
3.918948624701245330e-08
3.817569135790860492e-08
3.728077081993582155e-08
3.643945939308116071e-08
3.561713375706160385e-08
3.481336546143396572e-08
3.402773572455344249e-08
3.327369611074178872e-08
3.259014719129014874e-08
3.192064056890488417e-08
3.126488776956278724e-08
3.062260624542636292e-08
2.999351925310101431e-08
2.932855685396164850e-08
2.865461163288722821e-08
2.799615309815992236e-08
2.735282537893647510e-08
2.672428078198242316e-08
2.611654748000117282e-08
2.556295309343896082e-08
2.502109328799124116e-08
2.449071932487501071e-08
2.397158773784178962e-08
2.346346022141505178e-08
2.297043828750179954e-08
2.249060550515869965e-08
2.202079601867645472e-08
2.156080044998930990e-08
2.111041379475975919e-08
2.066984037593689367e-08
2.024405884860662639e-08
1.982704806675464163e-08
1.941862736031595425e-08
1.901861978087863919e-08
1.862685202502093746e-08
1.825028558112364547e-08
1.788747186370617330e-08
1.753187084402761746e-08
1.718333913443155808e-08
1.684173619779273949e-08
1.650692429084893483e-08
1.620555726051159117e-08
1.590973081898636766e-08
1.561930457950903580e-08
1.533417996339269318e-08
1.505426019146785092e-08
1.477945025123280843e-08
1.450965686460395100e-08
1.424478845625448539e-08
1.398475512253129528e-08
1.372946860093906890e-08
1.347884224018164370e-08
1.323279097075020002e-08
1.299123127604825044e-08
1.275408116404381932e-08
1.252126013943911162e-08
1.229268917634808542e-08
1.206829069147303442e-08
1.184798851777057017e-08
1.163170787859845269e-08
1.141937536233433422e-08
1.121091889745784160e-08
1.100626772808743094e-08
1.080535238996401911e-08
1.060810468687279924e-08
1.041445766749559882e-08
1.022434560268577811e-08
1.003770396315778768e-08
9.854469397584393561e-09
9.674579711093298320e-09
9.497973844156624944e-09
9.324591851865451643e-09
9.154374883582950527e-09
8.987265162968970084e-09
8.823205968368889801e-09
8.662141613561012918e-09
8.504017428854875657e-09
8.348779742534983776e-09
8.196375862643086017e-09
8.046754059093200816e-09
7.899863546112760611e-09
7.755654465004779997e-09
7.614194177155897203e-09
7.475348187936271475e-09
7.339034076453650910e-09
7.205205673532280133e-09
7.073817651898465488e-09
6.944825510828067299e-09
6.818185561074513899e-09
6.693854910071341177e-09
6.571791447404479039e-09
6.451953830549693092e-09
6.334301470869967014e-09
6.218794519868254594e-09
6.105393855690891496e-09
5.994061069877242974e-09
5.884758454350721223e-09
5.777448988647276377e-09
5.672096327376652806e-09
5.568664787912317023e-09
5.467119338305857585e-09
5.367425585421771559e-09
5.269549763288616618e-09
5.173458721662554165e-09
5.079119914799547944e-09
4.986501390432092977e-09
4.895571778947165292e-09
4.806300282761406243e-09
4.718656665890074722e-09
4.632611243706193833e-09
4.548134872886529539e-09
4.465198941540745983e-09
4.383775359520623960e-09
4.303836548906181061e-09
4.225355434664927341e-09
4.148305435481729466e-09
4.072660454755777754e-09
3.998394871761749395e-09
3.925483532972130440e-09
3.853901743537854370e-09
3.783625258924136295e-09
3.714630276698990212e-09
3.646893428471395648e-09
3.571765100549605322e-09
3.491043462167017659e-09
3.412146127096570383e-09
3.335031866212615909e-09
3.259660382164730762e-09
3.185992288319852807e-09
3.113989088179985307e-09
3.043613155265260786e-09
2.974827713451643221e-09
2.907596817752809254e-09
2.841885335536666921e-09
2.777658928166072848e-09
2.714884033054654338e-09
2.653527846128146817e-09
2.593558304682007871e-09
2.534944070626559195e-09
2.477654514110730355e-09
2.421659697515906721e-09
2.366930359811563878e-09
2.313437901264366637e-09
2.261154368492936916e-09
2.210052439860337529e-09
2.160105411196682940e-09
2.111287181844462122e-09
2.063572241019149577e-09
2.016935654478152893e-09
1.971353051490996737e-09
1.926800612103980658e-09
1.883255054692696161e-09
1.840693623795772987e-09
1.799094078223665427e-09
1.758434679436136473e-09
1.718694180182412139e-09
1.679851813398103185e-09
1.641887281352983433e-09
1.604780745044100539e-09
1.568512813828563383e-09
1.533064535290631683e-09
1.498417385337837225e-09
1.464553258520871941e-09
1.431454458572305566e-09
1.396359995276714872e-09
1.356265075874474036e-09
1.317321437350600841e-09
1.279496021959104726e-09
1.242756721170290608e-09
1.207072348415081595e-09
1.172412612611933349e-09
1.138748092453917513e-09
1.106050211434101459e-09
1.074291213588066960e-09
1.043444139932957325e-09
1.013482805583031311e-09
9.843817775223156521e-10
9.561163530155320845e-10
9.286625386388710136e-10
9.019970299129337521e-10
8.760971915204332369e-10
8.509410380919755069e-10
8.265072155435208115e-10
8.027749829497182736e-10
7.797241949377619435e-10
7.573352845867378560e-10
7.355892468180455730e-10
7.144676222627130275e-10
6.939524815919483303e-10
6.740264102976325413e-10
6.546724939098245741e-10
6.358743036387141853e-10
6.176158824288663901e-10
5.998817314138754749e-10
5.826567967600080339e-10
5.659264568875663486e-10
5.496765100592035625e-10
5.338931623246114254e-10
5.185630158113758852e-10
5.036730573520462379e-10
4.892106474377542957e-10
4.751635094890299215e-10
4.615197194346817824e-10
4.482676955899200493e-10
4.353961888251158794e-10
4.227307130601012776e-10
4.087115971091407829e-10
3.951574003277018237e-10
3.820527044943382287e-10
3.693826027056327397e-10
3.571326824192360943e-10
3.452890090592632974e-10
3.338381101653713071e-10
3.227669600675279396e-10
3.120629650689851879e-10
3.017139491206688584e-10
2.917081399706166373e-10
2.820341557727729712e-10
2.726809921398595813e-10
2.636380096256268001e-10
2.548949216222334604e-10
2.464417826589780737e-10
2.382689770890974000e-10
2.303672081517325500e-10
2.227274873966459440e-10
2.153411244596436700e-10
2.081997171770826709e-10
2.012951420282035946e-10
1.946195448944401844e-10
1.881653321251625870e-10
1.819251618997297068e-10
1.758919358759875889e-10
1.700587911157349612e-10
1.644190922779735847e-10
1.589664240710413973e-10
1.536945839550752243e-10
1.485975750864660022e-10
1.436695994963122073e-10
1.389050514950879476e-10
1.342985112960400224e-10
1.298447388500505239e-10
1.255386678849583251e-10
1.213754001425500827e-10
1.173501998066792310e-10
1.134584881161588356e-10
1.096958381563131941e-10
1.060579698232585007e-10
1.023332553300748902e-10
9.870562521732931327e-11
9.520659162183918078e-11
9.183159590236078786e-11
8.857624101774959069e-11
8.543628579836941947e-11
8.240763942057573372e-11
7.948635607707073594e-11
7.666862983619654081e-11
7.395078968345567770e-11
7.132929473880880450e-11
6.880072964351509505e-11
6.636180011050375215e-11
6.400932863248421049e-11
6.174025034219736905e-11
5.955160901941901683e-11
5.744055323951161347e-11
5.540433265850561629e-11
5.344029442987397073e-11
5.154587974832688538e-11
4.971862051612635692e-11
4.795613612757917485e-11
4.625613036751396713e-11
4.461638841970766147e-11
4.303477398135864670e-11
4.150922647985047807e-11
4.003775838817893950e-11
3.861845263554429664e-11
3.724946010973746268e-11
3.592899724806300807e-11
3.465534371366268127e-11
3.342684015421143606e-11
3.224188604006519067e-11
3.109893757904530031e-11
2.999650570514207349e-11
2.893315413851650089e-11
2.790749751427387727e-11
2.691819957757080091e-11
2.596397144270364673e-11
2.504356991391198644e-11
2.415579586570708562e-11
2.328420030111716947e-11
2.243529344587619545e-11
2.161733645533117342e-11
2.082920094405485249e-11
2.006979966585190565e-11
1.933808501388513534e-11
1.863304757548394617e-11
1.795371473964244237e-11
1.729914935528634921e-11
1.666844843845747977e-11
1.606074192663201925e-11
1.547519147845451148e-11
1.491098931723200026e-11
1.436735711659261526e-11
1.384354492677111265e-11
1.333883014004039576e-11
1.285251649386239402e-11
1.238393311038179432e-11
1.193243357093892560e-11
1.149739502432443600e-11
1.107821732754542185e-11
1.067432221791821130e-11
1.028515251534491676e-11
9.910171353674646414e-12
9.548861440087299169e-12
9.200724341479353959e-12
8.865279796867290771e-12
8.542065054859178948e-12
8.230634235281648677e-12
7.930557714080395181e-12
7.641421530646827252e-12
7.362826816752353592e-12
7.094389246302749439e-12
6.835738505154214554e-12
6.586517780258530555e-12
6.346383267433550066e-12
6.115003697079465384e-12
5.892059877186876684e-12
5.677244253006121143e-12
5.470260482770146963e-12
5.270823028886232732e-12
5.077781646546439296e-12
4.890538257974035726e-12
4.710199476374644490e-12
4.536510694107255813e-12
4.369226692197226756e-12
4.208111294128811228e-12
4.052937032404048219e-12
3.903484827397546051e-12
3.759543678053326452e-12
3.620910363987259002e-12
3.487389158574466645e-12
3.358791552616716554e-12
3.234935988199514951e-12
3.115647602363310935e-12
3.000757980226690012e-12
2.890104917213365586e-12
2.783532190046798639e-12
2.680889336189711095e-12
2.582031441416470057e-12
2.486818935218989979e-12
2.395117393756870190e-12
2.306797350073875459e-12
2.221734111312625464e-12
2.139807582669558217e-12
2.060902097841459099e-12
1.984906255724407026e-12
1.911712763134370910e-12
1.841218283327463423e-12
1.773323290106126870e-12
1.707931927305076581e-12
1.644951873458714572e-12
1.584294211458941213e-12
1.525873303019332552e-12
1.469606667768518831e-12
