7.853106902080789612e-10
7.959303928076514259e-10
8.066937049170772065e-10
8.176025685579079216e-10
8.286589520135161057e-10
8.398648501842454117e-10
8.512222849473300268e-10
8.627333055217143066e-10
8.743999888377902048e-10
8.862244399121368702e-10
8.982087922273242444e-10
9.103552081168722684e-10
9.226658791553773840e-10
9.351430265539527396e-10
9.477889015609970934e-10
9.605651649158203026e-10
9.734702335868052080e-10
9.865486801851662239e-10
9.998028340209187469e-10
1.013235055698055965e-09
1.026847737534981187e-09
1.040643303990585269e-09
1.054624212096050404e-09
1.068792951892459681e-09
1.083152046874262060e-09
1.097704054438741219e-09
1.112451566341478155e-09
1.127397209157954367e-09
1.142543644751353509e-09
1.157893570746645895e-09
1.173345541284997031e-09
1.189000828180530118e-09
1.204864994727587849e-09
1.220940827889392936e-09
1.237231151814044339e-09
1.253738828330654619e-09
1.270466757452105765e-09
1.287417877884513245e-09
1.304595167543489282e-09
1.322001644077292199e-09
1.339640365396956335e-09
1.357514430213496231e-09
1.375626978582277492e-09
1.393981192454651339e-09
1.412513099101952830e-09
1.431211460602600614e-09
1.450157344567310038e-09
1.469354027613137111e-09
1.488804829731865141e-09
1.508513114864184094e-09
1.528482291481471528e-09
1.548715813175273766e-09
1.569217179254598119e-09
1.589989935351079261e-09
1.611037674032219916e-09
1.632364035422687246e-09
1.653972707833863890e-09
1.675867428401726430e-09
1.698051983733170406e-09
1.720360638906460406e-09
1.742952714607545462e-09
1.765841473383644446e-09
1.789030811328598541e-09
1.812524675700432042e-09
1.836327065593257514e-09
1.860442032617965204e-09
1.884873681591928301e-09
1.909626171237689930e-09
1.934703714890861432e-09
1.960110581217312765e-09
1.985851094939777261e-09
2.011929637574001013e-09
2.038350648174557866e-09
2.065011837622895933e-09
2.091880334286110004e-09
2.119098425125866456e-09
2.146670658818269134e-09
2.174601643223604927e-09
2.202896046156429488e-09
2.231558596165680437e-09
2.260594083324855703e-09
2.290007360032554790e-09
2.319803341823438371e-09
2.349987008189644699e-09
2.380563403413036280e-09
2.411537637408131666e-09
2.442914886576098710e-09
2.474700394669865132e-09
2.506608655878108672e-09
2.538902756176158559e-09
2.571612920191061097e-09
2.604744508314185101e-09
2.638302949997944858e-09
2.672293744645554883e-09
2.706722462512246508e-09
2.741594745618096427e-09
2.776916308672613618e-09
2.812692940011240971e-09
2.848930502543920932e-09
2.885634934715881092e-09
2.922812251480801419e-09
2.960468545286514525e-09
2.998443546074933418e-09
3.036659842709877856e-09
3.075363220494107953e-09
3.114559887461037944e-09
3.154256130767776379e-09
3.194458317703678492e-09
3.235172896711556503e-09
3.276406398422104127e-09
3.318165436701373168e-09
3.360456709711597504e-09
3.403287000985675879e-09
3.446663180515143133e-09
3.490592205852215895e-09
3.535081123225744430e-09
3.580137068671385790e-09
3.625275915608214962e-09
3.670924555372530819e-09
3.717147992300108529e-09
3.763953464104504653e-09
3.811348299634901039e-09
3.859339920023657043e-09
3.907935839848327054e-09
3.957143668308293491e-09
4.006971110416225343e-09
4.057425968204539294e-09
4.108516141947046227e-09
4.160249631395987418e-09
4.212634537034642414e-09
4.265679061345710410e-09
4.319122115618546103e-09
4.372790003032603516e-09
4.427124748679047750e-09
4.482134638702976767e-09
4.537828062210181387e-09
4.594213512546578625e-09
4.651299588593349062e-09
4.709094996078356425e-09
4.767608548903764204e-09
4.826849170490156996e-09
4.886825895137453618e-09
4.947547869402535058e-09
5.009024353494193588e-09
5.071264722685285580e-09
5.134278468742561997e-09
5.197253185428184294e-09
5.260872496562497752e-09
5.325270568439247922e-09
5.390456933828916680e-09
5.456441242192206024e-09
5.523233261108375500e-09
5.590842877721057967e-09
5.659280100201973884e-09
5.728555059232363811e-09
5.798678009502550231e-09
5.869659331230068740e-09
5.941509531696165966e-09
6.014239246801112530e-09
6.087859242638763676e-09
6.161959213165157898e-09
6.236181526626822663e-09
6.311297866099563551e-09
6.387319000346403714e-09
6.464255827842865167e-09
6.542119378339184570e-09
6.620920814441756830e-09
6.700671433213206812e-09
6.781382667792164481e-09
6.863066089032116497e-09
6.945733407160433562e-09
7.029396473456942396e-09
7.114067281953161510e-09
7.199757971151553096e-09
7.286480825765941643e-09
7.372852352888192260e-09
7.459979075014227335e-09
7.548135394010626033e-09
7.637333476864652874e-09
7.727585634343701960e-09
7.818904322694298656e-09
7.911302145361442472e-09
8.004791854727961095e-09
8.099386353874606801e-09
8.195098698360759595e-09
8.291942098026501386e-09
8.389929918815650920e-09
8.489075684620550252e-09
8.589393079148438983e-09
8.690207978050590913e-09
8.790772992769514546e-09
8.892501768149938882e-09
8.995407771488463797e-09
9.099504625928234048e-09
9.204806112262322041e-09
9.311326170758301325e-09
9.419078903003580658e-09
9.528078573772307637e-09
9.638339612913638399e-09
9.749876617262266761e-09
9.862704352570653604e-09
9.976837755463868081e-09
1.009229193541679246e-08
1.020908217675464854e-08
1.032492869836045879e-08
1.044155788756997826e-08
1.055950450648510011e-08
1.067878343663799784e-08
1.079940972766089936e-08
1.092139859918485023e-08
1.104476544276016569e-08
1.116952582379821897e-08
1.129569548353553032e-08
1.142329034101978302e-08
1.155232649511829898e-08
1.168282022654941729e-08
1.181478799993647634e-08
1.194824646588535068e-08
1.208210838709846406e-08
1.221486838512618740e-08
1.234908716969276073e-08
1.248478077016099984e-08
1.262196539202656224e-08
1.276065741885366555e-08
1.290087341423146561e-08
1.304263012375231024e-08
1.318594447701160383e-08
1.333083358962964853e-08
1.347731476529572502e-08
1.362540549783461467e-08
1.377512347329583936e-08
1.392648657206585399e-08
1.407951287100345122e-08
1.423040779714504733e-08
1.438187662647104325e-08
1.453495769394118875e-08
1.468966816026006918e-08
1.484602536879124895e-08
1.500404684750150668e-08
1.516375031092574975e-08
1.532515366215286155e-08
1.548827499483265674e-08
1.565313259520423894e-08
1.581974494414590646e-08
1.598813071924690890e-08
1.615830879690123650e-08
1.633029825442371023e-08
1.650238245373852363e-08
1.667162372664827143e-08
1.684260066460734780e-08
1.701533106784329925e-08
1.718983291913509474e-08
1.736612438568516775e-08
1.754422382101100299e-08
1.772414976685579784e-08
1.790592095511871153e-08
1.808955630980524119e-08
1.827507494899727157e-08
1.846249618684333121e-08
1.865183953556957762e-08
1.884312470751110479e-08
1.903637161716403265e-08
1.922527430460651409e-08
1.941403763636857364e-08
1.960465434066791445e-08
1.979714261484048805e-08
1.999152083489274874e-08
2.018780755725596469e-08
2.038602152055769140e-08
2.058618164741067885e-08
2.078830704621932472e-08
2.099241701300382936e-08
2.119853103324247256e-08
2.140666878373154907e-08
2.161685013446399497e-08
2.182909515052625513e-08
2.204077347994195299e-08
2.224634631206062324e-08
2.245383650834733723e-08
2.266326195193044348e-08
2.287464069273310017e-08
2.308799094902884788e-08
2.330333110901200534e-08
2.352067973238220668e-08
2.374005555194422831e-08
2.396147747522242378e-08
2.418496458609051775e-08
2.441053614641611382e-08
2.463821159772097178e-08
2.486801056285679609e-08
2.509995284769616182e-08
2.532381806032875753e-08
2.554593016087259695e-08
2.576999037939337127e-08
2.599601580259484744e-08
2.622402366704600092e-08
2.645403136049581594e-08
2.668605642319902108e-08
2.692011654925377269e-08
2.715622958795104782e-08
2.739441354513559133e-08
2.763468658457937971e-08
2.787706702936659615e-08
2.812157336329077820e-08
2.836822423226472405e-08
2.861313419529723597e-08
2.884622853193750043e-08
2.908122175072752307e-08
2.931812932074082733e-08
2.955696683706837257e-08
2.979775002184494291e-08
3.004049472528452262e-08
3.028521692672320874e-08
3.053193273567158332e-08
3.078065839287464613e-08
3.103141027138136911e-08
3.128420487762232082e-08
3.153905885249599941e-08
3.179598897246479400e-08
3.205501215065874140e-08
3.230022285116054146e-08
3.254066312149055945e-08
3.278289320992384678e-08
3.302692643972279283e-08
3.327277623332733950e-08
3.352045611309275356e-08
3.376997970203388405e-08
3.402136072457393942e-08
3.427461300729990853e-08
3.452975047972251469e-08
3.478678717504284662e-08
3.504573723092402533e-08
3.530661489026858184e-08
3.556943450200235307e-08
3.582877093390162436e-08
3.606719975103347742e-08
3.630721523439353252e-08
3.654882794272946539e-08
3.679204850505400083e-08
3.703688762111246821e-08
3.728335606185352026e-08
3.753146466990298173e-08
3.778122436004081509e-08
3.803264611968130205e-08
3.828574100935638848e-08
3.854052016320226502e-08
3.879699478944917721e-08
3.905517617091448462e-08
3.931507566549904870e-08
3.955290643102338255e-08
3.978093400078668463e-08
4.001027617868537306e-08
4.024094054360365342e-08
4.047293471811899282e-08
4.070626636875396661e-08
4.094094320622966682e-08
4.117697298572045393e-08
4.141436350711026376e-08
4.165312261525037677e-08
4.189325820021863003e-08
4.213477819758018424e-08
4.237769058864973336e-08
4.262200340075528921e-08
4.286047188925629814e-08
4.306393172110069657e-08
4.326835738232936293e-08
4.347375345776087093e-08
4.368012455397780291e-08
4.388747529943057100e-08
4.409581034454088078e-08
4.430513436180620759e-08
4.451545204590422636e-08
4.472676811379864444e-08
4.493908730484474321e-08
4.515241438089534989e-08
4.536675412640823858e-08
4.558211134855312782e-08
4.579849087731920742e-08
4.598168927297077793e-08
4.614744062541876497e-08
4.631378946593805009e-08
4.648073794830890810e-08
4.664828823407541857e-08
4.681644249257351049e-08
4.698520290095870929e-08
4.715457164423484990e-08
4.732455091528203545e-08
4.749514291488507907e-08
4.766634985176212431e-08
4.783817394259284211e-08
4.801061741204771957e-08
4.818368249281646866e-08
4.834856011519475737e-08
4.845992117937869159e-08
4.857153874110022563e-08
4.868341339114922303e-08
4.879554572167628592e-08
4.890793632619594458e-08
4.902058579958974787e-08
4.913349473810943952e-08
4.924666373938000881e-08
4.936009340240325741e-08
4.947378432756035362e-08
4.958773711661543235e-08
4.970195237271866557e-08
4.981643070040945855e-08
4.993117270561964607e-08
4.999996191131073914e-08
5.004134786286871061e-08
5.008276807039261157e-08
5.012422256223656553e-08
5.016571136677847909e-08
5.020723451241976402e-08
5.024879202758499976e-08
5.029038394072274076e-08
5.033201028030464296e-08
5.037367107482626452e-08
5.041536635280673494e-08
5.045709614278849035e-08
5.049886047333788895e-08
5.054065937304494631e-08
5.057288672398064183e-08
5.053034404369942267e-08
5.048783715096698611e-08
5.044536601567809374e-08
5.040293060775325567e-08
5.036053089713795620e-08
5.031816685380298478e-08
5.027583844774468077e-08
5.023354564898422547e-08
5.019128842756841627e-08
5.014906675356885937e-08
5.010688059708272417e-08
5.006472992823193593e-08
5.002261471716396323e-08
4.998053493405107023e-08
4.988207184316042087e-08
4.974637528261938330e-08
4.961104786385327965e-08
4.947608858266847265e-08
4.934149643760278129e-08
4.920727042991844646e-08
4.907340956359462679e-08
4.893991284531998713e-08
4.880677928448537298e-08
4.867400789317630638e-08
4.854159768616609046e-08
4.840954768090788179e-08
4.827785689752781486e-08
4.814652435881761035e-08
4.800677799330772806e-08
4.777594688494407711e-08
4.754622568236498765e-08
4.731760904880766468e-08
4.709009167317007051e-08
4.686366826988784020e-08
4.663833357881083316e-08
4.641408236508166334e-08
4.619090941901345517e-08
4.596880955596906854e-08
4.574777761624095911e-08
4.552780846493064820e-08
4.530889699183015135e-08
4.509103811130265261e-08
4.487422676216460808e-08
4.459987931393345896e-08
4.428402311377104886e-08
4.397040380619031100e-08
4.365900554952526947e-08
4.334981261430047467e-08
4.304280938243683717e-08
4.273798034646219961e-08
4.243531010872834735e-08
4.213478338063316097e-08
4.183638498184836040e-08
4.154009983955268865e-08
4.124591298767057480e-08
4.095380956611613059e-08
4.066377482004256015e-08
4.036989455825669402e-08
3.998734866581702222e-08
3.960842778556586417e-08
3.923309756681842662e-08
3.886132398439767007e-08
3.849307333554979200e-08
3.812831223688891280e-08
3.776700762137077269e-08
3.740912673529495635e-08
3.705463713533598951e-08
3.670350668560173251e-08
3.635570355472045380e-08
3.601119621295510125e-08
3.566995342934502250e-08
3.533194426887473751e-08
3.495159797807664176e-08
3.453811463443175839e-08
3.412952286900832542e-08
3.372576481360457155e-08
3.332678328460961979e-08
3.293252177490440323e-08
3.254292444585848754e-08
3.215793611942212499e-08
3.177750227031121089e-08
3.140156901828506282e-08
3.103008312051523620e-08
3.066299196404516409e-08
3.030024355833850407e-08
2.994178652791561602e-08
2.958541751570601144e-08
2.917273641687906832e-08
2.876581172453983703e-08
2.836456314372030462e-08
2.796891149947081659e-08
2.757877872123749720e-08
2.719408782745702633e-08
2.681476291036658255e-08
2.644072912102567352e-08
2.607191265454661105e-08
2.570824073553155970e-08
2.534964160371215854e-08
2.499604449978974417e-08
2.464737965147307801e-08
2.430357825971056687e-08
2.394455119316707741e-08
2.357267663459687365e-08
2.320657753141921473e-08
2.284616418703026224e-08
2.249134829787299063e-08
2.214204293180256284e-08
2.179816250678727325e-08
2.145962276994032317e-08
2.112634077687740955e-08
2.079823487139495866e-08
2.047522466546353210e-08
2.015723101953260023e-08
1.984417602314050211e-08
1.953598297582618748e-08
1.923241460203289188e-08
1.891181142773008221e-08
1.859655268872049474e-08
1.828654929359489947e-08
1.798171363609240129e-08
1.768195957034311282e-08
1.738720238652352427e-08
1.709735878691769795e-08
1.681234686237752783e-08
1.653208606917539047e-08
1.625649720624270209e-08
1.598550239278771815e-08
1.571902504628695055e-08
1.545698986084267184e-08
1.519932278590197665e-08
1.493721583407063900e-08
1.467083908558518120e-08
1.440921265823870333e-08
1.415225183911588469e-08
1.389987342599472124e-08
1.365199570040609179e-08
1.340853840117386814e-08
1.316942269842688883e-08
1.293457116807435742e-08
1.270390776673643336e-08
1.247735780712191562e-08
1.225484793384487963e-08
1.203630609967284611e-08
1.182166154219825453e-08
1.161084476092609125e-08
1.138487321569264356e-08
1.116293351960398604e-08
1.094532037399744440e-08
1.073194943596630123e-08
1.052273800680660971e-08
1.031760499996452219e-08
1.011647090960867950e-08
9.919257779815235113e-09
9.725889174353511564e-09
9.536290147060660847e-09
9.350387212793956570e-09
9.168108318949225081e-09
8.989382817534716791e-09
8.814141437788999295e-09
8.635521102964423321e-09
8.452938124371864058e-09
8.274215543278717691e-09
8.099271738336816261e-09
7.928026813938632096e-09
7.760402563729409585e-09
7.596322434890818236e-09
7.435711493179873745e-09
7.278496388707063234e-09
7.124605322437897830e-09
6.973968013402741128e-09
6.826515666600045796e-09
6.682180941578212453e-09
6.540897921681620821e-09
6.402602083946878601e-09
6.266437790336923487e-09
6.133131905270333381e-09
6.002661835317201469e-09
5.874967254203482873e-09
5.749989118975442225e-09
5.627669642699762749e-09
5.507952267744040830e-09
5.390781639626040057e-09
5.276103581418996735e-09
5.163865068701510522e-09
5.054014205040329625e-09
4.946500197994582384e-09
4.841273335630701064e-09
4.738284963536636009e-09
4.637911470460928505e-09
4.540191058600260664e-09
4.444529607751451651e-09
4.350883735775951626e-09
4.259210974593268798e-09
4.169469750921846469e-09
4.081619367425805352e-09
3.995619984258673846e-09
3.911432600996322512e-09
3.829019038950324700e-09
3.748341923854050549e-09
3.669364668913644007e-09
3.592051458215886095e-09
3.516367230485952680e-09
3.442277663187170065e-09
3.368187626328527540e-09
3.295572619528544390e-09
3.224523125044841989e-09
3.155005391881305035e-09
3.086986396682033390e-09
3.020433828044143417e-09
2.955316071168644651e-09
2.891602192842354979e-09
2.829261926743517649e-09
2.768265659064285120e-09
2.708584414443055250e-09
2.650189842200195829e-09
2.593054202870511061e-09
2.537150355025961168e-09
2.483825590937704447e-09
2.433526269502505561e-09
2.384245546855420934e-09
2.335962795611019715e-09
2.288657806103777275e-09
2.242310777929012348e-09
2.196902311654974874e-09
2.152413400702910232e-09
2.108825423391462343e-09
2.066120135142200802e-09
2.024279660843020396e-09
1.983286487366190301e-09
1.943123456237882395e-09
1.903773756456149116e-09
1.865220917454376749e-09
1.827698234320381276e-09
1.790957335859990323e-09
1.754955013163545644e-09
1.719676419175533343e-09
1.685107005300079601e-09
1.651232515401233913e-09
1.618038979923856922e-09
1.585512710132693949e-09
1.553640292467261260e-09
1.522408583010181387e-09
1.491804702066774460e-09
1.461816028853578460e-09
1.432430196293614034e-09
1.403635085916336257e-09
1.375873384415712092e-09
1.349365625597057225e-09
1.323368568769985935e-09
1.297872374682300936e-09
1.272867393646145268e-09
1.248344161885811091e-09
1.224293397955962019e-09
1.200705999228811088e-09
1.177573038449003880e-09
1.154885760354874403e-09
1.132635578364773413e-09
1.110814071327284651e-09
1.089412980334005298e-09
1.068424205593755966e-09
1.047839803367010881e-09
1.027991048728029904e-09
1.008566204432597230e-09
9.895084105860652995e-10
9.708107314297746844e-10
9.524663622626618216e-10
9.344686269647892424e-10
9.168109755677096278e-10
8.994869818707002350e-10
8.824903411020608825e-10
8.658148676246006476e-10
8.494544926844797879e-10
8.334032622025913906e-10
8.176553346076751104e-10
8.022049787103776927e-10
7.870441327235443792e-10
7.721655714992705951e-10
7.575682798695441985e-10
7.432469406142670209e-10
7.291963370319544248e-10
7.154113510394861637e-10
7.018869613078110595e-10
6.886182414328532829e-10
6.756003581410258014e-10
6.628285695286641267e-10
6.502982233347307141e-10
6.380047552461744874e-10
6.259436872353360650e-10
6.141106259287854351e-10
6.025012610069711789e-10
5.909041788230795716e-10
5.794937520593056202e-10
5.683036619314807514e-10
5.573296537141575515e-10
5.465675548411180139e-10
5.360132733188733842e-10
5.256627961707870592e-10
5.155121879112653970e-10
5.055575890493799242e-10
4.957952146214163587e-10
4.862213527517369916e-10
4.768323632414463663e-10
4.676246761842967399e-10
4.585947906093430141e-10
4.496154611054953883e-10
4.405701514010348421e-10
4.317068141479869904e-10
4.230217884464835843e-10
4.145114870462061902e-10
4.061723948646993833e-10
3.980010675355184323e-10
3.899941299855677743e-10
3.821482750410613355e-10
3.744602620615416959e-10
3.669269156013643404e-10
3.595451240981193546e-10
3.523118385874316540e-10
3.452240714436245127e-10
3.382788951457175673e-10
3.311579691819385121e-10
3.241195666203170451e-10
3.172307576521755519e-10
3.104883628283400127e-10
3.038892702753704701e-10
2.974304342593169918e-10
2.911088737799881546e-10
2.849216711951162662e-10
2.788659708737394837e-10
2.729389778782351957e-10
2.671379566743352167e-10
2.614602298685824409e-10
2.559031769726029849e-10
2.504642331936553773e-10
2.450331018426759602e-10
2.394824421524047554e-10
2.340575198533910063e-10
2.287554866550806055e-10
2.235735587883724087e-10
2.185090155440328730e-10
2.135591978442192461e-10
2.087215068463660403e-10
2.039934025786894535e-10
1.993724026066048979e-10
1.948560807293617992e-10
1.904420657061877025e-10
1.861280400113000762e-10
1.819117386171199864e-10
1.777909478050381747e-10
1.735421410724205844e-10
1.693389217700158383e-10
1.652375051329172393e-10
1.612354254837664152e-10
1.573302768643202390e-10
1.535197115890374578e-10
1.498014388337106917e-10
1.461732232582718729e-10
1.426328836629599993e-10
1.391782916770312337e-10
1.358073704792312637e-10
1.325180935492605697e-10
1.293084834494768655e-10
1.261766106361022969e-10
1.230620796220292006e-10
1.198784362997294693e-10
1.167771545370162080e-10
1.137561036220573038e-10
1.108132079650073975e-10
1.079464456719931374e-10
1.051538471559827383e-10
1.024334937836000031e-10
9.978351655693844847e-11
9.720209482948363015e-11
9.468745505525062030e-11
9.223786957028214791e-11
8.985165540567107054e-11
8.752717313129031064e-11
8.526282572943375923e-11
8.294853057478562865e-11
8.066510562004829540e-11
7.844453927760688562e-11
7.628510116208939976e-11
7.418510852254375572e-11
7.214292493114760323e-11
7.015695900801406404e-11
6.822566318110427115e-11
6.634753248027430426e-11
6.452110336452145869e-11
6.274495258151411983e-11
6.101769605851561048e-11
5.933798782384140717e-11
5.770451895800417884e-11
5.609269590539331366e-11
5.445945268134915412e-11
5.287376437307109233e-11
5.133424633069198489e-11
4.983955422100206448e-11
4.838838285355440386e-11
4.697946504095157662e-11
4.561157049231415761e-11
4.428350473897189559e-11
4.299410809143246526e-11
4.174225462672099573e-11
4.052685120520595106e-11
3.934683651604936980e-11
3.820118015045399199e-11
3.708888170189201607e-11
3.596884448452537149e-11
3.486903413806756230e-11
3.380285241703546248e-11
3.276927106737489441e-11
3.176729327569759710e-11
3.079595270792908133e-11
2.985431257734935260e-11
2.894146474113129548e-11
2.805652882450383051e-11
2.719865137169423550e-11
2.636700502283358238e-11
2.556078771602804857e-11
2.477922191382949755e-11
2.402155385335745357e-11
2.328000681458129109e-11
2.253819349002909837e-11
2.182001791665395943e-11
2.112472688167027744e-11
2.045159117328493104e-11
1.979990481591091483e-11
1.916898432974909699e-11
1.855816801396376268e-11
1.796681525270037196e-11
1.739430584321546144e-11
1.684003934541738571e-11
1.630343445213239556e-11
1.578392837943743589e-11
1.528097627642047919e-11
1.479405065374784098e-11
1.432264083044072607e-11
1.386625239828006813e-11
1.342440670327778058e-11
1.299664034367084980e-11
1.258250468391198013e-11
1.218156538414687428e-11
1.179340194468413483e-11
1.141760726498125496e-11
1.105378721668299087e-11
1.070156023026457568e-11
1.036055689484734521e-11
1.003041957076528979e-11
9.710802014477362463e-12
9.401369015432244797e-12
9.101796044503786296e-12
8.811768913629391839e-12
8.530983446293924741e-12
8.259145158513422058e-12
7.995968949984231169e-12
7.741178805073792645e-12
7.494507503339123672e-12
7.255696339269739367e-12
7.024494850960768326e-12
6.800660557431845550e-12
6.583958704316421302e-12
6.374162017654645785e-12
6.171050465531342202e-12
5.974411027309704730e-12
5.784037470218094139e-12
5.599730133055739605e-12
5.421295716791078068e-12
5.248547081832176034e-12
5.081303051757236473e-12
4.919388223299375517e-12
4.762632782385911300e-12
4.610872326039734779e-12
4.463947689955742179e-12
4.321704781571426095e-12
4.183994418456660422e-12
4.050672171853229849e-12
3.921598215199959473e-12
3.796637177484398046e-12
3.675658001267672633e-12
3.558533805233112865e-12
3.445141751114901535e-12
3.335362914867006910e-12
3.229082161937163618e-12
3.126188026515413968e-12
3.026572594630249600e-12
2.930131390969820468e-12
2.836763269309794267e-12
2.746370306432483914e-12
2.658857699426284134e-12
2.574133666257747179e-12
2.492109349511751796e-12
2.412698723199090966e-12
2.335818502533600073e-12
2.261388056584182794e-12
2.189329323710160404e-12
2.119566729691347324e-12
2.052027108466771984e-12
1.986639625399132710e-12
1.923335702984418883e-12
1.862048948928695616e-12
1.802715086516835468e-12
1.745271887199907086e-12
1.689659105330780783e-12
1.635818414979253847e-12
1.583693348760656256e-12
1.533229238613608747e-12
1.484373158464860575e-12
1.437073868721223835e-12
1.391281762530109609e-12
1.346948813752583438e-12
1.304028526594189899e-12
1.262475886840758193e-12
1.222247314648170310e-12
1.183300618836374509e-12
1.145594952639838881e-12
1.109090770868054031e-12
1.073749788431040068e-12
1.039534940186479204e-12
1.006410342066306121e-12
9.743412534419758559e-13
9.432940406889561695e-13
9.132361419122525197e-13
8.841360327959256805e-13
8.559631935408299800e-13
8.286880768558533907e-13
8.022820769691140270e-13
7.767174996266223815e-13
7.519675330469302913e-13
7.280062198012917125e-13
7.048084295898551809e-13
6.823498328853707244e-13
6.606068754166775547e-13
6.395567534653409961e-13
6.191773899494027604e-13
5.994474112692321465e-13
5.803461248912033641e-13
5.618534976456294822e-13
5.439501347162541053e-13
5.266172592992356933e-13
5.098366929102860526e-13
4.935908363193189250e-13
4.778626510926207309e-13
4.626356417231789394e-13
4.478938383304044832e-13
4.336217799111511711e-13
4.198044981244217915e-13
4.064275015927632161e-13
3.934767607039292707e-13
3.809386928967932316e-13
3.688001484161558610e-13
3.570483965214553239e-13
3.456711121349369495e-13
3.346563629152820080e-13
3.239925967431343649e-13
3.136686296053848374e-13
3.036736338655411927e-13
2.939971269078405514e-13
2.846289601432286710e-13
2.755593083656598624e-13
2.667786594475515589e-13
2.582778043635922290e-13
2.500478275324431685e-13
2.420800974662005542e-13
2.343662577178014015e-13
2.268982181169030547e-13
2.196681462850158288e-13
2.126684594210136743e-13
2.058918163483972713e-13
1.993311098159657023e-13
1.929794590438257337e-13
1.868302025069281509e-13
1.808768909485491471e-13
1.751132806163920695e-13
1.695333267142348202e-13
1.641311770622205896e-13
1.589011659591770051e-13
1.538378082405034898e-13
1.489357935254039189e-13
1.441899806474326530e-13
