4.210856197427353424e-09
4.268711291523152176e-09
4.327361286170281143e-09
4.386817102911508108e-09
4.447089813346280148e-09
4.508190641192362115e-09
4.570130964375902023e-09
4.632922317150102805e-09
4.696576392243192821e-09
4.761105043035719909e-09
4.826520285767852246e-09
4.892834301777011093e-09
4.960059439766146445e-09
5.028208218103376062e-09
5.097293327153020138e-09
5.167327631638767806e-09
5.238324173039307995e-09
5.310296172016771234e-09
5.382200952942535567e-09
5.454517365318295426e-09
5.527805436601722133e-09
5.602078222211405418e-09
5.677348952981355507e-09
5.753631037517849971e-09
5.830938064588184918e-09
5.909283805541169248e-09
5.988682216760520847e-09
6.069147442150837972e-09
6.150693815657345255e-09
6.233335863819248055e-09
6.317088308357384190e-09
6.401966068796914229e-09
6.487984265124846825e-09
6.575158220483677113e-09
6.663503463900946238e-09
6.753035733055475607e-09
6.843770977081042631e-09
6.935725359407313516e-09
7.028915260639364022e-09
7.123357281475611195e-09
7.219068245664948481e-09
7.316065203003905637e-09
7.414365432373632425e-09
7.513986444818173507e-09
7.614945986663615158e-09
7.717262042679596042e-09
7.820952839283001707e-09
7.926036847784684888e-09
8.032532787680147149e-09
8.140459629983932055e-09
8.249836600609326335e-09
8.360683183793130813e-09
8.473019125566454006e-09
8.586864437272471387e-09
8.702239399130938554e-09
8.819164563851124237e-09
8.937660760292928232e-09
9.057749097177196732e-09
9.179450966846244209e-09
9.302788049074360169e-09
9.427782314930107334e-09
9.554456030689906686e-09
9.682831761804792015e-09
9.812932376920054407e-09
9.944781051948921466e-09
1.007840127420132347e-08
1.021381684656767197e-08
1.035105189175916303e-08
1.049013085660494569e-08
1.063107851640703108e-08
1.077391997935371290e-08
1.091868069099237784e-08
1.106538643876220884e-08
1.121338544582736731e-08
1.135963891257008757e-08
1.150779992780809360e-08
1.165789337123374368e-08
1.180994444703925510e-08
1.196397868814891748e-08
1.212002196050685630e-08
1.227810046742033826e-08
1.243824075396010411e-08
1.260046971141771743e-08
1.276481458182143974e-08
1.293130296251059382e-08
1.309996281077000860e-08
1.327082244852449739e-08
1.344391056709497272e-08
1.361925623201618277e-08
1.379688888791770239e-08
1.397683836346815865e-08
1.415913487638438353e-08
1.434380903850544074e-08
1.453089186093331168e-08
1.472041475924013302e-08
1.491240955874385376e-08
1.510690849985220582e-08
1.530394424347685917e-08
1.550354987651770711e-08
1.570575891741918894e-08
1.591060532179854931e-08
1.611812348814804415e-08
1.632834826361102706e-08
1.654131494983367978e-08
1.675705930889311122e-08
1.697561756930237436e-08
1.719702643209434990e-08
1.742132307698457599e-08
1.764854516861454611e-08
1.787873086287652394e-08
1.811191881332094396e-08
1.834814817764696349e-08
1.858745862427827728e-08
1.882989033902404234e-08
1.907548403182734159e-08
1.932428094360101441e-08
1.957632285315328255e-08
1.983165208420306560e-08
2.009031151248745430e-08
2.035234457296120934e-08
2.061779526709084001e-08
2.088670817024314028e-08
2.115912843917077955e-08
2.143510181959481921e-08
2.171467465388684485e-08
2.199789388885058185e-08
2.228480708360570419e-08
2.257546241757376361e-08
2.286990869856901525e-08
2.316039746702534775e-08
2.345043009024602651e-08
2.374409472896437052e-08
2.404143686612093070e-08
2.434250255422938878e-08
2.464733842250889897e-08
2.495599168410623831e-08
2.526851014340810308e-08
2.558494220344529517e-08
2.590533687338908937e-08
2.622974377614201838e-08
2.655821315602337331e-08
2.689079588655129907e-08
2.722754347832179885e-08
2.756850808698691100e-08
2.791374252133252145e-08
2.826330025145763149e-08
2.861723541705549446e-08
2.897560283579903354e-08
2.933845801183092092e-08
2.970585714436031707e-08
3.007785713636667685e-08
3.045451560341317370e-08
3.083589088257007259e-08
3.122204204145029189e-08
3.161302888735744186e-08
3.200891197654904982e-08
3.240975262361541845e-08
3.281561291097636068e-08
3.322655569849611549e-08
3.364264463321941600e-08
3.406394415922903382e-08
3.449051952762718227e-08
3.492243680664124809e-08
3.535976289185672369e-08
3.580256551657790899e-08
3.625091326231877847e-08
3.670487556942446327e-08
3.716452274782654473e-08
3.762992598793248343e-08
3.810115737165198313e-08
3.857828988356062030e-08
3.906139742220399508e-08
3.955055481154307214e-08
4.004583781254323906e-08
4.054732313490777075e-08
4.105508844895892894e-08
4.156921239766747780e-08
4.208977460883326255e-08
4.261685570741748642e-08
4.315053732803032545e-08
4.369090212757431801e-08
4.423803379804671853e-08
4.479201707950119271e-08
4.535293777317276511e-08
4.591600379256080433e-08
4.645928054227574301e-08
4.700898532584375398e-08
4.756519419956458052e-08
4.812798411963349162e-08
4.869743295278909497e-08
4.927361948708715925e-08
4.985662344280100836e-08
5.044652548345181606e-08
5.104340722696935034e-08
5.164735125698382253e-08
5.225844113425283827e-08
5.287676140822202075e-08
5.350239762872342914e-08
5.413543635781244029e-08
5.477596518174369616e-08
5.542407272308971666e-08
5.607984865300291258e-08
5.674338370362157424e-08
5.741476968062433572e-08
5.809409947593146043e-08
5.878146708055754031e-08
5.947696759761636333e-08
6.018069725547846515e-08
6.089275342108549443e-08
6.161323461342219912e-08
6.234224051714635781e-08
6.307987199638212900e-08
6.382623110867450855e-08
6.458142111911018954e-08
6.534554651460564486e-08
6.611871301836281651e-08
6.690102760449782454e-08
6.769259851284088262e-08
6.849353526391255521e-08
6.930394867407722990e-08
7.012395087087461232e-08
7.095365530853456394e-08
7.179317678367348278e-08
7.264263145117779918e-08
7.350213684027548616e-08
7.437181187079625987e-08
7.525177686962563125e-08
7.614215358735356365e-08
7.704306521511868911e-08
7.795463640165402586e-08
7.887699327053210593e-08
7.981026343761569348e-08
8.075457602871504689e-08
8.171006169745253179e-08
8.267685264334018355e-08
8.365508263007113227e-08
8.464488700402586981e-08
8.564640271299916888e-08
8.665976832514840856e-08
8.768512404816443131e-08
8.867316629788860600e-08
8.964609510153255032e-08
9.062969895487301436e-08
9.162409498537645354e-08
9.262940160564114425e-08
9.364573852749745021e-08
9.467322677626317514e-08
9.571198870515500784e-08
9.676214800985916972e-08
9.782382974325984865e-08
9.889716033033130874e-08
9.998226758319233927e-08
1.010792807163261529e-07
1.021883303619670041e-07
1.033095485856567031e-07
1.044430689019697169e-07
1.055890262904128776e-07
1.067475572114985998e-07
1.079187996229942949e-07
1.091028929963512632e-07
1.102999783333116747e-07
1.115101981826998460e-07
1.127336966573967803e-07
1.139706194515010951e-07
1.152211138576782947e-07
1.164853287847000565e-07
1.177634147751773160e-07
1.190555240234853893e-07
1.203618103938882157e-07
1.216824294388602754e-07
1.230175384176098103e-07
1.243672963148049097e-07
1.257318638595064171e-07
1.271114035443060836e-07
1.285060796446770621e-07
1.299160582385357363e-07
1.313415072260178487e-07
1.327825963494731106e-07
1.342394972136765991e-07
1.357123833062644862e-07
1.372014300183925630e-07
1.387068146656219284e-07
1.402287165090333766e-07
1.417673167765749299e-07
1.433227986846406649e-07
1.448953474598894609e-07
1.464851503613012346e-07
1.480923967024758501e-07
1.497172778741763452e-07
1.513599873671207347e-07
1.530207207950212540e-07
1.546996759178790621e-07
1.563970526655333453e-07
1.581130531614684760e-07
1.598478817468843060e-07
1.615706335011097773e-07
1.631415094860152612e-07
1.647276583661646615e-07
1.663292286328019168e-07
1.679463702208822170e-07
1.695792345231083720e-07
1.712279744041040019e-07
1.728927442147241321e-07
1.745736998065053113e-07
1.762709985462559119e-07
1.779847993307884689e-07
1.797152626017948223e-07
1.814625503608677171e-07
1.832268261846648103e-07
1.850082552402237682e-07
1.868070043004243233e-07
1.886232417596013148e-07
1.904571376493091895e-07
1.923088636542399214e-07
1.941785931282958326e-07
1.960665011108184002e-07
1.979727643429750881e-07
1.998975612843053680e-07
2.018410721294276770e-07
2.038034788249083429e-07
2.057849650862965553e-07
2.077857164153210666e-07
2.098059201172578352e-07
2.118457653184647454e-07
2.139054429840871635e-07
2.159851459359355481e-07
2.180850688705370185e-07
2.202054083773622603e-07
2.223463629572298302e-07
2.245081330408892123e-07
2.266909210077846624e-07
2.288949312050010583e-07
2.311203699663961514e-07
2.333674456319142403e-07
2.356363685670922554e-07
2.379273511827533005e-07
2.402406079548918637e-07
2.425763554447526535e-07
2.449348123191044119e-07
2.473161993707110068e-07
2.497207395390013917e-07
2.521486579309403388e-07
2.546001818421047358e-07
2.570755407779572954e-07
2.595749664753370517e-07
2.620986929241533559e-07
2.646469563892888250e-07
2.672199954327199780e-07
2.698180509358503179e-07
2.724413661220609434e-07
2.750901865794805940e-07
2.774271474235538395e-07
2.796053298584493073e-07
2.818006140036997863e-07
2.840131341311136062e-07
2.862430255667188438e-07
2.884904246990360294e-07
2.907554689874221621e-07
2.930382969704798946e-07
2.953390482745269092e-07
2.976578636221408395e-07
2.999948848407621605e-07
3.023502548713706646e-07
3.047241177772300709e-07
3.071166187526953149e-07
3.095279041320979246e-07
3.119581213986922231e-07
3.144074191936777118e-07
3.168759473252924463e-07
3.193638567779714202e-07
3.218712997215864249e-07
3.243984295207489592e-07
3.269454007441923897e-07
3.295123691742278030e-07
3.320994918162679917e-07
3.347069269084355074e-07
3.373348339312364652e-07
3.399833736173170404e-07
3.426527079612964614e-07
3.453430002296705723e-07
3.480544149708031161e-07
3.507871180249854149e-07
3.535412765345817608e-07
3.563170589542549030e-07
3.591146350612637980e-07
3.619341759658542160e-07
3.647758541217190679e-07
3.676398433365484127e-07
3.705263187826626329e-07
3.734354570077222127e-07
3.763674359455279377e-07
3.793224349269066979e-07
3.823006346906743700e-07
3.853022173946969033e-07
3.883273666270260501e-07
3.913762674171309164e-07
3.944491062472172342e-07
3.975460710636278424e-07
4.006673512883446528e-07
4.038131378305685970e-07
4.069836230983989396e-07
4.101790010106040718e-07
4.133994670084764256e-07
4.166452180677932675e-07
4.199164527108585421e-07
4.232133710186475776e-07
4.264354294290360987e-07
4.291318963062448423e-07
4.318454136748474306e-07
4.345760893497270579e-07
4.373240318275062560e-07
4.400893502908636397e-07
4.427701207813167948e-07
4.454048104990707365e-07
4.480551778553622766e-07
4.507213161394877558e-07
4.534033191958587329e-07
4.560851412551443291e-07
4.586146890337700035e-07
4.611582662366973134e-07
4.637159506741767618e-07
4.662878205880104920e-07
4.688739546539496550e-07
4.713610623414182233e-07
4.737697127266447905e-07
4.761906712916115035e-07
4.786240009309975084e-07
4.810697648608702330e-07
4.835232531925773602e-07
4.857589720564743401e-07
4.880050284559611743e-07
4.902614701898213369e-07
4.925283452778509031e-07
4.948057019618800711e-07
4.969654903317755337e-07
4.989989903511232647e-07
5.010408111138811138e-07
5.030909866671452949e-07
5.051495511973279779e-07
5.072165390307237414e-07
5.090057657126603484e-07
5.107870685457954618e-07
5.125746051782262857e-07
5.143683974255874970e-07
5.161684671798603459e-07
5.178350685126771597e-07
5.193126380706326447e-07
5.207944236655686822e-07
5.222804373273537091e-07
5.237706911201821726e-07
5.252651971426718329e-07
5.264238148729460572e-07
5.275407616660494080e-07
5.286600783559977193e-07
5.297817699711538016e-07
5.309058415505458807e-07
5.318802169547969901e-07
5.325751610640321880e-07
5.332710131734150987e-07
5.339677744693195501e-07
5.346654461396694400e-07
5.353640293739440306e-07
5.356698132587487543e-07
5.358878615941578644e-07
5.361059986877448967e-07
5.363242245756395120e-07
5.365425392939859827e-07
5.366058053953330024e-07
5.362774747465690997e-07
5.359493449920442277e-07
5.356214160088391884e-07
5.352936876741066761e-07
5.349661598650789000e-07
5.341805725384397267e-07
5.332435753128140589e-07
5.323082216583812783e-07
5.313745086921817395e-07
5.304424335363093017e-07
5.293661603279838908e-07
5.277642586412053139e-07
5.261672044290226921e-07
5.245749830226143124e-07
5.229875797975477530e-07
5.214049801736449930e-07
5.193302818211044143e-07
5.170334608791842228e-07
5.147467979939456785e-07
5.124702482397642516e-07
5.102037668897057313e-07
5.078293079710075905e-07
5.047923824652998883e-07
5.017736184094789351e-07
4.987729071942726932e-07
4.957901408599196002e-07
4.928252120922758178e-07
4.893710425341055339e-07
4.856256324595172521e-07
4.819088879482900629e-07
4.782205896080192772e-07
4.745605197254239099e-07
4.708616959886268161e-07
4.664382685436193963e-07
4.620563962102890571e-07
4.577156886064427416e-07
4.534157590172652986e-07
4.491562243608631875e-07
4.444996444366903991e-07
4.395333678372091686e-07
4.346225781285978040e-07
4.297666553705455267e-07
4.249649865491711076e-07
4.202075833133635405e-07
4.148059731427663413e-07
4.094737986358586201e-07
4.042101672233452916e-07
3.990141978095705878e-07
3.938850206250323113e-07
3.885419292591394797e-07
3.829716424181338123e-07
3.774812133560570447e-07
3.720694972010126686e-07
3.667353654944289423e-07
3.614777059557533496e-07
3.559369855241687814e-07
3.504608507825931051e-07
3.450689670543351160e-07
3.397600381270894572e-07
3.345327877309354519e-07
3.293242434534325386e-07
3.241099829478987914e-07
3.189782809334571706e-07
3.139278302440302673e-07
3.089573444101781752e-07
3.040655573314039953e-07
2.993231715634446468e-07
2.946646085066539280e-07
2.900785497255626438e-07
2.855638667885207241e-07
2.811194488264012113e-07
2.768350242537308747e-07
2.727865193265237582e-07
2.687972207522325950e-07
2.648662626822826120e-07
2.609927919304844557e-07
2.571759677878583906e-07
2.536996429085509653e-07
2.503361428908122535e-07
2.470172354954344675e-07
2.437423295221921215e-07
2.405108416088760893e-07
2.373956825307971420e-07
2.345108878781033748e-07
2.316611487921305015e-07
2.288460392831960352e-07
2.260651385381764954e-07
2.233180308576027186e-07
2.206045788032149670e-07
2.179241904359315554e-07
2.152763693065466135e-07
2.126607197168116775e-07
2.100768507762870028e-07
2.074432622946089754e-07
2.045393576804899651e-07
2.016761035165934453e-07
1.988529307556114618e-07
1.960692783160724978e-07
1.933245929708313335e-07
1.901137883831760029e-07
1.867178027145029839e-07
1.833824792353533035e-07
1.801067343424382688e-07
1.768895037887785622e-07
1.736079778446129190e-07
1.696617054362919434e-07
1.658051355065901644e-07
1.620362290339094216e-07
1.583529933455292929e-07
1.547534810640498064e-07
1.508882252854974476e-07
1.469007795448093868e-07
1.430187079875928380e-07
1.392392259443468313e-07
1.355596223346021111e-07
1.319787063208364521e-07
1.285101712852588480e-07
1.251327928887210496e-07
1.218441754417590903e-07
1.186419862160712360e-07
1.155239537898359069e-07
1.127748828936249320e-07
1.103308128639328990e-07
1.079397109966259067e-07
1.056004293596916150e-07
1.033118448992310570e-07
1.010760706920020161e-07
9.942626668848490179e-08
9.780339144497404951e-08
9.620700541949080472e-08
9.463667624443682577e-08
9.309197860949028339e-08
9.157173841858534911e-08
9.007549298515043303e-08
8.860369560125263542e-08
8.715594679558045269e-08
8.573185362402247243e-08
8.433102956301697854e-08
8.243727513872340716e-08
8.055293653330078402e-08
7.871166985103336545e-08
7.691249056050013554e-08
7.515443663454907371e-08
7.326990858167068443e-08
7.119397565208223707e-08
6.917685946747915387e-08
6.721689359180207579e-08
6.531245880359242898e-08
6.346198175827690427e-08
6.184373800896978473e-08
6.029285709934708492e-08
5.878086826955752150e-08
5.730679620688430937e-08
5.586969005692943887e-08
5.458902376231700398e-08
5.357019582413013114e-08
5.257038288742331919e-08
5.158923006373323399e-08
5.062638908809448486e-08
4.968151819542128041e-08
4.866238687326302965e-08
4.764209271490815589e-08
4.664319085225558418e-08
4.566523275748453816e-08
4.470777930696395732e-08
4.371202284221160428e-08
4.258379453828254909e-08
4.148468634875271654e-08
4.041394666948341626e-08
3.937084329559991561e-08
3.835466292078642187e-08
3.746105883241896774e-08
3.662221460572172167e-08
3.580215414164603225e-08
3.500045682605783284e-08
3.421671146339614645e-08
3.346313739967929949e-08
3.277513364402302558e-08
3.210127527952196682e-08
3.144127147623613559e-08
3.079483738370349299e-08
3.016169400800150741e-08
2.949335703801291906e-08
2.881638921700478504e-08
2.815495999440345824e-08
2.750871270917862878e-08
2.687729888682298708e-08
2.626694933935112077e-08
2.571206886010189211e-08
2.516891004454024453e-08
2.463722527645898062e-08
2.411677217046044760e-08
2.360731346145681782e-08
2.311192872276906704e-08
2.262910117011141626e-08
2.215636028950960023e-08
2.169349536193451821e-08
2.124030007045393072e-08
2.079703368622695976e-08
2.036939221531622965e-08
1.995054417285312814e-08
1.954030874292258636e-08
1.913850882765836447e-08
1.874497097078991739e-08
1.836640779013990927e-08
1.800141569771084253e-08
1.764367702299183450e-08
1.729304762020673198e-08
1.694938620816055608e-08
1.661255431331253870e-08
1.630931281381410924e-08
1.601164529429665830e-08
1.571941061877375259e-08
1.543250963032723627e-08
1.515084498178991465e-08
1.487432110271495516e-08
1.460284416694847340e-08
1.433632206079365917e-08
1.407466435175608460e-08
1.381778225785946912e-08
1.356558861752132656e-08
1.331799785997870889e-08
1.307492597625343217e-08
1.283629049064737310e-08
1.260201043275801419e-08
1.237200631000461243e-08
1.214620008065606304e-08
1.192451512735078504e-08
1.170687623110002775e-08
1.149320954576563651e-08
1.128344257300365508e-08
1.107750413766511903e-08
1.087532436364605955e-08
1.067683465017804201e-08
1.048196764855155011e-08
1.029065723926422307e-08
1.010283850958595393e-08
9.918447731533880539e-09
9.737422340248939743e-09
9.559700912767296037e-09
9.385223147179163722e-09
9.213929842168034551e-09
9.045762876923311230e-09
8.880665191419595351e-09
8.718580767055878305e-09
8.559454607648148408e-09
8.403232720768722376e-09
8.249862099426514164e-09
8.099290704081314388e-09
7.951467444986511721e-09
7.806342164854070635e-09
7.664009979442361361e-09
7.524315263273891845e-09
7.387166813847994885e-09
7.252518219428374796e-09
7.120323914242567921e-09
6.990539163061923722e-09
6.863120046063389759e-09
6.738023443966491389e-09
6.615207023441700327e-09
6.494629222784584602e-09
6.376249237851115986e-09
6.260027008249343020e-09
6.145923203782720512e-09
6.033899211140672567e-09
5.923917120831498023e-09
5.815939714353707399e-09
5.709930451601066483e-09
5.605853458497236310e-09
5.503673514855803315e-09
5.403356042461587740e-09
5.304867093369199452e-09
5.208173338414858289e-09
5.113242055937720241e-09
5.020041120706569399e-09
4.928538993048566155e-09
4.838704708176034016e-09
4.750507865707821624e-09
4.663918619381655003e-09
4.578907666953993444e-09
4.495446240284091895e-09
4.413506095598511980e-09
4.333059503933543017e-09
4.254079241751378946e-09
4.176538581727620079e-09
4.100411283706597383e-09
4.025671585821567101e-09
3.952294195776763107e-09
3.880254282288339077e-09
3.809527466681400472e-09
3.740089814640038459e-09
3.671917828107899957e-09
3.596318431846747803e-09
3.515098525049950889e-09
3.435712903338051806e-09
3.358120140884498215e-09
3.282279747431080060e-09
3.208152147158911901e-09
3.135698658036596306e-09
3.064881471634738021e-09
2.995663633396333918e-09
2.928009023352789135e-09
2.861882337275445451e-09
2.797249068252738768e-09
2.734075488683409812e-09
2.672328632676489605e-09
2.611976278848660420e-09
2.552986933510139755e-09
2.495329814230338641e-09
2.438974833774677957e-09
2.383892584404130481e-09
2.330054322529355819e-09
2.277431953711439740e-09
2.225998018001385059e-09
2.175725675610654258e-09
2.126588692905329162e-09
2.078561428716665952e-09
2.031618820960685265e-09
1.985736373560085651e-09
1.940890143661377781e-09
1.897056729140837043e-09
1.854213256392538785e-09
1.812337368392194814e-09
1.771407213030631532e-09
1.731401431710638456e-09
1.692299148201453518e-09
1.654079957744890963e-09
1.616723916407506070e-09
1.580211530673259317e-09
1.544523747271220612e-09
1.509641943232981376e-09
1.475547916174611622e-09
1.442223874798117270e-09
1.406885217570937080e-09
1.366501303119891165e-09
1.327276588101758116e-09
1.289177798294787030e-09
1.252172614596560642e-09
1.216229645607862584e-09
1.181318401003372272e-09
1.147409265666849233e-09
1.114473474568673753e-09
1.082483088364563924e-09
1.051410969694716350e-09
1.021230760163225144e-09
9.919168579783591008e-10
9.634443962346003265e-10
9.357892218181264130e-10
9.089278749178001966e-10
8.828375691242461573e-10
8.574961721002312057e-10
8.328821868058344727e-10
8.089747332625813101e-10
7.857535308410048779e-10
7.631988810566556992e-10
7.412916508599065038e-10
7.200132564054621671e-10
6.993456472877119204e-10
6.792712912286270080e-10
6.597731592051840715e-10
6.408347110036705986e-10
6.224398811886900312e-10
6.045730654748634173e-10
5.872191074897900783e-10
5.703632859169178554e-10
5.539913020074856291e-10
5.380892674509510270e-10
5.226436925935462948e-10
5.076414749950716283e-10
4.930698883141042308e-10
4.789165715122951873e-10
4.651695183685190450e-10
4.518170672940347809e-10
4.388478914399962308e-10
4.260859861278122471e-10
4.119579243355743099e-10
3.982983175888055016e-10
3.850916329621245023e-10
3.723228525673364847e-10
3.599774564759575132e-10
3.480414062079737998e-10
3.365011287680847678e-10
3.253435012112688652e-10
3.145558357201135629e-10
3.041258651769619005e-10
2.940417292144402759e-10
2.842919607285272289e-10
2.748654728388179840e-10
2.657515462811521121e-10
2.569398172182848319e-10
2.484202654547191202e-10
2.401832030423082321e-10
2.322192632636808242e-10
2.245193899809366023e-10
2.170748273375298415e-10
2.098771098016049198e-10
2.029180525394777044e-10
1.961897421083103472e-10
1.896845274573924347e-10
1.833950112278076897e-10
1.773140413405759842e-10
1.714347028637183011e-10
1.657503101489911329e-10
1.602543992293461150e-10
1.549407204684796972e-10
1.498032314541005202e-10
1.448360901268436417e-10
1.400336481370145255e-10
1.353904444216057719e-10
1.309011989942914286e-10
1.265608069413252948e-10
1.223643326165255998e-10
1.183070040287380176e-10
1.143842074154009679e-10
1.105914819960388053e-10
1.069245148997153686e-10
1.031700239811258760e-10
9.951337615170976900e-11
9.598633063149520328e-11
9.258429393504660103e-11
8.930283538350469355e-11
8.613768133424739873e-11
8.308470961506437125e-11
8.013994415560101026e-11
7.729954980908311443e-11
7.455982735756979258e-11
7.191720869423978879e-11
6.936825217642831982e-11
6.690963814336617080e-11
6.453816459278605242e-11
6.225074301075840221e-11
6.004439434933425417e-11
5.791624514674935887e-11
5.586352378513991357e-11
5.388355688089806725e-11
5.197376580296032288e-11
5.013166331450141919e-11
4.835485033365412581e-11
4.664101280903879945e-11
4.498791870603518899e-11
4.339341509986674183e-11
4.185542537171735763e-11
4.037194650422405055e-11
3.894104647282542047e-11
3.756086172956996906e-11
3.622959477610321018e-11
3.494551182267757657e-11
3.370694053013218037e-11
3.251226783190444337e-11
3.135993783323456454e-11
3.024844978483097038e-11
2.917635612835230985e-11
2.814226061116467526e-11
2.714481646791718061e-11
2.618272466656733674e-11
2.525473221657305615e-11
2.435963053704721634e-11
2.348084836803258210e-11
2.262494327013336667e-11
2.180023694006092196e-11
2.100559214529219241e-11
2.023991310679441400e-11
1.950214398799507347e-11
1.879126743883202806e-11
1.810630319287309053e-11
1.744630671557428493e-11
1.681036790180875359e-11
1.619760982087376985e-11
1.560718750724301320e-11
1.503828679539710209e-11
1.449012319712719354e-11
1.396194081976067622e-11
1.345301132382008361e-11
1.296263291867567606e-11
1.249012939480830981e-11
1.203484919134715331e-11
1.159616449759708062e-11
1.117347038731592391e-11
1.076618398454912844e-11
1.037374365986977030e-11
9.995608255917747700e-12
9.631256341167861215e-12
9.280185490899801257e-12
8.941911594377204574e-12
8.615968187280759428e-12
8.301905808475416666e-12
7.999291380223847843e-12
7.707707610991897390e-12
7.426752420022478450e-12
7.156038382884596076e-12
6.895192197232606963e-12
6.643854168039381164e-12
6.401677711593019615e-12
6.168328877573920694e-12
5.943485888552166268e-12
5.726838696271435646e-12
5.518088554106259400e-12
5.316947605104228340e-12
5.122256756406894081e-12
4.933413234004181179e-12
4.751531853026506346e-12
4.576355938462699068e-12
4.407638278203495425e-12
4.245140774170378505e-12
4.088634106306259050e-12
3.937897408954080008e-12
3.792717959166199249e-12
3.652890876505198809e-12
3.518218833912044380e-12
3.388511779233752998e-12
3.263586667017696113e-12
3.143267200193765639e-12
3.027383581280080433e-12
2.915772272761063516e-12
2.808275766299601034e-12
2.704742360457953797e-12
2.605025946613248268e-12
2.508985802765794492e-12
2.416486394949111464e-12
2.327397185961366463e-12
2.241592451148470148e-12
2.158951100978599127e-12
2.079356510158047055e-12
2.002696353047003244e-12
1.928862445143152612e-12
1.857750590409292130e-12
1.789260434229635063e-12
1.723295321787135651e-12
1.659762161662096154e-12
1.598571294459483740e-12
1.539636366279633396e-12
1.482874206853733730e-12
