6.984066752326738557e-10
7.076849936346283844e-10
7.170865743068630712e-10
7.266130547861188022e-10
7.362660943637780211e-10
7.460473743748727423e-10
7.559585984909454693e-10
7.660014930167710807e-10
7.761778071910512525e-10
7.864893134910880312e-10
7.969378079415081115e-10
8.075251104270887921e-10
8.182530650097392733e-10
8.291235402496934411e-10
8.401384295309666642e-10
8.512570433697696847e-10
8.624772716728138067e-10
8.738453912904144479e-10
8.853633515448500227e-10
8.970331274519685969e-10
9.088567200598592057e-10
9.208361567919882915e-10
9.329734917948220467e-10
9.452708062900853096e-10
9.577302089316094523e-10
9.703538361669186689e-10
9.831438526035852703e-10
9.961024513803725970e-10
1.009231854543331089e-09
1.022534313426789612e-09
1.035898683133969403e-09
1.049434579061581686e-09
1.063147346030292802e-09
1.077039295181190292e-09
1.091112767854613923e-09
1.105370135984750207e-09
1.119813802499422851e-09
1.134446201725067771e-09
1.149269799796998960e-09
1.164287095075077087e-09
1.179500618564767793e-09
1.194912934343701157e-09
1.210526639993848548e-09
1.226344367039302991e-09
1.242298476188114949e-09
1.258376555631016394e-09
1.274662720846798172e-09
1.291159664923848070e-09
1.307870115805030317e-09
1.324796836738815621e-09
1.341942626736193820e-09
1.359310321033528790e-09
1.376902791561373604e-09
1.394722947419412411e-09
1.412773735357466788e-09
1.431058140262810175e-09
1.449579185653734550e-09
1.468339934179502116e-09
1.487343488126822817e-09
1.506406773890113846e-09
1.525703782613777722e-09
1.545247985224335345e-09
1.565042548265295747e-09
1.585090678843460141e-09
1.605395625148535488e-09
1.625960676979404789e-09
1.646789166277139734e-09
1.667884467664839861e-09
1.689249998994387361e-09
1.710889221900206244e-09
1.732805642360114982e-09
1.755002811263363646e-09
1.777484324985947319e-09
1.800141247778780106e-09
1.822937935408895764e-09
1.846023316477677083e-09
1.869401046950530533e-09
1.893074829091419198e-09
1.917048412049135512e-09
1.941325592451072594e-09
1.965910215004477233e-09
1.990806173105326361e-09
2.016017409454911628e-09
2.041547916684226337e-09
2.067401737986299535e-09
2.093582967756455724e-09
2.120095752240764905e-09
2.146944290192664338e-09
2.173813960964902694e-09
2.200991878065011099e-09
2.228509584673855818e-09
2.256371328979784865e-09
2.284581412283709040e-09
2.313144189663211334e-09
2.342064070644810253e-09
2.371345519884777860e-09
2.400993057858318533e-09
2.431011261557518323e-09
2.461404765197862666e-09
2.492178260933746781e-09
2.523336499582771976e-09
2.554884291359257566e-09
2.586643011656404404e-09
2.618525612017046982e-09
2.650801192855155863e-09
2.683474597993190203e-09
2.716550730957887803e-09
2.750034555716170895e-09
2.783931097420126096e-09
2.818245443161161511e-09
2.852982742733463013e-09
2.888148209406848932e-09
2.923747120709208064e-09
2.959784819218465545e-09
2.996266713364426509e-09
3.033198278240447064e-09
3.070585056425118704e-09
3.107921184786788367e-09
3.145649569221621531e-09
3.183835954650504519e-09
3.222485900943379265e-09
3.261605035463825997e-09
3.301199053888411701e-09
3.341273721035915927e-09
3.381834871706760714e-09
3.422888411532491573e-09
3.464440317835640424e-09
3.506496640500014719e-09
3.549063502851562498e-09
3.592147102549862152e-09
3.635753712490573581e-09
3.679592888512232494e-09
3.723470941974639163e-09
3.767872228205976302e-09
3.812802986601800790e-09
3.858269530960550179e-09
3.904278250370895322e-09
3.950835610109432339e-09
3.997948152549325631e-09
4.045622498079533020e-09
4.093865346035254063e-09
4.142683475639205348e-09
4.192083746954389454e-09
4.242073101847957232e-09
4.292658564966835082e-09
4.343847244724710237e-09
4.394764141614345605e-09
4.446140761491421314e-09
4.498117995413970432e-09
4.550702864809880658e-09
4.603902473190451583e-09
4.657724007109982931e-09
4.712174737136562827e-09
4.767262018834300105e-09
4.822993293756850115e-09
4.879376090452741088e-09
4.936418025482364574e-09
4.994126804446869840e-09
5.052510223029085469e-09
5.111576168046616232e-09
5.170859464400706885e-09
5.229955108655884375e-09
5.289726132931343236e-09
5.350180255869950218e-09
5.411325284327731449e-09
5.473169114382151006e-09
5.535719732351722690e-09
5.598985215827270985e-09
5.662973734715203503e-09
5.727693552292363969e-09
5.793153026273286282e-09
5.859360609889418719e-09
5.926324852980669814e-09
5.994054403099657258e-09
6.062558006628348779e-09
6.130360051154618331e-09
6.198634912628954399e-09
6.267670162835809250e-09
6.337474270353744029e-09
6.408055798077238313e-09
6.479423404267210328e-09
6.551585843613074658e-09
6.624551968306787475e-09
6.698330729128593052e-09
6.772931176545093625e-09
6.848362461819559031e-09
6.924633838134350424e-09
7.001754661726119782e-09
7.079734393033488263e-09
7.157830169944515636e-09
7.235221128799298155e-09
7.313448844097032204e-09
7.392522362906747615e-09
7.472450830115017763e-09
7.553243489483476891e-09
7.634909684718041216e-09
7.717458860549435109e-09
7.800900563825368118e-09
7.885244444614832661e-09
7.970500257324038511e-09
8.056677861824419133e-09
8.143787224593120200e-09
8.231838419865538454e-09
8.320841630800303038e-09
8.408333268537997088e-09
8.496172070794577655e-09
8.584928493099716390e-09
8.674612121496548425e-09
8.765232642170220946e-09
8.856799842493906090e-09
8.949323612085904680e-09
9.042813943877766357e-09
9.137280935193604761e-09
9.232734788840493642e-09
9.329185814210642003e-09
9.426644428394691531e-09
9.525121157306846008e-09
9.624626636821710293e-09
9.723983556141662661e-09
9.821569200194816112e-09
9.920134171071168198e-09
1.001968829686627385e-08
1.012024150430601426e-08
1.022180381973662617e-08
1.032438537012435297e-08
1.042799638406525851e-08
1.053264719280505974e-08
1.063834823126939669e-08
1.074511003910423546e-08
1.085294326172681935e-08
1.096185865138714013e-08
1.107186706824006501e-08
1.118297948142824680e-08
1.129112485347222719e-08
1.139920030464198972e-08
1.150831022343983273e-08
1.161846451149706709e-08
1.172967316522068313e-08
1.184194627670038068e-08
1.195529403462448468e-08
1.206972672520463212e-08
1.218525473310909488e-08
1.230188854240525109e-08
1.241963873751107444e-08
1.253851600415552235e-08
1.265853113034831913e-08
1.277969500735904508e-08
1.290019016013666490e-08
1.301692257083533727e-08
1.313471128035896572e-08
1.325356584704013321e-08
1.337349591570372544e-08
1.349451121844967868e-08
1.361662157544255337e-08
1.373983689570850781e-08
1.386416717793947982e-08
1.398962251130438787e-08
1.411621307626794064e-08
1.424394914541684653e-08
1.437284108429323946e-08
1.450289935223591162e-08
1.463413450322915470e-08
1.475998221754041661e-08
1.488482195743605354e-08
1.501071759024721354e-08
1.513767804670263679e-08
1.526571233306705300e-08
1.539482953177996493e-08
1.552503880210013631e-08
1.565634938075520985e-08
1.578877058259686732e-08
1.592231180126178332e-08
1.605698250983784646e-08
1.619279226153624357e-08
1.632975069036900006e-08
1.646786751183258845e-08
1.660445223363861933e-08
1.673387099981418023e-08
1.686429848442273210e-08
1.699574254963849091e-08
1.712821111891508517e-08
1.726171217746329239e-08
1.739625377273249129e-08
1.753184401489554851e-08
1.766849107733784442e-08
1.780620319714989562e-08
1.794498867562403051e-08
1.808485587875456894e-08
1.822581323774223690e-08
1.836786924950251863e-08
1.851103247717761199e-08
1.864517877040344124e-08
1.877659334561615639e-08
1.890893415440329628e-08
1.904220772502577479e-08
1.917642063175685754e-08
1.931157949520647622e-08
1.944769098264784577e-08
1.958476180834620922e-08
1.972279873389027560e-08
1.986180856852561025e-08
2.000179816949056599e-08
2.014277444235458683e-08
2.028474434135868541e-08
2.042771486975874611e-08
2.056792564398375285e-08
2.069568193922096232e-08
2.082423178414593162e-08
2.095358010783950537e-08
2.108373186999922224e-08
2.121469206112931841e-08
2.134646570273234888e-08
2.147905784750154666e-08
2.161247357951461470e-08
2.174671801442866583e-08
2.188179629967637046e-08
2.201771361466333846e-08
2.215447517096670859e-08
2.229208621253502524e-08
2.243055201588914061e-08
2.255462297614378496e-08
2.267302690206648336e-08
2.279205240741836422e-08
2.291170275527519612e-08
2.303198122584275486e-08
2.315289111654685046e-08
2.327443574212363544e-08
2.339661843471033331e-08
2.351944254393691003e-08
2.364291143701754033e-08
2.376702849884329825e-08
2.389179713207454993e-08
2.401722075723465662e-08
2.414330281280338320e-08
2.426504690010588503e-08
2.436649916723924872e-08
2.446837560674486554e-08
2.457067799208928010e-08
2.467340810415390718e-08
2.477656773126608079e-08
2.488015866922999070e-08
2.498418272135824770e-08
2.508864169850305832e-08
2.519353741908782650e-08
2.529887170913877501e-08
2.540464640231676543e-08
2.551086333994919098e-08
2.561752437106210744e-08
2.572463135241218557e-08
2.581048283285122909e-08
2.588639796788354355e-08
2.596253638846094633e-08
2.603889875132239950e-08
2.611548571513869915e-08
2.619229794051775606e-08
2.626933609001070697e-08
2.634660082811720185e-08
2.642409282129151519e-08
2.650181273794812774e-08
2.657976124846734147e-08
2.665793902520142382e-08
2.673634674247998774e-08
2.681498507661623186e-08
2.688757295106339128e-08
2.692897675365618214e-08
2.697044431339335145e-08
2.701197572845359145e-08
2.705357109716682949e-08
2.709523051801441990e-08
2.713695408962935575e-08
2.717874191079652034e-08
2.722059408045291216e-08
2.726251069768787985e-08
2.730449186174336368e-08
2.734653767201412390e-08
2.738864822804796904e-08
2.743082362954601064e-08
2.747306397636288498e-08
2.748678438103701746e-08
2.748537665765197925e-08
2.748396900636286172e-08
2.748256142716597895e-08
2.748115392005763180e-08
2.747974648503419389e-08
2.747833912209185360e-08
2.747693183122697793e-08
2.747552461243587435e-08
2.747411746571485364e-08
2.747271039106022326e-08
2.747130338846829068e-08
2.746989645793542624e-08
2.746848959945782489e-08
2.746011751408691407e-08
2.740916700375537790e-08
2.735831102887159685e-08
2.730754941403097574e-08
2.725688198415442157e-08
2.720630856448769502e-08
2.715582898060074540e-08
2.710544305838733344e-08
2.705515062406409164e-08
2.700495150417016360e-08
2.695484552556652241e-08
2.690483251543540158e-08
2.685491230127962997e-08
2.680508471092225462e-08
2.675534957250562747e-08
2.667163096794457450e-08
2.656799701741382522e-08
2.646476574175944444e-08
2.636193557636814877e-08
2.625950496270602865e-08
2.615747234829494394e-08
2.605583618668897906e-08
2.595459493745101719e-08
2.585374706612938075e-08
2.575329104423458424e-08
2.565322534921616334e-08
2.555354846443955020e-08
2.545425887916328295e-08
2.535535508851581490e-08
2.525034446455524135e-08
2.509548696335859923e-08
2.494157918566817686e-08
2.478861530693723221e-08
2.463658953834046397e-08
2.448549612655472595e-08
2.433532935354135290e-08
2.418608353632976006e-08
2.403775302680237959e-08
2.389033221148091042e-08
2.374381551131387514e-08
2.359819738146548380e-08
2.345347231110580464e-08
2.330963482320219218e-08
2.316667947431207515e-08
2.299085006042916253e-08
2.279409761690873987e-08
2.259902895297587278e-08
2.240562965908292040e-08
2.221388544899715962e-08
2.202378215874537538e-08
2.183530574556777834e-08
2.164844228688038946e-08
2.146317797924673543e-08
2.127949913735833200e-08
2.109739219302350201e-08
2.091684369416527585e-08
2.073784030382764977e-08
2.056036879919037406e-08
2.037998871679049180e-08
2.015529088971933868e-08
1.993307044937263050e-08
1.971330008153433163e-08
1.949595277313896680e-08
1.928100180895142398e-08
1.906842076828298783e-08
1.885818352174413625e-08
1.865026422803260147e-08
1.844463733075717839e-08
1.824127755529655259e-08
1.804015990569258858e-08
1.784125966157788652e-08
1.764455237513734276e-08
1.745001386810326398e-08
1.723462972061097304e-08
1.700506123016450627e-08
1.677855063493595985e-08
1.655505720318932725e-08
1.633454074574283759e-08
1.611696160874214333e-08
1.590228066652974541e-08
1.569045931460908433e-08
1.548145946270284707e-08
1.527524352790321014e-08
1.507177442791380049e-08
1.487101557438136903e-08
1.467293086631628025e-08
1.447748468360094933e-08
1.428303435014688555e-08
1.406660481121781410e-08
1.385345480968766745e-08
1.364353465102019097e-08
1.343679539369617809e-08
1.323318883780267916e-08
1.303266751379578760e-08
1.283518467143341988e-08
1.264069426887555829e-08
1.244915096195016463e-08
1.226051009358135216e-08
1.207472768337789474e-08
1.189176041737949771e-08
1.171156563795841644e-08
1.153410133387411988e-08
1.135176269866749488e-08
1.116615103600733488e-08
1.098357429314157182e-08
1.080398284636646257e-08
1.062732788337104101e-08
1.045356138997008897e-08
1.028263613705406670e-08
1.011450566775240634e-08
9.949124284806699088e-09
9.786447038150343395e-09
9.626429712691284204e-09
9.469028816294504695e-09
9.314201567961019763e-09
9.161905886200155137e-09
9.011794140530976951e-09
8.855561419880515922e-09
8.702037223484108617e-09
8.551174595085629994e-09
8.402927392484939286e-09
8.257250273424731182e-09
8.114098681722637792e-09
7.973428833643179902e-09
7.835197704506531762e-09
7.699363015528919615e-09
7.565883220891657902e-09
7.434717495033884889e-09
7.305825720166064521e-09
7.179168473999497405e-09
7.054707017689021867e-09
6.927342822317611531e-09
6.797705046324260163e-09
6.670493301984802102e-09
6.545662188724185112e-09
6.423167155590216634e-09
6.302964485353975338e-09
6.185011278907496492e-09
6.069265439953437202e-09
5.955685659981520204e-09
5.844231403525744267e-09
5.734862893697887804e-09
5.627541097991345869e-09
5.522227714351022341e-09
5.418885157503524282e-09
5.317402715277005063e-09
5.207929074402815655e-09
5.100709255307430306e-09
4.995696856751476133e-09
4.892846432795250637e-09
4.792113473131036050e-09
4.693454383820648639e-09
4.596826468429251358e-09
4.502187909547881830e-09
4.409497750696092162e-09
4.318715878597467711e-09
4.229803005819763760e-09
4.142720653772733283e-09
4.057431136055702397e-09
3.973897542148253708e-09
3.890785943876239975e-09
3.808111234059688599e-09
3.727193266387743745e-09
3.647994712117801598e-09
3.570479035699945554e-09
3.494610477922533679e-09
3.420354039415847003e-09
3.347675464506415254e-09
3.276541225414268508e-09
3.206918506786057669e-09
3.138775190556824145e-09
3.072079841133373629e-09
3.006801690892616264e-09
2.942910625987923640e-09
2.880377172457143672e-09
2.821106110384409268e-09
2.763092122900371250e-09
2.706271150713209142e-09
2.650618660334357488e-09
2.596110622788530808e-09
2.542723503238777674e-09
2.490434250824885767e-09
2.439220288710753846e-09
2.389059504336430942e-09
2.339930239870628164e-09
2.291811282859515074e-09
2.244681857067915796e-09
2.198521613508744969e-09
2.153310621657005052e-09
2.108901281183857523e-09
2.065264850624563813e-09
2.022531325331120040e-09
1.980682022796548895e-09
1.939698647083817160e-09
1.899563280827176616e-09
1.860258377398845329e-09
1.821766753237974111e-09
1.784071580338143814e-09
1.747156378890427161e-09
1.711005010078670222e-09
1.675601669023747254e-09
1.640930877873985177e-09
1.606977479038382386e-09
1.573726628559949261e-09
1.542421785447293703e-09
1.511799147153990627e-09
1.481784478733059699e-09
1.452365709788665836e-09
1.423531009565887649e-09
1.395268782192986317e-09
1.367567662018102921e-09
1.340416509038599379e-09
1.313804404421081963e-09
1.287720646110406897e-09
1.262154744525826957e-09
1.237096418342640633e-09
1.212535590357536860e-09
1.188462383436058947e-09
1.165251078058167183e-09
1.142971098425543980e-09
1.121117119250480629e-09
1.099680995265672895e-09
1.078654736943958494e-09
1.058030507520551666e-09
1.037800620072144568e-09
1.017957534651903733e-09
9.984938554792442940e-10
9.794023281832952608e-10
9.606758370991323026e-10
9.423074026156472789e-10
9.242901785741665431e-10
9.066174497168085465e-10
8.892826291835919517e-10
8.729484449189671850e-10
8.569657594054321108e-10
8.412756985454014335e-10
8.258729047168623612e-10
8.107521183897069780e-10
7.959081763298059849e-10
7.813360098359254399e-10
7.670306430089450045e-10
7.529871910527446963e-10
7.392008586062355091e-10
7.256669381058812540e-10
7.123808081782479879e-10
6.993379320619525779e-10
6.865338560585040641e-10
6.740987925705897596e-10
6.620760230815471237e-10
6.502676835659442644e-10
6.386699495960107921e-10
6.272790649538799254e-10
6.160913404150424865e-10
6.051031525534989825e-10
5.943109425682216163e-10
5.837112151305476896e-10
5.733005372521287544e-10
5.630755371730716567e-10
5.530329032699085469e-10
5.431693829830452363e-10
5.334817817633370710e-10
5.239669620374544201e-10
5.146514270669657549e-10
5.055047145126686880e-10
4.965205631525137036e-10
4.876960838455481845e-10
4.790284387984624936e-10
4.705148406530266410e-10
4.621525515897066560e-10
4.539388824472406849e-10
4.458711918578535585e-10
4.379468853978328796e-10
4.301634147532203880e-10
4.225182769003110998e-10
4.150090133007346584e-10
4.076332091108251962e-10
4.003229779608063929e-10
3.930421283530716090e-10
3.858936987510029136e-10
3.788752807738723929e-10
3.719845098432241712e-10
3.652190643862281887e-10
3.585766650535222027e-10
3.520550739512648546e-10
3.456520938871761546e-10
3.393655676302758191e-10
3.331933771840869188e-10
3.271334430730636123e-10
3.211837236419980666e-10
3.153422143681559299e-10
3.096069471859424011e-10
3.037360636154814011e-10
2.979426165942304918e-10
2.922596735019121989e-10
2.866851265919182567e-10
2.812169083206973398e-10
2.758529905809242557e-10
2.705913839492948789e-10
2.654301369486693616e-10
2.603673353242885799e-10
2.554011013337973112e-10
2.505295930508033434e-10
2.457510036817357347e-10
2.410635608957128680e-10
2.364655261672078151e-10
2.318455154129537215e-10
2.271253609436619943e-10
2.225013043358030789e-10
2.179713891281992868e-10
2.135336986913632045e-10
2.091863554165658296e-10
2.049275199214066749e-10
2.007553902715620522e-10
1.966682012183811551e-10
1.926642234520005916e-10
1.887417628696607395e-10
1.848991598589264750e-10
1.811347885954924641e-10
1.774470563552963798e-10
1.738344028406219652e-10
1.700593444687061144e-10
1.663247512018765141e-10
1.626721715810022386e-10
1.590998045429835476e-10
1.556058885770215473e-10
1.521887008560267455e-10
1.488465563871054928e-10
1.455778071806985971e-10
1.423808414379728163e-10
1.392540827560485097e-10
1.361959893506898739e-10
1.332050532960593460e-10
1.302797997811678203e-10
1.274187863826586319e-10
1.245435181199211479e-10
1.215831270549346258e-10
1.186931042868289756e-10
1.158717771659112420e-10
1.131175128012588961e-10
1.104287171156584381e-10
1.078038339230028703e-10
1.052413440276262721e-10
1.027397643450404190e-10
1.002976470435758076e-10
9.791357870642578674e-11
9.558617951360466322e-11
9.331410244335716473e-11
9.109603249254201819e-11
8.893068591555698798e-11
8.667797884286690445e-11
8.445282642497553565e-11
8.228479697359773499e-11
8.017242405736492023e-11
7.811427889038009669e-11
7.610896936580241703e-11
7.415513911423966312e-11
7.225146658631621867e-11
7.039666415879115824e-11
6.858947726362409716e-11
6.682868353939900955e-11
6.511309200453214512e-11
6.344154225170647319e-11
6.181290366298217822e-11
6.019022825737710881e-11
5.853162061780215675e-11
5.691871772768077395e-11
5.535026014260164304e-11
5.382502312352242135e-11
5.234181568042669169e-11
5.089947964233168850e-11
4.949688875292408915e-11
4.813294779111659876e-11
4.680659171583750188e-11
4.551678483438845735e-11
4.426251999371719964e-11
4.304281779397649552e-11
4.185672582375419887e-11
4.070331791637757985e-11
3.952507394046230985e-11
3.836670157514124007e-11
3.724227795179512122e-11
3.615080812517459938e-11
3.509132630916853288e-11
3.406289502222824999e-11
3.306460425783872570e-11
3.209557067929953045e-11
3.115493683810526106e-11
3.024187041523312318e-11
2.935556348466568438e-11
2.849523179849901189e-11
2.766011409300108197e-11
2.684947141500837947e-11
2.605094965965382821e-11
2.524729132176314483e-11
2.446842542838981075e-11
2.371358714542946775e-11
2.298203523351444687e-11
2.227305132012898606e-11
2.158593919417801684e-11
2.092002412231905989e-11
2.027465218638482876e-11
1.964918964124565072e-11
1.904302229248151902e-11
1.845555489325295881e-11
1.788621055977820289e-11
1.733443020484179973e-11
1.679967198878026837e-11
1.626467669849872114e-11
1.574181557732791640e-11
1.523576289060064709e-11
1.474597829699681009e-11
1.427193882556730696e-11
1.381313831732817779e-11
1.336908688480555908e-11
1.293931038895522794e-11
1.252334993289706090e-11
1.212076137192472679e-11
1.173111483926708604e-11
1.135399428709473221e-11
1.098899704228228376e-11
1.063573337645112025e-11
1.029097924628628440e-11
9.949324558239893089e-12
9.619012612518611280e-12
9.299666836495334102e-12
8.990923159541059062e-12
8.692429597965666940e-12
8.403845853738420169e-12
8.124842926530552335e-12
7.855102738638151941e-12
7.594317772357069312e-12
7.342190719396928395e-12
7.098434141934399388e-12
6.862770144919156112e-12
6.634930059259392640e-12
6.414654135525098110e-12
6.197744193828258638e-12
5.986836072335744265e-12
5.783105116327996781e-12
5.586307088152970022e-12
5.396206061522013855e-12
5.212574138675700560e-12
5.035191177174452597e-12
4.863844525986238589e-12
4.698328770555570215e-12
4.538445486547336869e-12
4.384003001970905651e-12
4.234816167399067378e-12
4.090706134006308814e-12
3.951500139160568668e-12
3.816454787889697688e-12
3.684135739658340859e-12
3.556404281611573570e-12
3.433101358919550295e-12
3.314073431290098060e-12
3.199172281775993865e-12
3.088254832211025600e-12
2.981182965044992527e-12
2.877823351355880154e-12
2.778047284824789161e-12
2.681730521467301864e-12
2.588753124921282978e-12
2.498999317098777018e-12
2.412357334015800664e-12
2.328719286620666811e-12
2.247981026447530595e-12
2.170042015927719188e-12
2.094805203197551166e-12
2.022176901246559164e-12
1.952066671255774107e-12
1.884387209980780467e-12
1.819054241039238089e-12
1.755986409967507211e-12
1.695105182915804508e-12
1.636334748855583982e-12
1.579601925177567723e-12
1.524836066562618155e-12
1.471968977012219886e-12
1.420934824928883312e-12
1.371670061140775430e-12
1.324113339768490129e-12
1.278205441835422071e-12
1.233889201526613367e-12
1.191109435004288089e-12
1.149812871691322956e-12
1.109948087937265764e-12
1.071465442984124934e-12
1.034317017152292039e-12
9.984565521696194162e-13
9.638393935692686234e-13
9.304224350847444718e-13
8.981640649727264918e-13
8.670241141969668088e-13
8.369638064086487139e-13
8.079457096609801804e-13
7.799336897978875447e-13
7.528928654587392961e-13
7.267895646430718154e-13
7.015912827812765832e-13
6.772666422589718899e-13
6.537853533447367406e-13
6.311181764724512609e-13
6.092368858313743094e-13
5.881142342185644406e-13
5.677239191098789696e-13
5.480405499073492785e-13
5.290396163220656836e-13
5.106974578532828027e-13
4.929912343256918852e-13
4.758988974481869811e-13
4.593991633587087577e-13
4.434714861209762502e-13
4.280960321401034850e-13
4.132536554652538148e-13
3.989258739485422581e-13
3.850948462305587500e-13
3.717433495237918633e-13
3.588547581663337779e-13
3.464130229191272194e-13
3.344026509809988297e-13
3.228086866965902423e-13
3.116166929331516213e-13
3.008127331030085372e-13
2.903833538093336168e-13
2.803155680935944476e-13
2.705968392638246448e-13
2.612150652835802941e-13
2.521585637021408533e-13
2.434160571071911353e-13
2.349766590818675317e-13
2.268298606486837088e-13
2.189655171834539762e-13
2.113738357829198960e-13
2.040453630703490070e-13
1.969709734239263158e-13
1.901418576132633942e-13
1.835495118299032847e-13
1.771857270981325734e-13
1.710425790529359672e-13
1.651124180723488157e-13
1.593878597519313383e-13
1.538617757095018541e-13
1.485272847086730135e-13
1.433777440901382694e-13
1.384067415000475054e-13
1.336080869051588460e-13
1.289758048848395238e-13
1.245041271902973276e-13
1.201874855617965030e-13
1.160205047949030037e-13
1.119979960471251719e-13
1.081149503766249766e-13
1.043665325049368720e-13
1.007480747959445286e-13
9.725507144360764177e-14
9.388317286120454615e-14
9.062818026510371285e-14
8.748604044631938276e-14
8.445284072334054408e-14
8.152480406995087981e-14
7.869828441196521632e-14
7.596976208703814968e-14
7.333583946187873319e-14
7.079323670142287311e-14
6.833878768468816201e-14
6.596943606223051927e-14
6.368223145029239006e-14
6.147432575690120876e-14
5.934296963534333953e-14
5.728550906060090892e-14
5.529938202448350290e-14
5.338211534534416957e-14
5.153132158840353431e-14
4.974469609284726705e-14
4.802001410199824851e-14
4.635512799298531384e-14
4.474796460246441316e-14
4.319652264505489091e-14
4.169887022128324304e-14
4.025314241192712992e-14
3.885753895576429589e-14
3.751032200783796549e-14
3.620981397544140935e-14
3.495439542913269260e-14
3.374250308617577171e-14
3.257262786389515268e-14
3.144331300052480667e-14
3.035315224120630577e-14
2.930078808688110957e-14
2.828491010389361540e-14
2.730425329220211201e-14
2.635759651016534171e-14
2.544376095394231633e-14
2.456160868961183685e-14
2.371004123618547215e-14
2.288799819774742494e-14
2.209445594302008420e-14
2.132842633070887674e-14
2.058895547904119243e-14
1.987512257796524111e-14
1.918603874253173379e-14
1.852084590602867574e-14
1.787871575149318227e-14
1.725884868026694366e-14
1.666047281631364846e-14
1.608284304505734179e-14
1.552524008554396909e-14
1.498696959477303044e-14
