6.834740674239321528e-10
6.925180951673611743e-10
7.016817974408454138e-10
7.109667578301003375e-10
7.203745808755398629e-10
7.299068923495585705e-10
7.395653395374822545e-10
7.493515915222364440e-10
7.592673394727818008e-10
7.693142969363663360e-10
7.794942001346444881e-10
7.898088082637149708e-10
8.002599037981283621e-10
8.108492927989182051e-10
8.215788052257073161e-10
8.324069947641586856e-10
8.433316273376929820e-10
8.543996364056795007e-10
8.656129036624471790e-10
8.769733354979601338e-10
8.884828633219262571e-10
9.001434438921564864e-10
9.119570596472519875e-10
9.239257190436205936e-10
9.360514568969524718e-10
9.483363347281604970e-10
9.607824411138627780e-10
9.733918920414621360e-10
9.861668312689048412e-10
9.991094306891221215e-10
1.012106621491823306e-09
1.025269694861523661e-09
1.038603962151758340e-09
1.052111649845485668e-09
1.065795013382441492e-09
1.079656337535755754e-09
1.093697936793448192e-09
1.107922155744888363e-09
1.122331369472282647e-09
1.136927983947252136e-09
1.151714436432564277e-09
1.166693195889111724e-09
1.181866763388139042e-09
1.197237672528875444e-09
1.212737032633737379e-09
1.228352097901876280e-09
1.244168220989449447e-09
1.260187990694265622e-09
1.276414029147202744e-09
1.292848992241400124e-09
1.309495570066977425e-09
1.326356487351351586e-09
1.343434503905222211e-09
1.360732415074300691e-09
1.378253052196853787e-09
1.395999283067141287e-09
1.413974012404818049e-09
1.432180182330381701e-09
1.450620772846741684e-09
1.469109413243354673e-09
1.487822906217438173e-09
1.506774771375468089e-09
1.525968045098635221e-09
1.545405802445507003e-09
1.565091157644698970e-09
1.585027264593816447e-09
1.605217317364783327e-09
1.625664550715541992e-09
1.646372240608338838e-09
1.667343704734575956e-09
1.688582303046357597e-09
1.710091438294806086e-09
1.731874556575234018e-09
1.753820671120046116e-09
1.775893348161952141e-09
1.798243820465258534e-09
1.820875584217006033e-09
1.843792179605423362e-09
1.866997191373712449e-09
1.890494249380800163e-09
1.914287029169112603e-09
1.938379252539567574e-09
1.962774688133731896e-09
1.987477152023338959e-09
2.012490508307229825e-09
2.037818669715763753e-09
2.063465598222919451e-09
2.089435305666016305e-09
2.115407709997646849e-09
2.141674463394559523e-09
2.168267367788631551e-09
2.195190472956070509e-09
2.222447878958648243e-09
2.250043736768093192e-09
2.277982248898240422e-09
2.306267670044985287e-09
2.334904307734280586e-09
2.363896522978080453e-09
2.393248730938480773e-09
2.422965401600092946e-09
2.453051060450770099e-09
2.483510289170782546e-09
2.514161179376381728e-09
2.544914975467535704e-09
2.576044959044907794e-09
2.607555731720096279e-09
2.639451951392667564e-09
2.671738332938683952e-09
2.704419648907664518e-09
2.737500730228014251e-09
2.770986466921196490e-09
2.804881808824526651e-09
2.839191766322865595e-09
2.873921411089250262e-09
2.909075876834598480e-09
2.944660360066519791e-09
2.980680120857533391e-09
3.016620335483476536e-09
3.052931142369214675e-09
3.089679019403007418e-09
3.126869227561728043e-09
3.164507091148148949e-09
3.202597998553244428e-09
3.241147403027599865e-09
3.280160823462108935e-09
3.319643845178133749e-09
3.359602120727043155e-09
3.400041370699507641e-09
3.440967384544469768e-09
3.482386021397970038e-09
3.524303210922023848e-09
3.566423527501160558e-09
3.608549923307016771e-09
3.651173913750724097e-09
3.694301376392394341e-09
3.737938258217550810e-09
3.782090576457177800e-09
3.826764419417458023e-09
3.871965947319305094e-09
3.917701393147820119e-09
3.963977063511775365e-09
4.010799339513255703e-09
4.058174677627567029e-09
4.106109610593541504e-09
4.154610748314357925e-09
4.203684778769002942e-09
4.252443108503827398e-09
4.301627849695254978e-09
4.351381472986752379e-09
4.401710558200388863e-09
4.452621761261904823e-09
4.504121815081094174e-09
4.556217530442067413e-09
4.608915796904097626e-09
4.662223583712695416e-09
4.716147940721219623e-09
4.770695999323341489e-09
4.825874973396006565e-09
4.881692160253606575e-09
4.938154941612882290e-09
4.994791177818845658e-09
5.051189953161485327e-09
5.108225556300705943e-09
5.165905177989144232e-09
5.224236090173970454e-09
5.283225646913617932e-09
5.342881285305065757e-09
5.403210526421389279e-09
5.464220976260017631e-09
5.525920326701572539e-09
5.588316356479751658e-09
5.651416932161943739e-09
5.715230009141048791e-09
5.779763632638361782e-09
5.845025938718008744e-09
5.909523102299619835e-09
5.974443160425013581e-09
6.040076408747685801e-09
6.106430682138254961e-09
6.173513901538622235e-09
6.241334074907604392e-09
6.309899298176717824e-09
6.379217756216691948e-09
6.449297723814607737e-09
6.520147566661528206e-09
6.591775742351220572e-09
6.664190801389848476e-09
6.737401388216516819e-09
6.811416242235265600e-09
6.885484495489345113e-09
6.958777005740403193e-09
7.032849677803200600e-09
7.107710816106861199e-09
7.183368813476855650e-09
7.259832152076163373e-09
7.337109404355994238e-09
7.415209234017099000e-09
7.494140396980833009e-09
7.573911742371038629e-09
7.654532213505898481e-09
7.736010848900799294e-09
7.818356783281566942e-09
7.901579248608481301e-09
7.985687575111514296e-09
8.068201002674082417e-09
8.150990558121688524e-09
8.234629635103109981e-09
8.319126950742574775e-09
8.404491311612565073e-09
8.490731614651714734e-09
8.577856848092101940e-09
8.665876092395892265e-09
8.754798521201942673e-09
8.844633402281769177e-09
8.935390098505495281e-09
9.027078068817678595e-09
9.119706869223189362e-09
9.213286153783021765e-09
9.306634036258662454e-09
9.398122878436887360e-09
9.490511101445013471e-09
9.583807546643994934e-09
9.678021142309768018e-09
9.773160904487657550e-09
9.869235937855200742e-09
9.966255436593444652e-09
1.006422868526683144e-08
1.016316505971162342e-08
1.026307402793328486e-08
1.036396515101246146e-08
1.046584808401999762e-08
1.056873257694082603e-08
1.067262847560713993e-08
1.077347076080945588e-08
1.087415234070254291e-08
1.097577482262755990e-08
1.107834699961926012e-08
1.118187774688623613e-08
1.128637602257870879e-08
1.139185086856372293e-08
1.149831141120757414e-08
1.160576686216534109e-08
1.171422651917800642e-08
1.182369976687703546e-08
1.193419607759624407e-08
1.204572501219150650e-08
1.215829622086796909e-08
1.227010346683712314e-08
1.237807469003704533e-08
1.248699600995545116e-08
1.259687578700311026e-08
1.270772245515845256e-08
1.281954452261509184e-08
1.293235057243476909e-08
1.304614926320619516e-08
1.316094932970964745e-08
1.327675958358744939e-08
1.339358891402020714e-08
1.351144628840927991e-08
1.363034075306497769e-08
1.375028143390094299e-08
1.387127753713463219e-08
1.398685408677170738e-08
1.410133282179257141e-08
1.421674853525698385e-08
1.433310889608788569e-08
1.445042163597642650e-08
1.456869454989559231e-08
1.468793549661821254e-08
1.480815239923902189e-08
1.492935324570129636e-08
1.505154608932750459e-08
1.517473904935445395e-08
1.529894031147280257e-08
1.542415812837085120e-08
1.555040082028308304e-08
1.567502782549961122e-08
1.579251499450063076e-08
1.591088275108548018e-08
1.603013769541746027e-08
1.615028647712915026e-08
1.627133579569342485e-08
1.639329240079693609e-08
1.651616309271633838e-08
1.663995472269773267e-08
1.676467419333842033e-08
1.689032845897204497e-08
1.701692452605610347e-08
1.714446945356289796e-08
1.727297035337286686e-08
1.740243439067141647e-08
1.752297011093046673e-08
1.764072363051361102e-08
1.775926844810653803e-08
1.787860988119395667e-08
1.799875328299382207e-08
1.811970404269742646e-08
1.824146758571127004e-08
1.836404937390021901e-08
1.848745490583264882e-08
1.861168971702704325e-08
1.873675938020031405e-08
1.886266950551772193e-08
1.898942574084468034e-08
1.911703377199987927e-08
1.924183903473999372e-08
1.935442836727205978e-08
1.946767649118977255e-08
1.958158726126408686e-08
1.969616455482134643e-08
1.981141227187507361e-08
1.992733433525897667e-08
2.004393469076031121e-08
2.016121730725426722e-08
2.027918617683889878e-08
2.039784531497125811e-08
2.051719876060394328e-08
2.063725057632246972e-08
2.075800484848378328e-08
2.087946568735519349e-08
2.098692874368025827e-08
2.108882160523540194e-08
2.119120916305423749e-08
2.129409381891829766e-08
2.139747798626987696e-08
2.150136409026881271e-08
2.160575456784911044e-08
2.171065186777629402e-08
2.181605845070479217e-08
2.192197678923566897e-08
2.202840936797462585e-08
2.213535868359023173e-08
2.224282724487267605e-08
2.235081757279234305e-08
2.245454988527435076e-08
2.253877584411828564e-08
2.262331773056622666e-08
2.270817672964763777e-08
2.279335403083711261e-08
2.287885082807091474e-08
2.296466831976356430e-08
2.305080770882495734e-08
2.313727020267686640e-08
2.322405701327019553e-08
2.331116935710180181e-08
2.339860845523143600e-08
2.348637553329912659e-08
2.357447182154221643e-08
2.366289855481246876e-08
2.373108727381608632e-08
2.378978817972959689e-08
2.384863428743329171e-08
2.390762595609635465e-08
2.396676354577657002e-08
2.402604741742219529e-08
2.408547793287437976e-08
2.414505545486932188e-08
2.420478034704047282e-08
2.426465297392076326e-08
2.432467370094483678e-08
2.438484289445126007e-08
2.444516092168477619e-08
2.450562815079853795e-08
2.456035087412016619e-08
2.458576635601883089e-08
2.461120813830393133e-08
2.463667624819166511e-08
2.466217071292619847e-08
2.468769155978008979e-08
2.471323881605391573e-08
2.473881250907670794e-08
2.476441266620563216e-08
2.479003931482615361e-08
2.481569248235223886e-08
2.484137219622601170e-08
2.486707848391819984e-08
2.489281137292775769e-08
2.491857089078229318e-08
2.491785404123099131e-08
2.490311223735831278e-08
2.488837915497429546e-08
2.487365478891921166e-08
2.485893913403624210e-08
2.484423218517176700e-08
2.482953393717516761e-08
2.481484438489886920e-08
2.480016352319834437e-08
2.478549134693210313e-08
2.477082785096171275e-08
2.475617303015176136e-08
2.474152687936988775e-08
2.472688939348676147e-08
2.470588729978282388e-08
2.464596315611903397e-08
2.458618435849970526e-08
2.452655055438786892e-08
2.446706139210179467e-08
2.440771652081259863e-08
2.434851559054238708e-08
2.428945825216208599e-08
2.423054415738958475e-08
2.417177295878738374e-08
2.411314430976073811e-08
2.405465786455552364e-08
2.399631327825639050e-08
2.393811020678442726e-08
2.388004830689534774e-08
2.379144278999033369e-08
2.368500759970148617e-08
2.357904856589590700e-08
2.347356355840413315e-08
2.336855045658635166e-08
2.326400714928984281e-08
2.315993153480635721e-08
2.305632152083015784e-08
2.295317502441578756e-08
2.285048997193608800e-08
2.274826429904075784e-08
2.264649595061469267e-08
2.254518288073675499e-08
2.244432305263844832e-08
2.233817459807117428e-08
2.218809225451187024e-08
2.203901826146703580e-08
2.189094584418402766e-08
2.174386827342725500e-08
2.159777886517262562e-08
2.145267098030366290e-08
2.130853802430963455e-08
2.116537344698615622e-08
2.102317074213735021e-08
2.088192344728006229e-08
2.074162514335041103e-08
2.060226945441191552e-08
2.046385004736580345e-08
2.032636063166305305e-08
2.016060662576397418e-08
1.997696617590771280e-08
1.979499848399219309e-08
1.961468831307408144e-08
1.943602056500145500e-08
1.925898027914958515e-08
1.908355263116818899e-08
1.890972293174015551e-08
1.873747662535152474e-08
1.856679928907269328e-08
1.839767663135073071e-08
1.823009449081263444e-08
1.806403883507970204e-08
1.789949575959229281e-08
1.773271644073415155e-08
1.752878809157707586e-08
1.732720494270157888e-08
1.712794002402535201e-08
1.693096667562525267e-08
1.673625854417042211e-08
1.654378957939643794e-08
1.635353403062002837e-08
1.616546644329383514e-08
1.597956165560082492e-08
1.579579479508785947e-08
1.561414127533796119e-08
1.543457679268088723e-08
1.525707732294148245e-08
1.508161911822547061e-08
1.488929063173318957e-08
1.468558239339570149e-08
1.448466119491071490e-08
1.428648890531604166e-08
1.409102791533927124e-08
1.389824113026028070e-08
1.370809196287138504e-08
1.352054432653377800e-08
1.333556262832899770e-08
1.315311176230407217e-08
1.297315710280908407e-08
1.279566449792590069e-08
1.262060026298679198e-08
1.244793117418175874e-08
1.227632566850939601e-08
1.208722386137863896e-08
1.190103493668727636e-08
1.171771402503805827e-08
1.153721694819200471e-08
1.135950020842196585e-08
1.118452097803014752e-08
1.101223708902723485e-08
1.084260702297013759e-08
1.067558990095687003e-08
1.051114547377483989e-08
1.034923411220158148e-08
1.018981679745432363e-08
1.003285511178702400e-08
9.878311229232110330e-09
9.719882343292806072e-09
9.558896160079884556e-09
9.400576320992346623e-09
9.244878664532234509e-09
9.091759760629388296e-09
8.941176898526891187e-09
8.793088074867518016e-09
8.647451981977484530e-09
8.504227996343933957e-09
8.363376167283581697e-09
8.224857205799034063e-09
8.088632473619339995e-09
7.954663972422550641e-09
7.822914333236298115e-09
7.693082659660209436e-09
7.558006232460601346e-09
7.425301499676899586e-09
7.294926818703333649e-09
7.166841278102036515e-09
7.041004684764864883e-09
6.917377551301081067e-09
6.795921083646020330e-09
6.676597168887779865e-09
6.559368363307234351e-09
6.444197880628316678e-09
6.331049580474604142e-09
6.219887957028321519e-09
6.110678127888859279e-09
6.003385823126535381e-09
5.893456805567674378e-09
5.781456828719417863e-09
5.671585313184736606e-09
5.563801809423497874e-09
5.458066636603529275e-09
5.354340867992066510e-09
5.252586316624820308e-09
5.152765521247173380e-09
5.054841732522877649e-09
4.958778899504517752e-09
4.864541656361315397e-09
4.772095309359139428e-09
4.681405824087765142e-09
4.592439812931157613e-09
4.505109582202761455e-09
4.412080448434020612e-09
4.320972337799516662e-09
4.231745581759626316e-09
4.144361330917855610e-09
4.058781538105925301e-09
3.974968941817866924e-09
3.892887049986468231e-09
3.812500124094471172e-09
3.733773163614120878e-09
3.656671890767784383e-09
3.581162735603505134e-09
3.507212821378497813e-09
3.434789950244710083e-09
3.363862589229738680e-09
3.293603317732572399e-09
3.224012694018294218e-09
3.155892452266187332e-09
3.089211524740422034e-09
3.023939500136067952e-09
2.960046609709425848e-09
2.897503713701285987e-09
2.836282288047121821e-09
2.776354411368019661e-09
2.717692752236585532e-09
2.660270556711812276e-09
2.604061636137323034e-09
2.549040355197523025e-09
2.495181620226007912e-09
2.442460867761063835e-09
2.392344769274102673e-09
2.343285838708346470e-09
2.295232941511679197e-09
2.248165447329391041e-09
2.202063148865808320e-09
2.156906253208833974e-09
2.112675373332308307e-09
2.069351519772630221e-09
2.026916092476140784e-09
1.985350872813610933e-09
1.944638015758488604e-09
1.904760042225612693e-09
1.865699831566959405e-09
1.827440614221309540e-09
1.789964842418202697e-09
1.753256342594256192e-09
1.717300658651042023e-09
1.682082351882183900e-09
1.647586300197441140e-09
1.613797691629561935e-09
1.580702017974297787e-09
1.548285068560849866e-09
1.516532924150068029e-09
1.485431950957788201e-09
1.454968794800742427e-09
1.425130375362495086e-09
1.395903880577033569e-09
1.367276761127479330e-09
1.339236725057649329e-09
1.312857856983073921e-09
1.287049939121637544e-09
1.261749348554469941e-09
1.236946112335094261e-09
1.212630453563377982e-09
1.188792787531690164e-09
1.165423717946816249e-09
1.142514033226142921e-09
1.120054702866649961e-09
1.098036873885282619e-09
1.076451867329294774e-09
1.055291174855195152e-09
1.034546455374941054e-09
1.014209531768061265e-09
9.945922409468039840e-10
9.757526570156176801e-10
9.572699328185859278e-10
9.391373087122798980e-10
9.213481530945422881e-10
9.038959599791564400e-10
8.867743466163975113e-10
8.699770511587146217e-10
8.534979303705697607e-10
8.373309573817163960e-10
8.214702194829774845e-10
8.059099159638317754e-10
7.906443559909069880e-10
7.756679565267107750e-10
7.609752402877336232e-10
7.470808662233139912e-10
7.334801894430484915e-10
7.201271142508365239e-10
7.070171330366997009e-10
6.941458202521106073e-10
6.815088309160738006e-10
6.691018991483748367e-10
6.569208367295460899e-10
6.449615316870483069e-10
6.332199469071773722e-10
6.216921187722683265e-10
6.103741558226824390e-10
5.992622374431663293e-10
5.883526125731257083e-10
5.777355698813021947e-10
5.674407303363823039e-10
5.573293375563508245e-10
5.473981226495069534e-10
5.376438749734900102e-10
5.280634410973167643e-10
5.186537237819158653e-10
5.094116809788268480e-10
5.003343248467431829e-10
4.914187207855784220e-10
4.826619864877461820e-10
4.740612910063436654e-10
4.656138538399414016e-10
4.573169440336803880e-10
4.491678792963870160e-10
4.411485135690761028e-10
4.332706451601073452e-10
4.255334568367789654e-10
4.179344363857017825e-10
4.104711164556720634e-10
4.031410737565392935e-10
3.959419282723800871e-10
3.888713424887209851e-10
3.819270206335714470e-10
3.751067079319843476e-10
3.684081898739677371e-10
3.618292914954310039e-10
3.553678766719963322e-10
3.490218474254118420e-10
3.427193260719440520e-10
3.364222372014893376e-10
3.302408503799878528e-10
3.241730397101548541e-10
3.182167183557199683e-10
3.123698378237193327e-10
3.066303872599873149e-10
3.009963927575799095e-10
2.954659166779132955e-10
2.900370569843673866e-10
2.847079465881479902e-10
2.794767527061493933e-10
2.743416762306334298e-10
2.693009511104773408e-10
2.643528437437970748e-10
2.592745105294075402e-10
2.542625072460633708e-10
2.493473903741947207e-10
2.445272870146446371e-10
2.398003604730337179e-10
2.351648095598969168e-10
2.306188679043344361e-10
2.261608032809455126e-10
2.217889169497618632e-10
2.175015430089469833e-10
2.132970477600035278e-10
2.091738290852564913e-10
2.051303158373699019e-10
2.011649672406604294e-10
1.971788105085886481e-10
1.931024946033491991e-10
1.891104491697514729e-10
1.852009320679419652e-10
1.813722371736655955e-10
1.776226936337028605e-10
1.739506651367107962e-10
1.703545491991269764e-10
1.668327764658434417e-10
1.633838100253376257e-10
1.600061447389552301e-10
1.566983065840687185e-10
1.534588520108051135e-10
1.502863673120788132e-10
1.471794680066476168e-10
1.439329210989008292e-10
1.407221294696750268e-10
1.375829627529954060e-10
1.345138231721489769e-10
1.315131485929143790e-10
1.285794117284677341e-10
1.257111193620197094e-10
1.229068115867963879e-10
1.201650610629768489e-10
1.174844722912018916e-10
1.148636809022918397e-10
1.123013529628081906e-10
1.097961842961067153e-10
1.073468998185360803e-10
1.048872562171686621e-10
1.023575331722041790e-10
9.988882324661214077e-11
9.747965489561492185e-11
9.512859206588426392e-11
9.283423333954034665e-11
9.059521109879834636e-11
8.841019071075906567e-11
8.627786973186268016e-11
8.419697713153351486e-11
8.216627253454241862e-11
8.018454548164736141e-11
7.825061470806604234e-11
7.636332743934577321e-11
7.452155870422406548e-11
7.260874006522075323e-11
7.072048441460278571e-11
6.888133455206087717e-11
6.709001343736856832e-11
6.534527724088102365e-11
6.364591447986302302e-11
6.199074517727772443e-11
6.037862004245441876e-11
5.880841967305990741e-11
5.727905377782716331e-11
5.578946041949505153e-11
5.433860527743622152e-11
5.292548092946327888e-11
5.154910615230885017e-11
5.017921999082854158e-11
4.878155793841916893e-11
4.742282553085286953e-11
4.610193844503112007e-11
4.481784255994343178e-11
4.356951311543752756e-11
4.235595389441875725e-11
4.117619642782900065e-11
4.002929922176957036e-11
3.891434700615057896e-11
3.783045000426972035e-11
3.677674322273341941e-11
3.575238576115843550e-11
3.475656014109901111e-11
3.378847165366582724e-11
3.280154796292321976e-11
3.183193916865700508e-11
3.089099186362858747e-11
2.997785881855289956e-11
2.909171784811481775e-11
2.823177107067236672e-11
2.739724418984418269e-11
2.658738579733309404e-11
2.580146669635706188e-11
2.503877924508100210e-11
2.429863671945508531e-11
2.358037269488848220e-11
2.288334044620072428e-11
2.220691236530942614e-11
2.154115237835574362e-11
2.087220517031273140e-11
2.022403170544226357e-11
1.959598686795611098e-11
1.898744557573916354e-11
1.839780215821622534e-11
1.782646975353798146e-11
1.727287972448854030e-11
1.673648109253005462e-11
1.621673998942351867e-11
1.571313912587904917e-11
1.522517727670659073e-11
1.475236878195557010e-11
1.429424306354573203e-11
1.385034415690901244e-11
1.340693754821905431e-11
1.297383204994329959e-11
1.255471784326276175e-11
1.214914294536664893e-11
1.175666997455942880e-11
1.137687567857782657e-11
1.100935047814558370e-11
1.065369802527325213e-11
1.030953477582719669e-11
9.976489575906090119e-12
9.654203261579992259e-12
9.342328271559065220e-12
9.040528272375266114e-12
8.748477795672383937e-12
8.463608618604057483e-12
8.181624373114830473e-12
7.909035069935326163e-12
7.645527695333727876e-12
7.390799664337947438e-12
7.144558473277962164e-12
6.906521363904513823e-12
6.676414998698168654e-12
6.453975146996755954e-12
6.238946381579612812e-12
6.031081785361097947e-12
5.830142667856232318e-12
5.635898291092820689e-12
5.448125604655656038e-12
5.266608989558095777e-12
5.088027261116341017e-12
4.914449830648401022e-12
4.746793973085151688e-12
4.584857674688011328e-12
4.428445813392471521e-12
4.277369923699496721e-12
4.131447969587617678e-12
3.990504125172022840e-12
3.854368562846599422e-12
3.722877248653324531e-12
3.595871744632677345e-12
3.473199017916863346e-12
3.354711256335653248e-12
3.240265690313091236e-12
3.129271468638766314e-12
3.020595297100721842e-12
2.915693329999259064e-12
2.814434493347066231e-12
2.716692265212853023e-12
2.622344517633526999e-12
2.531273364016368576e-12
2.443365011840979255e-12
2.358509620476568879e-12
2.276601163937150864e-12
2.197537298403189221e-12
2.121219234343888421e-12
2.047551613080716955e-12
1.976442387637612251e-12
1.907802707729176000e-12
1.841546808743177234e-12
1.777591904578416607e-12
1.715858084204367873e-12
1.656268211813076936e-12
1.598747830438716147e-12
1.543225068924390170e-12
1.489630552119757453e-12
1.437897314197481676e-12
1.387960714980105664e-12
1.339758359172714052e-12
1.293230018400699706e-12
1.248317555954933285e-12
1.204964854150534143e-12
1.163117744208387817e-12
1.122723938571734195e-12
1.083732965573419415e-12
1.046096106372031687e-12
1.009766334078156314e-12
9.746982549947745038e-13
9.408480518982335576e-13
9.081734292890915350e-13
8.766335605442948263e-13
8.461890369046884548e-13
8.168018182341880151e-13
7.884351854889603220e-13
7.610536948373675733e-13
7.346231333732395929e-13
7.091104763671619012e-13
6.844838460024249501e-13
6.607124715439699646e-13
6.377666508906814693e-13
6.156177134628967459e-13
5.942379843787826429e-13
5.736007498748502877e-13
5.536802239273652013e-13
5.344515160329615766e-13
5.158906001081978686e-13
4.979742844692082149e-13
4.806801828539060665e-13
4.639866864505763246e-13
4.478729368978727637e-13
4.323188002224970784e-13
4.173048416820020893e-13
4.028123014812593356e-13
3.888230713322849618e-13
3.753196718281079597e-13
3.622852306024200570e-13
3.497034612477239740e-13
3.375586429656179084e-13
3.258356009238104315e-13
3.145196872953269994e-13
3.035967629561779283e-13
2.930531798186724135e-13
2.828757637782577200e-13
2.730517982526032832e-13
2.635690082923649111e-13
2.544155452437425237e-13
2.455799719437123179e-13
2.370512484293955570e-13
2.288187181437364341e-13
2.208720946202367356e-13
2.132014486301150877e-13
2.057971957758357872e-13
1.986500845154920024e-13
1.917511846030976216e-13
1.850918759303310486e-13
1.786638377557936258e-13
1.724590383083234583e-13
1.664697247513784464e-13
1.606884134959386976e-13
1.551078808498345626e-13
1.497211539918193220e-13
1.445215022590897082e-13
1.395024287373939066e-13
1.346576621431967408e-13
1.299811489877715012e-13
1.254670460134295769e-13
1.211097128924209011e-13
1.169037051794039283e-13
1.128437675086611961e-13
1.089248270275705371e-13
1.051419870581293262e-13
1.014905209785982598e-13
9.796586631763542175e-14
9.456361905353426080e-14
9.127952811143694006e-14
8.810949005166313795e-14
8.504954394249786612e-14
8.209586641104739551e-14
7.924476686597329444e-14
7.649268288613083192e-14
7.383617576936298204e-14
7.127192623587201310e-14
6.879673028081292702e-14
6.640749517092172963e-14
6.410123558017223150e-14
6.187506985964401377e-14
5.972621643692722377e-14
5.765199034057599843e-14
5.564979984526363297e-14
5.371714323344471146e-14
5.185160566948546474e-14
5.005085618234983918e-14
4.831264475307261007e-14
4.663479950338442440e-14
4.501522398196883776e-14
4.345189454496860895e-14
4.194285782746207091e-14
4.048622830275167964e-14
3.908018592641824218e-14
3.772297386219132958e-14
3.641289628680091697e-14
3.514831627106250951e-14
3.392765373454930869e-14
3.274938347129766815e-14
3.161203324407697561e-14
3.051418194484351328e-14
2.945445781907968230e-14
2.843153675180057295e-14
2.744414061308441633e-14
2.649103566106220341e-14
2.557103100036906613e-14
2.468297709413203205e-14
2.382576432763527432e-14
2.299832162186671218e-14
2.219961509521562419e-14
2.142864677164751610e-14
2.068445333374270449e-14
1.996610491904089962e-14
1.927270395818660939e-14
1.860338405342529621e-14
1.795730889604772335e-14
1.733367122143029837e-14
1.673169180036605670e-14
1.615061846542492546e-14
1.558972517112810924e-14
1.504831108676128341e-14
1.452569972069334582e-14
1.402123807510696656e-14
1.353429583008379735e-14
1.306426455602610745e-14
1.261055695342986161e-14
1.217260611905965681e-14
