7.001834482466438870e-10
7.094646227300645851e-10
7.188688224006806277e-10
7.283976780000228544e-10
7.380528418856667589e-10
7.478359883177606150e-10
7.577488137493517061e-10
7.677930371205576008e-10
7.779704001566531974e-10
7.882826676700763304e-10
7.987316278664690871e-10
8.093190926547597988e-10
8.200468979613577737e-10
8.309169040485142282e-10
8.419309958369013226e-10
8.530474280945421998e-10
8.642639864002022686e-10
8.756280290966250073e-10
8.871414954279999374e-10
8.988063501372691709e-10
9.106245838014059435e-10
9.225982131710974705e-10
9.347292815149172218e-10
9.470198589679657306e-10
9.594720428851670841e-10
9.720879581991741550e-10
9.848697577829631196e-10
9.978196228172311032e-10
1.010939763162605743e-09
1.024232417736750624e-09
1.037583623413890240e-09
1.051105644701904208e-09
1.064803887988407844e-09
1.078680649837795509e-09
1.092738256743819231e-09
1.106979065519598370e-09
1.121405463692785095e-09
1.136019869905806268e-09
1.150824734321395152e-09
1.165822539033333529e-09
1.181015798482617431e-09
1.196407059878998925e-09
1.211998903628021625e-09
1.227793943763669028e-09
1.243722767578654222e-09
1.259772576001037100e-09
1.276029501601875202e-09
1.292496217156095304e-09
1.309175429929851913e-09
1.326069882125640591e-09
1.343182351333107263e-09
1.360515650985723458e-09
1.378072630823354602e-09
1.395856177360742446e-09
1.413869214362117310e-09
1.432114703321849578e-09
1.450595643951361292e-09
1.469315074672321841e-09
1.488276073116153792e-09
1.507290785577599289e-09
1.526537554629652576e-09
1.546030087884935232e-09
1.565771523534755147e-09
1.585765039842370835e-09
1.606013855654623321e-09
1.626521230920204086e-09
1.647290467214437886e-09
1.668324908270870165e-09
1.689627940519536438e-09
1.711202993632214101e-09
1.733053541074524964e-09
1.755183100665200128e-09
1.777595235142373618e-09
1.800178073353910052e-09
1.822894938946264939e-09
1.845898473946485541e-09
1.869192295902471235e-09
1.892780068012799344e-09
1.916665499702801836e-09
1.940852347207910880e-09
1.965344414164367338e-09
1.990145552207381123e-09
2.015259661576843300e-09
2.040690691730678443e-09
2.066442641965938163e-09
2.092519562047725137e-09
2.118925552846095296e-09
2.145664766980911701e-09
2.172414287911137581e-09
2.199468529386112377e-09
2.226859691855328028e-09
2.254591971176806339e-09
2.282669615461869094e-09
2.311096925725821895e-09
2.339878256546821719e-09
2.369018016732955483e-09
2.398520669997534166e-09
2.428390735642887867e-09
2.458632789252674616e-09
2.489251463392721144e-09
2.520251448320685119e-09
2.551637492704550844e-09
2.583226105982682193e-09
2.614927801757640006e-09
2.647018544977062547e-09
2.679503110083159052e-09
2.712386330110696998e-09
2.745673097406126050e-09
2.779368364355413453e-09
2.813477144120879980e-09
2.848004511387009129e-09
2.882955603115524888e-09
2.918335619309620590e-09
2.954149823787634179e-09
2.990403544966150431e-09
3.027102176652829174e-09
3.064251178848846578e-09
3.101330863805911131e-09
3.138795861062806030e-09
3.176713446605536709e-09
3.215089087834916153e-09
3.253928318199582371e-09
3.293236737993875306e-09
3.333020015165352059e-09
3.373283886132058702e-09
3.414034156609673256e-09
3.455276702448642659e-09
3.497017470481431614e-09
3.539262479380004889e-09
3.582017820523670893e-09
3.625289658877408928e-09
3.668779524080324542e-09
3.712288347306827001e-09
3.756313150762211778e-09
3.800860053563864304e-09
3.845935247397060508e-09
3.891544997375552710e-09
3.937695642912447696e-09
3.984393598601168142e-09
4.031645355107250913e-09
4.079457480070328795e-09
4.127836619017061613e-09
4.176789496284800018e-09
4.226322915956215204e-09
4.276443762805018642e-09
4.327159003252890104e-09
4.377569712710839986e-09
4.428426908282304312e-09
4.479874946378534711e-09
4.531920691217761415e-09
4.584571086764514586e-09
4.637833157656009524e-09
4.691714010139492016e-09
4.746220833020283279e-09
4.801360898620928133e-09
4.857141563751475382e-09
4.913570270691021911e-09
4.970654548180691720e-09
5.028402012428033371e-09
5.086820368123306493e-09
5.145431444642836036e-09
5.203819010080026272e-09
5.262869125943598606e-09
5.322589310496483263e-09
5.382987167314758160e-09
5.444070386255781929e-09
5.505846744437175396e-09
5.568324107227141246e-09
5.631510429245790963e-09
5.695413755377975383e-09
5.760042221797464153e-09
5.825404057002986146e-09
5.891507582865785875e-09
5.958361215689214562e-09
6.025973467280197033e-09
6.092828183841912836e-09
6.160131428843146003e-09
6.228178126088724902e-09
6.296976487979696741e-09
6.366534817633802194e-09
6.436861509887561697e-09
6.507965052309431908e-09
6.579854026224144817e-09
6.652537107748348625e-09
6.726023068837809305e-09
6.800320778345923020e-09
6.875439203094180485e-09
6.951387408954326828e-09
7.028174561942502338e-09
7.105037050390157100e-09
7.181131436704780239e-09
7.258040787893946354e-09
7.335773832167229430e-09
7.414339391212522941e-09
7.493746381197419729e-09
7.574003813780845627e-09
7.655120797136003117e-09
7.737106536983818520e-09
7.819970337637762111e-09
7.903721603059866582e-09
7.988369837927720559e-09
8.073924648713398317e-09
8.160395744773395975e-09
8.247792939450781829e-09
8.333585358917430242e-09
8.419681968131063483e-09
8.506668065578011803e-09
8.594552840810854649e-09
8.683345578322016525e-09
8.773055658524583170e-09
8.863692558743431021e-09
8.955265854216228249e-09
9.047785219105149443e-09
9.141260427518852294e-09
9.235701354545053768e-09
9.331117977293737209e-09
9.427520375951321238e-09
9.524918734845348736e-09
9.622103284198001399e-09
9.717407493975940844e-09
9.813655664978688753e-09
9.910857146875019344e-09
1.000902138193952449e-08
1.010815790596983788e-08
1.020827634921302771e-08
1.030938643730097249e-08
1.041149799219520646e-08
1.051462093314098804e-08
1.061876527763095699e-08
1.072394114237812048e-08
1.083015874429868262e-08
1.093742840150451399e-08
1.104576053430543973e-08
1.115097484082311715e-08
1.125604606444327722e-08
1.136210733262820599e-08
1.146916797417609025e-08
1.157723740578668883e-08
1.168632513288959513e-08
1.179644075048030830e-08
1.190759394396416920e-08
1.201979449000826546e-08
1.213305225740134358e-08
1.224737720792184905e-08
1.236277939721411898e-08
1.247926897567284996e-08
1.259685618933588900e-08
1.271367425028430871e-08
1.282654724311691440e-08
1.294042233119438646e-08
1.305530841119656372e-08
1.317121445878870697e-08
1.328814952932270001e-08
1.340612275854463808e-08
1.352514336330839527e-08
1.364522064229582419e-08
1.376636397674319922e-08
1.388858283117414651e-08
1.401188675413906733e-08
1.413628537896114582e-08
1.426178842448895266e-08
1.438840569585576374e-08
1.450940074103815877e-08
1.462926899519262602e-08
1.475012753134498593e-08
1.487198453063078507e-08
1.499484824177337286e-08
1.511872698164226511e-08
1.524362913581615946e-08
1.536956315915044749e-08
1.549653757634973292e-08
1.562456098254474701e-08
1.575364204387420730e-08
1.588378949807144417e-08
1.601501215505590777e-08
1.614731889752939317e-08
1.627795572897260581e-08
1.640115991860421720e-08
1.652529661306604833e-08
1.665037287027757909e-08
1.677639580157819236e-08
1.690337257213141054e-08
1.703131040133216292e-08
1.716021656321745764e-08
1.729009838687985627e-08
1.742096325688407498e-08
1.755281861368703681e-08
1.768567195406082236e-08
1.781953083151878029e-08
1.795440285674521787e-08
1.809029569802799992e-08
1.821687702383099480e-08
1.834056544289438275e-08
1.846509367796961470e-08
1.859046743121489768e-08
1.871669244350481919e-08
1.884377449469308293e-08
1.897171940387738196e-08
1.910053302966571115e-08
1.923022127044467810e-08
1.936079006464961071e-08
1.949224539103634224e-08
1.962459326895520662e-08
1.975783975862649622e-08
1.989199096141802726e-08
2.002321193837441383e-08
2.014162331189954235e-08
2.026073493538576928e-08
2.038055094990488477e-08
2.050107552101791688e-08
2.062231283891963009e-08
2.074426711858453924e-08
2.086694259991309218e-08
2.099034354787944393e-08
2.111447425267936983e-08
2.123933902987977344e-08
2.136494222056837649e-08
2.149128819150498040e-08
2.161838133527300249e-08
2.174622607043228598e-08
2.185927129420595998e-08
2.196642795760988252e-08
2.207410991530917749e-08
2.218231974235697842e-08
2.229106002642948283e-08
2.240033336788811985e-08
2.251014237984153581e-08
2.262048968820814232e-08
2.273137793177894560e-08
2.284280976228047843e-08
2.295478784443847641e-08
2.306731485604141548e-08
2.318039348800460840e-08
2.329402644443458921e-08
2.340311967457586070e-08
2.349142114398970845e-08
2.358005578050298368e-08
2.366902484117658405e-08
2.375832958781419284e-08
2.384797128698054640e-08
2.393795121001902004e-08
2.402827063306999141e-08
2.411893083708880027e-08
2.420993310786377108e-08
2.430127873603477494e-08
2.439296901711116287e-08
2.448500525149051964e-08
2.457738874447671288e-08
2.467012080629875935e-08
2.474112416100654334e-08
2.480193739936681234e-08
2.486290011557359271e-08
2.492401267704074294e-08
2.498527545208522076e-08
2.504668880992929669e-08
2.510825312070278739e-08
2.516996875544527590e-08
2.523183608610836147e-08
2.529385548555793602e-08
2.535602732757624548e-08
2.541835198686442753e-08
2.548082983904458954e-08
2.554346126066210477e-08
2.559986498256080021e-08
2.562453102747175891e-08
2.564922083867107198e-08
2.567393443905803360e-08
2.569867185155401047e-08
2.572343309910260717e-08
2.574821820466937839e-08
2.577302719124201414e-08
2.579786008183050192e-08
2.582271689946684216e-08
2.584759766720523352e-08
2.587250240812224492e-08
2.589743114531646153e-08
2.592238390190894465e-08
2.594736070104287111e-08
2.594338318312595473e-08
2.592407391458698579e-08
2.590477901764515384e-08
2.588549848160389850e-08
2.586623229577461691e-08
2.584698044947661072e-08
2.582774293203728795e-08
2.580851973279184206e-08
2.578931084108346036e-08
2.577011624626325457e-08
2.575093593769027072e-08
2.573176990473146599e-08
2.571261813676172197e-08
2.569348062316381813e-08
2.566731076869391766e-08
2.559812362397832319e-08
2.552912297566030908e-08
2.546030832103223342e-08
2.539167915874156807e-08
2.532323498878705723e-08
2.525497531251535572e-08
2.518689963261721410e-08
2.511900745312394489e-08
2.505129827940360765e-08
2.498377161815771681e-08
2.491642697741743660e-08
2.484926386654010031e-08
2.478228179620543830e-08
2.471548027841230906e-08
2.461452976378699700e-08
2.449368565672582281e-08
2.437343482925805877e-08
2.425377436869997288e-08
2.413470137666736061e-08
2.401621296900571105e-08
2.389830627571996602e-08
2.378097844090535124e-08
2.366422662267804864e-08
2.354804799310620952e-08
2.343243973814181472e-08
2.331739905755210797e-08
2.320292316485216078e-08
2.308900928723700397e-08
2.296915068969690511e-08
2.279959186244690971e-08
2.263128472257041947e-08
2.246422003008089199e-08
2.229838861320160109e-08
2.213378136786213532e-08
2.197038925719842020e-08
2.180820331105686642e-08
2.164721462550172430e-08
2.148741436232632256e-08
2.132879374856784087e-08
2.117134407602572864e-08
2.101505670078344902e-08
2.085992304273420660e-08
2.070593458510970599e-08
2.051970601051751218e-08
2.031317547543184180e-08
2.010872366710286942e-08
1.990632966317673544e-08
1.970597275188280368e-08
1.950763242991410044e-08
1.931128840032909145e-08
1.911692057047477690e-08
1.892450904993028412e-08
1.873403414847157967e-08
1.854547637405643428e-08
1.835881643082969660e-08
1.817403521714882634e-08
1.799111382362891247e-08
1.780576783613240012e-08
1.757818089360893796e-08
1.735350288581287620e-08
1.713169663178322064e-08
1.691272542579255934e-08
1.669655303127306225e-08
1.648314367481963011e-08
1.627246204026999119e-08
1.606447326286051473e-08
1.585914292345634490e-08
1.565643704285580241e-08
1.545632207616708823e-08
1.525876490725718376e-08
1.506373284327171634e-08
1.487119360922452641e-08
1.466031437677741671e-08
1.443721620981359462e-08
1.421751311275230002e-08
1.400115341999812697e-08
1.378808625219378322e-08
1.357826150425548678e-08
1.337162983358999481e-08
1.316814264849124986e-08
1.296775209671358109e-08
1.277041105421852918e-08
1.257607311409333426e-08
1.238469257563765261e-08
1.219622443361661270e-08
1.201062436767741483e-08
1.182660285671785032e-08
1.162637767396593346e-08
1.142954231704087862e-08
1.123603939596321946e-08
1.104581249236961278e-08
1.085880614306349341e-08
1.067496582384386363e-08
1.049423793360820529e-08
1.031656977872419253e-08
1.014190955766632402e-08
9.970206345912351055e-09
9.801410081095618830e-09
9.635471548408749863e-09
9.472342366254349994e-09
9.311974972138763220e-09
9.150401152836248997e-09
8.988443634742115063e-09
8.829352683613637213e-09
8.673077562651032681e-09
8.519568433070433650e-09
8.368776338209595229e-09
8.220653187914570229e-09
8.075151743203089079e-09
7.932225601199215289e-09
7.791829180334642569e-09
7.653917705812097373e-09
7.518447195325698479e-09
7.385374445034381717e-09
7.254657015783410236e-09
7.126109615318799911e-09
6.995820977725378803e-09
6.867914443411629555e-09
6.742346459722951917e-09
6.619074270289919951e-09
6.498055900469746907e-09
6.379250143053674619e-09
6.262616544235686608e-09
6.148115389837995438e-09
6.035707691788111246e-09
5.925355174843301811e-09
5.817020263557640699e-09
5.710666069487565495e-09
5.606256378631152611e-09
5.503755639097046379e-09
5.398326577885847925e-09
5.290582872947575301e-09
5.184989594773288670e-09
5.081503823590832333e-09
4.980083496251893178e-09
4.880687389134886313e-09
4.783275101389070897e-09
4.687807038513095921e-09
4.594244396261296458e-09
4.502549144871198201e-09
4.412684013605822961e-09
4.324612475604508537e-09
4.238298733036087095e-09
4.153707702548387762e-09
4.070731841341502897e-09
3.979626890992074352e-09
3.890560913559966541e-09
3.803488275843673697e-09
3.718364365934825219e-09
3.635145570361216661e-09
3.553789251741229827e-09
3.474253726938515157e-09
3.396498245705503942e-09
3.320482969804892795e-09
3.246168952598466553e-09
3.173518119092598086e-09
3.102493246430471543e-09
3.033057944820838175e-09
2.965176638893589905e-09
2.898565665046678912e-09
2.833201833311099542e-09
2.769311982500169898e-09
2.706862873746047528e-09
2.645822017730810493e-09
2.586157657783838806e-09
2.527838753360349940e-09
2.470834963892409221e-09
2.415116633004197884e-09
2.360654773083234733e-09
2.307421050199430147e-09
2.255387769364314798e-09
2.204527860122673384e-09
2.154814862469009705e-09
2.106222913081688389e-09
2.062960676149063768e-09
2.020669055613597865e-09
1.979244432296343096e-09
1.938669032364889423e-09
1.898925446358352216e-09
1.859996621717615340e-09
1.821865855468699641e-09
1.784516787056095350e-09
1.747933391323007547e-09
1.712099971635582967e-09
1.677001153147992214e-09
1.642621876205651558e-09
1.608947389883674694e-09
1.575963245657761290e-09
1.543980027917832550e-09
1.513008625704928804e-09
1.482658493027698405e-09
1.452917167556108519e-09
1.423772436947715584e-09
1.395212333833026354e-09
1.367225130901514021e-09
1.339799336086120095e-09
1.312923687844436340e-09
1.286587150534484119e-09
1.260778909883284368e-09
1.235488368546295233e-09
1.210705141755980685e-09
1.186419053057590448e-09
1.162620130130554767e-09
1.140037014751527315e-09
1.117927490206527841e-09
1.096246750928397546e-09
1.074986481188550657e-09
1.054138526531077592e-09
1.033694890645059267e-09
1.013647732297543710e-09
9.939893623260211705e-10
9.747122406892247620e-10
9.558089735751107897e-10
9.372723105649227542e-10
9.190951418522949186e-10
9.012704955162266322e-10
8.837915348470040727e-10
8.672486649552429393e-10
8.517597105793179209e-10
8.365473870214626419e-10
8.216067536893301880e-10
8.069329582289410405e-10
7.925212349487602865e-10
7.783669032719203738e-10
7.644653662160706635e-10
7.508121089004086554e-10
7.374026970793443604e-10
7.242327757023675840e-10
7.112980674996372179e-10
6.985943715928160832e-10
6.861175621307454920e-10
6.738635869494578391e-10
6.621923770906058346e-10
6.507513300951604931e-10
6.395079561036344925e-10
6.284588398152694983e-10
6.176006249372602221e-10
6.069300131652421156e-10
5.964437631813953235e-10
5.861386896698575977e-10
5.760116623491489037e-10
5.660596050213135552e-10
5.562794946374907750e-10
5.466683603796295477e-10
5.372232827580712767e-10
5.279413927247116661e-10
5.189061349871039114e-10
5.101455240811177948e-10
5.015328171952836326e-10
4.930655172892243217e-10
4.847411694796979806e-10
4.765573603288775843e-10
4.685117171446263734e-10
4.606019072925969826e-10
4.528256375199436675e-10
4.451806532904434209e-10
4.376647381308620399e-10
4.302757129883281582e-10
4.230114355985837212e-10
4.158697998648820843e-10
4.088487352473725907e-10
4.018289589525955427e-10
3.949170110518512786e-10
3.881239570802747535e-10
3.814477519173576837e-10
3.748863856211589875e-10
3.684378828231890282e-10
3.621003021337026326e-10
3.558717355572290382e-10
3.497503079181409698e-10
3.437341762961189676e-10
3.378215294713183366e-10
3.320105873790874998e-10
3.262996005740525679e-10
3.206868497034338661e-10
3.150631139661060902e-10
3.093710209809073547e-10
3.037817642882363777e-10
2.982934859945025261e-10
2.929043617717842445e-10
2.876126002514105912e-10
2.824164424284991448e-10
2.773141610772617336e-10
2.723040601768625083e-10
2.673844743476554257e-10
2.625537682976000338e-10
2.578103362786901760e-10
2.531526015531915573e-10
2.485790158695283206e-10
2.440880589476385153e-10
2.393888477993796409e-10
2.347392521592908586e-10
2.301799645674468361e-10
2.257092309909800774e-10
2.213253314652062725e-10
2.170265794319275516e-10
2.128113210905876700e-10
2.086779347620258251e-10
2.046248302645874674e-10
2.006504483023613973e-10
1.967532598652860768e-10
1.929317656409211526e-10
1.891844954376306336e-10
1.855100076189817842e-10
1.817892860019434234e-10
1.779391823611195398e-10
1.741706198186234355e-10
1.704818714207602204e-10
1.668712467888730996e-10
1.633370913447292870e-10
1.598777855523003288e-10
1.564917441756076193e-10
1.531774155522856395e-10
1.499332808825242683e-10
1.467578535330796094e-10
1.436496783560162071e-10
1.406073310218835641e-10
1.376294173670150360e-10
1.347145727546446748e-10
1.316258754150153241e-10
1.285666053189020885e-10
1.255784392780621182e-10
1.226597246804292223e-10
1.198088473242166572e-10
1.170242305251779007e-10
1.143043342446210399e-10
1.116476542376836409e-10
1.090527212214080883e-10
1.065181000621521406e-10
1.040423889818840462e-10
1.016242187829251951e-10
9.926225209071308115e-11
9.695518261416407046e-11
9.462909736336037369e-11
9.221770506108448923e-11
8.986776122442322717e-11
8.757769998874194253e-11
8.534599539165627098e-11
8.317116035622001188e-11
8.105174570002572357e-11
7.898633916955256410e-11
7.697356449912483605e-11
7.501208049384894630e-11
7.310058013591960115e-11
7.123778971370101067e-11
6.942246797299873827e-11
6.765340528996053952e-11
6.592942286505655479e-11
6.412502475572889262e-11
6.234364094592652125e-11
6.061174371784370076e-11
5.892795834147710853e-11
5.729094827662192242e-11
5.569941411196522572e-11
5.415209253365007362e-11
5.264775532249395571e-11
5.118520837906317946e-11
4.976329077583172540e-11
4.838087383567086396e-11
4.703686023593723338e-11
4.573018313745022651e-11
4.445980533766525709e-11
4.319450219762553547e-11
4.189917456629989334e-11
4.064269154683693167e-11
3.942388825721481001e-11
3.824163474818670742e-11
3.709483495570960025e-11
3.598242568478523657e-11
3.490337562377571752e-11
3.385668438827644551e-11
3.284138159366239668e-11
3.185652595544836067e-11
3.090120441662522702e-11
2.997453130116802694e-11
2.907564749292789594e-11
2.820371963914783657e-11
2.731397728306978659e-11
2.644128157001432587e-11
2.559646893673492425e-11
2.477864850439918801e-11
2.398695785821496591e-11
2.322056213798855051e-11
2.247865315774197023e-11
2.176044855345750168e-11
2.106519095805278014e-11
2.039214720271576209e-11
1.974060754375746303e-11
1.910988491416716492e-11
1.849931419908078814e-11
1.790825153439845906e-11
1.732803872036523697e-11
1.674673513689517891e-11
1.618493254032896459e-11
1.564197673120689845e-11
1.511723545649360097e-11
1.461009767334152629e-11
1.411997283755272598e-11
1.364629021591115363e-11
1.318849822158357118e-11
1.274606377181600216e-11
1.231847166717777449e-11
1.190522399162930371e-11
1.150583953271680903e-11
1.111985322121699566e-11
1.074681558958026950e-11
1.037658899023254727e-11
1.001628108879111951e-11
9.668484214235629321e-12
9.332763944248069724e-12
9.008700941023645531e-12
8.695890427488933007e-12
8.393941681707211197e-12
8.102477548839992508e-12
7.821133970054437053e-12
7.549559527788757971e-12
7.287415006807452895e-12
7.034372970497916586e-12
6.790117351879682150e-12
6.554343058814812093e-12
6.325445137575614620e-12
6.100832792409753911e-12
5.884196282067131240e-12
5.675252389963723366e-12
5.473727956347875271e-12
5.279359521188744691e-12
5.091892979745874575e-12
4.911083250368803777e-12
4.736693954093439721e-12
4.568497105615217152e-12
4.406272815236012940e-12
4.249809001394418376e-12
4.098901113404080206e-12
3.953351864037305250e-12
3.812970971604542549e-12
3.676258125242559059e-12
3.544003245578919255e-12
3.416506288944307258e-12
3.293596087124710200e-12
3.175107629752128820e-12
3.060881842773594302e-12
2.950765374889834035e-12
2.844610391676834927e-12
2.742274377114087740e-12
2.643619942252809721e-12
2.548514640767471122e-12
2.456830791142922596e-12
2.368445305258368760e-12
2.283239523138197792e-12
2.200974529494226403e-12
2.121266228153179930e-12
2.044444563262268269e-12
1.970404995270991700e-12
1.899046770529030858e-12
1.830272784179968873e-12
1.763989448020111826e-12
1.700106563142964448e-12
1.638537197195767051e-12
1.579197566081268751e-12
1.522006919943627009e-12
1.466887433283369035e-12
1.413764099051770078e-12
1.362564626580703221e-12
1.313219343208834812e-12
1.265661099470578266e-12
1.219825177718482943e-12
1.175649204054978794e-12
1.133073063453429143e-12
1.092038817953131219e-12
1.052490627816855381e-12
1.014374675543690631e-12
9.776390926337186974e-13
9.422338890049724644e-13
9.081108849664744877e-13
8.752236456549746998e-13
8.435274178459619348e-13
8.129790690531427143e-13
7.835370288333759009e-13
7.551612322172875491e-13
7.278130651885258696e-13
7.014553121375040930e-13
6.760521052180726335e-13
6.515688755382870528e-13
6.279723061187432566e-13
6.052302865545972857e-13
5.833118693194314910e-13
5.621872276516305120e-13
5.418276149658622208e-13
5.222053257344989030e-13
5.032936577857041851e-13
4.850668759669072765e-13
4.675001771241818166e-13
4.505696563499292352e-13
4.342522744528616697e-13
4.185258266061082802e-13
4.033689121306827438e-13
3.887609053732802045e-13
3.746819276387071894e-13
3.611128201387975497e-13
3.480351179209731840e-13
3.354310247409914956e-13
3.232833888456602361e-13
3.115756796326039156e-13
3.002919651552688986e-13
2.894168904426181002e-13
2.789356566039454926e-13
2.688340006904356145e-13
2.590981762860175906e-13
2.497149348011344056e-13
2.406715074439515415e-13
2.319555878444845062e-13
2.235553153079829854e-13
2.154592586748086755e-13
2.076564007648089150e-13
2.001361233850601896e-13
1.928881928805337332e-13
1.859027462080615396e-13
1.791702775146208228e-13
1.726816252016946500e-13
1.664279594580920819e-13
1.604007702442716536e-13
1.545918557118050994e-13
1.489933110422401266e-13
1.435975176901543126e-13
1.383971330157786074e-13
1.333850802930718251e-13
1.285545390796562353e-13
1.238989359354997505e-13
1.194119354777297257e-13
1.150874317593860393e-13
1.109195399604053828e-13
1.069025883795041364e-13
1.030311107160849837e-13
9.929983863164759853e-14
9.570369458059019344e-14
9.223778490064720480e-14
8.889739315355103146e-14
8.567797370686355952e-14
8.257514554824532561e-14
7.958468632373407836e-14
7.670252659193415304e-14
7.392474428628651448e-14
7.124755937788815638e-14
6.866732873159720246e-14
6.618054114842575604e-14
6.378381258747124375e-14
6.147388156088554749e-14
5.924760469561651345e-14
5.710195245587973182e-14
5.503400502053990427e-14
5.304094830979737170e-14
5.112007015576270069e-14
4.926875661171739055e-14
4.748448839503454630e-14
4.576483745891625858e-14
4.410746368829022442e-14
4.251011171536057542e-14
4.097060785048479975e-14
3.948685712419959430e-14
3.805684043636913049e-14
3.667861180857686052e-14
3.535029573602264785e-14
3.407008463532012762e-14
3.283623638472233076e-14
3.164707195342788597e-14
3.050097311674335275e-14
2.939638025398838586e-14
2.833179022615212463e-14
2.730575433040909540e-14
2.631687632871182885e-14
2.536381054777965214e-14
2.444526004789530564e-14
2.355997485801814241e-14
2.270675027481420825e-14
2.188442522328492625e-14
2.109188067676805004e-14
2.032803813415591964e-14
1.959185815226311252e-14
1.888233893134305864e-14
1.819851495183107066e-14
1.753945566045727153e-14
1.690426420394236227e-14
1.629207620855184954e-14
1.570205860384979943e-14
1.513340848904898182e-14
1.458535204041781058e-14
1.405714345825391205e-14
1.354806395199433619e-14
1.305742076207905449e-14
1.258454621723831831e-14
1.212879682592002083e-14
1.168955240062132456e-14
1.126621521393207438e-14
1.085820918514288986e-14
1.046497909630925594e-14
1.008598983670703156e-14
9.720725674648869805e-15
9.368689555672695292e-15
9.029402426145594763e-15
8.702402581364065041e-15
8.387245037262024792e-15
8.083500924873362914e-15
7.790756906723108256e-15
7.508614614354724701e-15
7.236690106226817191e-15
6.974613345242468367e-15
6.722027695199674612e-15
