3.816530208449881066e-09
3.868140951552105712e-09
3.920449624097588475e-09
3.973465664150565286e-09
4.027198637405682892e-09
4.081658238914036102e-09
4.136854294832385955e-09
4.192796764196108037e-09
4.249495740716123245e-09
4.306961454600037652e-09
4.365204274398083725e-09
4.424234708873852145e-09
4.484063408900406492e-09
4.544701169382024813e-09
4.606158931201922107e-09
4.668447783196337535e-09
4.731578964155221278e-09
4.795563864850161281e-09
4.859265418812266020e-09
4.923198090230333496e-09
4.987971914810938403e-09
5.053597959487893324e-09
5.120087436801096134e-09
5.187451706812258791e-09
5.255702279045825429e-09
5.324850814455411460e-09
5.394909127416223588e-09
5.465889187743476459e-09
5.537803122737581831e-09
5.610663219256133445e-09
5.684481925813186363e-09
5.759271854706138502e-09
5.835045784170614711e-09
5.911816660563684268e-09
5.989597600575817109e-09
6.068401893471934486e-09
6.148243003361944474e-09
6.229134571501156068e-09
6.311090418620954860e-09
6.394124547290143951e-09
6.478251144307356253e-09
6.563484583124936045e-09
6.649839426304719100e-09
6.737330428006115865e-09
6.825972536506939417e-09
6.915780896757389293e-09
7.006770852967644505e-09
7.098957951229496682e-09
7.192357942172481613e-09
7.286986783654951725e-09
7.382860643490526242e-09
7.479995902210592370e-09
7.578409155862676331e-09
7.678117218846372534e-09
7.779137126785850677e-09
7.881486139440617472e-09
7.985181743654405593e-09
8.090241656342892159e-09
8.196683827520723158e-09
8.304526443368356719e-09
8.413787929339272775e-09
8.524486953308048770e-09
8.636642428759860568e-09
8.750273518021949541e-09
8.865399635537598472e-09
8.982040451183188677e-09
9.100215893628897519e-09
9.219946153743615351e-09
9.341251688044649317e-09
9.464153222192827793e-09
9.588671754533584490e-09
9.714828559684624405e-09
9.842645192170811854e-09
9.971413625628791598e-09
1.009781230676233076e-08
1.022581323078661029e-08
1.035543670789997122e-08
1.048670330575488206e-08
1.061963385272161617e-08
1.075424944119295093e-08
1.089057143093113066e-08
1.102862145245691167e-08
1.116842141048179100e-08
1.130999348738374661e-08
1.145336014672680318e-08
1.159854413682556348e-08
1.174556849435455636e-08
1.189445654800368854e-08
1.204523192217969087e-08
1.219791854075483468e-08
1.235254063086279916e-08
1.250912272674304280e-08
1.266768967363353032e-08
1.282826663171305887e-08
1.299087908009356090e-08
1.315555282086274760e-08
1.332231398317839480e-08
1.349118902741410772e-08
1.366220474935806493e-08
1.383538828446453646e-08
1.401076711215976749e-08
1.418836906020196301e-08
1.436822230909701779e-08
1.455035539656977172e-08
1.473479722209225126e-08
1.492157705146929897e-08
1.511072452148203467e-08
1.530226964459064021e-08
1.549624281369624803e-08
1.569267480696371184e-08
1.589159679270499307e-08
1.609304033432495654e-08
1.629703739532939312e-08
1.650362034439683139e-08
1.671282196051464762e-08
1.692467543817995726e-08
1.713921439266692244e-08
1.735647286536030662e-08
1.757648532915714602e-08
1.779928669393639206e-08
1.802491231209841422e-08
1.825339798417414813e-08
1.848477996450596027e-08
1.871909496699993146e-08
1.895638017095144835e-08
1.919667322694465555e-08
1.944001226282627463e-08
1.968643588975575197e-08
1.993598320833147753e-08
2.018040482977799851e-08
2.042338962956373164e-08
2.066930011956355539e-08
2.091817152693257641e-08
2.117003950298304622e-08
2.142494012829155627e-08
2.168290991786745103e-08
2.194398582638395458e-08
2.220820525347180556e-08
2.247560604907688948e-08
2.274622651888230172e-08
2.302010542979577112e-08
2.329728201550289396e-08
2.357779598208772702e-08
2.386168751372056741e-08
2.414899727841446468e-08
2.443976643385104055e-08
2.473403663327620557e-08
2.503185003146737383e-08
2.533324929077200054e-08
2.563827758721911341e-08
2.594697861670441001e-08
2.625939660124956992e-08
2.657557629533744905e-08
2.689556299232305693e-08
2.721940253092194823e-08
2.754714130177678609e-08
2.787882625410264981e-08
2.821450490241294295e-08
2.855422533332571339e-08
2.889803621245222479e-08
2.924598679136843819e-08
2.959812691467016777e-08
2.995450702711377369e-08
3.031517818084224327e-08
3.068019204269854285e-08
3.104960090162708108e-08
3.142345767616393520e-08
3.180181592201792170e-08
3.218472983974229941e-08
3.257225428249916319e-08
3.296444476391727599e-08
3.336135746604456331e-08
3.376304924739601819e-08
3.416957765109923977e-08
3.458100091313727493e-08
3.499737797069114500e-08
3.541876847058269964e-08
3.584523277781918740e-08
3.627683198424042319e-08
3.671362791727068340e-08
3.715568314877537505e-08
3.760306100402460976e-08
3.805582557076475454e-08
3.851404170839883959e-08
3.897291482663172861e-08
3.941029225076992139e-08
3.985257818667832320e-08
4.029982772061989533e-08
4.075209655706866537e-08
4.120944102564769466e-08
4.167191808814477423e-08
4.213958534560727868e-08
4.261250104551584041e-08
4.309072408903933899e-08
4.357431403837089472e-08
4.406333112414627581e-08
4.455783625294557290e-08
4.505789101487904746e-08
4.556355769125811361e-08
4.607489926235241957e-08
4.659197941523398149e-08
4.711486255170921030e-08
4.764361379634052548e-08
4.817829900455694697e-08
4.871898477085671590e-08
4.926573843710146771e-08
4.981862810090359872e-08
5.037772262410775919e-08
5.094309164136751192e-08
5.151480556881826805e-08
5.209293561284753897e-08
5.267755377896363598e-08
5.326873288076373747e-08
5.386654654900323619e-08
5.447106924076566493e-08
5.508237624873672794e-08
5.570054371058180931e-08
5.632564861842883105e-08
5.695776882845753959e-08
5.759698307059645140e-08
5.824337095832852998e-08
5.889701299860701669e-08
5.955799060188244800e-08
6.022638609224214941e-08
6.090228271766409866e-08
6.158576466038462885e-08
6.227691704738376331e-08
6.297582596098751371e-08
6.368257844958942461e-08
6.439726253849227756e-08
6.511996724087163555e-08
6.585078256886228671e-08
6.658979954476914887e-08
6.733711021240395853e-08
6.809280764854967651e-08
6.885698597455235881e-08
6.962974036804437059e-08
7.041116707479855924e-08
7.120136342071558384e-08
7.200042782394568452e-08
7.276496556386554043e-08
7.351439894568700054e-08
7.427155102000624729e-08
7.503650128450140177e-08
7.580933005562665879e-08
7.659011847704566453e-08
7.737894852815028573e-08
7.817590303266872757e-08
7.898106566736134601e-08
7.979452097080697342e-08
8.061635435227818280e-08
8.144665210070946085e-08
8.228550139375690030e-08
8.313299030695215119e-08
8.398920782294889717e-08
8.485424384086623775e-08
8.572818918572811607e-08
8.661113561799864678e-08
8.750317584321714222e-08
8.840440352173151364e-08
8.931491327853285311e-08
9.023480071318966090e-08
9.116416240988599326e-08
9.210309594756211435e-08
9.305169991016055095e-08
9.401007389697586884e-08
9.497831853311272399e-08
9.595653548005165881e-08
9.694482744632191590e-08
9.794329819828621880e-08
9.895205257103534952e-08
9.997119647939620190e-08
1.010008369290511670e-07
1.020410820277740647e-07
1.030920409967805973e-07
1.041538241821969103e-07
1.052265430666442245e-07
1.063103102809446456e-07
1.074052396159475573e-07
1.085114460344758701e-07
1.096290456833974973e-07
1.107581559058197979e-07
1.118988952534110469e-07
1.130513834988464329e-07
1.142157416483846185e-07
1.153920919545723870e-07
1.165805579290815460e-07
1.177812643556757842e-07
1.189943373033130271e-07
1.202199041393829471e-07
1.214580935430784775e-07
1.227090355189075094e-07
1.239728614103426957e-07
1.252497039136115314e-07
1.265396970916299658e-07
1.278210174644359726e-07
1.289937255104013334e-07
1.301771926958915347e-07
1.313715177318202288e-07
1.325768002347360957e-07
1.337931407351308065e-07
1.350206406858233533e-07
1.362594024704238664e-07
1.375095294118711774e-07
1.387711257810529146e-07
1.400442968055006669e-07
1.413291486781676006e-07
1.426257885662867304e-07
1.439343246203075665e-07
1.452548659829189748e-07
1.465875227981503602e-07
1.479324062205608360e-07
1.492896284245081467e-07
1.506593026135072438e-07
1.520415430296700181e-07
1.534364649632364582e-07
1.548441847621884222e-07
1.562648198419563697e-07
1.576984886952102956e-07
1.591453109017456901e-07
1.606054071384546773e-07
1.620788991893942204e-07
1.635659099559412518e-07
1.650665634670462724e-07
1.665809848895757555e-07
1.681093005387547930e-07
1.696516378887000823e-07
1.712081255830550601e-07
1.727788934457174426e-07
1.743640724916686208e-07
1.759637949379025298e-07
1.775781942144510267e-07
1.792074049755156504e-07
1.808515631106977698e-07
1.825108057563318317e-07
1.841852713069262083e-07
1.858750994267034916e-07
1.875804310612525966e-07
1.893014084492822165e-07
1.910381751344857166e-07
1.927908759775152151e-07
1.945596571680611732e-07
1.963446662370492460e-07
1.981460520689421652e-07
1.999639649141612661e-07
2.017985564016153483e-07
2.036499795513510074e-07
2.055183887873125244e-07
2.074039399502253956e-07
2.093067903105913798e-07
2.112270985818094888e-07
2.129634777056915065e-07
2.146068036800171189e-07
2.162628103275125762e-07
2.179315954981933158e-07
2.196132577971309558e-07
2.213078965902813845e-07
2.230156120103534280e-07
2.247365049627272287e-07
2.264706771314156627e-07
2.282182309850744887e-07
2.299792697830542398e-07
2.317538975815034133e-07
2.335422192395165534e-07
2.353443404253295564e-07
2.371603676225654529e-07
2.389904081365232838e-07
2.408345701005201271e-07
2.426929624822818287e-07
2.445656950903787064e-07
2.464528785807161511e-07
2.483546244630721334e-07
2.502710451076859548e-07
2.522022537518998334e-07
2.541483645068468113e-07
2.561094923641954131e-07
2.580857532029433268e-07
2.600772637962663001e-07
2.620841418184151597e-07
2.641065058516703218e-07
2.661444753933502488e-07
2.681981708628691399e-07
2.702677136088542305e-07
2.723532259163157682e-07
2.744548310138717798e-07
2.765726530810317076e-07
2.787068172555307622e-07
2.808574496407258960e-07
2.830246773130461466e-07
2.852086283295035426e-07
2.874094317352564195e-07
2.896272175712363690e-07
2.918621168818312515e-07
2.941142617226306770e-07
2.963837851682251669e-07
2.986708213200717021e-07
3.009755053144171334e-07
3.032979733302820501e-07
3.056383625975101334e-07
3.079968114048730446e-07
3.103734591082432337e-07
3.127684461388303827e-07
3.151819140114752337e-07
3.176140053330139870e-07
3.200648638107039493e-07
3.225346342607144566e-07
3.249625922640773430e-07
3.270726713872940933e-07
3.291964518841841829e-07
3.313340227218557395e-07
3.334854734451090838e-07
3.356508941801854857e-07
3.377637971659937723e-07
3.398490127319611707e-07
3.419471015661497086e-07
3.440581431428539714e-07
3.461822174270103676e-07
3.483087770144548661e-07
3.503355983396400076e-07
3.523742138111553921e-07
3.544246920595635620e-07
3.564871021147907592e-07
3.585615134084508133e-07
3.605706422013933642e-07
3.625281018995531172e-07
3.644961882212415687e-07
3.664749588560889578e-07
3.684644718069107678e-07
3.704616812492695737e-07
3.723080523956648171e-07
3.741636258066464469e-07
3.760284473460573661e-07
3.779025631063216886e-07
3.797860194095900340e-07
3.815874288197164044e-07
3.832999019812390272e-07
3.850200603129421939e-07
3.867479383040309654e-07
3.884835705984920152e-07
3.902269919957860259e-07
3.917692364001108372e-07
3.933068366505493912e-07
3.948504716130338817e-07
3.964001649723604073e-07
3.979559405062843916e-07
3.994140236500638359e-07
4.007321298959355568e-07
4.020545860243165057e-07
4.033814063902534049e-07
4.047126053961685348e-07
4.060481974920102947e-07
4.071305024724416670e-07
4.081816862623975401e-07
4.092355841387554836e-07
4.102922031091037206e-07
4.113515501991270154e-07
4.122970311890781183e-07
4.130275768196770999e-07
4.137594168979146594e-07
4.144925537174123930e-07
4.152269895758535256e-07
4.159627267749950343e-07
4.163927744358149048e-07
4.167540117388644718e-07
4.171155624296505939e-07
4.174774267800487713e-07
4.178396050621729441e-07
4.180803326149520430e-07
4.180114619675920745e-07
4.179426026653390443e-07
4.178737547063240272e-07
4.178049180886775684e-07
4.177360928105331780e-07
4.173026929566410577e-07
4.167473614846186564e-07
4.161927690278227120e-07
4.156389146027966741e-07
4.150857972273951467e-07
4.144168981210119956e-07
4.133235122905898784e-07
4.122330112184370351e-07
4.111453872934906372e-07
4.100606329247650253e-07
4.089787405413059163e-07
4.074987926753098565e-07
4.058369959603160780e-07
4.041819761201791833e-07
4.025337055185260269e-07
4.008921566316864382e-07
3.991623750463289120e-07
3.968917097645808092e-07
3.946339613335783062e-07
3.923890562748423906e-07
3.901569215278793986e-07
3.879374844478090579e-07
3.853191362330576756e-07
3.824607403285225583e-07
3.796235487358916499e-07
3.768074041561543919e-07
3.740121504571867901e-07
3.711835914668342901e-07
3.677541794604901098e-07
3.643564522241078801e-07
3.609901170181024766e-07
3.576548838075469260e-07
3.543504652371827109e-07
3.507206766393080401e-07
3.468348110412152711e-07
3.429919995099403319e-07
3.391917650210932433e-07
3.354336358355494410e-07
3.317102362198884357e-07
3.274488794356080218e-07
3.232422667009833334e-07
3.190896947397759004e-07
3.149904693104709246e-07
3.109439050902162428e-07
3.067214068865383533e-07
3.023107511508921264e-07
2.979635206721128744e-07
2.936788033946130283e-07
2.894557003781706359e-07
2.852933256093278944e-07
2.808950435436292913e-07
2.765473061291719351e-07
2.722668636743780309e-07
2.680526745773378489e-07
2.639037133582183296e-07
2.597706469541206925e-07
2.556339290506403199e-07
2.515630863151725241e-07
2.475570697185454971e-07
2.436148469368517901e-07
2.397354020854270825e-07
2.359781731178469952e-07
2.322882225258728679e-07
2.286559710642518234e-07
2.250805165014881264e-07
2.215609707141252241e-07
2.181741058703489741e-07
2.149858370110124420e-07
2.118441596492272178e-07
2.087483929240814498e-07
2.056978659243654473e-07
2.026919175431754841e-07
1.999718505300336700e-07
1.973447836105974957e-07
1.947522289516664796e-07
1.921937331593376090e-07
1.896688487960256096e-07
1.872414365175182799e-07
1.850126234149699105e-07
1.828103408066249192e-07
1.806342728889179411e-07
1.784841076174266043e-07
1.763595366621237324e-07
1.742714947647941788e-07
1.722120548904141808e-07
1.701769522870371389e-07
1.681658993508507639e-07
1.661786118767773699e-07
1.641514943511026912e-07
1.619101313489074532e-07
1.596993724428093752e-07
1.575187997573030758e-07
1.553680011226520870e-07
1.532465699969841104e-07
1.507443319341736845e-07
1.480878972123066303e-07
1.454782745021483838e-07
1.429146388768064895e-07
1.403961799463494623e-07
1.378223231803015858e-07
1.346936983613368087e-07
1.316360946442659107e-07
1.286478998201456127e-07
1.257275382778545380e-07
1.228734701733079724e-07
1.197892389787037205e-07
1.165957062429686344e-07
1.134873118002984129e-07
1.104617858981826739e-07
1.075169192947950404e-07
1.046503160060680470e-07
1.018570600425008735e-07
9.913835979147976468e-08
9.649222526198879637e-08
9.391671957851538296e-08
9.140995756332812776e-08
8.920094064355387505e-08
8.723907176743173960e-08
8.532035187000153112e-08
8.344383194066106916e-08
8.160858384117167363e-08
7.981572543348529687e-08
7.851615035554418522e-08
7.723773521036109375e-08
7.598013546781851637e-08
7.474301220750479488e-08
7.352603202737639903e-08
7.233841420264457449e-08
7.118054992799539948e-08
7.004121867889392440e-08
6.892012381173235343e-08
6.781697343104435888e-08
6.673148031350546028e-08
6.524790052660036765e-08
6.376995411835658854e-08
6.232548504146018124e-08
6.091373499255990440e-08
5.953396284482226080e-08
5.804189474259363646e-08
5.638044744928664983e-08
5.476655902911223623e-08
5.319886811091950349e-08
5.167605229276151528e-08
5.019682702640253697e-08
4.889172387064782848e-08
4.763991821831036961e-08
4.642016333586128606e-08
4.523163860721810202e-08
4.407354442704982030e-08
4.304617909889412864e-08
4.223918829850513645e-08
4.144732623115451560e-08
4.067030927704993401e-08
3.990785913344595172e-08
3.915970271496525647e-08
3.836219660434107972e-08
3.756556643954367468e-08
3.678547911315601022e-08
3.602159109625486061e-08
3.527356599364593870e-08
3.449097238998057176e-08
3.359203796750974795e-08
3.271653237408921342e-08
3.186384498672256685e-08
3.103338109701339300e-08
3.022456149638472293e-08
2.950962715018652953e-08
2.883743347869455012e-08
2.818055156731713317e-08
2.753863263264902853e-08
2.691133583614944356e-08
2.631024732068976881e-08
2.576925380223972601e-08
2.523938423802075659e-08
2.472040989635044503e-08
2.421210674874610881e-08
2.371425537321792181e-08
2.318580544808316277e-08
2.264915020468721043e-08
2.212491630463898708e-08
2.161281624535194792e-08
2.111256917873208813e-08
2.062885996275145218e-08
2.018802911391803464e-08
1.975661865174849226e-08
1.933442726618213530e-08
1.892125794907740889e-08
1.851691790228137235e-08
1.812526261952713642e-08
1.774454713786155281e-08
1.737182846600894327e-08
1.700693863347631865e-08
1.664971319793829676e-08
1.630024650078466473e-08
1.596172839535693302e-08
1.563024052150857254e-08
1.530563687772523042e-08
1.498777449460335873e-08
1.467651337188061553e-08
1.437768978012538617e-08
1.409012325372938137e-08
1.380830831248840989e-08
1.353212991960663234e-08
1.326147533912598516e-08
1.299623408990732902e-08
1.275838007006191948e-08
1.252494296477455135e-08
1.229577700377240659e-08
1.207080403892441946e-08
1.184994735195760646e-08
1.163313162829534201e-08
1.142028293137429049e-08
1.121132867743115536e-08
1.100619761075083123e-08
1.080481977936746385e-08
1.060712651120987150e-08
1.041305039068387986e-08
1.022252523568268315e-08
1.003548607501804333e-08
9.851869126264454287e-09
9.671611774008447442e-09
9.494652548496300698e-09
9.320931104672002880e-09
9.150388201598958862e-09
8.982965682258180985e-09
8.818606453716129288e-09
8.657254467655252246e-09
8.498854701261103556e-09
8.343353138458805425e-09
8.190696751493006880e-09
8.040833482844866888e-09
7.893712227479731052e-09
7.749282815419941576e-09
7.607495994636196131e-09
7.468303414252087237e-09
7.331657608055945850e-09
7.197511978314223722e-09
7.065820779881328190e-09
6.936539104599896625e-09
6.809622865986652501e-09
6.685028784198452358e-09
6.562714371273266091e-09
6.442637916641482346e-09
6.324758472902029169e-09
6.209035841858882844e-09
6.095430560813066352e-09
5.984818939513807070e-09
5.876485222020475135e-09
5.770112498579707741e-09
5.665665272415749299e-09
5.563108689294890556e-09
5.462408525894525010e-09
5.363531178382738518e-09
5.266443651204737058e-09
5.171113546072033845e-09
5.077509051151173902e-09
4.985598930448018204e-09
4.895352513384317524e-09
4.806739684562762701e-09
4.719730873717501196e-09
4.634297045846462174e-09
4.550409691522306256e-09
4.468040817378849248e-09
4.387162936769512956e-09
4.307749060595037014e-09
4.229772688297235633e-09
4.153207799015517029e-09
4.078028842903922212e-09
4.004210732604897954e-09
3.931728834877674782e-09
3.860558962378167085e-09
3.790677365587437337e-09
3.722060724886659393e-09
3.654686142775146382e-09
3.588531136229474117e-09
3.523573629200912408e-09
3.459791945248445332e-09
3.397164800305508160e-09
3.335671295577292245e-09
3.275290910566840289e-09
3.216003496227368956e-09
3.157789268238348451e-09
3.100628800403623094e-09
3.044503018168708764e-09
2.989393192255632708e-09
2.935280932412973143e-09
2.882148181278925636e-09
2.823257696316899864e-09
2.759974122230379698e-09
2.698109055124082810e-09
2.637630699037008672e-09
2.578507970717470692e-09
2.520710483647673502e-09
2.464208532426337851e-09
2.408973077501385025e-09
2.354975730244936733e-09
2.302188738362719703e-09
2.250584971630624771e-09
2.200137907950971269e-09
2.150821619721237654e-09
2.102610760508462251e-09
2.055480552022246689e-09
2.009406771379773943e-09
1.964365738656314534e-09
1.920334304714797816e-09
1.877289839308100173e-09
1.835210219448146104e-09
1.794073818035587955e-09
1.753859492744476688e-09
1.714546575155963439e-09
1.676114860135687247e-09
1.638544595449161871e-09
1.601816471610006920e-09
1.565911611955721072e-09
1.530811562945883533e-09
1.496498284677814871e-09
1.462954141614895648e-09
1.430161893522619667e-09
1.398104686607881786e-09
1.366766044856870340e-09
1.336129861567098027e-09
1.306180391069245312e-09
1.276902240634580764e-09
1.248280362563781691e-09
1.220300046453031987e-09
1.192946911633550589e-09
1.166206899780538946e-09
1.140066267687779039e-09
1.112315032822086232e-09
1.080514315760884273e-09
1.049622770630085056e-09
1.019614404506401513e-09
9.904639675955840836e-10
9.621469319866078361e-10
9.346394710132709253e-10
9.079184392058344227e-10
8.819613528158611911e-10
8.567463708977860867e-10
8.322522769314288835e-10
8.084584609698759716e-10
7.853449022977348711e-10
7.628921525852150742e-10
7.410813195238101910e-10
7.198940509298340692e-10
6.993125193024294846e-10
6.793194068230713531e-10
6.598978907839041520e-10
6.410316294326899959e-10
6.227047482224718864e-10
6.049018264543030573e-10
5.876078843018938791e-10
5.708083702072189737e-10
5.544891486364457547e-10
5.386364881859623016e-10
5.232370500284264082e-10
5.082778766891289408e-10
4.937463811432579878e-10
4.796303362248571740e-10
4.659178643385803662e-10
4.525974274655847736e-10
4.396578174551489300e-10
4.270881465938623505e-10
4.148778384444111840e-10
4.030166189463143380e-10
3.914945077710678924e-10
3.803018099244376382e-10
3.694291075888535080e-10
3.588672521990193589e-10
3.486073567440800295e-10
3.385100940568236555e-10
3.273024648262798879e-10
3.164659056322717880e-10
3.059881308281935351e-10
2.958572615292300933e-10
2.860618121450028788e-10
2.765906773581020692e-10
2.674331195337419851e-10
2.585787565462726417e-10
2.500175500087235250e-10
2.417397938920733585e-10
2.337361035213051886e-10
2.259974049357931450e-10
2.185149246019572736e-10
2.112801794665054115e-10
2.042849673390175918e-10
1.975213575929360474e-10
1.909816821744427212e-10
1.846585269090132295e-10
1.785447230958034679e-10
1.726333393803389618e-10
1.669176738962813144e-10
1.613912466673777773e-10
1.560477922609654652e-10
1.508812526847121411e-10
1.458857705185390540e-10
1.410556822739341244e-10
1.363855119731269190e-10
1.318699649408546266e-10
1.275039218016689221e-10
1.232824326759897500e-10
1.192007115683171955e-10
1.152541309412401552e-10
1.114382164690975078e-10
1.077486419653337725e-10
1.041812244778082968e-10
1.007319195464897061e-10
9.739681661816016737e-11
9.417213461293691813e-11
9.105421763757605253e-11
8.803953084070941055e-11
8.512465640530172250e-11
8.213722609946133573e-11
7.922683119869972404e-11
7.641956126186276830e-11
7.371176222874629636e-11
7.109990951464390940e-11
6.858060342259884894e-11
6.615056471821687452e-11
6.380663036127511689e-11
6.154574938857965246e-11
5.936497894270201401e-11
5.726148044143215806e-11
5.523251588296263308e-11
5.327544428198895590e-11
5.138771823209324183e-11
4.956688058993361147e-11
4.781056127692280973e-11
4.611647419423516999e-11
4.448241424712305342e-11
4.290625447467540979e-11
4.138594328127495045e-11
3.991950176615498064e-11
3.850502114758045279e-11
3.714066027829631590e-11
3.582464324901436479e-11
3.455525707681404369e-11
3.333084947545316855e-11
3.214982670468251461e-11
3.101065149576586540e-11
2.991184105050815194e-11
2.885196511118212751e-11
2.782964409884534360e-11
2.684354731762192328e-11
2.589239122261383314e-11
2.497493774918427160e-11
2.408999270144118124e-11
2.323640419782203408e-11
2.241306117175619234e-11
2.161889192545438841e-11
2.085286273494123595e-11
2.011397650451788308e-11
1.940127146889979202e-11
1.870135110639255386e-11
1.801949320351018074e-11
1.736249608191985629e-11
1.672945330870682664e-11
1.611949149982204516e-11
1.553176911510926214e-11
1.496547529726524707e-11
1.441982875313163799e-11
1.389407667577646431e-11
1.338749370587577818e-11
1.289938093096401669e-11
1.242906492117253834e-11
1.197589680012471531e-11
1.153925134970705094e-11
1.111852614748060988e-11
1.071314073554246915e-11
1.032253581969106978e-11
9.946172497789822725e-12
9.583531516265667162e-12
9.234112553715183956e-12
8.897433530630885405e-12
8.573029944295483247e-12
8.260454227925613852e-12
7.959275133181785612e-12
7.669077135192184101e-12
7.389459859269385756e-12
7.120037528529196989e-12
6.860438431649628706e-12
6.610304410035556262e-12
6.369290363681426387e-12
6.137063775050369021e-12
5.913304250313123290e-12
5.697703077313054683e-12
5.489962799648541707e-12
5.289796806283953898e-12
5.096928936123827900e-12
4.911093097004273324e-12
4.732032898576196024e-12
4.559501298573742364e-12
4.393260261979730004e-12
4.233080432618292866e-12
4.078027268257145738e-12
3.927609963207368712e-12
3.782740773501143215e-12
3.643215057898185718e-12
3.508835723313693141e-12
3.379412946405990027e-12
3.254763905433304336e-12
3.134712522001089730e-12
3.019089212334818497e-12
2.907730647727098460e-12
2.800479523820654438e-12
2.697184338401195611e-12
2.597699177386526388e-12
2.501883508709181751e-12
2.409601983801833898e-12
2.320724246404817654e-12
2.235124748425719176e-12
2.152682572591043608e-12
2.073281261639253291e-12
1.996808653814033959e-12
1.923156724425363711e-12
1.852221433254529817e-12
1.783902577587669327e-12
1.718103650670055683e-12
1.654731705381311050e-12
1.593697222938957707e-12
1.534913986444755282e-12
1.478298959095293376e-12
1.423772166884794900e-12
1.371256585634348861e-12
1.320678032188082043e-12
1.271965059622537592e-12
1.225048856321212114e-12
1.179863148771762588e-12
