4.931779150002680728e-09
5.000706568883689173e-09
5.070597329578877121e-09
5.141464895924079585e-09
5.213322919928066849e-09
5.286185244402499047e-09
5.360065905628648929e-09
5.434979136061274955e-09
5.510939367070508306e-09
5.587961231721868784e-09
5.666059567595121801e-09
5.745249419642743266e-09
5.825546043088108985e-09
5.906964906364295322e-09
5.989521694093966757e-09
6.073232310110775488e-09
6.158112880523245870e-09
6.244179756821251205e-09
6.330474361110471715e-09
6.417442455314802603e-09
6.505605317711572651e-09
6.594979362033219408e-09
6.685581227504243358e-09
6.777427781938799965e-09
6.870536124881284425e-09
6.964923590789653539e-09
7.060607752262745316e-09
7.157606423311953660e-09
7.255937662677548475e-09
7.355619777191000242e-09
7.456671325183017087e-09
7.559111119938886648e-09
7.662958233200795181e-09
7.768231998718765041e-09
7.874952015849861456e-09
7.983138153207359355e-09
8.092810552359569160e-09
8.203989631579780681e-09
8.316696089647740368e-09
8.430950909703027527e-09
8.546775363151843242e-09
8.664191013626962191e-09
8.783219721002609269e-09
8.903883645463949962e-09
9.026205251633050709e-09
9.150207312750940288e-09
9.275912914917714484e-09
9.403345461390303502e-09
9.532528676939864220e-09
9.663486612268453172e-09
9.796243648486965478e-09
9.930824501654027072e-09
1.006725422737761699e-08
1.020555822547991439e-08
1.034576224472591621e-08
1.048789238761733102e-08
1.063197511525221045e-08
1.077803725225126146e-08
1.092610599175205513e-08
1.107620890047162510e-08
1.122837392383872629e-08
1.138262939119657919e-08
1.153900402107709264e-08
1.169752692654752928e-08
1.185822762063064627e-08
1.202113602179928551e-08
1.218628245954643746e-08
1.235369768003185396e-08
1.252341285180620590e-08
1.269545957161392726e-08
1.286986987027563558e-08
1.304667621865162776e-08
1.322591153368704495e-08
1.340699318502858184e-08
1.358716806173031540e-08
1.376976428569061039e-08
1.395481439708742455e-08
1.414235137340200213e-08
1.433240863529576707e-08
1.452502005256619216e-08
1.472021995018256067e-08
1.491804311440314062e-08
1.511852479897431124e-08
1.532170073141293686e-08
1.552760711937365584e-08
1.573628065710095220e-08
1.594775853196872647e-08
1.616207843110727299e-08
1.637927854811933133e-08
1.659939758988671079e-08
1.682247478346806009e-08
1.704854988308947007e-08
1.727766317722906383e-08
1.750985549579659359e-08
1.774516821740988055e-08
1.798364327676868995e-08
1.822532317212789436e-08
1.847025097287104006e-08
1.871847032718553100e-08
1.897002546984133267e-08
1.922496123007380815e-08
1.948332303957276409e-08
1.974515694057858689e-08
2.001050959408759968e-08
2.027942828816727896e-08
2.055196094638346805e-08
2.082815613634060005e-08
2.110806307833708415e-08
2.139173165413662625e-08
2.167921241585760819e-08
2.197055659498195144e-08
2.226581611148481545e-08
2.256504358308743333e-08
2.286829233463386256e-08
2.317561640759400641e-08
2.348707056969406425e-08
2.380271032467689550e-08
2.412259192219304503e-08
2.444677236782501745e-08
2.477530943324593518e-08
2.510826166651524700e-08
2.544568840251227155e-08
2.578764977351028525e-08
2.613420671989237587e-08
2.648542100101184748e-08
2.684135520619806036e-08
2.720207276591039575e-08
2.756763796304218185e-08
2.793811594437620565e-08
2.830663045767522241e-08
2.867631281694776801e-08
2.905082319864990204e-08
2.943022465637354818e-08
2.981458106718539084e-08
3.020395714238162594e-08
3.059841843838279653e-08
3.099803136777131365e-08
3.140286321047249972e-08
3.181298212508216524e-08
3.222845716034221780e-08
3.264935826676546138e-08
3.307575630841290784e-08
3.350772307482478528e-08
3.394533129310685774e-08
3.438865464017515998e-08
3.483776775516061632e-08
3.529274625197512512e-08
3.575366673204228532e-08
3.622060679719447231e-08
3.669364506273756671e-08
3.717286117068743241e-08
3.765833580317815691e-08
3.815015069604619666e-08
3.864838865259150593e-08
3.915313355751883882e-08
3.966447039106032965e-08
4.018248524328322932e-08
4.070726532858453171e-08
4.123889900037411770e-08
4.177747576595041399e-08
4.232308630157035996e-08
4.287582246771541623e-08
4.343577732455764520e-08
4.400304514762789484e-08
4.457772144368773371e-08
4.515990296680949794e-08
4.574968773466634282e-08
4.634717504503421814e-08
4.695246549251019420e-08
4.756566098544911054e-08
4.818686476312061218e-08
4.881618141309103326e-08
4.945371688883236499e-08
5.009957852756029971e-08
5.075387506830607582e-08
5.141671667022440015e-08
5.208821493113954533e-08
5.276848290633455890e-08
5.345763512758586707e-08
5.415578762244554308e-08
5.486305793377632874e-08
5.557956513954181150e-08
5.630542987285403333e-08
5.704077434228396436e-08
5.778149705201687164e-08
5.850863112782814041e-08
5.924491560629737069e-08
5.999046563794712835e-08
6.074539782237750211e-08
6.150983022650159134e-08
6.228388240301034778e-08
6.306767540907041105e-08
6.386133182525595669e-08
6.466497577472010903e-08
6.547873294260692468e-08
6.630273059570777139e-08
6.713709760236501418e-08
6.798196445262676725e-08
6.883746327865398229e-08
6.970372787538563047e-08
7.058089372146332789e-08
7.146909800041941472e-08
7.236847962213158514e-08
7.327917924454746924e-08
7.420133929568329624e-08
7.513510399589785669e-08
7.608061938044834139e-08
7.703803332232924803e-08
7.800749555539878943e-08
7.898915769779628405e-08
7.998317327565492273e-08
8.098969774711140727e-08
8.200888852661932976e-08
8.304090500956768224e-08
8.408590859720934076e-08
8.514406272190311042e-08
8.621553287267426802e-08
8.730048662109500530e-08
8.839909364749236944e-08
8.951152576748499801e-08
9.063795695885415391e-08
9.177856338875276625e-08
9.293352344125673867e-08
9.410301774526395144e-08
9.528722920274237352e-08
9.648634301733562249e-08
9.770054672332753413e-08
9.893003021497137963e-08
1.001749857761880319e-07
1.014356081106388380e-07
1.027120943721748524e-07
1.040046441956714032e-07
1.053134597282495686e-07
1.066387456608907943e-07
1.079807092604491010e-07
1.093395604020673002e-07
1.107155116019989118e-07
1.121087780508453003e-07
1.135195776472099747e-07
1.149481310317766694e-07
1.163538121769697239e-07
1.177549753196780296e-07
1.191730116366792942e-07
1.206081243191661341e-07
1.220605190052138575e-07
1.235304038092443998e-07
1.250179893518492290e-07
1.265234887899671704e-07
1.280471178474297120e-07
1.295890948458712483e-07
1.311496407360121511e-07
1.327289791293192995e-07
1.343273363300480392e-07
1.359449413676690918e-07
1.375820260296851786e-07
1.392388248948462006e-07
1.409155753667597434e-07
1.426125177079110972e-07
1.443298950740882900e-07
1.460679535492263238e-07
1.478269421806664024e-07
1.496071130148443158e-07
1.514087211334039799e-07
1.532320246897503503e-07
1.550772849460394032e-07
1.569447663106136571e-07
1.588347363758915178e-07
1.607474659567083046e-07
1.626832291291238583e-07
1.646423032696926303e-07
1.666249690952116565e-07
1.686315107029418897e-07
1.706622156113195422e-07
1.727173748011518236e-07
1.747972827573146259e-07
1.769022375109465701e-07
1.790325406821565396e-07
1.811884975232419478e-07
1.833704169624273762e-07
1.855786116481336388e-07
1.878133979937744172e-07
1.900750962230982251e-07
1.923640304160704891e-07
1.946805285553141945e-07
1.970249225731035913e-07
1.993975483989300169e-07
2.017987460076343851e-07
2.042288594681253976e-07
2.066882369926783171e-07
2.091772309868331757e-07
2.116961980998900351e-07
2.142454992760121517e-07
2.168254998059488528e-07
2.194365693793747873e-07
2.220790821378664633e-07
2.247204026544866012e-07
2.272120459741461107e-07
2.297313160084215613e-07
2.322785190753770257e-07
2.348539648894556874e-07
2.374579665991361460e-07
2.400908408250085596e-07
2.427529076982731400e-07
2.454444908996627452e-07
2.481659176988023835e-07
2.509175189940004387e-07
2.536996293524808822e-07
2.565125870510665306e-07
2.593567341173080534e-07
2.622324163710721264e-07
2.651399834665875118e-07
2.680797889349628297e-07
2.710521902271700924e-07
2.740575487575084530e-07
2.770962299475462629e-07
2.801686032705559435e-07
2.832750422964362204e-07
2.864159247371353234e-07
2.895916324925750485e-07
2.928025516970890745e-07
2.960490727663716170e-07
2.993315904449461076e-07
3.026505038541657043e-07
3.060062165407403377e-07
3.093991365258042719e-07
3.128296763545281997e-07
3.162982531462779402e-07
3.198052886453359363e-07
3.233512092721793057e-07
3.269364461753259866e-07
3.305614352837624769e-07
3.342266173599454922e-07
3.379324380533956985e-07
3.416793479548816157e-07
3.454678026512109504e-07
3.492982627806225793e-07
3.531711940887964975e-07
3.570870674854843765e-07
3.610463591017645445e-07
3.650495503479392826e-07
3.690971279720672364e-07
3.731895841191449199e-07
3.773274163909509170e-07
3.815111279065474855e-07
3.857412273634520596e-07
3.900182290994945834e-07
3.943426531553527359e-07
3.987150253377845287e-07
4.031358772835618233e-07
4.076057465241090036e-07
4.121251765508661263e-07
4.162239208079263191e-07
4.201139552411781474e-07
4.240403459892292499e-07
4.280034328386920846e-07
4.320035587518320487e-07
4.360410698962418480e-07
4.401163156748022172e-07
4.442296487559178729e-07
4.483814251040373278e-07
4.525720040104566736e-07
4.568017481244161190e-07
4.610710234844779549e-07
4.653801995502066980e-07
4.697296492341409323e-07
4.741197489340650520e-07
4.785508785655811198e-07
4.830234215949907916e-07
4.875377650724737030e-07
4.920942996655869343e-07
4.966934196930720009e-07
5.013355231589773641e-07
5.060210117871062022e-07
5.107502910557746191e-07
5.155237702329052785e-07
5.203418624114450272e-07
5.252049845451125449e-07
5.301135574844807824e-07
5.350680060134010729e-07
5.400687588857570561e-07
5.451162488625732973e-07
5.502109127494647319e-07
5.553531914344362516e-07
5.605435299260415389e-07
5.657823773918868552e-07
5.710701871975062534e-07
5.764074169455942383e-07
5.817945285156049803e-07
5.872319881037280351e-07
5.927202662632252177e-07
5.982598379451567934e-07
6.038511825394821632e-07
6.094947839165445733e-07
6.151911304689495884e-07
6.209407151538232477e-07
6.267440355354767973e-07
6.326015938284642331e-07
6.385138969410422911e-07
6.444814565190432601e-07
6.505047889901443112e-07
6.565844156085640508e-07
6.627208625001699887e-07
6.689146607080093126e-07
6.751663462382634958e-07
6.814764601066388092e-07
6.878455483851780208e-07
6.941030136708786543e-07
6.994814974126541676e-07
7.049016580911260260e-07
7.103638186536392804e-07
7.158683045500020037e-07
7.214154437518802278e-07
7.268241318697268088e-07
7.321622400277866897e-07
7.375395535416646974e-07
7.429563603523091746e-07
7.484129505154298949e-07
7.538805056735625091e-07
7.590843374762712749e-07
7.643240899125910350e-07
7.696000109328724763e-07
7.749123501989995879e-07
7.802613590962044999e-07
7.854399217302933863e-07
7.904849949177082965e-07
7.955624738471312914e-07
8.006725666685899188e-07
8.058154828691054821e-07
8.109826798523684114e-07
8.157601811515036632e-07
8.205658267245322313e-07
8.253997823694493243e-07
8.302622148609732655e-07
8.351532919562858351e-07
8.398353274622275974e-07
8.442913077251860152e-07
8.487709304326268769e-07
8.532743210261265934e-07
8.578016056128216309e-07
8.623529109689501685e-07
8.663947375621298642e-07
8.704289376452442897e-07
8.744819222033849091e-07
8.785537787028388051e-07
8.826445950171625948e-07
8.864924065344116005e-07
8.899920850512923285e-07
8.935055795350474346e-07
8.970329445280948852e-07
9.005742347881812336e-07
9.041295052892175350e-07
9.070607058904750838e-07
9.099183600453774255e-07
9.127850171117875300e-07
9.156607054529789774e-07
9.185454535215749362e-07
9.211531849310396324e-07
9.232387598245344804e-07
9.253290566499593021e-07
9.274240860982010041e-07
9.295238588843456951e-07
9.316283857477454952e-07
9.329950244140103870e-07
9.341977019297711380e-07
9.354019297573419862e-07
9.366077098951566690e-07
9.378150443442193514e-07
9.387327067218394243e-07
9.389155315714923164e-07
9.390983920275788918e-07
9.392812880970357149e-07
9.394642197868005150e-07
9.396471871038068920e-07
9.389676811608101597e-07
9.380013181334440835e-07
9.370359496637407887e-07
9.360715747281216273e-07
9.351081923040670600e-07
9.338716832618416548e-07
9.316440345556628962e-07
9.294216996616994808e-07
9.272046659044339075e-07
9.249929206385847870e-07
9.227864512490344199e-07
9.196521474192249935e-07
9.160956317184461836e-07
9.125528699179515023e-07
9.090238088281018329e-07
9.055083954649608573e-07
9.017857141259935509e-07
8.968170832129694537e-07
8.918758283081973549e-07
8.869617985761939044e-07
8.820748440125515514e-07
8.772148154393451911e-07
8.714337250815724242e-07
8.651007404266237297e-07
8.588137795753033441e-07
8.525725080580691999e-07
8.463765938360680678e-07
8.400999393165588729e-07
8.324501143626742653e-07
8.248699475757367317e-07
8.173588046588502420e-07
8.099160570909320370e-07
8.025410820741186578e-07
7.944177829988293944e-07
7.857086524453623994e-07
7.770949993051932841e-07
7.685757768680439644e-07
7.601499498986267441e-07
7.517988080942887026e-07
7.422244001833955086e-07
7.327719255422229643e-07
7.234398313100225230e-07
7.142265844022376892e-07
7.051306712586598413e-07
6.956292259234498084e-07
6.856974649647846797e-07
6.759075035051415086e-07
6.662573170195625900e-07
6.567449098879980642e-07
6.473683149826173833e-07
6.374461186801996775e-07
6.276374386183766128e-07
6.179796892811027751e-07
6.084705482270884456e-07
5.991077287515231926e-07
5.897759268867298572e-07
5.804304577273940237e-07
5.712330749680380038e-07
5.621814320617442305e-07
5.532732196444996479e-07
5.445061649459991699e-07
5.360076156632830435e-07
5.276594642847391937e-07
5.194413327592757404e-07
5.113511960682494485e-07
5.033870607320466222e-07
4.957201739493745254e-07
4.884954716837830654e-07
4.813760633432119787e-07
4.743604143577585400e-07
4.674470125225784399e-07
4.606343676719368658e-07
4.544630953119758515e-07
4.484998826774896891e-07
4.426149160112489776e-07
4.368071686130616443e-07
4.310756272545286213e-07
4.255643753180046982e-07
4.204988154458404268e-07
4.154935517316882230e-07
4.105478664608703304e-07
4.056610504617801196e-07
4.008324030041923945e-07
3.960864900773892393e-07
3.914054229411571529e-07
3.867796780390402479e-07
3.822086015565337733e-07
3.776915474061083478e-07
3.730839705139664149e-07
3.679942636112489988e-07
3.629739917912553500e-07
3.580222078028363409e-07
3.531379773174850131e-07
3.483203787530420748e-07
3.426400322233126264e-07
3.366132956643493110e-07
3.306925640964423660e-07
3.248759729851089340e-07
3.191616905913879183e-07
3.133187999169704858e-07
3.062173151988632714e-07
2.992767882184177809e-07
2.924935708098859207e-07
2.858640974945238072e-07
2.793848836064626556e-07
2.723744016182917790e-07
2.651131848700403527e-07
2.580455445678560695e-07
2.511663201660949917e-07
2.444704886938607383e-07
2.379513933483591945e-07
2.315844385774994583e-07
2.253878468059222331e-07
2.193570595668927868e-07
2.134876403662814284e-07
2.077752714188988435e-07
2.027353651934747618e-07
1.982512526741975491e-07
1.938663200146672157e-07
1.895783735490154775e-07
1.853852681310037119e-07
1.812910865678855098e-07
1.783215460717653374e-07
1.754006465260921468e-07
1.725275911941092930e-07
1.697015963895763499e-07
1.669218912630017638e-07
1.642170125303465565e-07
1.615882095610940477e-07
1.590014887424337011e-07
1.564561764189340632e-07
1.539516097191103379e-07
1.514871363827922699e-07
1.481258362428787829e-07
1.447790043152707355e-07
1.415077924431220691e-07
1.383104920277005552e-07
1.351854330752401747e-07
1.317987093266321613e-07
1.280211406181076922e-07
1.243518432683885968e-07
1.207877140414942424e-07
1.173257386453122002e-07
1.139629891823213398e-07
1.109836981948538276e-07
1.081239275858268287e-07
1.053378460687051954e-07
1.026235548610306859e-07
9.997920410719171206e-08
9.763542934580406760e-08
9.579529125405947443e-08
9.398983430438963080e-08
9.221840486018958780e-08
9.048036160396404440e-08
8.877507530514946238e-08
8.696863402612054912e-08
8.516692805625688543e-08
8.340254754790235565e-08
8.167471923943717734e-08
7.998268588869580242e-08
7.820964138951391579e-08
7.616848385121832494e-08
7.418059754677743759e-08
7.224459217470604947e-08
7.035911371836012049e-08
6.852284349895375446e-08
6.689548398548965053e-08
6.536345061744608855e-08
6.386650371714238616e-08
6.240383973796920246e-08
6.097467353605714225e-08
5.960708108856231231e-08
5.838206401904990349e-08
5.718222293187355403e-08
5.600704042192759138e-08
5.485600971757551322e-08
5.372863446211664518e-08
5.253102499900775422e-08
5.131470848027612443e-08
5.012655485906596967e-08
4.896591204458926515e-08
4.783214304473205183e-08
4.673578831889878017e-08
4.573522589275828830e-08
4.475608442055085993e-08
4.379790530293733565e-08
4.286023975869183931e-08
4.194264861450698531e-08
4.105559531832173843e-08
4.019441273160596901e-08
3.935129431962477960e-08
3.852586116806436222e-08
3.771774231072165990e-08
3.692710481503912031e-08
3.616036697632159967e-08
3.540954933812508633e-08
3.467432134054798485e-08
3.395435928728606645e-08
3.324934620311992343e-08
3.257321927054468933e-08
3.192310753532204176e-08
3.128597103797084628e-08
3.066155081254925231e-08
3.004959306168029770e-08
2.944984905339533623e-08
2.891332114833895634e-08
2.838664161262524404e-08
2.786955597074054534e-08
2.736188946214714309e-08
2.686347050971219541e-08
2.637413066171873846e-08
2.589370453493450102e-08
2.542202975871631279e-08
2.495894692013379115e-08
2.450429951009208665e-08
2.405793387043583355e-08
2.361969914201761937e-08
2.318944721371120720e-08
2.276703267235448919e-08
2.235231275360379449e-08
2.194514729368318358e-08
2.154539868201361773e-08
2.115293181470385568e-08
2.076761404888950140e-08
2.038931515790308723e-08
2.001790728726144459e-08
1.965326491145396408e-08
1.929526479151900992e-08
1.894378593339229567e-08
1.859870954701417168e-08
1.825991900618222552e-08
1.792729980913441515e-08
1.760073953985117426e-08
1.728012783006150131e-08
1.696535632194185526e-08
1.665631863149413027e-08
1.635291031259061250e-08
1.605502882167454717e-08
1.576257348310284576e-08
1.547544545512084206e-08
1.519354769645629209e-08
1.491678493352227494e-08
1.464506362821729315e-08
1.437829194631210560e-08
1.411637972641224497e-08
1.385923844948593302e-08
1.360888706280148110e-08
1.336367582543962274e-08
1.312288291785379207e-08
1.288642872852941603e-08
1.265423508042902501e-08
1.242622520514528730e-08
1.220232371751960725e-08
1.198245659071820568e-08
1.176655113175702006e-08
1.155453595746800499e-08
1.134634097089796526e-08
1.114189733813328280e-08
1.094113746554159061e-08
1.074399497742402442e-08
1.055040469406977358e-08
1.036030261020630229e-08
1.017362587383773026e-08
9.990312765464647844e-09
9.810302677678121259e-09
9.633536095121713717e-09
9.459954574814137481e-09
9.289500726826961609e-09
9.122118195310094558e-09
8.957751639859168648e-09
8.796346717219031184e-09
8.637850063316355844e-09
8.482209275616540301e-09
8.329372895798115477e-09
8.179290392739503147e-09
8.031912145812343236e-09
7.887189428475665032e-09
7.745074392166036879e-09
7.605520050477500380e-09
7.468480263627047359e-09
7.333909723199664842e-09
7.201763937168287722e-09
7.071999215183908616e-09
6.944572654130491394e-09
6.819442123940147990e-09
6.696566253664205190e-09
6.575904417794812847e-09
6.441883124970928999e-09
6.297731910691218543e-09
6.156806394887459316e-09
6.019034395506150454e-09
5.884345345725024735e-09
5.752670257808693576e-09
5.623941687773104267e-09
5.498093700840821571e-09
5.375061837669092895e-09
5.254783081333864714e-09
5.137195825052489486e-09
5.022239840628708478e-09
4.909856247603849138e-09
4.799987483098130982e-09
4.692577272327036059e-09
4.587570599777346031e-09
4.484913681028173330e-09
4.384553935202654675e-09
4.286439958035892479e-09
4.190521495545855516e-09
4.096749418293073354e-09
4.005075696216781379e-09
3.915453374033730621e-09
3.827836547187760891e-09
3.742180338337547564e-09
3.658440874370254479e-09
3.576575263929939689e-09
3.496541575448434969e-09
3.418298815668054915e-09
3.341806908644905430e-09
3.267026675221831035e-09
3.193919812961042154e-09
3.122448876525454805e-09
3.052577258499243748e-09
2.984269170637571272e-09
2.917489625535710607e-09
2.852204418708668883e-09
2.788380111071503001e-09
2.725984011811926317e-09
2.664984161645990526e-09
2.605349316448588315e-09
2.541986311175032115e-09
2.469348245503913773e-09
2.398785835614750190e-09
2.330239768984776438e-09
2.263652427965333394e-09
2.198967841350416812e-09
2.136131637328990386e-09
2.075090997781748950e-09
2.015794613883953139e-09
1.958192642976759165e-09
1.902236666671168057e-09
1.847879650149005963e-09
1.795075902626934862e-09
1.743781038950289637e-09
1.693951942284237223e-09
1.645546727871228237e-09
1.598524707823946374e-09
1.552846356924350976e-09
1.508473279400076915e-09
1.465368176650123490e-09
1.423494815892851368e-09
1.382817999709875676e-09
1.343303536460189503e-09
1.304918211539803293e-09
1.267629759462562001e-09
1.231406836738818904e-09
1.196218995529107734e-09
1.162036658050619289e-09
1.128831091715095323e-09
1.096574384977092536e-09
1.065239423872438630e-09
1.034799869227105828e-09
1.005230134517307990e-09
9.765053643623133371e-10
9.486014136317717241e-10
9.214948271500964361e-10
8.951628199807958521e-10
8.695832582741701165e-10
8.447346406622924231e-10
8.205960801856530897e-10
7.971472867362363745e-10
7.740637740426559799e-10
7.484395060830851889e-10
7.236634926607790521e-10
6.997076535292675492e-10
6.765448379982458457e-10
6.541487941619712950e-10
6.324941391462815629e-10
6.115563303405573865e-10
5.913116375820085502e-10
5.717371162607447489e-10
5.528105813152013289e-10
5.345105820883594695e-10
5.168163780163529423e-10
4.997079151218543969e-10
4.831658032856076143e-10
4.671712942703731708e-10
4.517062604723389702e-10
4.367531743759457311e-10
4.222950886888298339e-10
4.083156171343619858e-10
3.947989158800389498e-10
3.817296655806434540e-10
3.690930540158476244e-10
3.568747593025800752e-10
3.450609336631015163e-10
3.336381877304443905e-10
3.225935753733760127e-10
3.119145790237187826e-10
3.015890954893878031e-10
2.916054222370611703e-10
2.819522441289554631e-10
2.726186205986485902e-10
2.635939732514347857e-10
2.548680738751520089e-10
2.464310328478871375e-10
2.382732879294431801e-10
2.303855934238279597e-10
2.227590097005188961e-10
2.153848930626054078e-10
2.082548859503289362e-10
2.013609074689292612e-10
1.946951442300441744e-10
1.878620158353420850e-10
1.812056354389199798e-10
1.747851058066057192e-10
1.685920702070215702e-10
1.626184680068722399e-10
1.568565241795147867e-10
1.512987391852636541e-10
1.459378792102535815e-10
1.407669667511740513e-10
1.357792715335959064e-10
1.309683017520884677e-10
1.263277956207191930e-10
1.218517132229332382e-10
1.175342286502207184e-10
1.133697224193186997e-10
1.093527741580940426e-10
1.054781555505821514e-10
1.017408235319946638e-10
9.813591372485229227e-11
9.465873410768173113e-11
9.130475890804955441e-11
8.806962271197957017e-11
8.494911478208352082e-11
8.193917357702050068e-11
7.903588146513728071e-11
7.623545962542003828e-11
7.353426312911687298e-11
7.092877619562670139e-11
6.841560761648881694e-11
6.599148634150498099e-11
6.365325722125824541e-11
6.139787690048356616e-11
5.922240985694601352e-11
5.712402458066826786e-11
5.509998988854161598e-11
5.314767136951384358e-11
5.126452795573471787e-11
4.944810861519344813e-11
4.769604916154163455e-11
4.600606917695544326e-11
4.437596904402382429e-11
4.277498839631377498e-11
4.121536143963356922e-11
3.971260033692999181e-11
3.826463169152658846e-11
3.686945770525628505e-11
3.552515342204889937e-11
3.422986407202298429e-11
3.298180251241230605e-11
3.177924676180209551e-11
3.062053762426845825e-11
2.950407640014395767e-11
2.842832268025323758e-11
2.739179222057106015e-11
2.639305489437516346e-11
2.543073271906489043e-11
2.450349795492395494e-11
2.361007127320555416e-11
2.274921999101070948e-11
2.191975637052510417e-11
2.112053598026818134e-11
2.035045611609216336e-11
1.960845427975423770e-11
1.889350671296133258e-11
1.820462698486547501e-11
1.754086463106067388e-11
1.690130384220395449e-11
1.628506220045015643e-11
1.569128946195818738e-11
1.511916638378913289e-11
1.456790359357577873e-11
1.403674050040660260e-11
1.352494424541929506e-11
1.303180869065722403e-11
1.255665344479391767e-11
1.209882292437970704e-11
1.165768544931750004e-11
1.123263237131781169e-11
1.082307723413162602e-11
1.042845496440261809e-11
1.004822109202099077e-11
9.681850998904788393e-12
9.327197666866045816e-12
8.983149478121045193e-12
8.651792041776329692e-12
8.332657239696841235e-12
8.025294221012807333e-12
7.729268765189876175e-12
7.444162668593084266e-12
7.169573153678991105e-12
6.905112299980063213e-12
6.650406496078385721e-12
6.405095911794144634e-12
6.168833989843130407e-12
5.941286956245497844e-12
5.722133348793605836e-12
5.511063562913181747e-12
5.307779414276098434e-12
5.111993717546752543e-12
4.923429880667252760e-12
4.741821514107810251e-12
4.566912054530651934e-12
4.398454402335664234e-12
4.236210572575645614e-12
4.079951358748263541e-12
3.929456008989402082e-12
3.784511914210694618e-12
3.644914307740587873e-12
3.510465976044610150e-12
3.380976980116113572e-12
3.256264387144087577e-12
3.136152012078683624e-12
3.020470168729565094e-12
2.909055430045381997e-12
2.801750397235648908e-12
2.698403477409043051e-12
