6.762792667751486184e-10
6.851930466761768806e-10
6.942243157211542537e-10
7.033746224898162559e-10
7.126455359731473626e-10
7.220386458423976161e-10
7.315555627216718276e-10
7.411979184640991277e-10
7.509673664316409743e-10
7.608655817786036882e-10
7.708942617388563451e-10
7.810551259168653818e-10
7.913499165825499495e-10
8.017803989700234660e-10
8.123483615802887794e-10
8.230123979841111897e-10
8.337702460496772687e-10
8.446687132544961933e-10
8.557096376745734939e-10
8.668948814119605129e-10
8.782263309088172018e-10
8.897058972655793892e-10
9.013355165632537833e-10
9.131171501899566177e-10
9.250527851717225133e-10
9.371444345076031002e-10
9.493941375091794733e-10
9.618039601445123704e-10
9.743759953865552987e-10
9.871123635661539649e-10
9.998926876787055224e-10
1.012835085112983891e-09
1.025945006175954223e-09
1.039224619257698003e-09
1.052676120815470436e-09
1.066301735737004798e-09
1.080103717708493447e-09
1.094084349587373722e-09
1.108245943779903430e-09
1.122590842623618966e-09
1.137121418774787124e-09
1.151840075600826410e-09
1.166749247577834735e-09
1.181851400693234883e-09
1.197079311260163748e-09
1.212420550037210520e-09
1.227958395342324925e-09
1.243695366797787403e-09
1.259634016316222529e-09
1.275776928514453399e-09
1.292126721132608402e-09
1.308686045458599909e-09
1.325457586758093796e-09
1.342444064709911049e-09
1.359648233847095566e-09
1.377072884003544745e-09
1.394720840766455978e-09
1.412594965934478832e-09
1.430698157981825411e-09
1.448832214037438348e-09
1.467184658846413681e-09
1.485769575177760284e-09
1.504589907762248228e-09
1.523648638631705280e-09
1.542948787591559958e-09
1.562493412699279908e-09
1.582285610748929750e-09
1.602328517761870752e-09
1.622625309483608725e-09
1.643179201887035819e-09
1.663993451681939244e-09
1.685071356831072017e-09
1.706416257072652556e-09
1.727917098394008648e-09
1.749537378938252525e-09
1.771428179712457659e-09
1.793592885556828764e-09
1.816034923663830654e-09
1.838757764108114050e-09
1.861764920383080356e-09
1.885059949944119904e-09
1.908646454758725527e-09
1.932528081863413623e-09
1.956708523927647917e-09
1.981191519824816804e-09
2.005980855210360217e-09
2.031080363107087179e-09
2.056493924497904893e-09
2.081903097207648121e-09
2.107597875998738891e-09
2.133609778895168656e-09
2.159942719832117084e-09
2.186600661050395632e-09
2.213587613692667748e-09
2.240907638406987143e-09
2.268564845957791030e-09
2.296563397844433525e-09
2.324907506927356407e-09
2.353601438061974579e-09
2.382649508740435875e-09
2.412056089741203514e-09
2.441825605786753607e-09
2.471770994858104634e-09
2.501800890161994864e-09
2.532195622909903866e-09
2.562959625563523299e-09
2.594097384435149172e-09
2.625613440341920498e-09
2.657512389268005081e-09
2.689798883034843292e-09
2.722477629979478767e-09
2.755553395641240739e-09
2.789031003456659301e-09
2.822915335462875805e-09
2.857211333009591845e-09
2.891923997479664747e-09
2.927058391018459187e-09
2.962087754286273084e-09
2.997472154053998382e-09
3.033279247492804668e-09
3.069514084001317530e-09
3.106181773297085204e-09
3.143287486137132295e-09
3.180836455047125282e-09
3.218833975059243259e-09
3.257285404458868919e-09
3.296196165540179989e-09
3.335571745370839243e-09
3.375417696565682172e-09
3.415739638069779917e-09
3.456543255950793926e-09
3.497536534287720020e-09
3.538524738283524459e-09
3.579993289761158769e-09
3.621947817991476532e-09
3.664394018215723151e-09
3.707337652418610160e-09
3.750784550110447585e-09
3.794740609118576291e-09
3.839211796387946465e-09
3.884204148791063093e-09
3.929723773947579260e-09
3.975776851053344535e-09
4.022369631719167769e-09
4.069508440819559819e-09
4.117199677351271758e-09
4.164544378603454680e-09
4.212292822984093235e-09
4.260588725557873843e-09
4.309438363188412849e-09
4.358848084706513162e-09
4.408824311735231417e-09
4.459373539524585107e-09
4.510502337795641596e-09
4.562217351594389361e-09
4.614525302155386527e-09
4.667432987775224705e-09
4.720947284696194471e-09
4.775075147999895188e-09
4.829823612511200325e-09
4.884736729356587011e-09
4.939417835619092433e-09
4.994711057446398922e-09
5.050623247030997195e-09
5.107161333270715467e-09
5.164332322627396617e-09
5.222143299995193810e-09
5.280601429578479622e-09
5.339713955779794639e-09
5.399488204097519586e-09
5.459931582033710174e-09
5.521051580012091399e-09
5.582855772306211258e-09
5.645351817978219614e-09
5.708547461827923112e-09
5.770936218097786557e-09
5.833715693397852013e-09
5.897178118980135108e-09
5.961330924360235782e-09
6.026181619876085188e-09
6.091737797567374334e-09
6.158007132064155343e-09
6.224997381485501218e-09
6.292716388347546674e-09
6.361172080481811642e-09
6.430372471963101050e-09
6.500325664047918892e-09
6.571039846122667021e-09
6.642523296662582395e-09
6.714060764905731882e-09
6.784862745183242224e-09
6.856411355642806026e-09
6.928714469745370658e-09
7.001780043980206126e-09
7.075616118740294606e-09
7.150230819207235852e-09
7.225632356245316114e-09
7.301829027305174836e-09
7.378829217336710126e-09
7.456641399711906269e-09
7.535274137157211857e-09
7.614736082695938390e-09
7.695035980600282296e-09
7.776182667353697460e-09
7.855779446656720599e-09
7.935634148800185177e-09
8.016300581147889099e-09
8.097786995010075025e-09
8.180101725572327137e-09
8.263253192748104844e-09
8.347249902040145510e-09
8.432100445410281259e-09
8.517813502158404408e-09
8.604397839810373061e-09
8.691862315014630222e-09
8.780215874448239544e-09
8.869467555732147430e-09
8.959626488355420066e-09
9.049574570669149924e-09
9.137772447050836344e-09
9.226829906978410847e-09
9.316755328021788541e-09
9.407557169399235819e-09
9.499243972773348070e-09
9.591824363054410792e-09
9.685307049211774442e-09
9.779700825093095768e-09
9.875014570251617684e-09
9.971257250781294121e-09
1.006843792016046959e-08
1.016656572010337063e-08
1.026564988142010067e-08
1.036569972488497620e-08
1.046291220591881734e-08
1.055999463743359030e-08
1.065797786963592996e-08
1.075687026080306728e-08
1.085668024676636142e-08
1.095741634163087242e-08
1.105908713850171844e-08
1.116170131021696935e-08
1.126526761008752504e-08
1.136979487264387920e-08
1.147529201438958658e-08
1.158176803456194319e-08
1.168923201589971417e-08
1.179769312541778513e-08
1.190548630337435185e-08
1.200977982935723117e-08
1.211498697946975649e-08
1.222111575717177706e-08
1.232817423603450928e-08
1.243617056035457603e-08
1.254511294577363608e-08
1.265500967990345969e-08
1.276586912295624021e-08
1.287769970838065959e-08
1.299050994350352409e-08
1.310430841017679492e-08
1.321910376543053810e-08
1.333490474213144132e-08
1.345172014964726165e-08
1.356364976232062353e-08
1.367463269515365011e-08
1.378652373248628111e-08
1.389933030477436439e-08
1.401305990327255684e-08
1.412772008053183705e-08
1.424331845090093401e-08
1.435986269103216121e-08
1.447736054039108237e-08
1.459581980177050824e-08
1.471524834180866730e-08
1.483565409151160347e-08
1.495704504677989655e-08
1.507942926893953187e-08
1.520042254804601938e-08
1.531503617635193211e-08
1.543051400983055678e-08
1.554686256472771775e-08
1.566408840642287769e-08
1.578219814979942006e-08
1.590119845961803510e-08
1.602109605089279258e-08
1.614189768927003349e-08
1.626361019141017344e-08
1.638624042537232847e-08
1.650979531100189873e-08
1.663428182032098124e-08
1.675970697792195563e-08
1.688607786136364410e-08
1.700459031343311453e-08
1.712071439690289338e-08
1.723763148993733319e-08
1.735534700798644899e-08
1.747386640348231649e-08
1.759319516609148123e-08
1.771333882296943579e-08
1.783430293901650313e-08
1.795609311713562245e-08
1.807871499849190525e-08
1.820217426277378617e-08
1.832647662845630464e-08
1.845162785306585234e-08
1.857763373344687273e-08
1.870125644095854502e-08
1.881415236714343435e-08
1.892772982455004134e-08
1.904199292745257482e-08
1.915694581496248961e-08
1.927259265117811690e-08
1.938893762533580009e-08
1.950598495196136808e-08
1.962373887102307770e-08
1.974220364808492329e-08
1.986138357446141218e-08
1.998128296737289597e-08
2.010190617010185139e-08
2.022325755215048137e-08
2.034534150939868010e-08
2.045552287600517105e-08
2.056103723379243558e-08
2.066709585924603032e-08
2.077370155982551726e-08
2.088085715747194245e-08
2.098856548868271571e-08
2.109682940458643075e-08
2.120565177101850924e-08
2.131503546859703006e-08
2.142498339279891262e-08
2.153549845403676862e-08
2.164658357773565112e-08
2.175824170441069044e-08
2.187047578974487889e-08
2.197914876796687385e-08
2.207105162041502876e-08
2.216333875227165232e-08
2.225601177034945422e-08
2.234907228817965062e-08
2.244252192604038616e-08
2.253636231098461322e-08
2.263059507686875867e-08
2.272522186438082157e-08
2.282024432106930464e-08
2.291566410137152037e-08
2.301148286664277726e-08
2.310770228518498042e-08
2.320432403227581118e-08
2.330134979019804573e-08
2.338159792692845760e-08
2.345402712461035681e-08
2.352668068628535070e-08
2.359955930696607807e-08
2.367266368381794173e-08
2.374599451616608330e-08
2.381955250550196091e-08
2.389333835548988400e-08
2.396735277197410716e-08
2.404159646298518289e-08
2.411607013874706874e-08
2.419077451168379772e-08
2.426571029642612216e-08
2.434087820981871024e-08
2.441136911805969490e-08
2.445752994171018574e-08
2.450377805344480869e-08
2.455011361832143311e-08
2.459653680171009970e-08
2.464304776929355323e-08
2.468964668706783806e-08
2.473633372134289707e-08
2.478310903874314404e-08
2.482997280620803277e-08
2.487692519099284122e-08
2.492396636066896601e-08
2.497109648312472643e-08
2.501831572656590706e-08
2.506562425951636661e-08
2.509140271906061744e-08
2.510575311751445659e-08
2.512011172331871131e-08
2.513447854116741649e-08
2.514885357575730036e-08
2.516323683178761898e-08
2.517762831396047063e-08
2.519202802698064024e-08
2.520643597555545057e-08
2.522085216439507977e-08
2.523527659821238277e-08
2.524970928172277213e-08
2.526415021964454893e-08
2.527859941669852226e-08
2.528775570440289156e-08
2.526448093227618372e-08
2.524122758217769284e-08
2.521799563439075508e-08
2.519478506921669612e-08
2.517159586697497012e-08
2.514842800800331195e-08
2.512528147265738311e-08
2.510215624131093392e-08
2.507905229435593251e-08
2.505596961220219094e-08
2.503290817527775235e-08
2.500986796402852034e-08
2.498684895891840130e-08
2.496385114042943339e-08
2.491577297646669503e-08
2.485290288278288216e-08
2.479019142951862219e-08
2.472763821637586196e-08
2.466524284406641674e-08
2.460300491430977652e-08
2.454092402983041602e-08
2.447899979435510804e-08
2.441723181261069002e-08
2.435561969032140058e-08
2.429416303420620271e-08
2.423286145197657356e-08
2.417171455233386080e-08
2.411072194496662236e-08
2.404506346175351102e-08
2.394218618726913455e-08
2.383974907521652551e-08
2.373775024235210759e-08
2.363618781348979808e-08
2.353505992146653751e-08
2.343436470710790549e-08
2.333410031919414997e-08
2.323426491442584612e-08
2.313485665739021341e-08
2.303587372052731711e-08
2.293731428409648140e-08
2.283917653614281504e-08
2.274145867246392562e-08
2.264415889657672313e-08
2.252161593578256582e-08
2.238277278331312638e-08
2.224478558278969952e-08
2.210764905736772746e-08
2.197135796273382957e-08
2.183590708690507870e-08
2.170129125002994189e-08
2.156750530419004147e-08
2.143454413320334904e-08
2.130240265242838514e-08
2.117107580857002041e-08
2.104055857948606427e-08
2.091084597399529276e-08
2.078193303168640627e-08
2.065022861990999551e-08
2.048207851843756592e-08
2.031529762488754770e-08
2.014987479011209627e-08
1.998579895574833850e-08
1.982305915347923718e-08
1.966164450430014984e-08
1.950154421779168071e-08
1.934274759139848515e-08
1.918524400971355324e-08
1.902902294376872708e-08
1.887407395033094541e-08
1.872038667120389476e-08
1.856795083253572873e-08
1.841675624413220371e-08
1.824539269098116379e-08
1.805989551651955357e-08
1.787628425387776598e-08
1.769453972937622540e-08
1.751464296427008930e-08
1.733657517276774375e-08
1.716031776006873426e-08
1.698585232042217440e-08
1.681316063520471553e-08
1.664222467101787921e-08
1.647302657780527828e-08
1.630554868698825438e-08
1.613977350962100374e-08
1.597568373456429148e-08
1.581134969234299329e-08
1.561935820164209989e-08
1.542969799405231286e-08
1.524234076164743130e-08
1.505725854023423551e-08
1.487442370517848559e-08
1.469380896728186291e-08
1.451538736870898564e-08
1.433913227896361519e-08
1.416501739091400698e-08
1.399301671686635695e-08
1.382310458468609697e-08
1.365525563396600391e-08
1.348944481224109225e-08
1.332564737124946155e-08
1.315043535828905543e-08
1.296659261268475554e-08
1.278531998390099015e-08
1.260658154177116734e-08
1.243034185843151989e-08
1.225656600129890265e-08
1.208521952614677303e-08
1.191626847027798464e-08
1.174967934579301783e-08
1.158541913295229689e-08
1.142345527363144282e-08
1.126375566486764987e-08
1.110628865249686174e-08
1.095102302487932533e-08
1.079732291076283013e-08
1.062879086613725556e-08
1.046288938561543364e-08
1.029957740954298639e-08
1.013881451915284870e-08
9.980560926561964738e-09
9.824777464923808642e-09
9.671425578735022184e-09
9.520467314293050955e-09
9.371865310302803748e-09
9.225582788630101765e-09
9.081583545199073791e-09
8.939831941032015027e-09
8.800292893428900489e-09
8.662931867284623967e-09
8.522030289916838608e-09
8.378273807374015960e-09
8.236942325162137129e-09
8.097994936419052570e-09
7.961391424332700565e-09
7.827092250500518717e-09
7.695058543485716156e-09
7.565252087566262288e-09
7.437635311673661382e-09
7.312171278518637711e-09
7.188823673899790570e-09
7.067556796193088336e-09
6.948335546018177363e-09
6.831125416079460061e-09
6.715835810911219672e-09
6.594882156741202020e-09
6.476106904019517643e-09
6.359470819265327229e-09
6.244935375601287017e-09
6.132462740027413946e-09
6.022015760924303183e-09
5.913557955781172504e-09
5.807053499145162604e-09
5.702467210787542362e-09
5.599764544083168712e-09
5.498911574599015589e-09
5.399874988888448326e-09
5.302622073487182071e-09
5.207120704107560051e-09
5.110678152715481962e-09
5.013347339923648749e-09
4.917870153369986489e-09
4.824211291487249637e-09
4.732336125012423242e-09
4.642210684182838086e-09
4.553801646176312372e-09
4.467076322790485928e-09
4.382002648356627024e-09
4.298549167883788304e-09
4.216685025428742508e-09
4.136379952687258476e-09
4.057604257802800755e-09
3.980328814388366360e-09
3.904525050757246661e-09
3.826278144436958892e-09
3.749524111959766234e-09
3.674309743165956020e-09
3.600604152847513253e-09
3.528377075344803691e-09
3.457598852118523470e-09
3.388240419571100323e-09
3.320273297112307901e-09
3.253669575464357962e-09
3.188401905201459816e-09
3.124443485519404627e-09
3.061768053230347567e-09
3.000349871978431899e-09
2.940163721671602497e-09
2.880257743015453838e-09
2.820537392048813899e-09
2.762055305375798436e-09
2.704785808357236955e-09
2.648703758701649828e-09
2.593784535427317523e-09
2.540004028053213760e-09
2.487338626014155888e-09
2.435765208295321088e-09
2.385261133281730265e-09
2.335804228818205573e-09
2.287372782475371596e-09
2.239945532017595718e-09
2.193501656068424896e-09
2.148020764969711322e-09
2.103348703128397262e-09
2.059599343137364291e-09
2.016759963739077847e-09
1.974811637463976731e-09
1.933735830531254906e-09
1.893514394660140276e-09
1.854129559051580343e-09
1.815563922536667607e-09
1.777800445888375868e-09
1.740822444293249260e-09
1.704613579979605028e-09
1.669157854999143364e-09
1.634439604158659494e-09
1.600443488098778863e-09
1.567389173666019317e-09
1.535309307021761819e-09
1.503886021309160472e-09
1.473105878239185121e-09
1.442955714565249781e-09
1.413422636453861659e-09
1.384494013970549575e-09
1.356157475678611344e-09
1.328400903348443416e-09
1.301212426775100896e-09
1.274580418701974707e-09
1.248493489848366351e-09
1.222940484038787288e-09
1.197910473431997463e-09
1.173392753847662741e-09
1.149789630222271519e-09
1.126692979195565410e-09
1.104060287205045074e-09
1.081882234371945253e-09
1.060149688032614780e-09
1.038853698977793284e-09
1.017985497767407814e-09
9.975364911194424740e-10
9.774982583713031793e-10
9.578625480123129314e-10
9.386212742858141247e-10
9.197665138595691963e-10
9.012905025630037745e-10
8.831856321900138182e-10
8.656275751768435536e-10
8.486726548115321347e-10
8.320498279848713992e-10
8.157525900294265978e-10
7.997745636837204028e-10
7.841094965967703451e-10
7.687512588814758147e-10
7.536938407159263233e-10
7.389313499917213359e-10
7.244580100083230137e-10
7.102681572125711575e-10
6.963562389824992558e-10
6.827168114545303665e-10
6.693445373932474672e-10
6.562341841028728372e-10
6.436372950043835490e-10
6.313099646973981142e-10
6.192187348676202977e-10
6.073590835760753884e-10
5.957265754906983392e-10
5.843168602275809368e-10
5.731256707240027661e-10
5.621488216425993204e-10
5.513822078061181136e-10
5.408218026621414782e-10
5.304636567772139793e-10
5.203038963598220956e-10
5.103387218116390751e-10
5.005644063065511690e-10
4.910119582140742379e-10
4.816955739366807641e-10
4.725559572808330202e-10
4.635897542852610396e-10
4.547936746262397545e-10
4.461644904101220746e-10
4.376990349888168187e-10
4.293942017977231518e-10
4.212469432157068534e-10
4.132542694467232811e-10
4.054132474226514165e-10
3.977209997269471690e-10
3.901747035387188893e-10
3.827715895968365771e-10
3.755089411837048265e-10
3.683386172298883954e-10
3.612987852350000462e-10
3.543935012679263096e-10
3.476201937940322662e-10
3.409763404268664278e-10
3.344594669888055938e-10
3.280671465896887656e-10
3.217969987230250819e-10
3.156466883794968080e-10
3.096139251774043807e-10
3.036964625097119329e-10
2.978920967074264310e-10
2.921986662189352972e-10
2.866140508050473319e-10
2.810843388653757649e-10
2.755712714255799031e-10
2.701663349215679945e-10
2.648674085196297833e-10
2.596724129831760352e-10
2.545793098568704995e-10
2.495861006667649708e-10
2.446908261361174899e-10
2.398915654166012730e-10
2.351864353345821836e-10
2.305735896521845398e-10
2.260512183428499522e-10
2.216175468811004307e-10
2.172708355462408799e-10
2.130093787397095062e-10
2.086797510826582605e-10
2.044113785274847553e-10
2.002303120198556842e-10
1.961347657864263575e-10
1.921229905803752100e-10
1.881932729342847081e-10
1.843439344283038230e-10
1.805733309732759336e-10
1.768798521085371657e-10
1.732619203140702953e-10
1.697179903367317335e-10
1.662465485302597296e-10
1.628461122087790326e-10
1.595152290135356613e-10
1.561923776095008236e-10
1.528215446749911492e-10
1.495234586622350958e-10
1.462965495988461606e-10
1.431392813944672102e-10
1.400501511095514000e-10
1.370276882399271494e-10
1.340704540167976334e-10
1.311770407218526067e-10
1.283460710171578601e-10
1.255761972895096111e-10
1.228661010089327520e-10
1.202144921010319945e-10
1.176201083328777325e-10
1.150817147121581101e-10
1.124715670647766885e-10
1.098936432750367240e-10
1.073748072284410376e-10
1.049137045942653529e-10
1.025090120839570372e-10
1.001594367396233417e-10
9.786371523883442148e-11
9.562061321535832085e-11
9.342892459546539622e-11
9.128747094944519881e-11
8.919510085798703018e-11
8.715068929308343692e-11
8.515313701312382090e-11
8.320136997185294058e-11
8.125648198061081926e-11
7.927386068109755019e-11
7.733961444190527839e-11
7.545256293350710732e-11
7.361155462588024936e-11
7.181546608581301937e-11
7.006320129135415125e-11
6.835369096299079546e-11
6.668589191114517448e-11
6.505878639959197059e-11
6.347138152440805874e-11
6.192270860807564557e-11
6.041182260836894820e-11
5.893780154166402077e-11
5.749974592031836100e-11
5.602565702940782788e-11
5.457141457902717266e-11
5.315491949684567433e-11
5.177519198488977339e-11
5.043127767753052223e-11
4.912224698134245552e-11
4.784719443209961359e-11
4.660523806845977323e-11
4.539551882190679056e-11
4.421719992252808242e-11
4.306946632021518763e-11
4.195152412088996058e-11
4.086260003736259472e-11
3.980194085444454001e-11
3.875146795398379018e-11
3.768551709507536235e-11
3.664888773786996184e-11
3.564077332505297077e-11
3.466038948557844369e-11
3.370697342438250893e-11
3.277978332888483335e-11
3.187809779181693928e-11
3.100121524992446639e-11
3.014845343811122186e-11
2.931914885859756026e-11
2.851265626468091830e-11
2.772834815869669143e-11
2.696561430378886839e-11
2.622386124911104783e-11
2.547224298621361926e-11
2.473327033223062310e-11
2.401573593885272070e-11
2.331901786287904391e-11
2.264251220423974803e-11
2.198563258254867555e-11
2.134780962884121096e-11
2.072849049205821647e-11
2.012713835984638002e-11
1.954323199326105251e-11
1.897626527496773549e-11
1.842574677055028133e-11
1.789119930254671456e-11
1.737215953684185211e-11
1.686197877403165878e-11
1.634914444169375530e-11
1.585190727360013787e-11
1.536979290304596108e-11
1.490234139054937354e-11
1.444910678506726442e-11
1.400965669855601489e-11
1.358357189347057101e-11
1.317044588281036165e-11
1.276988454232835169e-11
1.238150573453483759e-11
1.200493894413613778e-11
1.163982492456118835e-11
1.128581535523875314e-11
1.094257250929786241e-11
1.059953608678533862e-11
1.026378971704500049e-11
9.938678305652837240e-12
9.623864984218799280e-12
9.319023554851771376e-12
9.023838152165351029e-12
8.738002915990147020e-12
8.461221674452368393e-12
8.193207637091990166e-12
7.933683097700843762e-12
7.682379146573688394e-12
7.439035391874206950e-12
7.203399689826252414e-12
6.975227883452228779e-12
6.752527096510683229e-12
6.531169440641910662e-12
6.317068210569198932e-12
6.109985530104677913e-12
5.909691320987770932e-12
5.715963047257774247e-12
5.528585468006395711e-12
5.347350398235170640e-12
5.172056477552674989e-12
5.002508946453752775e-12
4.838519429933055098e-12
4.679905728191829020e-12
4.526491614205552470e-12
4.378106637927880063e-12
4.234585936912697838e-12
4.095770053144626512e-12
3.961504755873904393e-12
3.831640870258919927e-12
3.706034111626336182e-12
3.584544925164081460e-12
3.467038330869829107e-12
3.353383773581920567e-12
3.243454977926714774e-12
3.137129808020965895e-12
3.034290131773165346e-12
2.934821689633609370e-12
2.838613967646695177e-12
2.745560074665010743e-12
2.655556623588344105e-12
2.568503616495912717e-12
2.484304333544231173e-12
2.402865225506854021e-12
2.324095809837031532e-12
2.247908570137432346e-12
2.174218858925442531e-12
2.102944803586055620e-12
2.034007215407575134e-12
1.967329501599444160e-12
1.902837580194113253e-12
1.840459797738648049e-12
1.780126849684479880e-12
1.721771703386897900e-12
1.665329523628766848e-12
1.610737600585612661e-12
1.557935280152190595e-12
1.506863896553011496e-12
1.457466707161996277e-12
1.409688829458866355e-12
1.363477180052134381e-12
1.318780415701071635e-12
1.275548876271023504e-12
1.233734529558767467e-12
1.193290917926522094e-12
1.154173106685423042e-12
1.116337634171039005e-12
1.079742463455483484e-12
1.044346935642498218e-12
1.010111724693541913e-12
9.769987937348137713e-13
9.449713527965152241e-13
9.139938179375592060e-13
8.840317717101912639e-13
8.550519249206197188e-13
8.270220796432431947e-13
7.999110934472537100e-13
7.736888447960147646e-13
7.483261995806607588e-13
7.237949787507614616e-13
7.000679270061444976e-13
6.771186825149839178e-13
6.549217476246491908e-13
6.334524605326233112e-13
6.126869678861321850e-13
5.926021982799943162e-13
5.731758366232264236e-13
5.543862993459746926e-13
5.362127104191857141e-13
5.186348781603887003e-13
5.016332727998276326e-13
4.851890047819873677e-13
4.692838037784487226e-13
4.538999983887198847e-13
4.390204965065155389e-13
4.246287663296375948e-13
4.107088179924088327e-13
3.972451858001866011e-13
3.842229110462898175e-13
3.716275253921942153e-13
3.594450347925418904e-13
3.476619039471355812e-13
3.362650412625889933e-13
3.252417843069856049e-13
3.145798857413398463e-13
3.042674997122395924e-13
2.942931686905766985e-13
2.846458107416971088e-13
2.753147072128852928e-13
2.662894908244410793e-13
2.575601341511662510e-13
2.491169384814438917e-13
2.409505230415177734e-13
2.330518145730414263e-13
2.254120372522647437e-13
2.180227029396996625e-13
2.108756017494151682e-13
2.039627929274714388e-13
1.972765960293940937e-13
1.908095823868419730e-13
1.845545668540229158e-13
1.785045998246734818e-13
1.726529595107225653e-13
1.669931444740900486e-13
1.615188664032851495e-13
1.562240431268131393e-13
1.511027918556025677e-13
1.461494226469590191e-13
1.413584320827859867e-13
1.367244971550307710e-13
1.322424693515860951e-13
1.279073689360560155e-13
1.237143794150422247e-13
1.196588421868058833e-13
1.157362513653439210e-13
1.119422487741495831e-13
1.082726191040769854e-13
1.047232852299433009e-13
1.012903036806565710e-13
9.796986025784196168e-14
9.475826579809172158e-14
9.165195207413870812e-14
8.864746783039357491e-14
8.574147494844266590e-14
8.293074473824833259e-14
8.021215435092560365e-14
7.758268330911665929e-14
7.503941015110301871e-14
7.257950918492859630e-14
7.020024734892888590e-14
6.789898117517346197e-14
6.567315385245439666e-14
6.352029238555253765e-14
6.143800484762730119e-14
5.942397772267838877e-14
5.747597333512263790e-14
5.559182736363713985e-14
5.376944643649727411e-14
5.200680580574787235e-14
5.030194709761597771e-14
4.865297613666738167e-14
4.705806084129342181e-14
4.551542918818383617e-14
4.402336724352833284e-14
4.258021725875976748e-14
4.118437582871905756e-14
3.983429211019911903e-14
3.852846609888816938e-14
3.726544696279667074e-14
3.604383143031693585e-14
