4.603561950553739905e-09
4.668318862242516164e-09
4.733986689795229419e-09
4.800578246789490195e-09
4.868106527047546416e-09
4.936584707171884808e-09
5.006026149116191785e-09
5.076444402792788038e-09
5.147853208716425992e-09
5.220266500685600718e-09
5.293698408501245283e-09
5.368163260724010764e-09
5.443675587469981205e-09
5.520250123246075053e-09
5.597901809824962660e-09
5.676645799160801013e-09
5.756497456345601234e-09
5.837472362607565568e-09
5.918676977833697382e-09
6.000527114720037236e-09
6.083509167562131272e-09
6.167638789769780954e-09
6.252931851225682737e-09
6.339404441279262711e-09
6.427072871781529471e-09
6.515953680162152089e-09
6.606063632549099823e-09
6.697419726931151299e-09
6.790039196364542871e-09
6.883939512223527041e-09
6.979138387496326549e-09
7.075653780126216129e-09
7.173503896399270484e-09
7.272707194378522062e-09
7.373282387385903395e-09
7.475248447532349556e-09
7.578624609296405647e-09
7.683430373152796012e-09
7.789685509250663149e-09
7.897410061143181997e-09
8.006624349568248475e-09
8.117348976281957047e-09
8.229604827944610865e-09
8.343413080060794784e-09
8.458795200973939731e-09
8.575772955915792006e-09
8.694368411112402190e-09
8.814603937946317661e-09
8.936502217176930868e-09
9.060086243218592943e-09
9.185379328478486143e-09
9.312405107753924258e-09
9.441187542690837917e-09
9.571750926303926203e-09
9.704119887558917957e-09
9.838319396018808884e-09
9.974374766553688989e-09
1.011231166411637390e-08
1.025215610858343307e-08
1.039393447966370270e-08
1.053767352187434457e-08
1.068340034958585202e-08
1.083114245213680051e-08
1.098092769901932045e-08
1.113278434513631969e-08
1.128674103613128778e-08
1.144282681379202540e-08
1.160107112152888947e-08
1.176150380992890898e-08
1.192415514238667308e-08
1.208905580081310647e-08
1.225623689142318437e-08
1.242572995060368700e-08
1.259699067408943809e-08
1.276744386126504137e-08
1.294020349525563024e-08
1.311530078519838404e-08
1.329276736252961718e-08
1.347263528669879892e-08
1.365493705096033796e-08
1.383970558824328424e-08
1.402697427710090819e-08
1.421677694774035769e-08
1.440914788813419604e-08
1.460412185021462813e-08
1.480173405615125705e-08
1.500202020471422879e-08
1.520501647772299358e-08
1.541075954658282766e-08
1.561928657890928110e-08
1.583063524524280321e-08
1.604484372585367948e-08
1.626195071763958633e-08
1.648199544111594224e-08
1.670501764750139462e-08
1.693105762589862763e-08
1.716015621057288326e-08
1.739235478832842376e-08
1.762769530598536764e-08
1.786622027795712069e-08
1.810797279393092326e-08
1.835299652665173569e-08
1.860133573981203918e-08
1.885303529604780695e-08
1.910814066504326952e-08
1.936669793174477187e-08
1.962875380468616102e-08
1.989435562442684221e-08
2.016355137210358236e-08
2.043638967809868132e-08
2.071291983082472588e-08
2.099319178562893102e-08
2.127725617381724693e-08
2.156516431180129246e-08
2.185696821036834657e-08
2.215272058407747484e-08
2.245247486078209891e-08
2.275628519128213872e-08
2.306420645910600228e-08
2.337629429042572837e-08
2.369260506410553359e-08
2.401319592188685417e-08
2.433812477871111995e-08
2.466745033318203733e-08
2.500123207816937307e-08
2.533953031155673696e-08
2.568240614713402188e-08
2.602992152563805473e-08
2.638213922594188183e-08
2.673261013546721339e-08
2.708427200685986859e-08
2.744055991630734069e-08
2.780153471836864927e-08
2.816725806813157112e-08
2.853779243174385060e-08
2.891320109708204939e-08
2.929354818456168538e-08
2.967889865808864077e-08
3.006931833615557820e-08
3.046487390308335180e-08
3.086563292041130731e-08
3.127166383843639546e-08
3.168303600790509854e-08
3.209981969185814727e-08
3.252208607763201149e-08
3.294990728901762142e-08
3.338335639857902581e-08
3.382250744013476659e-08
3.426743542140245947e-08
3.471821633681076287e-08
3.517492718047879457e-08
3.563764595936743665e-08
3.610645170660244902e-08
3.658142449497406363e-08
3.706264545061296008e-08
3.755019676684732097e-08
3.804416171824098686e-08
3.854462467481742910e-08
3.905167111647006987e-08
3.956538764756219210e-08
4.008586201171931105e-08
4.061318310681605915e-08
4.114744100015992652e-08
4.168872694387468299e-08
4.223713339048694233e-08
4.279275400871656371e-08
4.335568369947607837e-08
4.392601861207922091e-08
4.450385616066405115e-08
4.508929504083112961e-08
4.568243524650074375e-08
4.628337808699218916e-08
4.689222620432777249e-08
4.750908359076404436e-08
4.813405560655355738e-08
4.876724899794123927e-08
4.940877191539607551e-08
5.005873393208412375e-08
5.071724606258304498e-08
5.138442078184435224e-08
5.206037204440351563e-08
5.274521530384439564e-08
5.343906753251806431e-08
5.414204724152264481e-08
5.485030364811046122e-08
5.554601297827134908e-08
5.625054653436867412e-08
5.696401624096632658e-08
5.768653544225505232e-08
5.841821892005866600e-08
5.915918291206869843e-08
5.990954513031029054e-08
6.066942477984232506e-08
6.143894257769474723e-08
6.221822077204607234e-08
6.300738316164413069e-08
6.380655511547320646e-08
6.461586359267046896e-08
6.543543716269523007e-08
6.626540602575387314e-08
6.710590203348390793e-08
6.795705870990032771e-08
6.881901127260774956e-08
6.969189665428147422e-08
7.057585352442110544e-08
7.147102231138003724e-08
7.237754522467438270e-08
7.329556627757483819e-08
7.422523130998512270e-08
7.516668801161061859e-08
7.612008594542081361e-08
7.708557657140939571e-08
7.806331327065570612e-08
7.905345136969133623e-08
8.005614816517587811e-08
8.107156294888554793e-08
8.209985703301881141e-08
8.314119377582304799e-08
8.419573860754609185e-08
8.526365905671712319e-08
8.634512477676074781e-08
8.744030757294875172e-08
8.854938142969364671e-08
8.967252253818841425e-08
9.080990932439682834e-08
9.196172247739883071e-08
9.312814497809536576e-08
9.430936212827733361e-08
9.550556158006332025e-08
9.671693336571057803e-08
9.794366992780419307e-08
9.918596614982919104e-08
1.004440193871303854e-07
1.017180294982648389e-07
1.030081988767521523e-07
1.043147324832273452e-07
1.056378378780015574e-07
1.069777252540358235e-07
1.083346074703329912e-07
1.097087000857532618e-07
1.110618573313673387e-07
1.124113152569352993e-07
1.137771697810890149e-07
1.151596201308220994e-07
1.165588679538372364e-07
1.179751173479582729e-07
1.194085748909019720e-07
1.208594496704091057e-07
1.223279533147419552e-07
1.238143000235544799e-07
1.253187065991342011e-07
1.268413924780271565e-07
1.283825797630448134e-07
1.299424932556597177e-07
1.315213604887971565e-07
1.331194117600229413e-07
1.347368801651343262e-07
1.363740016321616570e-07
1.380310149557805674e-07
1.397081618321422911e-07
1.414056868941301380e-07
1.431238377470399098e-07
1.448628650046982584e-07
1.466230223260170546e-07
1.484045664519917610e-07
1.502077572431520665e-07
1.520328577174650500e-07
1.538801340886985723e-07
1.557498558052541375e-07
1.576422955894667859e-07
1.595577294773873205e-07
1.614964368590445617e-07
1.634587005191970822e-07
1.654448066785826526e-07
1.674550450356663512e-07
1.694897088088955176e-07
1.715490947794715016e-07
1.736335033346378378e-07
1.757432385114944545e-07
1.778786080413477627e-07
1.800399233945941910e-07
1.822274998261547677e-07
1.844416564214576552e-07
1.866827161429798831e-07
1.889510058773578920e-07
1.912468564830651652e-07
1.935706028386746566e-07
1.959225838917039259e-07
1.983031427080536983e-07
2.007126265220506503e-07
2.031513867870948191e-07
2.056197792269220621e-07
2.081181638874934283e-07
2.106469051895111478e-07
2.132063719815725695e-07
2.157657233845959737e-07
2.181845583531450319e-07
2.206305095962969321e-07
2.231038811002080233e-07
2.256049802588653334e-07
2.281341179122833867e-07
2.306916083851409506e-07
2.332777695258434422e-07
2.358929227460259773e-07
2.385373930604988882e-07
2.412115091276408724e-07
2.439156032902454357e-07
2.466500116168244686e-07
2.494150739433756265e-07
2.522111339156175627e-07
2.550385390316984414e-07
2.578976406853839242e-07
2.607887942097283892e-07
2.637123589212371106e-07
2.666686981645196661e-07
2.696581793574530447e-07
2.726811740368370932e-07
2.757380579045757058e-07
2.788292108743667094e-07
2.819550171189187089e-07
2.851158651176967469e-07
2.883121477052027049e-07
2.915442621197974884e-07
2.948126100530705009e-07
2.981175976997621778e-07
3.014596358082466207e-07
3.048391397315797316e-07
3.082565294791201541e-07
3.117122297687290021e-07
3.152066700795513414e-07
3.187402847053992763e-07
3.223135128087178487e-07
3.259267984751717581e-07
3.295805907688334759e-07
3.332753437879946168e-07
3.370115167216013621e-07
3.407895739063236215e-07
3.446099848842630711e-07
3.484732244613085343e-07
3.523797727661457507e-07
3.563301153099279877e-07
3.603247430466165506e-07
3.643641524339967477e-07
3.684488454953785764e-07
3.725793298819889047e-07
3.767561189360636739e-07
3.809797317546429785e-07
3.852506932540936958e-07
3.895695342353359455e-07
3.939367914498202333e-07
3.983530076662319309e-07
4.023682486561507041e-07
4.061852182407413523e-07
4.100383965889675673e-07
4.139281271865523196e-07
4.178547567776166849e-07
4.218186353955831001e-07
4.258201163943851391e-07
4.298595564799600393e-07
4.339373157420536237e-07
4.380537576863129502e-07
4.422092492666974450e-07
4.464041609181833207e-07
4.506388665897928857e-07
4.549137437779220076e-07
4.592291735599991914e-07
4.635855406284483711e-07
4.679832333249895092e-07
4.724226436752489446e-07
4.769041674237137433e-07
4.814282040690019379e-07
4.859951568994830160e-07
4.906054330292204402e-07
4.952594434342714563e-07
4.999576029893147043e-07
5.047003305046417347e-07
5.094880487634831042e-07
5.143211845597048356e-07
5.192001687358461262e-07
5.241254362215334568e-07
5.290974260722484426e-07
5.341165815084648848e-07
5.391833499551610574e-07
5.442981830817076535e-07
5.494615368421238732e-07
5.546738715157305579e-07
5.599356517481772903e-07
5.652473465928596582e-07
5.706094295527399181e-07
5.760223786225487180e-07
5.814866763313989012e-07
5.870028097858029215e-07
5.925712707130874115e-07
5.981925555052356073e-07
6.038671652631337031e-07
6.095956058412372280e-07
6.153783878926735382e-07
6.212160269147526860e-07
6.271090432949310269e-07
6.330579623571917799e-07
6.390633144088773725e-07
6.451256347879660559e-07
6.512454639107908820e-07
6.574233473202106792e-07
6.636598357342504957e-07
6.699554850951841943e-07
6.761450968465791243e-07
6.814853232197835277e-07
6.868677269567682547e-07
6.922926411763720709e-07
6.977604016284221557e-07
7.032713467145183840e-07
7.086495272854817223e-07
7.139608411693287704e-07
7.193119632433819214e-07
7.247031918692237867e-07
7.301348276446508629e-07
7.355788526499826346e-07
7.407679967351750650e-07
7.459937476589663394e-07
7.512563636644553202e-07
7.565561048165115925e-07
7.618932330146394590e-07
7.670659952834150301e-07
7.721103255844171162e-07
7.771878280874733528e-07
7.822987209374988448e-07
7.874432237139543905e-07
7.926130187867284803e-07
7.974042370819276711e-07
8.022244175215884643e-07
8.070737351772188631e-07
8.119523661786058118e-07
8.168604877202110352e-07
8.215659569101945650e-07
8.260520599982939401e-07
8.305626591365876671e-07
8.350978880840322546e-07
8.396578813299652635e-07
8.442427740980993843e-07
8.483308009612504867e-07
8.524126324017524513e-07
8.565141039966491336e-07
8.606353102465758865e-07
8.647763461068677367e-07
8.686807221950834327e-07
8.722453778293289568e-07
8.758246611276455726e-07
8.794186321150634272e-07
8.830273510629274136e-07
8.866508784899018575e-07
8.896636785901385364e-07
8.926052819562604182e-07
8.955566115038280037e-07
8.985176993916994736e-07
9.014885778850637016e-07
9.041884949903774332e-07
9.063767055214816630e-07
9.085702117020624246e-07
9.107690263480231892e-07
9.129731623062906449e-07
9.151826324548745186e-07
9.166677371107358054e-07
9.179921523143576976e-07
9.193184810527958264e-07
9.206467260907575790e-07
9.219768901969390207e-07
9.230225266502063864e-07
9.233455741455631992e-07
9.236687347039072741e-07
9.239920083648095553e-07
9.243153951678545394e-07
9.246388951526426048e-07
9.241132146324916182e-07
9.233048435001943507e-07
9.224971794932531124e-07
9.216902219931111882e-07
9.208839703817476110e-07
9.198082433904698089e-07
9.177551080014124501e-07
9.157065554859661307e-07
9.136625756145421105e-07
9.116231581803836341e-07
9.095882929995224150e-07
9.066373028744518581e-07
9.032687304880052873e-07
8.999126738891695256e-07
8.965690865760673263e-07
8.932379222195970000e-07
8.897010085617915150e-07
8.849322861756629910e-07
8.801891237394246018e-07
8.754713842539018133e-07
8.707789314542189888e-07
8.661116298058738141e-07
8.605322954540225809e-07
8.544055388772913988e-07
8.483224031458775466e-07
8.422825776911918815e-07
8.362857541558108993e-07
8.302071747594851966e-07
8.227677128286575867e-07
8.153949156960909741e-07
8.080881859804989351e-07
8.008469316537159004e-07
7.936705659927181380e-07
7.857507077300576728e-07
7.772480211762092925e-07
7.688373430391786532e-07
7.605176776867401418e-07
7.522880402604986358e-07
7.441299190829487760e-07
7.347561438384523788e-07
7.255004496710396367e-07
7.163613491180377604e-07
7.073373734542825426e-07
6.984270724560873332e-07
6.891113666115660861e-07
6.793654821822184363e-07
6.697574307185032989e-07
6.602852628923140153e-07
6.509470569442800622e-07
6.417409182938652922e-07
6.319892383226057049e-07
6.223473874719328853e-07
6.128526361004748547e-07
6.035027400066648895e-07
5.942954892272674258e-07
5.851157406239859248e-07
5.759188651187677804e-07
5.668665465160311167e-07
5.579565126638879082e-07
5.491865271242352862e-07
5.405543886114029816e-07
5.321852808172446320e-07
5.239631976033041844e-07
5.158681428037396736e-07
5.078981538723664441e-07
5.000512985836734942e-07
4.924974210212093986e-07
4.853803586543781068e-07
4.783661446976529197e-07
4.714532928923899008e-07
4.646403384578150798e-07
4.579258377806481807e-07
4.518468765019868330e-07
4.459731828678302706e-07
4.401758431462544492e-07
4.344538647897527844e-07
4.288062681532425020e-07
4.233762713796637738e-07
4.183879888799251790e-07
4.134584790700590871e-07
4.085870494814495272e-07
4.037730158042516954e-07
3.990157017912582679e-07
3.943389031725453366e-07
3.897253029106003225e-07
3.851656798423984558e-07
3.806594024573452456e-07
3.762058466332559905e-07
3.716606942126324380e-07
3.666328200884200823e-07
3.616729636981308915e-07
3.567802048890302649e-07
3.519536359563286548e-07
3.471923614747846405e-07
3.415682923040566697e-07
3.355968528047160579e-07
3.297298085039271842e-07
3.239653343212427213e-07
3.183016370830316690e-07
3.125080297057010341e-07
3.054553209925937070e-07
2.985617784303170752e-07
2.918238099431735443e-07
2.852379045217472009e-07
2.788006303933880319e-07
2.718304400001324821e-07
2.646077797170161180e-07
2.575770288520113568e-07
2.507330882832827056e-07
2.440709943750144079e-07
2.375841070366788389e-07
2.312474281525967145e-07
2.250797567824463834e-07
2.190765852747774090e-07
2.132335262030980825e-07
2.075463091593210545e-07
2.025307827859391662e-07
1.980703717146833828e-07
1.937081939423414007e-07
1.894420860402819265e-07
1.852699322258715880e-07
1.811958544577628394e-07
1.782474749643224400e-07
1.753470708600730237e-07
1.724938614999258943e-07
1.696870789412814242e-07
1.669259677373333477e-07
1.642392583027262686e-07
1.616282369612305700e-07
1.590587247723951301e-07
1.565300618374567855e-07
1.540415987485044550e-07
1.515926964216980083e-07
1.482436321922278034e-07
1.449082563600097203e-07
1.416479241015197983e-07
1.384609469899536114e-07
1.353456745869034730e-07
1.319669610248794725e-07
1.281950600729700323e-07
1.245309682020648529e-07
1.209716039956327766e-07
1.175139741106866931e-07
1.141551707604514497e-07
1.111808037810603517e-07
1.083257701227520936e-07
1.055440514335112325e-07
1.028337650438725884e-07
1.001930766298103424e-07
9.785389774636552417e-08
9.602050712985966176e-08
9.422146691972582112e-08
9.245613352675448729e-08
9.072387542002334498e-08
8.902407290097350096e-08
8.722188606315691579e-08
8.542393077805386165e-08
8.366303778721131287e-08
8.193844310407882383e-08
8.024939849060411078e-08
7.847827298439280321e-08
7.643658340983917544e-08
7.444801040067787386e-08
7.251117207713890189e-08
7.062472251041627980e-08
6.878735078736721013e-08
6.716004958185719264e-08
6.562838052782509945e-08
6.413164310510783882e-08
6.266904065409876341e-08
6.123979468401103239e-08
5.987219915927669971e-08
5.864787872400959508e-08
5.744859429124896695e-08
5.627383390235763995e-08
5.512309606768764772e-08
5.399588955250157575e-08
5.279733171025741786e-08
5.157948767097568131e-08
5.038973490176350252e-08
4.922742543832564811e-08
4.809192626256703932e-08
4.699389029173887467e-08
4.599228201149688049e-08
4.501202159457979639e-08
4.405265404148559557e-08
4.311373405038316683e-08
4.219482581041976492e-08
4.130642164954900690e-08
4.044385032876881725e-08
3.959929144415989033e-08
3.877236885539759237e-08
3.796271427681590135e-08
3.717049929504493997e-08
3.640217015603891921e-08
3.564972268870913110e-08
3.491282861252776748e-08
3.419116643265749922e-08
3.348442129968802806e-08
3.280667177521833240e-08
3.215502768567367811e-08
3.151632730533391459e-08
3.089031353126398576e-08
3.027673436740516148e-08
2.967534282313597319e-08
2.913787929106902572e-08
2.861022478309637388e-08
2.809212550997807425e-08
2.758340843706415409e-08
2.708390366316912506e-08
2.659344436382854128e-08
2.611186673558318709e-08
2.563900994127164760e-08
2.517471605631433788e-08
2.471883001596979037e-08
2.427119956354582633e-08
2.383167519954950118e-08
2.340011013175696732e-08
2.297636022618773988e-08
2.256028395896721872e-08
2.215174236906024494e-08
2.175059901186108366e-08
2.135671991362376955e-08
2.096997352671751192e-08
2.059023068569231997e-08
2.021736456414071003e-08
1.985125063233973846e-08
1.949176661566116123e-08
1.913879245373384468e-08
1.879221026034615224e-08
1.845190428407423839e-08
1.811776086962352451e-08
1.778966841987006879e-08
1.746751735858949524e-08
1.715120009386064741e-08
1.684061098213217760e-08
1.653564629293946229e-08
1.623620417426117957e-08
1.594218461850239318e-08
1.565348942909430964e-08
1.537002218769854889e-08
1.509168822200514862e-08
1.481839457411432485e-08
1.455004996949017828e-08
1.428656478647680737e-08
1.402785102636669844e-08
1.377619611660979668e-08
1.352975236536074797e-08
1.328771727104541499e-08
1.305001196675862699e-08
1.281655899645320332e-08
1.258728228970086466e-08
1.236210713690488919e-08
1.214096016495606144e-08
1.192376931332398114e-08
1.171046381057634215e-08
1.150097415131800221e-08
1.129523207354286048e-08
1.109317053639063006e-08
1.089472369830174912e-08
1.069982689556286516e-08
1.050841662123621877e-08
1.032043050446608281e-08
1.013580729015519118e-08
9.954486819004822646e-09
9.776410007912072879e-09
9.601518830717397727e-09
9.429756299297173558e-09
9.261066444993942489e-09
9.095394300379275221e-09
8.932685881342496705e-09
8.772888169500022056e-09
8.615949094919538912e-09
8.461817519152936613e-09
8.310443218572885110e-09
8.161776868007685275e-09
8.015770024668372051e-09
7.872375112364010634e-09
7.731545405998877610e-09
7.593235016347166152e-09
7.457398875100017269e-09
7.323992720180066234e-09
7.192973081318676751e-09
7.064297265891200891e-09
6.937923345005625114e-09
6.813810139840083519e-09
6.691917208224775659e-09
6.556288813194692484e-09
6.410229943709522726e-09
6.267424926207280209e-09
6.127801272431908050e-09
5.991288108997139827e-09
5.857816141411029207e-09
5.727317618901680930e-09
5.599726300026932294e-09
5.474977419049917857e-09
5.353007653063745447e-09
5.233755089848645567e-09
5.117159196445186242e-09
5.003160788427510964e-09
4.891701999861090928e-09
4.782726253929944323e-09
4.676178234217930481e-09
4.572003856630036986e-09
4.470150241939163387e-09
4.370565688944428788e-09
4.273199648227450775e-09
4.178002696493349234e-09
4.084926511483363389e-09
3.993923847446294703e-09
3.904948511156371224e-09
3.817955338465542575e-09
3.732900171377911194e-09
3.649739835635046865e-09
3.568432118800637107e-09
3.488935748833291565e-09
3.411210373136703670e-09
3.335216538076583268e-09
3.260915668953898067e-09
3.188270050424211107e-09
3.117242807353221998e-09
3.047797886098929450e-09
2.979900036210601025e-09
2.913514792535581381e-09
2.848608457724697775e-09
2.785148085127361095e-09
2.723101462067722946e-09
2.662437093493450309e-09
2.597898916826943484e-09
2.523761034102224215e-09
2.451738870976640760e-09
2.381772049823294750e-09
2.313801916049773636e-09
2.247771488926815670e-09
2.183625413820258656e-09
2.121309915786071930e-09
2.060772754489820308e-09
2.001963180412438129e-09
1.944831892306008049e-09
1.889330995863438127e-09
1.835413963567738998e-09
1.783035595687098816e-09
1.732151982382957822e-09
1.682720466899612273e-09
1.634699609804117086e-09
1.588049154246807148e-09
1.542729992213196034e-09
1.498704131738870337e-09
1.455934665060151907e-09
1.414385737673502373e-09
1.374022518278027135e-09
1.334811169575653560e-09
1.296718819904668429e-09
1.259713535682737213e-09
1.223764294636334102e-09
1.188840959794168241e-09
1.154914254222723533e-09
1.121955736482837721e-09
1.089937776786662535e-09
1.058833533835075218e-09
1.028616932316050795e-09
9.992626410452222111e-10
9.707460517302351579e-10
9.430432583411171239e-10
9.161310370693883218e-10
8.899868268590531328e-10
8.645887104932281039e-10
8.399153962204953687e-10
8.159461999055958292e-10
7.923471448350645891e-10
7.661254636143254242e-10
7.407715542667154675e-10
7.162566990293477521e-10
6.925531305157311236e-10
6.696340002643202147e-10
6.474733483279086459e-10
6.260460738694196863e-10
6.053279067308046990e-10
5.852953799427936684e-10
5.659258031444497925e-10
5.471972368823281901e-10
5.290884677601974449e-10
5.115789844111239517e-10
4.946489542647411160e-10
4.782792010833833464e-10
4.624511832416217392e-10
4.471469727246019304e-10
4.323492348214227333e-10
4.180412084905156323e-10
4.042066873748338957e-10
3.908300014452844842e-10
3.778959992516705083e-10
3.653900307610142244e-10
3.532979307638017671e-10
3.416060028294068425e-10
3.303010037924641815e-10
3.193701287526619541e-10
3.088009965709325593e-10
2.985816358456344546e-10
2.887004713528391274e-10
2.791463109353530531e-10
2.699083328256246293e-10
2.609760733881944798e-10
2.523394152677809141e-10
2.439885759296056965e-10
2.359140965789417998e-10
2.281068314473695068e-10
2.205579374335835754e-10
2.132588640870253319e-10
2.062013439229929971e-10
1.993773830582608724e-10
1.923806842212966564e-10
1.855647338686416598e-10
1.789902691900696006e-10
1.726487344702708147e-10
1.665318771186021742e-10
1.606317369295316368e-10
1.549406357235862138e-10
1.494511673553061456e-10
1.441561880752218076e-10
1.390488072332939780e-10
1.341223783117296449e-10
1.293704902755004905e-10
1.247869592293055021e-10
1.203658203701290585e-10
1.161013202249078150e-10
1.119879091632210045e-10
1.080202341752470645e-10
1.041931319055940086e-10
1.005016219339415449e-10
9.694090029374221995e-11
9.350633322055393744e-11
9.019345112186616344e-11
8.699794276056847950e-11
8.391564964450323659e-11
8.094256061478623344e-11
7.807480662586400941e-11
7.530865571051073107e-11
7.264050812321119199e-11
7.006689165561425968e-11
6.758445711795443838e-11
6.518997398056586431e-11
6.288032616981533403e-11
6.065250801298206220e-11
5.850362032680978077e-11
5.643086664463935944e-11
5.443154957721092453e-11
5.250306730240196732e-11
5.064291017933222561e-11
4.884865748242804246e-11
4.711797425119946343e-11
4.544860825162508512e-11
4.380903270599559483e-11
4.221178953368039492e-11
4.067278060197536812e-11
3.918988273587627332e-11
3.776105016968377830e-11
3.638431172472076987e-11
3.505776808994782380e-11
3.377958920172458171e-11
3.254801171910445936e-11
3.136133659117665645e-11
3.021792671310176742e-11
2.911620466760640053e-11
2.805465054882059931e-11
2.703179986545764639e-11
2.604624152044107238e-11
2.509661586419351678e-11
2.418161281890111051e-11
2.329997007116525790e-11
2.245047133054987514e-11
2.163194465161959083e-11
2.084326081715604684e-11
2.008333178031996528e-11
1.935110916361128146e-11
1.864558281255634099e-11
1.796577940212585121e-11
1.731076109396214645e-11
1.667962424256285344e-11
1.607149814863580112e-11
1.548554385790628688e-11
1.492095300371821509e-11
1.437694669183345560e-11
1.385277442589050262e-11
1.334771307203982759e-11
1.286106586132835751e-11
1.239216142845568756e-11
1.194035288557676808e-11
1.150501692987301230e-11
1.108555298366044193e-11
1.068138236584927209e-11
1.029194749361097868e-11
9.916711113152148605e-12
9.553475031464599611e-12
9.201101047405343074e-12
8.861724158563531786e-12
8.534864975166631546e-12
8.220061789435528958e-12
7.916869923395523590e-12
7.624861100742179842e-12
7.343622841876381781e-12
7.072757881252299015e-12
6.811883606216766678e-12
6.560631516546281750e-12
6.318646703918789613e-12
6.085587350585092764e-12
5.861124246530926488e-12
5.644940324448722656e-12
5.436730211861260784e-12
5.236199799765214526e-12
5.043065827184884750e-12
4.857055481049526965e-12
4.677906010828733601e-12
4.505364357382072591e-12
4.339186795497985084e-12
4.179138589617794308e-12
4.024993662257927989e-12
3.876534274662103067e-12
3.733550719232688353e-12
3.595841023306300379e-12
3.463210663855629593e-12
3.335472292714216831e-12
3.212445471936229157e-12
3.093956418917188659e-12
2.979837760915899724e-12
2.869928298630616530e-12
2.764072778495557369e-12
