4.014582749167814173e-09
4.070066929085971587e-09
4.126317936944548466e-09
4.183346370811159152e-09
4.241162975225677185e-09
4.299778643224656451e-09
4.359204418393539816e-09
4.419451496947422027e-09
4.480531229840467811e-09
4.542455124904493049e-09
4.605234849017192101e-09
4.668882230300141987e-09
4.733409260347376676e-09
4.798828096484643155e-09
4.865151064060004344e-09
4.932390658765898026e-09
5.000559548993489741e-09
5.069670578219460260e-09
5.138722760830096119e-09
5.208175820414931674e-09
5.278567581640251463e-09
5.349910731647242437e-09
5.422218129051672232e-09
5.495502806261650902e-09
5.569777971826384628e-09
5.645057012816903257e-09
5.721353497238965182e-09
5.798681176478335578e-09
5.877053987779476118e-09
5.956486056757348393e-09
6.036991699943551932e-09
6.118585427366512294e-09
6.201281945166787108e-09
6.285096158247715888e-09
6.370043172961651026e-09
6.456138299832868443e-09
6.543397056316900671e-09
6.631835169597420620e-09
6.721468579420925011e-09
6.812313440969472265e-09
6.904386127772641981e-09
6.997703234658448002e-09
7.092281580744406142e-09
7.188138212469036980e-09
7.285290406664048565e-09
7.383755673668477043e-09
7.483551760484479121e-09
7.584696653976068448e-09
7.687208584111097831e-09
7.791106027246737901e-09
7.896407709459835307e-09
8.003132609921807956e-09
8.111299964319475252e-09
8.220929268322121118e-09
8.332040281095085916e-09
8.444653028861354708e-09
8.558787808510767949e-09
8.674465191258355132e-09
8.791706026352118947e-09
8.910531444830574350e-09
9.030962863331617495e-09
9.153021987952284481e-09
9.276730818161266017e-09
9.402111650763754493e-09
9.529187083920238126e-09
9.657980021219630938e-09
9.788513675807052904e-09
9.920811574567985771e-09
1.005489756236838268e-08
1.019079580635258943e-08
1.032853080029905428e-08
1.046812736903493788e-08
1.060961067291056321e-08
1.075235272565308684e-08
1.089342414502835737e-08
1.103634642866302081e-08
1.118114385999113878e-08
1.132784104104664375e-08
1.147646289664342183e-08
1.162703467861021775e-08
1.177958197008099242e-08
1.193413068984180832e-08
1.209070709673450913e-08
1.224933779411828710e-08
1.241004973438980161e-08
1.257287022356245925e-08
1.273782692590604019e-08
1.290494786864693849e-08
1.307426144673019799e-08
1.324579642764402162e-08
1.341958195630745596e-08
1.359564756002245855e-08
1.377402315349067875e-08
1.395473904389618323e-08
1.413782593605488189e-08
1.432331493763135583e-08
1.451123756442442564e-08
1.470162574572178270e-08
1.489451182972501019e-08
1.508992858904575819e-08
1.528790922627405062e-08
1.548848737961950318e-08
1.569169712862685841e-08
1.589757299996621201e-08
1.610614997329933470e-08
1.631746348722298476e-08
1.653154944529003844e-08
1.674844422210992050e-08
1.696818466952876176e-08
1.719080812289081220e-08
1.741635240738198651e-08
1.764485584445646521e-08
1.787635725834799570e-08
1.811089598266621101e-08
1.834851186707973295e-08
1.858924528408691345e-08
1.883313713587523972e-08
1.908022886127111053e-08
1.933056244278041708e-08
1.958418041372167878e-08
1.984112586545278274e-08
2.010144245469231311e-08
2.036517441093736593e-08
2.063236654397827000e-08
2.090306425151209619e-08
2.117731352685608352e-08
2.145516096676196484e-08
2.173665377933356755e-08
2.202183979204714031e-08
2.230322178132643323e-08
2.258418703494650383e-08
2.286869175360506620e-08
2.315678052577920424e-08
2.344849850165017339e-08
2.374389140017934188e-08
2.404300551627374199e-08
2.434588772804116207e-08
2.465258550413738969e-08
2.496314691120542742e-08
2.527762062140877884e-08
2.559605592005927477e-08
2.591850271334153388e-08
2.624501153613428304e-08
2.657563355993016167e-08
2.691042060085580354e-08
2.724942512779247402e-08
2.759270027059898322e-08
2.794029982843875433e-08
2.829227827821095477e-08
2.864869078308867091e-08
2.900959320116411020e-08
2.937504209420265026e-08
2.974509473650775339e-08
3.011980912389698791e-08
3.049924398279112843e-08
3.088345877941834347e-08
3.127251372913369525e-08
3.166646980585612904e-08
3.206538875162487085e-08
3.246933308627564071e-08
3.287836611723875257e-08
3.329255194946127151e-08
3.371195549545351270e-08
3.413664248546217177e-08
3.456667947777214469e-08
3.500213386913758630e-08
3.544307390534429204e-08
3.588956869190584473e-08
3.634168820489383077e-08
3.679950330190447496e-08
3.726308573316412259e-08
3.773250815277395251e-08
3.820784413009629691e-08
3.868916816128514210e-08
3.917655568096116732e-08
3.967008307403386310e-08
4.016982768767328970e-08
4.067586784343191939e-08
4.118828284951920255e-08
4.170715301323158436e-08
4.223255965353782614e-08
4.276458511382419102e-08
4.330331277479919602e-08
4.384882706756147757e-08
4.439647607167534119e-08
4.492496013589528013e-08
4.545973513648772234e-08
4.600087595911758054e-08
4.654845838086878302e-08
4.710255908085629941e-08
4.766325565096285905e-08
4.823062660670502710e-08
4.880475139822755984e-08
4.938571042142872586e-08
4.997358502921898856e-08
5.056845754291218978e-08
5.117041126375394614e-08
5.177953048458615302e-08
5.239590050165036877e-08
5.301960762653278590e-08
5.365073919824976328e-08
5.428938359547894887e-08
5.493563024893426560e-08
5.558956965388994863e-08
5.625129338285192002e-08
5.692089409838165582e-08
5.759846556607157932e-08
5.828410266767489237e-08
5.897790141439291498e-08
5.967995896031875557e-08
6.039037361604287029e-08
6.110924486241930719e-08
6.183667336449588433e-08
6.257276098561135252e-08
6.331761080165859633e-08
6.407132711551949168e-08
6.483401547166972581e-08
6.560578267095936342e-08
6.638673678556741186e-08
6.717698717413628819e-08
6.797664449708512933e-08
6.878582073210543928e-08
6.960462918984246146e-08
7.043318452976124412e-08
7.127160277620376441e-08
7.212000133463487481e-08
7.297849900808405961e-08
7.384721601378042085e-08
7.472627399998809347e-08
7.561579606304034249e-08
7.651590676457663063e-08
7.742673214898626921e-08
7.834839976105748778e-08
7.928103866383881792e-08
8.022477945671167936e-08
8.117975429367792716e-08
8.214609690186682021e-08
8.312394260025983593e-08
8.411342831864091487e-08
8.511469261676976619e-08
8.607973122874593667e-08
8.703015361587321390e-08
8.799106979405976719e-08
8.896259562721210876e-08
8.994484825851235802e-08
9.093794612454180137e-08
9.194200896956235733e-08
9.295715785995465019e-08
9.398351519881568318e-08
9.502120474071846699e-08
9.607035160663275658e-08
9.713108229901253441e-08
9.820352471704896945e-08
9.928780817209192254e-08
1.003840634032425657e-07
1.014924225931163474e-07
1.026130193837818370e-07
1.037459888928746260e-07
1.048914677298891602e-07
1.060495940126514525e-07
1.072205073839715918e-07
1.084043490284822285e-07
1.096012616896618989e-07
1.108113896870463108e-07
1.120348789336307944e-07
1.132718769534626473e-07
1.145225328994299377e-07
1.157869975712456161e-07
1.170654234336304397e-07
1.183579646346963675e-07
1.196647770245341686e-07
1.209860181740038687e-07
1.223218473937350095e-07
1.236724257533352516e-07
1.250379161008127206e-07
1.264184830822099400e-07
1.278142931614574893e-07
1.292255146404452171e-07
1.306523176793156420e-07
1.320948743169808374e-07
1.335533584918674861e-07
1.350279460628881192e-07
1.365188148306466383e-07
1.380261445588762702e-07
1.395501169961160923e-07
1.410909158976239077e-07
1.426487270475338856e-07
1.442237382812574861e-07
1.458161395081318240e-07
1.474261227343192311e-07
1.490538820859571694e-07
1.506996138325662252e-07
1.523635164107154946e-07
1.540457904479489349e-07
1.557466387869776052e-07
1.574359747292719875e-07
1.589776711057356855e-07
1.605344645889520559e-07
1.621065030177795200e-07
1.636939356787928403e-07
1.652969133204598574e-07
1.669155881674572208e-07
1.685501139351261705e-07
1.702006458440699326e-07
1.718673406348939713e-07
1.735503565830907410e-07
1.752498535140700466e-07
1.769659928183366840e-07
1.786989374668167324e-07
1.804488520263337208e-07
1.822159026752367029e-07
1.840002572191809841e-07
1.858020851070636963e-07
1.876215574471155711e-07
1.894588470231482228e-07
1.913141283109664442e-07
1.931875774949313004e-07
1.950793724846975001e-07
1.969896929321025177e-07
1.989187202482312632e-07
2.008666376206415294e-07
2.028336300307606726e-07
2.048198842714520961e-07
2.068255889647536818e-07
2.088509345797901819e-07
2.108961134508608388e-07
2.129613197957040371e-07
2.150467497339411275e-07
2.171526013057005377e-07
2.192790744904244182e-07
2.214263712258594654e-07
2.235946954272336414e-07
2.257842530066206973e-07
2.279952518924944579e-07
2.302279020494743248e-07
2.324824154982648285e-07
2.347590063357875904e-07
2.370578907555174188e-07
2.393792870680085643e-07
2.417234157216263544e-07
2.440904993234865620e-07
2.464807626605881632e-07
2.488944327211654235e-07
2.513317387162409151e-07
2.537929121013928878e-07
2.562781865987351914e-07
2.587877982191121862e-07
2.613219852845112872e-07
2.638809884506949966e-07
2.664650507300544350e-07
2.690744175146865424e-07
2.713800884796277349e-07
2.735312976018856590e-07
2.756995591936649799e-07
2.778850084285834304e-07
2.800877815517670683e-07
2.823080158883490875e-07
2.845458498520267033e-07
2.868014229536917832e-07
2.890748758101302456e-07
2.913663501527839275e-07
2.936759888365914909e-07
2.960039358488890981e-07
2.983503363183921370e-07
3.007153365242375627e-07
3.030990839051083483e-07
3.055017270684207214e-07
3.079234157995904404e-07
3.103643010713727091e-07
3.128245350532695358e-07
3.153042711210216382e-07
3.178036638661652509e-07
3.203228691056720489e-07
3.228620438916647742e-07
3.254213465212036425e-07
3.280009365461601007e-07
3.306009747831592467e-07
3.332216233236068992e-07
3.358630455437972952e-07
3.385254061150932082e-07
3.412088710141972815e-07
3.439136075334941947e-07
3.466397842914851035e-07
3.493875712432943426e-07
3.521571396912703077e-07
3.549486622956598172e-07
3.577623130853741662e-07
3.605982674688407300e-07
3.634567022449330243e-07
3.663377956139985451e-07
3.692417271889623642e-07
3.721686780065305170e-07
3.751188305384698867e-07
3.780923687029901571e-07
3.810894778762043800e-07
3.841103449036875336e-07
3.871551581121277258e-07
3.902241073210609881e-07
3.933173838547114204e-07
3.964351805539131795e-07
3.995776917881349055e-07
4.027451134675994932e-07
4.059376430554918486e-07
4.091554795802758062e-07
4.123988236480950626e-07
4.156678774552862350e-07
4.188641971520276019e-07
4.215463849352514534e-07
4.242457480496536388e-07
4.269623964770932820e-07
4.296964409036957917e-07
4.324479927243654833e-07
4.351171208456883119e-07
4.377415253732347191e-07
4.403817589702298673e-07
4.430379171095465491e-07
4.457100958399012071e-07
4.483825574460845085e-07
4.509060786661176346e-07
4.534438023997012855e-07
4.559958085793478719e-07
4.585621775874342438e-07
4.611429902587336837e-07
4.636270224360080656e-07
4.660344466626429596e-07
4.684543716520171269e-07
4.708868623154441773e-07
4.733319839012955826e-07
4.757851110785709357e-07
4.780246314021003098e-07
4.802746931468778182e-07
4.825353459313690864e-07
4.848066396075937222e-07
4.870886242622246592e-07
4.892553842564033972e-07
4.912983152694348155e-07
4.933497767294635453e-07
4.954098042561602772e-07
4.974784336179249464e-07
4.995557007325149137e-07
5.013598832650688327e-07
5.031565669922661669e-07
5.049596893527166160e-07
5.067692734200391792e-07
5.085853423505414824e-07
5.102702239818274320e-07
5.117691412466110918e-07
5.132724615763995380e-07
5.147801979051839638e-07
5.162923632049483781e-07
5.178089704857817317e-07
5.189945946944537319e-07
5.201393163684787125e-07
5.212865629006127051e-07
5.224363398598162288e-07
5.235886528273296630e-07
5.245934020326436111e-07
5.253224902267370893e-07
5.260525917191168945e-07
5.267837079180800161e-07
5.275158402338806187e-07
5.282489900787359718e-07
5.285941647853374110e-07
5.288527012097582645e-07
5.291113640848435606e-07
5.293701534724382452e-07
5.296290694344210397e-07
5.297347075852168576e-07
5.294531059494898474e-07
5.291716540103564973e-07
5.288903516882395442e-07
5.286091989036040766e-07
5.283281955769575347e-07
5.275936955503199906e-07
5.267091775319326825e-07
5.258261424200537751e-07
5.249445877285699937e-07
5.240645109755367365e-07
5.230413996602732431e-07
5.214972224308056015e-07
5.199576040819877559e-07
5.184225311546192757e-07
5.168919902292318224e-07
5.153659679259789293e-07
5.133516021065594071e-07
5.111165887717520448e-07
5.088913061645529042e-07
5.066757119196376873e-07
5.044697638561351674e-07
5.021562236896073759e-07
4.991843287190549812e-07
4.962300222185839105e-07
4.932932000949172478e-07
4.903737588708332925e-07
4.874715956815159057e-07
4.840825782418571941e-07
4.804034853633456118e-07
4.767523540868758748e-07
4.731289719005035713e-07
4.695331279073998312e-07
4.658981654238494340e-07
4.615414729528166504e-07
4.572255206492620567e-07
4.529499275449954402e-07
4.487143162343243975e-07
4.445183128407411110e-07
4.399257070577516996e-07
4.350235665919396104e-07
4.301760512156838373e-07
4.253825522356143979e-07
4.206424677410956372e-07
4.159458352171255088e-07
4.106052673760984365e-07
4.053332701576133967e-07
4.001289631440048859e-07
3.949914772217936478e-07
3.899199544365516543e-07
3.846335923048194478e-07
3.791191099899219195e-07
3.736836886718016094e-07
3.683261948548992110e-07
3.630455112945540995e-07
3.578405367640139434e-07
3.523501043272976157e-07
3.469234777113959721e-07
3.415804278450588634e-07
3.363196675431597117e-07
3.311399294448119868e-07
3.259774147373524517e-07
3.208074005957584699e-07
3.157193830742242888e-07
3.107120617032507120e-07
3.057841566388341187e-07
3.009344083353452516e-07
2.962322222932678599e-07
2.916131880258266425e-07
2.870661765700789957e-07
2.825900649022273199e-07
2.781837475093489759e-07
2.739368822193199599e-07
2.699253275490502223e-07
2.659725184217033672e-07
2.620775945626234593e-07
2.582397082950889820e-07
2.544580243558271548e-07
2.510188116248740015e-07
2.476924755665865270e-07
2.444102179241801216e-07
2.411714545995012419e-07
2.379756092344825665e-07
2.348974455078089989e-07
2.320538938738347144e-07
2.292447648615176903e-07
2.264696417677228804e-07
2.237281129337161676e-07
2.210197716840979208e-07
2.183513561705178853e-07
2.157176024645604198e-07
2.131156170915558981e-07
2.105450168619238812e-07
2.080054232081156920e-07
2.054172988065995530e-07
2.025653085224267277e-07
1.997529149451923210e-07
1.969795683187465206e-07
1.942447265196897479e-07
1.915478549514020860e-07
1.883873997228184205e-07
1.850422193269222629e-07
1.817564390389821312e-07
1.785290040959037550e-07
1.753588784639394365e-07
1.721229081482207032e-07
1.682187621356021556e-07
1.644031711924504696e-07
1.606741266847889549e-07
1.570296655391110596e-07
1.534678692089594905e-07
1.496326224687677853e-07
1.456703019416715018e-07
1.418129049513038378e-07
1.380576530882754607e-07
1.344018415163795481e-07
1.308432616189435674e-07
1.273841160822105776e-07
1.240164210924621782e-07
1.207377589420727980e-07
1.175457758411319899e-07
1.144381802276350090e-07
1.116965895445194337e-07
1.092575772765107149e-07
1.068718234013300988e-07
1.045381649660704235e-07
1.022554644121223192e-07
1.000258698215309952e-07
9.839062611682162334e-08
9.678211571599236404e-08
9.519990157743594279e-08
9.364355380439249582e-08
9.211264952814411042e-08
9.061362139871362336e-08
8.914652508394270704e-08
8.770318205883829634e-08
8.628320774144448249e-08
8.488622377644996788e-08
8.351185793437323856e-08
8.164964748979494543e-08
7.979621321430677404e-08
7.798485160807273239e-08
7.621460762805661496e-08
7.448454791054983647e-08
7.262234669336368519e-08
7.056124175609455671e-08
6.855863332514698140e-08
6.661286120302692956e-08
6.472231231053666048e-08
6.288541934950414572e-08
6.126998927297038815e-08
5.972062850166059311e-08
5.821044708762122066e-08
5.673845428546570786e-08
5.530368440321566339e-08
5.402783405500776135e-08
5.301820609926962586e-08
5.202744524466255466e-08
5.105519891823818946e-08
5.010112113564296476e-08
4.916487237799590668e-08
4.816278457121483603e-08
4.716110402559558996e-08
4.618025624378766553e-08
4.521980794988315388e-08
4.427933487916490015e-08
4.329846325563369680e-08
4.218047765420831320e-08
4.109135893883410225e-08
4.003036175365937800e-08
3.899675998825228630e-08
3.798984628067542011e-08
3.710153441132092698e-08
3.626661024554003944e-08
3.545047501594913972e-08
3.465270590076691874e-08
3.387288959329311985e-08
3.312446497971901238e-08
3.244629225004161663e-08
3.178200406918823947e-08
3.113131617226933329e-08
3.049395011428402673e-08
2.986963315096666988e-08
2.920910987609823304e-08
2.853937472507775075e-08
2.788499591919816213e-08
2.724562135309979531e-08
2.662090699484078593e-08
2.601689194380565312e-08
2.546694917388543428e-08
2.492863104578799642e-08
2.440169183885848027e-08
2.388589102646367627e-08
2.338099316620125843e-08
2.289104906452140006e-08
2.241416649860900303e-08
2.194721868846202472e-08
2.148999866620376966e-08
2.104230377565907061e-08
2.060433883783430406e-08
2.018106223641738135e-08
1.976648104050293600e-08
1.936041661967164183e-08
1.896269401312318157e-08
1.857314185429117148e-08
1.819873320483693270e-08
1.783802076090317335e-08
1.748445790621525477e-08
1.713790293059030520e-08
1.679821693264679112e-08
1.646526376413213532e-08
1.616597867366922856e-08
1.587217255037786540e-08
1.558370616183600554e-08
1.530048246184571652e-08
1.502240616796044034e-08
1.474938372942997295e-08
1.448132329572800712e-08
1.421813468565166910e-08
1.395972935698262812e-08
1.370602037669975846e-08
1.345692239173275602e-08
1.321235160024782897e-08
1.297222572345483640e-08
1.273646397792707880e-08
1.250498704842392661e-08
1.227771706120748249e-08
1.205457755784434689e-08
1.183549346948325571e-08
1.162039109160044221e-08
1.140919805920374177e-08
1.120184332248758952e-08
1.099825712293022861e-08
1.079837096982569132e-08
1.060211761724185096e-08
1.040943104139757643e-08
1.022024641845092265e-08
1.003450010269100182e-08
9.852129605126219669e-09
9.673073572461715100e-09
9.497271766458712462e-09
9.324665043669203677e-09
9.155195335538648006e-09
8.988805628870846222e-09
8.825439946647124367e-09
8.665043329194667129e-09
8.507561815696915232e-09
8.352942426039837842e-09
8.201133142988638830e-09
8.052082894687716927e-09
7.905741537479188046e-09
7.762059839033458154e-09
7.621408093354442812e-09
7.483427822896257403e-09
7.347945588864188421e-09
7.214916166053518650e-09
7.084295148030190693e-09
6.956038932307618729e-09
6.830104705791869089e-09
6.706450430490059628e-09
6.585034829477918924e-09
6.465817373120976420e-09
6.348758265545516442e-09
6.233818431354294140e-09
6.120959502582917962e-09
6.010143805892091939e-09
5.901334349992116215e-09
5.794494813294678617e-09
5.689589531788459786e-09
5.586583487134223247e-09
5.485442294975215621e-09
5.386132193459537665e-09
5.288620031969968899e-09
5.192873260058064484e-09
5.098859916578576222e-09
5.006548619020403397e-09
4.915908553030912795e-09
4.826909462129783185e-09
4.739521637609197035e-09
4.653715908616662138e-09
4.569463632417677183e-09
4.486736684834382493e-09
4.405507450857519978e-09
4.325748815428339012e-09
4.247434154387218072e-09
4.170537325586422177e-09
4.095032660163488870e-09
4.020894953972799263e-09
3.948099459172171827e-09
3.876621875961873303e-09
3.806438344473005206e-09
3.737525436802996947e-09
3.669860149195042864e-09
3.594740393521672051e-09
3.513972591643383477e-09
3.435019507131613586e-09
3.357840366323544329e-09
3.282395311672338085e-09
3.208645381163544690e-09
3.136552488193986808e-09
3.066079401902733825e-09
2.997189727944016845e-09
2.929847889692084167e-09
2.864019109868475146e-09
2.799669392581972403e-09
2.736765505772154061e-09
2.675274964047389542e-09
2.615166011908455379e-09
2.556407607349029413e-09
2.498969405824763427e-09
2.442821744582437847e-09
2.387935627341255085e-09
2.334282709318370298e-09
2.281835282590723181e-09
2.230566261785962319e-09
2.180449170094723840e-09
2.131458125597249033e-09
2.083567827897218916e-09
2.036753545055860743e-09
1.990991100819709834e-09
1.946256862135257077e-09
1.902527726944161620e-09
1.859781112252679517e-09
1.817994942469150184e-09
1.777147638003519812e-09
1.737218104123016559e-09
1.698185720058217660e-09
1.660030328353893134e-09
1.622732224459084186e-09
1.586272146551142200e-09
1.550631265588337794e-09
1.515791175586004066e-09
1.481733884111158913e-09
1.448441802990665683e-09
1.413096794287546136e-09
1.372630589893115223e-09
1.333323197623027946e-09
1.295141433106291396e-09
1.258053062257494382e-09
1.222026774063967768e-09
1.187032154152122469e-09
1.153039659110828111e-09
1.120020591550079772e-09
1.087947075873831996e-09
1.056792034746709123e-09
1.026529166234553285e-09
9.971329215996370538e-10
9.685784837317023220e-10
9.408417461966760377e-10
9.138992928853986672e-10
8.877283782450663456e-10
8.623069080768367987e-10
8.376134208833001642e-10
8.136270697500987987e-10
7.903276047463944697e-10
7.676953558293249067e-10
7.457112162380155152e-10
7.243566263631462193e-10
7.036135580783935218e-10
6.834644995206233193e-10
6.638924403058946806e-10
6.448808571688168329e-10
6.264137000131722843e-10
6.084753783619731596e-10
5.910507481955812555e-10
5.741250991666889977e-10
5.576841421814559293e-10
5.417139973362645156e-10
5.262011821999272535e-10
5.111326004314510729e-10
4.964955307237476055e-10
4.822776160639678230e-10
4.684668533013644360e-10
4.550515830139056147e-10
4.420204796650817641e-10
4.291948133521228246e-10
4.149752390875614584e-10
4.012267709174258139e-10
3.879338007125201912e-10
3.750812374537025903e-10
3.626544900996036383e-10
3.506394510219594901e-10
3.390224799897383265e-10
3.277903886838859994e-10
3.169304257251180451e-10
3.064302621977456467e-10
2.962779776531174603e-10
2.864620465767646234e-10
2.769713253039200480e-10
2.677950393685122015e-10
2.589227712713273897e-10
2.503444486533929326e-10
2.420503328612092378e-10
2.340310078908080544e-10
2.262773696981143220e-10
2.187806158634584205e-10
2.115322355985174630e-10
2.045240000843244110e-10
1.977479531294011525e-10
1.911964021373774842e-10
1.848619093738814546e-10
1.787372835227440098e-10
1.728155715219697977e-10
1.670900506701768254e-10
1.615542209945644161e-10
1.562017978717321833e-10
1.510267048929807669e-10
1.460230669659874932e-10
1.411852036450295569e-10
1.365076226821850918e-10
1.319850137921854295e-10
1.276122426238461774e-10
1.233843449312236404e-10
1.192965209378941608e-10
1.153441298879388233e-10
1.115226847774711337e-10
1.078278472607011520e-10
1.040424226013155592e-10
1.003552678510521575e-10
9.679878201268526624e-11
9.336833431650416074e-11
9.005945810243831292e-11
8.686784500418284194e-11
8.378933933943458735e-11
8.081993269892714843e-11
7.795575872723146338e-11
7.519308808851582177e-11
7.252832361071290228e-11
6.995799560177562363e-11
6.747875733191664680e-11
6.508738067595725403e-11
6.278075191010108993e-11
6.055586765766985734e-11
5.840983097851768762e-11
5.633984759702921185e-11
5.434322226379830364e-11
5.241735524624125414e-11
5.055973894358147002e-11
4.876795462179342897e-11
4.703966926425791957e-11
4.537263253402751412e-11
4.376467384374534585e-11
4.221369952940202043e-11
4.071769012425329463e-11
3.927469772934633708e-11
3.788284347723199517e-11
3.654031508556040075e-11
3.524536449737449375e-11
3.399630560502978688e-11
3.279151205477470890e-11
3.162941512913500717e-11
3.050850170434544883e-11
2.942731228016556425e-11
2.838443907951861388e-11
2.737852421547655042e-11
2.640825792320530970e-11
2.547237685456806046e-11
2.456966243316585302e-11
2.368324845703091444e-11
2.281982548083832349e-11
2.198788041770177905e-11
2.118626567364057095e-11
2.041387549264270190e-11
1.966964443137316077e-11
1.895254588949030450e-11
1.826159069354149731e-11
1.759582573248737649e-11
1.695433264296984895e-11
1.633622654251175988e-11
1.574065480890084661e-11
1.516679590407277845e-11
1.461385824087337490e-11
1.408107909113444208e-11
1.356772353355836593e-11
1.307308343995982818e-11
1.259647649846588577e-11
1.213724527232816452e-11
1.169475629304698596e-11
1.126839918655836702e-11
1.085758583127745428e-11
1.046174954683704760e-11
1.008034431240305054e-11
9.712844013486997253e-12
9.358741716218289080e-12
9.017548968074143853e-12
8.688795124102742798e-12
8.372026697710877352e-12
8.066806735119294802e-12
7.772714212624132340e-12
7.489343455832278082e-12
7.216303580069619431e-12
6.953217951190673743e-12
6.699723666045379455e-12
6.455471051886441082e-12
6.220123184027114690e-12
5.993355421083538912e-12
5.774854957161040095e-12
5.564320390366305712e-12
5.361461307050249385e-12
5.165100603173861129e-12
4.974627242045782566e-12
4.791177965071482202e-12
4.614493745172787409e-12
4.444325107410443228e-12
4.280431776729891522e-12
4.122582338697226125e-12
3.970553912746241850e-12
3.824131837475084853e-12
3.683109367548130686e-12
3.547287381775375432e-12
3.416474101956804615e-12
3.290484822095173817e-12
3.169141647594318973e-12
3.052273244075245491e-12
2.939714595455117952e-12
2.831306770947394727e-12
2.726896700654541936e-12
2.626336959436020177e-12
2.529485558746692832e-12
2.436205746151501151e-12
2.346365812233490559e-12
2.259838904622523524e-12
2.176502848882011578e-12
2.096239976000764492e-12
2.018936956246492094e-12
1.944484639146294661e-12
1.872777899368074828e-12
1.803715488285544037e-12
1.737199891016935730e-12
1.673137188735783268e-12
1.611436926059190325e-12
1.552011983326460728e-12
1.494778453587731654e-12
