6.931643652753215028e-10
7.024880446533716167e-10
7.119371358406542277e-10
7.215133257379363531e-10
7.312183239363031877e-10
7.410538630223745149e-10
7.510216988875977741e-10
7.611236110417304878e-10
7.713614029305245589e-10
7.817369022576838877e-10
7.922519613111677871e-10
8.029084572938525044e-10
8.137082926586715108e-10
8.246533954482480030e-10
8.357457196390997487e-10
8.469484514921107597e-10
8.582598865007130427e-10
8.697223915794304160e-10
8.813379843472607123e-10
8.931087093695336620e-10
9.050366385178179016e-10
9.171238713345998832e-10
9.293725354028314665e-10
9.417847867204475213e-10
9.543628100798513707e-10
9.671088194524683689e-10
9.800250583784740122e-10
9.931138003616684561e-10
1.006377349269683867e-09
1.019818039739497515e-09
1.033328054599426733e-09
1.047013988324372661e-09
1.060881185667479092e-09
1.074932047378294642e-09
1.089169006003155106e-09
1.103594526306291385e-09
1.118211105696556664e-09
1.133021274659784828e-09
1.148027597196879369e-09
1.163232671267699191e-09
1.178639129240847783e-09
1.194249638349371981e-09
1.210066901152544438e-09
1.226093656003736626e-09
1.242268590317495925e-09
1.258580702245451904e-09
1.275107006979717366e-09
1.291850317065865069e-09
1.308813481980755264e-09
1.325999388617438892e-09
1.343410961776509903e-09
1.361051164663826446e-09
1.378922999394824485e-09
1.397029507505451752e-09
1.415373770469761129e-09
1.433958910224351424e-09
1.452788089699694432e-09
1.471864513358380535e-09
1.491191427740520854e-09
1.510595145424622123e-09
1.530241261929333131e-09
1.550142886930079873e-09
1.570303343454668166e-09
1.590725997748698419e-09
1.611414259837657403e-09
1.632371584096252394e-09
1.653601469825251158e-09
1.675107461835715483e-09
1.696893151040942582e-09
1.718962175055994438e-09
1.741318218805134991e-09
1.763965015137056882e-09
1.786906345448221606e-09
1.810039588907940357e-09
1.833331362804133359e-09
1.856922857620551436e-09
1.880817930196541636e-09
1.905020487001652274e-09
1.929534484774280275e-09
1.954363931168535503e-09
1.979512885409429434e-09
2.004985458956494453e-09
2.030785816175943373e-09
2.056918175021469270e-09
2.083386807723857278e-09
2.110196041489333473e-09
2.137350259207115730e-09
2.164853900165851395e-09
2.192420296024640138e-09
2.220312106011346096e-09
2.248558753556217322e-09
2.277164752876618071e-09
2.306134675619453246e-09
2.335473151591757066e-09
2.365184869500665678e-09
2.395274577702664950e-09
2.425747084962512552e-09
2.456607261221717696e-09
2.487860038376798980e-09
2.519510411067529194e-09
2.551563437475123253e-09
2.584024240130572738e-09
2.616727998039503473e-09
2.649594611977923891e-09
2.682874036996665256e-09
2.716571458083387105e-09
2.750692125350237779e-09
2.785241354851764817e-09
2.820224529413209782e-09
2.855647099469146982e-09
2.891514583912673700e-09
2.927832570955259070e-09
2.964606718997400054e-09
3.001842757510204903e-09
3.039546487928058347e-09
3.077723784552491364e-09
3.116380595467407721e-09
3.155022188280110524e-09
3.194082472255505882e-09
3.233626336279835805e-09
3.273659767244155201e-09
3.314188826159283026e-09
3.355219649073537668e-09
3.396758448001616515e-09
3.438811511865185930e-09
3.481385207444973580e-09
3.524485980344648500e-09
3.568120355966776346e-09
3.612294940500643027e-09
3.657016421922524110e-09
3.702291571008194000e-09
3.747850938178521499e-09
3.793514912079772581e-09
3.839735257764973491e-09
3.886518754091406485e-09
3.933872262510219693e-09
3.981802728072818896e-09
4.030317180449362607e-09
4.079422734959822023e-09
4.129126593617511555e-09
4.179436046185427422e-09
4.230358471245296701e-09
4.281901337279815772e-09
4.334072203767968974e-09
4.386878722293805482e-09
4.440328637668543726e-09
4.493622134402096624e-09
4.547429710507460036e-09
4.601881589840781882e-09
4.656985487424323802e-09
4.712749210661722034e-09
4.769180660444028805e-09
4.826287832269284748e-09
4.884078817375284023e-09
4.942561803886025134e-09
5.001745077971763916e-09
5.061637025023181520e-09
5.122246130839307592e-09
5.183580982829975359e-09
5.245650271232469478e-09
5.308017745214031560e-09
5.370303266321701361e-09
5.433319660294865637e-09
5.497075503366631315e-09
5.561579472405543023e-09
5.626840346096636523e-09
5.692867006136002502e-09
5.759668438439719303e-09
5.827253734366612817e-09
5.895632091955732739e-09
5.964812817177975269e-09
6.034805325202743960e-09
6.105619141679244213e-09
6.177263904032801854e-09
6.249749362776641721e-09
6.321699038051579025e-09
6.394210341442515568e-09
6.467553365718608259e-09
6.541737650904631880e-09
6.616772846451528525e-09
6.692668712491655001e-09
6.769435121108326398e-09
6.847082057619782381e-09
6.925619621878153574e-09
7.005058029583052494e-09
7.085407613610508691e-09
7.166678825357010684e-09
7.248882236098819305e-09
7.332028538367158780e-09
7.415419592149296942e-09
7.498282785553941949e-09
7.582071929100135620e-09
7.666797369766245897e-09
7.752469570152252680e-09
7.839099109772000811e-09
7.926696686359397671e-09
8.015273117189711786e-09
8.104839340415118792e-09
8.195406416415702441e-09
8.286985529165010681e-09
8.379587987611420805e-09
8.473225227074383934e-09
8.567908810656832600e-09
8.663650430672805149e-09
8.758139788878435534e-09
8.853121818127814378e-09
8.949133927519527317e-09
9.046187288273104020e-09
9.144293192759944373e-09
9.243463055817227054e-09
9.343708416076040649e-09
9.445040937303935837e-09
9.547472409762022720e-09
9.651014751576798583e-09
9.755680010126850014e-09
9.861480363444583247e-09
9.968428121633174624e-09
1.007653572829887519e-08
1.018470052850989521e-08
1.029139976939608191e-08
1.039921683676855936e-08
1.050816344145153556e-08
1.061825141695678260e-08
1.072949272076895625e-08
1.084189943564439358e-08
1.095548377092350780e-08
1.107025806385694243e-08
1.118623478094560387e-08
1.130342651929475276e-08
1.142184600798226331e-08
1.154150610944122588e-08
1.166241982085703352e-08
1.178460027557910636e-08
1.190421651916415165e-08
1.202399564591457657e-08
1.214497997917162110e-08
1.226718164561177618e-08
1.239061289392910867e-08
1.251528609606280899e-08
1.264121374843748227e-08
1.276840847321549978e-08
1.289688301956236525e-08
1.302665026492440782e-08
1.315772321631973470e-08
1.329011501164178840e-08
1.342383892097627784e-08
1.355890834793137738e-08
1.369360854672661489e-08
1.382501403738146239e-08
1.395768051069952237e-08
1.409162006721989051e-08
1.422684492359983756e-08
1.436336741372921686e-08
1.450119998985526127e-08
1.464035522371847081e-08
1.478084580769926375e-08
1.492268455597560755e-08
1.506588440569193593e-08
1.521045841813896482e-08
1.535641977994512530e-08
1.550378180427930738e-08
1.565255793206511477e-08
1.579651129251175278e-08
1.593980027552674654e-08
1.608438902228537585e-08
1.623028932284818931e-08
1.637751307422248598e-08
1.652607228133254538e-08
1.667597905799831772e-08
1.682724562792336219e-08
1.697988432569149697e-08
1.713390759777275012e-08
1.728932800353804554e-08
1.744615821628343780e-08
1.760441102426361148e-08
1.776409933173445300e-08
1.792264697919028089e-08
1.807464709813017119e-08
1.822793631438836079e-08
1.838252556066614331e-08
1.853842586238394716e-08
1.869564833846755745e-08
1.885420420214131603e-08
1.901410476172774045e-08
1.917536142145405485e-08
1.933798568226559964e-08
1.950198914264592814e-08
1.966738349944425193e-08
1.983418054870951679e-08
2.000239218653173806e-08
2.017203040989048609e-08
2.033329914799194236e-08
2.049226916760128647e-08
2.065248204833963101e-08
2.081394750715723826e-08
2.097667533697369015e-08
2.114067540727152269e-08
2.130595766469512785e-08
2.147253213365369219e-08
2.164040891692952198e-08
2.180959819629047451e-08
2.198011023310760723e-08
2.215195536897768080e-08
2.232514402635005941e-08
2.249968670915919294e-08
2.267190476281603668e-08
2.283229171456059653e-08
2.299381328532195367e-08
2.315647750169012921e-08
2.332029244703732471e-08
2.348526626191976315e-08
2.365140714448193214e-08
2.381872335086413249e-08
2.398722319561289211e-08
2.415691505209385493e-08
2.432780735290803467e-08
2.449990859031100353e-08
2.467322731663461202e-08
2.484777214471213003e-08
2.502355174830640212e-08
2.518574239096153834e-08
2.534280068068711115e-08
2.550083838590851102e-08
2.565986161426071787e-08
2.581987651146608741e-08
2.598088926157154683e-08
2.614290608718778899e-08
2.630593324972964446e-08
2.646997704965830319e-08
2.663504382672446257e-08
2.680113996021355341e-08
2.696827186919218682e-08
2.713644601275643083e-08
2.730566889028111266e-08
2.747096051610186531e-08
2.761638043660287057e-08
2.776257015011005768e-08
2.790953373158971164e-08
2.805727527757924082e-08
2.820579890630160914e-08
2.835510875777977152e-08
2.850520899395231704e-08
2.865610379878941983e-08
2.880779737840940865e-08
2.896029396119622988e-08
2.911359779791698651e-08
2.926771316184063533e-08
2.942264434885706117e-08
2.957839567759674680e-08
2.971333503103814628e-08
2.983868533693736047e-08
2.996456445251662251e-08
3.009097460864140673e-08
3.021791804558844480e-08
3.034539701308559585e-08
3.047341377035131950e-08
3.060197058613516143e-08
3.073106973875750433e-08
3.086071351615042405e-08
3.099090421589781111e-08
3.112164414527625995e-08
3.125293562129615661e-08
3.138478097074231647e-08
3.151089228702231090e-08
3.160604308436937422e-08
3.170148120059496949e-08
3.179720750329194896e-08
3.189322286267275325e-08
3.198952815157751769e-08
3.208612424548223826e-08
3.218301202250624269e-08
3.228019236342069389e-08
3.237766615165610072e-08
3.247543427331084128e-08
3.257349761715870678e-08
3.267185707465752409e-08
3.277051353995676579e-08
3.286946790990590140e-08
3.293907017629267332e-08
3.299309340123258814e-08
3.304720522942753655e-08
3.310140580619517918e-08
3.315569527709173558e-08
3.321007378791208343e-08
3.326454148469026810e-08
3.331909851369966810e-08
3.337374502145374285e-08
3.342848115470626425e-08
3.348330706045148219e-08
3.353822288592493180e-08
3.359322877860357247e-08
3.364832488620630398e-08
3.369618017164812045e-08
3.369920257900592901e-08
3.370222525746111896e-08
3.370524820703793664e-08
3.370827142776084010e-08
3.371129491965408229e-08
3.371431868274198893e-08
3.371734271704887252e-08
3.372036702259907863e-08
3.372339159941691977e-08
3.372641644752673488e-08
3.372944156695279677e-08
3.373246695771956350e-08
3.373549261985131448e-08
3.373851855337238205e-08
3.370463162742616392e-08
3.364887156210468348e-08
3.359320374478405685e-08
3.353762802285144624e-08
3.348214424394678042e-08
3.342675225596176869e-08
3.337145190704003986e-08
3.331624304557617611e-08
3.326112552021584533e-08
3.320609917985484159e-08
3.315116387363913808e-08
3.309631945096427831e-08
3.304156576147477392e-08
3.298690265506413115e-08
3.292499781462802869e-08
3.280627471733391645e-08
3.268797971950127570e-08
3.257011127746117182e-08
3.245266785311100014e-08
3.233564791389434905e-08
3.221904993278099550e-08
3.210287238824697981e-08
3.198711376425476662e-08
3.187177255023342565e-08
3.175684724105895135e-08
3.164233633703454962e-08
3.152823834387132804e-08
3.141455177266839064e-08
3.130127513989369359e-08
3.114799129911746538e-08
3.096872919494652594e-08
3.079049877534494211e-08
3.061329410278875706e-08
3.043710927392542077e-08
3.026193841937720561e-08
3.008777570354568732e-08
2.991461532441736417e-08
2.974245151337015954e-08
2.957127853498160211e-08
2.940109068683751215e-08
2.923188229934209082e-08
2.906364773552905828e-08
2.889638139087390353e-08
2.872426701935082707e-08
2.849275971092556392e-08
2.826311826852285876e-08
2.803532765393063849e-08
2.780937295013932038e-08
2.758523936036507390e-08
2.736291220708102674e-08
2.714237693105568727e-08
2.692361909039998278e-08
2.670662435962112702e-08
2.649137852868468340e-08
2.627786750208416550e-08
2.606607729791760236e-08
2.585599404697236574e-08
2.564760399181655854e-08
2.540583768626929371e-08
2.514059374759920949e-08
2.487811902865998615e-08
2.461838461803543182e-08
2.436136190615244047e-08
2.410702258212972504e-08
2.385533863065944570e-08
2.360628232892113803e-08
2.335982624352835439e-08
2.311594322750671842e-08
2.287460641730372998e-08
2.263578922982981104e-08
2.239946535953003341e-08
2.216560877548682925e-08
2.193116672885714015e-08
2.165277529538405250e-08
2.137791772726292321e-08
2.110654916605766950e-08
2.083862532275946777e-08
2.057410247055852844e-08
2.031293743770760514e-08
2.005508760047610999e-08
1.980051087619364703e-08
1.954916571638192170e-08
1.930101109997359687e-08
1.905600652661761907e-08
1.881411201006933070e-08
1.857528807166414073e-08
1.833949573387475057e-08
1.808680321532875382e-08
1.782137515937229139e-08
1.755984232204844374e-08
1.730214754011518331e-08
1.704823448921448646e-08
1.679804767156132168e-08
1.655153240381363490e-08
1.630863480512016532e-08
1.606930178534368642e-08
1.583348103345721382e-08
1.560112100611018869e-08
1.537217091636277418e-08
1.514658072258532315e-08
1.492430111752077414e-08
1.470459597465687703e-08
1.446883197849193735e-08
1.423684806999369894e-08
1.400858364167753274e-08
1.378397905780015798e-08
1.356297563877921237e-08
1.334551564586285731e-08
1.313154226604520638e-08
1.292099959722333193e-08
1.271383263359253273e-08
1.250998725127573180e-08
1.230941019418307367e-08
1.211204906009845198e-08
1.191785228698915916e-08
1.172676913953464630e-08
1.153201628834094108e-08
1.133440320662178124e-08
1.114017643039252068e-08
1.094927793178992097e-08
1.076165067731856716e-08
1.057723861081116389e-08
1.039598663668117035e-08
1.021784060346208973e-08
1.004274728762913163e-08
9.870654377697925439e-09
9.701510458595620939e-09
9.535264996300184027e-09
9.371868322742520819e-09
9.211271620967504314e-09
9.053346828638969543e-09
8.887379274827875449e-09
8.724454267540117673e-09
8.564516030275171566e-09
8.407509809037276575e-09
8.253381853590499520e-09
8.102079399057757758e-09
7.953550647857022673e-09
7.807744751968660111e-09
7.664611795528013268e-09
7.524102777736779331e-09
7.386169596087981869e-09
7.250765029898298726e-09
7.117842724142322417e-09
6.987357173583131511e-09
6.853825233048775719e-09
6.717384251232587548e-09
6.583659437524860103e-09
6.452596720420863807e-09
6.324143104832195782e-09
6.198246650658159015e-09
6.074856451783988239e-09
5.953922615496928564e-09
5.835396242312089476e-09
5.719229406200134890e-09
5.605375135208359634e-09
5.493787392467555521e-09
5.384421057577187645e-09
5.277231908360905234e-09
5.172176602985392409e-09
5.063112148212869427e-09
4.956229619058426015e-09
4.851603384985749912e-09
4.749185815502428972e-09
4.648930285597866626e-09
4.550791154517632143e-09
4.454723744985708524e-09
4.360684322865365318e-09
4.268630077249554895e-09
4.178519100971434587e-09
4.090310371526320187e-09
4.003963732396531830e-09
3.919439874770296311e-09
3.836700319646657368e-09
3.755866050970177972e-09
3.676911897972368621e-09
3.599617484217387764e-09
3.523947919401817159e-09
3.449869046670748071e-09
3.377347427199564375e-09
3.306350325099772419e-09
3.236845692642272208e-09
3.168802155791133572e-09
3.102189000041477843e-09
3.036976156555185915e-09
2.973134188587938072e-09
2.910634278201583149e-09
2.849448213255940062e-09
2.789548374673935791e-09
2.731794693532280149e-09
2.675278615468556481e-09
2.619931756704975301e-09
2.565729928129000057e-09
2.512649441058767186e-09
2.460667096889994714e-09
2.409760176957120304e-09
2.359906432604295845e-09
2.311084075461602249e-09
2.263271767922586358e-09
2.216448613818738797e-09
2.170594149286910886e-09
2.125688333825660012e-09
2.081711541536668805e-09
2.038861948930158024e-09
1.997164644233143260e-09
1.956320102137298376e-09
1.916310882569236387e-09
1.877119902127113346e-09
1.838730426786276731e-09
1.801126064754011489e-09
1.764290759470497277e-09
1.728208782752855750e-09
1.692864728079455634e-09
1.658243504011491100e-09
1.624330327749167661e-09
1.591110718819637876e-09
1.558570492894025621e-09
1.526695755730933519e-09
1.496691771561187553e-09
1.467371090380355809e-09
1.438624810930891343e-09
1.410441680495063439e-09
1.382810666799561273e-09
1.355720953696909876e-09
1.329161936931516181e-09
1.303123219988604984e-09
1.277594610024530653e-09
1.252566113876787276e-09
1.228027934152189659e-09
1.203970465391683910e-09
1.180384290310319179e-09
1.157260176110802075e-09
1.134909880452256911e-09
1.113436633451009835e-09
1.092369674512562858e-09
1.071701316397531050e-09
1.051424017314192935e-09
1.031530378166532760e-09
1.012013139854334560e-09
9.928651806243558633e-10
9.740795134716616244e-10
9.556492835900639488e-10
9.375677658708625428e-10
9.198283624488697042e-10
9.024246002948683716e-10
8.853501288536581672e-10
8.685987177267371374e-10
8.525975131840508273e-10
8.369379657946095895e-10
8.215660352708644324e-10
8.064764389913335343e-10
7.916639913597553948e-10
7.771236020230390471e-10
7.628502741219453934e-10
7.488391025738974770e-10
7.350852723873337349e-10
7.215840570070059746e-10
7.083308166896991921e-10
6.953209969097539843e-10
6.825501267938904892e-10
6.700138175847751997e-10
6.577576357315685862e-10
6.458030784136515839e-10
6.340657917633847935e-10
6.225418269483883284e-10
6.112273069051844692e-10
6.001184250348171757e-10
5.892114439221804572e-10
5.785026940786212264e-10
5.679885727073953967e-10
5.576655424915615628e-10
5.475301304039041562e-10
5.375789265384864429e-10
5.278085829634384881e-10
5.182158125945971031e-10
5.087973880896154111e-10
4.994423948006320006e-10
4.902441739615491271e-10
4.812153565761684692e-10
4.723528227443887931e-10
4.636535100252484150e-10
4.551144123787008426e-10
4.467325791268804464e-10
4.385051139344984398e-10
4.304291738080163768e-10
4.225019681132540929e-10
4.147207576110815721e-10
4.070828535108874941e-10
3.995856165414630352e-10
3.922264560390057746e-10
3.849063362004307447e-10
3.775551135444397868e-10
3.703442899140165582e-10
3.632711838659111160e-10
3.563331651690359450e-10
3.495276538263801500e-10
3.428521191156034529e-10
3.363040786479473822e-10
3.298810974451331416e-10
3.235807870338762038e-10
3.174008045577013857e-10
3.113388519057208140e-10
3.053926748580449416e-10
2.995600622475277440e-10
2.938388451375089691e-10
2.879587027616973186e-10
2.821489478230809463e-10
2.764564084856012789e-10
2.708787198479327030e-10
2.654135647221820086e-10
2.600586726712320325e-10
2.548118190655187727e-10
2.496708241588319510e-10
2.446335521827680845e-10
2.396979104594423288e-10
2.348618485321172079e-10
2.301233573133564065e-10
2.254804682503761897e-10
2.209312525072301296e-10
2.163702548160566388e-10
2.117014413318740137e-10
2.071333709898982641e-10
2.026638699657210918e-10
1.982908113414808661e-10
1.940121140937114754e-10
1.898257421030441278e-10
1.857297031852689452e-10
1.817220481433048923e-10
1.778008698396326794e-10
1.739643022887360279e-10
1.702105197691260482e-10
1.665377359545334870e-10
1.629442030638374938e-10
1.594282110293474572e-10
1.557760430540653270e-10
1.521623496212063328e-10
1.486324866668397758e-10
1.451845094911006920e-10
1.418165185072832715e-10
1.385266581953048989e-10
1.353131160794453581e-10
1.321741217298059594e-10
1.291079457869297747e-10
1.261128990090492179e-10
1.231873313414352709e-10
1.203296310073383973e-10
1.175382236200126632e-10
1.148115713153443567e-10
1.120860555680099484e-10
1.092888005686716625e-10
1.065613547484647205e-10
1.039019759274699875e-10
1.013089654041588323e-10
9.878066687033568847e-11
9.631546535315496167e-11
9.391178618354340233e-11
9.156809399036678235e-11
8.928289171969666926e-11
8.705471967855634417e-11
8.488215460252761029e-11
8.276380874662855743e-11
8.069832899887963692e-11
7.868439601599016173e-11
7.660866576992822986e-11
7.455944699294324103e-11
7.256504313217912168e-11
7.062398793372716731e-11
6.873485436476554610e-11
6.689625356442534513e-11
6.510683382272321662e-11
6.336527958680624845e-11
6.167031049377789601e-11
6.002068042939512494e-11
5.841517661194562982e-11
5.685261870063080175e-11
5.533185792779624214e-11
5.385177625437784979e-11
5.238501737852142073e-11
5.089284318331047246e-11
4.944317319904125473e-11
4.803479670383358892e-11
4.666653746291840449e-11
4.533725274628197913e-11
4.404583237429033851e-11
4.279119779050091150e-11
4.157230116088287639e-11
4.038812449869774180e-11
3.923767881430582635e-11
3.812000328919111322e-11
3.703416447351459158e-11
3.597925550652369050e-11
3.495439535916873357e-11
3.391562071880020583e-11
3.289506021398620477e-11
3.190520956268252547e-11
3.094514466965127227e-11
3.001396924675549104e-11
2.911081397621205134e-11
2.823483569902130197e-11
2.738521662781978680e-11
2.656116358341726423e-11
2.576190725430890747e-11
2.498670147846852562e-11
2.423482254675362324e-11
2.350556852727219561e-11
2.279825861008010154e-11
2.210402372089266565e-11
2.140760040752975848e-11
2.073311904634350128e-11
2.007988832034883068e-11
1.944723869362957867e-11
1.883452172509069885e-11
1.824110940383111979e-11
1.766639350545712478e-11
1.710978496867681074e-11
1.657071329153460339e-11
1.604862594666937880e-11
1.554298781499582943e-11
1.505328063722767322e-11
1.457900248268279839e-11
1.411966723482386491e-11
1.366229275190517619e-11
1.321550332210601359e-11
1.278332496807603232e-11
1.236527987292695283e-11
1.196090584551765306e-11
1.156975580945533979e-11
1.119139730880754230e-11
1.082541202997787112e-11
1.047139533921844362e-11
1.012895583526628449e-11
9.797714916609379837e-12
9.477306362904788238e-12
9.167375930084553745e-12
8.867580958703423364e-12
8.575617643317847222e-12
8.286797402915881840e-12
8.007704407213376443e-12
7.738011050051971281e-12
7.477400758797815502e-12
7.225567622741357609e-12
6.982216034011543324e-12
6.747060340584230078e-12
6.519824510976983344e-12
6.300241810236321357e-12
6.088054486837982738e-12
5.883013470131864762e-12
5.684878077976682141e-12
5.493415734221619685e-12
5.308401695702526562e-12
5.129618788433118916e-12
4.956857152680840581e-12
4.789913996628262402e-12
4.628593358331296977e-12
4.472705875694072262e-12
4.322068564191270079e-12
4.176504602076403935e-12
4.035843122824039283e-12
3.899919014562660930e-12
3.768572726262148695e-12
3.641650080449042572e-12
3.519002092229245455e-12
3.400484794405835689e-12
3.285959068486993252e-12
3.175290481385172509e-12
3.068349127616392317e-12
2.965009476813996789e-12
2.865150226377977375e-12
2.768654159087134684e-12
2.675408005506519390e-12
2.585302311029116181e-12
2.498231307395341918e-12
2.414092788539624120e-12
2.332787990618523263e-12
2.254221476079217562e-12
2.178301021632666779e-12
2.104937509999656659e-12
2.034044825302720279e-12
1.965539751981259106e-12
1.899341877111080978e-12
1.835373496013743205e-12
1.773559521044939194e-12
1.713827393454736395e-12
1.656106998216416829e-12
1.600330581723670195e-12
1.546432672259824507e-12
1.494350003145540868e-12
1.444021438474811109e-12
1.395387901352168453e-12
1.348392304546781594e-12
1.302979483482066377e-12
1.259096131482184049e-12
1.216690737199332732e-12
1.175713524148495169e-12
1.136116392278582155e-12
1.097852861511415012e-12
1.060878017182297341e-12
1.025148457318058037e-12
9.906222416907772399e-13
9.572588425873197388e-13
9.250190972369145544e-13
8.938651618409549959e-13
8.637604671510033455e-13
8.346696755429311133e-13
8.065586395367511808e-13
7.793943617134703548e-13
7.531449559819282454e-13
7.277796101501066360e-13
7.032685497570381742e-13
6.795830031228296961e-13
6.566951675757346819e-13
6.345781768167256770e-13
6.132060693831743682e-13
5.925537581746381301e-13
5.725970010050340253e-13
5.533123721465422794e-13
5.346772348319387493e-13
5.166697146830025342e-13
4.992686740338250693e-13
4.824536871189218068e-13
4.662050160969484842e-13
4.505035878819605937e-13
4.353309717549575639e-13
4.206693577294448835e-13
4.065015356456540925e-13
3.928108749688188852e-13
3.795813052678637614e-13
3.667972973515381923e-13
3.544438450398644716e-13
3.425064475495313476e-13
3.309710924725055008e-13
3.198242393279385607e-13
3.090528036680188118e-13
2.986441417191198287e-13
2.885860355402424910e-13
2.788666786812844177e-13
2.694746623243524352e-13
2.603989618918123628e-13
2.516289241053657918e-13
2.431542544809768323e-13
2.349650052449549596e-13
2.270515636570147622e-13
2.194046407266111231e-13
2.120152603092890959e-13
2.048747485702750638e-13
1.979747238029084633e-13
1.913070865899982362e-13
1.848640102965284011e-13
1.786379318825591876e-13
1.726215430255497852e-13
1.668077815416704318e-13
1.611898230960382799e-13
1.557610731921495651e-13
1.505151594310948579e-13
1.454459240314845903e-13
1.405474166012947757e-13
1.358138871531510385e-13
1.312397793548557873e-13
1.268197240072266051e-13
1.225485327416016793e-13
1.184211919296058159e-13
1.144328567980311433e-13
1.105788457419239530e-13
1.068546348292044311e-13
1.032558524903623211e-13
9.977827438700388905e-14
9.641781845321978391e-14
9.317054010395815960e-14
9.003262760477225766e-14
8.700039759751526432e-14
8.407029077672429915e-14
8.123886771162103331e-14
7.850280480882364892e-14
7.585889041103330117e-14
7.330402102711048861e-14
7.083519768912295330e-14
6.844952243208335046e-14
6.614419489224852178e-14
6.391650901998258937e-14
6.176384990333106102e-14
5.968369069857327168e-14
5.767358966415152499e-14
5.573118729449528165e-14
5.385420355037681784e-14
5.204043518254410058e-14
5.028775314549511371e-14
4.859410009834981155e-14
4.695748798989618166e-14
4.537599572496503347e-14
4.384776690940271586e-14
4.237100767099019421e-14
4.094398455375216082e-14
3.956502248318399613e-14
