7.510384275357507449e-10
7.611184803144177671e-10
7.713338223942617933e-10
7.816862695589378328e-10
7.921776619626053932e-10
8.028098644570430508e-10
8.135847669231007557e-10
8.245042846066536544e-10
8.355703584590153461e-10
8.467849554819528481e-10
8.581500690773327394e-10
8.696677194014260873e-10
8.813399537240195021e-10
8.931688467922948867e-10
9.051565011996270854e-10
9.172648641743128149e-10
9.294922541394119178e-10
9.418826385363246189e-10
9.544381901251349177e-10
9.671611106293979852e-10
9.800536311222539086e-10
9.931180124176504130e-10
1.006356545466799363e-09
1.019771551759919359e-09
1.033365383733312413e-09
1.047140425181908076e-09
1.061099091677265717e-09
1.075243830991171032e-09
1.089577123524876808e-09
1.104101482744045453e-09
1.118705373303395210e-09
1.133499265953115343e-09
1.148488794795307685e-09
1.163676546946204269e-09
1.179065143734368919e-09
1.194657241153125547e-09
1.210455530318969237e-09
1.226462737936038919e-09
1.242681626766737842e-09
1.259114996108551710e-09
1.275765682277224523e-09
1.292636559096270206e-09
1.309730538392986708e-09
1.327050570501021786e-09
1.344533481019959502e-09
1.362168041772022722e-09
1.380033892958506586e-09
1.398134068126189355e-09
1.416471640609097790e-09
1.435049724050312530e-09
1.453871472930674853e-09
1.472940083104397287e-09
1.492258792341707742e-09
1.511830880878602638e-09
1.531659671973841581e-09
1.551748532473186082e-09
1.572100873381100679e-09
1.592720150439921019e-09
1.613609864716617737e-09
1.634590958410980433e-09
1.655834453066708874e-09
1.677354032734939070e-09
1.699153285475696601e-09
1.721235845980225510e-09
1.743605396176976268e-09
1.766265665845537576e-09
1.789220433238506607e-09
1.812473525711483413e-09
1.836028820361180591e-09
1.859890244671897601e-09
1.884061777170355615e-09
1.908547448089084163e-09
1.933351340038357524e-09
1.958367913409210136e-09
1.983562968196966211e-09
2.009082165747391062e-09
2.034929676264957290e-09
2.061109723605239530e-09
2.087626585965085832e-09
2.114484596581803236e-09
2.141688144441205357e-09
2.169241674994894190e-09
2.197149690886685165e-09
2.225416752688378507e-09
2.254047479645084127e-09
2.283046550429999529e-09
2.312418703909048534e-09
2.342168739915202572e-09
2.372002111751694915e-09
2.402189155500048892e-09
2.432760371591979376e-09
2.463720649157774263e-09
2.495074939548730615e-09
2.526828257129013417e-09
2.558985680077585259e-09
2.591552351200335988e-09
2.624533478752551693e-09
2.657934337271850434e-09
2.691760268421717038e-09
2.726016681845784217e-09
2.760709056032931555e-09
2.795842939193503867e-09
2.831249283031665560e-09
2.866846081026119403e-09
2.902890431284875098e-09
2.939387960803657800e-09
2.976344367325381706e-09
3.013765420229677341e-09
3.051656961433605630e-09
3.090024906303569931e-09
3.128875244578883455e-09
3.168214041306744743e-09
3.208047437789172117e-09
3.248381652541652654e-09
3.289222982263972636e-09
3.330577802823252643e-09
3.372452570249214572e-09
3.414339721818964803e-09
3.456685069789832579e-09
3.499555593531367894e-09
3.542957806382213405e-09
3.586898302460729525e-09
3.631383757666955823e-09
3.676420930696765884e-09
3.722016664068839338e-09
3.768177885164128450e-09
3.814911607278457858e-09
3.862224930687953880e-09
3.910125043727836101e-09
3.958619223884593148e-09
4.007714838901543500e-09
4.057136161942977536e-09
4.106699519650900651e-09
4.156868360223904218e-09
4.207650080446951314e-09
4.259052167466651055e-09
4.311082199895198950e-09
4.363747848927646454e-09
4.417056879472976973e-09
4.471017151299000769e-09
4.525636620191078655e-09
4.580923339125152615e-09
4.636885459455118906e-09
4.693531232114535369e-09
4.750869008833174984e-09
4.808907243368443031e-09
4.866827448900515923e-09
4.925316688624419782e-09
4.984508848515393019e-09
5.044412376225769883e-09
5.105035820931200615e-09
5.166387834550898370e-09
5.228477172982236051e-09
5.291312697350519440e-09
5.354903375273441950e-09
5.419258282141071349e-09
5.484386602410882076e-09
5.550297630918695060e-09
5.617000774205017165e-09
5.684505551857687675e-09
5.752366064244110575e-09
5.820193766645915359e-09
5.888821243812028849e-09
5.958257926102726282e-09
6.028513355074281702e-09
6.099597184790014495e-09
6.171519183146934062e-09
6.244289233217891645e-09
6.317917334609792698e-09
6.392413604837586070e-09
6.467788280714571807e-09
6.544051719759108637e-09
6.621214401617772427e-09
6.699286929505561998e-09
6.778280031662824746e-09
6.856785906890824984e-09
6.935928112881329097e-09
7.015983791868379868e-09
7.096963487314911246e-09
7.178877864378326445e-09
7.261737711315114318e-09
7.345553940901714039e-09
7.430337591871620651e-09
7.516099830369386597e-09
7.602851951421101529e-09
7.690605380421995572e-09
7.779371674641182602e-09
7.869162524743766046e-09
7.959989756330529711e-09
8.051139882575042049e-09
8.141822986428898544e-09
8.233527489170957804e-09
8.326264895212059888e-09
8.420046838541769584e-09
8.514885084187751315e-09
8.610791529691724045e-09
8.707778206602024328e-09
8.805857281983007434e-09
8.905041059941278302e-09
9.005341983169458712e-09
9.106772634506999351e-09
9.209345738518741512e-09
9.313074163091256564e-09
9.417970921046994617e-09
9.521671497573634752e-09
9.625963114609191943e-09
9.731397045931338046e-09
9.837985803398367907e-09
9.945742035911820310e-09
1.005467853091775289e-08
1.016480821592414209e-08
1.027614416003494090e-08
1.038869957550097965e-08
1.050248781928797616e-08
1.061752239466152139e-08
1.073381695278954163e-08
1.085138529436227386e-08
1.097024137123000564e-08
1.108925620476046067e-08
1.120686965387972159e-08
1.132573051970198810e-08
1.144585203241855604e-08
1.156724756254108605e-08
1.168993062238984044e-08
1.181391486759773079e-08
1.193921409863028551e-08
1.206584226232176892e-08
1.219381345342757255e-08
1.232314191619307243e-08
1.245384204593914074e-08
1.258592839066446079e-08
1.271941565266482910e-08
1.285431869016965441e-08
1.298670496058612861e-08
1.311937499634310596e-08
1.325340036730182819e-08
1.338879491934315949e-08
1.352557263979519363e-08
1.366374765887826741e-08
1.380333425116468462e-08
1.394434683705354266e-08
1.408679998426015563e-08
1.423070840932141382e-08
1.437608697911581085e-08
1.452295071239944027e-08
1.467131478135753829e-08
1.482119451317187515e-08
1.497082614236052931e-08
1.511719809702065517e-08
1.526500115166869882e-08
1.541424929837832231e-08
1.556495666602575847e-08
1.571713752162732884e-08
1.587080627169006425e-08
1.602597746357551381e-08
1.618266578687687493e-08
1.634088607480974536e-08
1.650065330561613316e-08
1.666198260398254542e-08
1.682488924247176179e-08
1.698938864296863369e-08
1.715549637814000515e-08
1.731676952219937346e-08
1.747750377673112818e-08
1.763972996661183835e-08
1.780346193998539863e-08
1.796871367353417434e-08
1.813549927367209373e-08
1.830383297774886405e-08
1.847372915526514956e-08
1.864520230909944251e-08
1.881826707674591243e-08
1.899293823156394185e-08
1.916923068403924258e-08
1.934715948305665836e-08
1.952673981718477304e-08
1.970530017983116598e-08
1.987722852282101143e-08
2.005065693710404019e-08
2.022559851077174577e-08
2.040206644610892105e-08
2.058007406059015277e-08
2.075963478788458467e-08
2.094076217886990519e-08
2.112346990265493133e-08
2.130777174761116905e-08
2.149368162241335025e-08
2.168121355708924073e-08
2.187038170407817334e-08
2.206120033929928222e-08
2.225368386322879969e-08
2.243760204367872399e-08
2.261929144686002241e-08
2.280245208743848632e-08
2.298709587881926462e-08
2.317323483087678004e-08
2.336088105073606089e-08
2.355004674355987280e-08
2.374074421334299750e-08
2.393298586371210974e-08
2.412678419873296009e-08
2.432215182372329488e-08
2.451910144607312495e-08
2.471764587607088381e-08
2.491779802773703385e-08
2.511570110745587555e-08
2.530137886870933177e-08
2.548842932630432614e-08
2.567686262844177631e-08
2.586668899834739512e-08
2.605791873482593138e-08
2.625056221282034064e-08
2.644462988397422502e-08
2.664013227719932540e-08
2.683707999924630584e-08
2.703548373528060033e-08
2.723535424946195867e-08
2.743670238552827058e-08
2.763953906738428002e-08
2.784387529969379031e-08
2.803412117846670560e-08
2.821916052533453639e-08
2.840542122526956420e-08
2.859291133981849924e-08
2.878163898373808243e-08
2.897161232534672322e-08
2.916283958687779500e-08
2.935532904483562389e-08
2.954908903035345612e-08
2.974412792955440651e-08
2.994045418391423350e-08
3.013807629062651283e-08
3.033700280297076607e-08
3.053724233068248495e-08
3.073353406284641632e-08
3.090902212218197090e-08
3.108551221593713459e-08
3.126301006571481780e-08
3.144152142578813071e-08
3.162105208328706797e-08
3.180160785838586181e-08
3.198319460449206230e-08
3.216581820843609404e-08
3.234948459066189816e-08
3.253419970541928155e-08
3.271996954095665660e-08
3.290680011971532275e-08
3.309469749852444949e-08
3.328366776879779317e-08
3.345068281288609523e-08
3.360766677397496422e-08
3.376538746035519304e-08
3.392384832947638543e-08
3.408305285501419947e-08
3.424300452694600477e-08
3.440370685162779707e-08
3.456516335187092085e-08
3.472737756701902368e-08
3.489035305302619490e-08
3.505409338253430380e-08
3.521860214495191258e-08
3.538388294653237547e-08
3.554993941045347306e-08
3.571002526467788231e-08
3.583704784516118673e-08
3.596452225215071477e-08
3.609245009281892356e-08
3.622083298005498162e-08
3.634967253248543513e-08
3.647897037449414632e-08
3.660872813624307220e-08
3.673894745369275222e-08
3.686962996862293480e-08
3.700077732865327014e-08
3.713239118726399626e-08
3.726447320381712154e-08
3.739702504357685933e-08
3.753004837773094276e-08
3.763142206011348172e-08
3.771602154165466856e-08
3.780081121192339974e-08
3.788579149848436419e-08
3.797096282986340161e-08
3.805632563554995758e-08
3.814188034599877758e-08
3.822762739263238858e-08
3.831356720784320333e-08
3.839970022499571741e-08
3.848602687842864663e-08
3.857254760345717035e-08
3.865926283637508877e-08
3.874617301445705302e-08
3.882524707713237650e-08
3.885526013957239797e-08
3.888529640299584533e-08
3.891535588533791992e-08
3.894543860454738225e-08
3.897554457858708136e-08
3.900567382543378279e-08
3.903582636307788399e-08
3.906600220952393714e-08
3.909620138279042414e-08
3.912642390090950516e-08
3.915666978192758771e-08
3.918693904390473771e-08
3.921723170491519566e-08
3.924754778304719133e-08
3.923686031744473887e-08
3.920180829809416199e-08
3.916678759225977427e-08
3.913179817196790235e-08
3.909684000926962872e-08
3.906191307624133438e-08
3.902701734498400397e-08
3.899215278762380813e-08
3.895731937631180573e-08
3.892251708322369236e-08
3.888774588056027021e-08
3.885300574054717012e-08
3.881829663543459351e-08
3.878361853749786160e-08
3.874068233230341356e-08
3.863337663386460572e-08
3.852636815561467807e-08
3.841965607429961134e-08
3.831323956894572469e-08
3.820711782085332955e-08
3.810129001359031738e-08
3.799575533298620389e-08
3.789051296712540580e-08
3.778556210634128507e-08
3.768090194320979618e-08
3.757653167254355029e-08
3.747245049138517794e-08
3.736865759900137332e-08
3.726515219687697170e-08
3.711519282384240953e-08
3.693489686732987446e-08
3.675547674169579107e-08
3.657692819238147218e-08
3.639924698549577496e-08
3.622242890771469446e-08
3.604646976618146000e-08
3.587136538840711474e-08
3.569711162217155836e-08
3.552370433542509933e-08
3.535113941619047046e-08
3.517941277246532739e-08
3.500852033212519720e-08
3.483845804282693650e-08
3.466230744854173602e-08
3.441508661409927230e-08
3.416962902467665563e-08
3.392592210433938833e-08
3.368395336684799147e-08
3.344371041501815743e-08
3.320518094008563402e-08
3.296835272107553572e-08
3.273321362417625388e-08
3.249975160211775450e-08
3.226795469355435583e-08
3.203781102245189343e-08
3.180930879747923291e-08
3.158243631140417660e-08
3.135718194049363846e-08
3.109016064846458889e-08
3.079351636841057032e-08
3.049970249601780159e-08
3.020869202517805813e-08
2.992045820745975603e-08
2.963497454964930321e-08
2.935221481131601213e-08
2.907215300240015355e-08
2.879476338082412842e-08
2.852002045012614572e-08
2.824789895711702818e-08
2.797837388955883251e-08
2.771142047386587953e-08
2.744701417282767482e-08
2.718119460733874589e-08
2.685752548381486861e-08
2.653771055813014517e-08
2.622170393514083741e-08
2.590946026621474433e-08
2.560093474272360015e-08
2.529608308961295608e-08
2.499486155904815932e-08
2.469722692413645919e-08
2.440313647272387386e-08
2.411254800126541802e-08
2.382541980876905557e-08
2.354171069081106108e-08
2.326137993362309458e-08
2.298438730824970907e-08
2.268399076196175564e-08
2.236573808458748192e-08
2.205195044018380742e-08
2.174256518506891869e-08
2.143752055444174316e-08
2.113675565005121403e-08
2.084021042803875021e-08
2.054782568695132721e-08
2.025954305592249227e-08
1.997530498301961304e-08
1.969505472375425607e-08
1.941873632975374655e-08
1.914629463759204627e-08
1.887767525777691579e-08
1.861176102777857595e-08
1.831973386908366881e-08
1.803228875188869570e-08
1.774935378183826954e-08
1.747085819263292684e-08
1.719673232832909047e-08
1.692690762591738537e-08
1.666131659817368557e-08
1.639989281677984860e-08
1.614257089570869441e-08
1.588928647487022441e-08
1.563997620401408793e-08
1.539457772688463311e-08
1.515302966562489628e-08
1.491527160542481467e-08
1.467252887559679928e-08
1.442584575971619506e-08
1.418331002430261924e-08
1.394485194117594502e-08
1.371040295446686489e-08
1.347989566090742649e-08
1.325326379045265921e-08
1.303044218722828028e-08
1.281136679079855619e-08
1.259597461774925043e-08
1.238420374357995333e-08
1.217599328490111211e-08
1.197128338193024065e-08
1.177001518128241687e-08
1.157204056054021149e-08
1.136527458529311190e-08
1.116220304650226877e-08
1.096275993301317681e-08
1.076688041314021533e-08
1.057450081359207144e-08
1.038555859877394900e-08
1.019999235045957863e-08
1.001774174782627391e-08
9.838747547846909467e-09
9.662951566032132244e-09
9.490296657516769271e-09
9.320726698484090728e-09
9.154186567921863421e-09
8.990622129704761761e-09
8.823160550056481268e-09
8.651966836768290382e-09
8.484094754918564480e-09
8.319479855672083187e-09
8.158058940679245238e-09
7.999770037813301052e-09
7.844552377378024421e-09
7.692346368777346379e-09
7.543093577637642149e-09
7.396736703373597007e-09
7.253219557189827583e-09
7.112487040508868444e-09
6.974485123818050381e-09
6.839160825926630512e-09
6.706462193625557497e-09
6.565699229856055131e-09
6.427685188172539276e-09
6.292572265628809853e-09
6.160299479355584195e-09
6.030807128371762397e-09
5.904036766638547369e-09
5.779931176679969370e-09
5.658434343757932569e-09
5.539491430590081519e-09
5.423048752599247796e-09
5.309053753682829296e-09
5.197454982491932810e-09
5.088202069208914432e-09
4.981245702812985471e-09
4.875687481454446650e-09
4.771417813234847793e-09
4.669378017982287830e-09
4.569520408449534853e-09
4.471798317211319556e-09
4.376166074854923466e-09
4.282578988636905777e-09
4.190993321596551354e-09
4.101366272115712530e-09
4.013655953916034242e-09
3.927821376483781913e-09
3.843822425913315360e-09
3.761619846160300840e-09
3.681175220695833954e-09
3.602450954552838484e-09
3.527100727843282575e-09
3.453406390103321700e-09
3.381251802950041879e-09
3.310604795229675880e-09
3.241433867964331794e-09
3.173708180307666057e-09
3.107397535794067872e-09
3.042472368875142883e-09
2.978903731737443650e-09
2.916663281395747620e-09
2.855723267055881834e-09
2.796056517741658134e-09
2.737636430180260945e-09
2.680436956940865240e-09
2.624395826111873916e-09
2.569480681491897403e-09
2.515714629199610463e-09
2.463073624626078559e-09
2.411534126292700404e-09
2.361073085323283676e-09
2.311667935136409676e-09
2.263296581353441497e-09
2.215937391917806108e-09
2.169569187420892101e-09
2.124171231630511557e-09
2.079723222217464223e-09
2.036205281676147102e-09
1.993597948435227388e-09
1.951882168154237488e-09
1.912543800389029728e-09
1.874113781845282926e-09
1.836455963302917172e-09
1.799554828432097827e-09
1.763395172683009246e-09
1.727962097020970385e-09
1.693241001787550482e-09
1.659217580684996701e-09
1.625877814881540561e-09
1.593207967235146917e-09
1.561194576633360426e-09
1.529824452446818418e-09
1.499084669094281356e-09
1.468962560716836674e-09
1.439852270981006352e-09
1.411883006157957665e-09
1.384457046915980217e-09
1.357563839493425244e-09
1.331193035136450273e-09
1.305334486116716887e-09
1.279978241826473291e-09
1.255114544949436416e-09
1.230733827706108892e-09
1.206826708171998349e-09
1.183383986667386601e-09
1.160396642217178190e-09
1.137855829079561879e-09
1.115752873342105561e-09
1.094079269583903817e-09
1.073509272687537730e-09
1.053399860163671642e-09
1.033667145338040394e-09
1.014304071756080284e-09
9.953037151475938070e-10
9.766592809506428137e-10
9.583641018817879701e-10
9.404116355518444532e-10
9.227954621263392106e-10
9.055092820297361043e-10
8.885469136927224223e-10
8.719022913416532708e-10
8.555694628294275822e-10
8.395425875069788979e-10
8.239324282937067593e-10
8.087933331980831167e-10
7.939324067877139367e-10
7.793445379369332585e-10
7.650247094329006917e-10
7.509679962500140468e-10
7.371695638560607823e-10
7.236246665494601728e-10
7.103286458270864473e-10
6.972769287820526163e-10
6.844650265309487535e-10
6.718885326699928233e-10
6.595431217595193741e-10
6.474245478363427686e-10
6.355286429534276120e-10
6.238245796845925734e-10
6.123322813739079306e-10
6.010516979022361884e-10
5.899789289902930453e-10
5.791101462110015195e-10
5.684415916657999995e-10
5.579695766853576022e-10
5.476904805542037372e-10
5.376007492588532185e-10
5.276968942590164363e-10
5.179754912814133770e-10
5.084331791358411791e-10
4.990666585530285928e-10
4.898726910439107986e-10
4.807609271932916118e-10
4.716671055940450438e-10
4.627452979555870619e-10
4.539922505520335551e-10
4.454047712032786298e-10
4.369797281108139980e-10
4.287140487155969684e-10
4.206047185774950816e-10
4.126487802759449302e-10
4.048433323314046445e-10
3.971855281471913138e-10
3.896725749713586164e-10
3.823017328781869009e-10
3.750703137689545905e-10
3.679756803916107145e-10
3.607315894808384979e-10
3.535800784312981123e-10
3.465703462328011990e-10
3.396995821167600638e-10
3.329650310381351159e-10
3.263639925707062086e-10
3.198938198242589403e-10
3.135519183832308144e-10
3.073357452663992174e-10
3.012428079071992312e-10
2.952706631542435740e-10
2.894169162916765219e-10
2.836792200789244415e-10
2.780552738095135071e-10
2.724252302309846115e-10
2.666797441293883777e-10
2.610554311310162909e-10
2.555497356782209661e-10
2.501601561104211202e-10
2.448842435274092070e-10
2.397196006766206117e-10
2.346638808638855223e-10
2.297147868871384997e-10
2.248700699926262500e-10
2.201275288531284554e-10
2.154850085677192941e-10
2.109403996826375746e-10
2.064916372327934502e-10
2.021366998034989488e-10
1.976207772542123910e-10
1.931518293179361895e-10
1.887839410775826009e-10
1.845148271938967376e-10
1.803422540077291401e-10
1.762640383713514514e-10
1.722780465062042603e-10
1.683821928864746667e-10
1.645744391479206929e-10
1.608527930213708272e-10
1.572153072903415190e-10
1.536600787722266575e-10
1.501852473225268488e-10
1.467889948615937224e-10
1.433929443846343854e-10
1.399070998417638040e-10
1.365059952575376404e-10
1.331875706259795661e-10
1.299498160193134764e-10
1.267907703705758039e-10
1.237085202858220538e-10
1.207011988852082768e-10
1.177669846722457432e-10
1.149041004305433732e-10
1.121108121473704508e-10
1.093854279633869896e-10
1.067262971479059593e-10
1.041318090990666501e-10
1.016003923683134609e-10
9.898722723859768290e-11
9.640512860319886777e-11
9.389038444927125931e-11
9.144123782372558871e-11
8.905597760389235510e-11
8.673293730202749061e-11
8.447049390100279908e-11
8.226706672036755884e-11
8.012111631198905733e-11
7.803114338450091834e-11
7.599568775580577674e-11
7.401332733290520891e-11
7.208267711833791797e-11
7.020238824253658956e-11
6.833648889712252858e-11
6.643388272494538185e-11
6.458424840287098383e-11
6.278611110287431486e-11
6.103803705869614272e-11
5.933863242261268582e-11
5.768654215403337701e-11
5.608044893904464307e-11
5.451907214003288588e-11
5.300116677455301569e-11
5.152552252262705934e-11
5.009096276168021033e-11
4.869634362834804156e-11
4.734055310640251449e-11
4.602251014007278862e-11
4.468237395843184925e-11
4.336399077567044295e-11
4.208450736618887865e-11
4.084277596628612589e-11
3.963768267779290982e-11
3.846814646884743808e-11
3.733311820415156672e-11
3.623157970384300804e-11
3.516254283013383967e-11
3.412504860089922356e-11
3.311816632942033519e-11
3.214099278950887107e-11
3.119265140526718562e-11
3.027229146475236442e-11
2.936754708592150911e-11
2.845702831096079399e-11
2.757473948782832871e-11
2.671980536803738246e-11
2.589137783952366006e-11
2.508863508530185800e-11
2.431078076820571332e-11
2.355704324090574190e-11
2.282667478041916477e-11
2.211895084635385941e-11
2.143316936214885625e-11
2.076865001860093561e-11
2.012473359898303281e-11
1.950078132508863595e-11
1.889617422355067119e-11
1.829226270955887310e-11
1.770154612744827773e-11
1.712990570261362619e-11
1.657672540397084737e-11
1.604140909408084689e-11
1.552337988671861803e-11
1.502207952518953853e-11
1.453696778072085779e-11
1.406752187028174370e-11
1.361323589320371841e-11
1.317362028599420931e-11
1.274820129475597550e-11
1.233652046464407829e-11
1.193813414580968246e-11
1.154970765493709446e-11
1.116438563697476995e-11
1.079191875456755079e-11
1.043187813393613788e-11
1.008384920941292241e-11
9.747431246094317005e-12
9.422236878417958214e-12
9.107891664133724148e-12
8.804033653155787827e-12
8.510312970797903520e-12
8.226391414913549102e-12
7.951942066475934209e-12
7.686648913149703869e-12
7.430206485421558960e-12
7.182319504869672194e-12
6.942702544168172461e-12
6.711079698434280330e-12
6.487184267539837259e-12
6.270758449021991145e-12
6.061553041238480636e-12
5.859327156426795729e-12
5.663847943336001524e-12
5.474890319112037619e-12
5.292236710128210849e-12
5.115676801461673822e-12
4.945007294728325254e-12
4.780031673996606428e-12
4.620559979510808377e-12
4.466408588963724510e-12
4.317400006066122722e-12
4.173362656170342688e-12
4.034130688712122409e-12
3.899543786243295684e-12
3.769446979835798965e-12
3.643690470643844012e-12
3.522129457419546899e-12
3.404623969782610348e-12
3.291038707052699561e-12
3.181242882458694376e-12
3.075110072545252123e-12
2.972518071603735789e-12
2.873348750959484027e-12
2.777487922953496323e-12
2.684825209462145318e-12
2.595253914803100754e-12
2.508670902881661951e-12
2.424976478435470529e-12
2.344074272241306786e-12
2.265871130151611951e-12
2.190277005832856939e-12
2.117204857082552522e-12
2.046570545605243676e-12
1.978292740132144457e-12
1.912292822773024751e-12
1.848494798492221275e-12
1.786825207604921672e-12
1.727213041192556676e-12
1.669589659340224954e-12
1.613888712101882744e-12
1.560046063102194706e-12
1.507999715687352751e-12
1.457689741539489742e-12
1.409058211672762472e-12
1.362049129731542914e-12
1.316608367513834159e-12
1.272683602645898186e-12
1.230224258336048749e-12
1.189181445138463263e-12
1.149507904659871308e-12
1.111157955144231293e-12
1.074087438872934686e-12
1.038253671319728501e-12
1.003615392002005287e-12
9.701327169717888562e-13
9.377670928916806521e-13
9.064812526429689871e-13
8.762391724147221593e-13
8.470060302244787772e-13
8.187481658227905482e-13
7.914330419353965947e-13
7.650292067984743320e-13
7.395062579437736813e-13
7.148348071919539846e-13
6.909864468138303731e-13
6.679337168205212379e-13
6.456500733448923972e-13
6.241098580778479911e-13
6.032882687242882917e-13
5.831613304447318706e-13
5.637058682496775713e-13
5.448994803149733260e-13
5.267205121874241725e-13
5.091480318509673954e-13
4.921618056246699632e-13
4.757422748648403348e-13
4.598705334443943902e-13
4.445283059835583360e-13
4.296979268068386631e-13
4.153623196020396870e-13
4.015049777578801408e-13
3.881099453576053429e-13
3.751617988066810643e-13
3.626456290734348448e-13
3.505470245221706726e-13
3.388520543190217229e-13
3.275472523914099789e-13
3.166196019226535906e-13
3.060565203638638277e-13
2.958458449458830121e-13
2.859758186745611370e-13
2.764350767932715433e-13
2.672126336970574167e-13
2.582978702833562242e-13
2.496805217247189943e-13
2.413506656494676704e-13
2.332987107166646763e-13
2.255153855722462882e-13
2.179917281736008001e-13
2.107190754703057258e-13
2.036890534291274088e-13
1.968935673918165865e-13
1.903247927545820453e-13
1.839751659585212786e-13
1.778373757806211350e-13
1.719043549153162835e-13
1.661692718369003119e-13
1.606255229334244287e-13
1.552667249030248432e-13
1.500867074039273413e-13
1.450795059496566634e-13
1.402393550412825805e-13
1.355606815287847004e-13
1.310380981938990991e-13
1.266663975470489770e-13
1.224405458312279642e-13
1.183556772259235050e-13
1.144070882444096904e-13
1.105902323179576781e-13
1.069007145607300954e-13
1.033342867093249430e-13
9.988684223115115615e-14
9.655441159599621254e-14
9.333315770534639535e-14
9.021937147419041086e-14
8.720946756022706842e-14
8.429998023555334409e-14
8.148755939608194174e-14
7.876896670409248564e-14
7.614107185947644622e-14
7.360084899537939735e-14
7.114537319409247158e-14
6.877181711918046293e-14
6.647744775997239924e-14
6.425962328465695566e-14
6.211578999836928443e-14
6.004347940276199817e-14
5.804030535367153681e-14
5.610396131361534045e-14
