4.846782178151030349e-09
4.914609847255534879e-09
4.983386721941628192e-09
5.053126085744559058e-09
5.123841408094380838e-09
5.195546346917268244e-09
5.268254751273570020e-09
5.341980664032441211e-09
5.416738324584247790e-09
5.492542171590581554e-09
5.569406845773115271e-09
5.647347192741125215e-09
5.726378265858946679e-09
5.806515329153191223e-09
5.887773860261018556e-09
5.970169553419294302e-09
6.053718322495957962e-09
6.137514984739517115e-09
6.221971200169371167e-09
6.307589588293298265e-09
6.394386141366742307e-09
6.482377071709026780e-09
6.571578814731579437e-09
6.662008032007826198e-09
6.753681614385327511e-09
6.846616685140739506e-09
6.940830603178190551e-09
7.036340966271669609e-09
7.133165614352030234e-09
7.231322632839228937e-09
7.330830356020415830e-09
7.431707370474507032e-09
7.533972518543886512e-09
7.637644901853880099e-09
7.742743884880651818e-09
7.849289098568209105e-09
7.957300443995206785e-09
8.066798096092043629e-09
8.177802507409436008e-09
8.290334411938526563e-09
8.404414828983719017e-09
8.520065067088780109e-09
8.637306728016954772e-09
8.756161710785862167e-09
8.876652215757908777e-09
8.998800748786989487e-09
9.122630125422252542e-09
9.248163475169704284e-09
9.375424245812464307e-09
9.504436207790463459e-09
9.635223458640411879e-09
9.767810427496872526e-09
9.902221879655250823e-09
1.003848292119759875e-08
1.017661900368205558e-08
1.031665592889682860e-08
1.045861985367958223e-08
1.060253729480315719e-08
1.074843513392850631e-08
1.089634062262580162e-08
1.104628138746462093e-08
1.119828543517418174e-08
1.135238115787459688e-08
1.150859733838009486e-08
1.166696315557523060e-08
1.182750818986507261e-08
1.199026242870038571e-08
1.215525627217884315e-08
1.232252053872332374e-08
1.249208647083833620e-08
1.266398574094565921e-08
1.283825045730028429e-08
1.301434482474573569e-08
1.318961936017951912e-08
1.336725445722322142e-08
1.354728190743800907e-08
1.372973393054726625e-08
1.391464318020310918e-08
1.410204274983028310e-08
1.429196617854900709e-08
1.448444745717760538e-08
1.467952103431570445e-08
1.487722182250966006e-08
1.507758520450082988e-08
1.528064703955819519e-08
1.548644366989594413e-08
1.569501192717777812e-08
1.590638913910880844e-08
1.612061313611595622e-08
1.633772225811862097e-08
1.655775536139037534e-08
1.678075182551323801e-08
1.700675156042527893e-08
1.723579501356346955e-08
1.746792317710268110e-08
1.770317759529191970e-08
1.794160037188964443e-08
1.818323417769923051e-08
1.842812225820559667e-08
1.867630844131501501e-08
1.892783714519915558e-08
1.918275338624442110e-08
1.944110278710875232e-08
1.970293158488666824e-08
1.996828663938455306e-08
2.023721544150695401e-08
2.050976612175622281e-08
2.078598745884659254e-08
2.106592888843392426e-08
2.134964051196342600e-08
2.163717310563628731e-08
2.192857812949732371e-08
2.222390773664458061e-08
2.252321478256336511e-08
2.282655283458599594e-08
2.313397618147852239e-08
2.344553984315701276e-08
2.376129958053463994e-08
2.408131190550103318e-08
2.440563409103642385e-08
2.473432418146179964e-08
2.506744100282733677e-08
2.540504417344028506e-08
2.574719411453505844e-08
2.609395206108706971e-08
2.644538007277169243e-08
2.680154104507133117e-08
2.716249872053204600e-08
2.752179354263661627e-08
2.788230004097641076e-08
2.824752879461334814e-08
2.861754166011655343e-08
2.899240130431085144e-08
2.937217121489046024e-08
2.975691571117166409e-08
3.014669995498579279e-08
3.054158996171575004e-08
3.094165261147622954e-08
3.134695566044093770e-08
3.175756775231827549e-08
3.217355842997664717e-08
3.259499814722301600e-08
3.302195828073477934e-08
3.345451114214862957e-08
3.389272999030768433e-08
3.433668904366847438e-08
3.478646349287136918e-08
3.524212951347464523e-08
3.570376427885640585e-08
3.617144597328447827e-08
3.664525380515823188e-08
3.712526802042383310e-08
3.761156991616449199e-08
3.810424185436985632e-08
3.860336727588464568e-08
3.910903071454071470e-08
3.962131781147428545e-08
4.014031532962993085e-08
4.066611116845568972e-08
4.119879437878952523e-08
4.173845517794154725e-08
4.228518496497383159e-08
4.283907633617951696e-08
4.340022310076597735e-08
4.396872029674210948e-08
4.454466420701458590e-08
4.512815237569497302e-08
4.571928362461957348e-08
4.631815807008699574e-08
4.692487713981360298e-08
4.753954359011195008e-08
4.816226152329434611e-08
4.879313640530329582e-08
4.943227508357442531e-08
5.007978580513191156e-08
5.073577823492188853e-08
5.140036347438603346e-08
5.207365408027746405e-08
5.275576408372457157e-08
5.344680900954308751e-08
5.414690589580208802e-08
5.485617331364639129e-08
5.557473138737743239e-08
5.629881528303146417e-08
5.701022670333125164e-08
5.773062776588873225e-08
5.846013206695185098e-08
5.919885463820991057e-08
5.994691196493266306e-08
6.070442200433864272e-08
6.147150420419446770e-08
6.224827952165027864e-08
6.303487044231327282e-08
6.383140099956099513e-08
6.463799679409989785e-08
6.545478501377107532e-08
6.628189445360490718e-08
6.711945553613113497e-08
6.796760033194353830e-08
6.882646258052592068e-08
6.969617771134111233e-08
7.057688286518537225e-08
7.146871691581390694e-08
7.237182049183886915e-08
7.328633599890493181e-08
7.421240764214346980e-08
7.515018144891266815e-08
7.609980529182276276e-08
7.706142891205374574e-08
7.803520394296774549e-08
7.902128393401833158e-08
8.001982437496340161e-08
8.103098272038404531e-08
8.205491841451171556e-08
8.309179291637065441e-08
8.414176972523802266e-08
8.520501440642426077e-08
8.628169461738062958e-08
8.737198013413685555e-08
8.847604287807111743e-08
8.959405694301990478e-08
9.072619862273060727e-08
9.187264643865917727e-08
9.303358116812080658e-08
9.420918587279630417e-08
9.539964592759682168e-08
9.660514904989616486e-08
9.782588532912961869e-08
9.906204725676870969e-08
1.003138297566747639e-07
1.015814302158342781e-07
1.028650485154843633e-07
1.041648870626316216e-07
1.054811508219673943e-07
1.068140473481882102e-07
1.081637868187245697e-07
1.095305820668815054e-07
1.109146486153997221e-07
1.123162047104409669e-07
1.136971598167524558e-07
1.150743215500421542e-07
1.164681642139962108e-07
1.178788898571039843e-07
1.193067029751758785e-07
1.207518105409865436e-07
1.222144220342772600e-07
1.236947494721216987e-07
1.251930074396594396e-07
1.267094131212018014e-07
1.282441863317143346e-07
1.297975495486808784e-07
1.313697279443533338e-07
1.329609494183921846e-07
1.345714446309022903e-07
1.362014470358690098e-07
1.378511929149990989e-07
1.395209214119716267e-07
1.412108745671038040e-07
1.429212973524364914e-07
1.446524377072450229e-07
1.464045465739797674e-07
1.481778779346423547e-07
1.499726888476023342e-07
1.517892394848597414e-07
1.536277931697592144e-07
1.554886164151606593e-07
1.573719789620725029e-07
1.592781538187526391e-07
1.612074173002833172e-07
1.631600490686250003e-07
1.651363321731557596e-07
1.671365530917013117e-07
1.691610017720624503e-07
1.712099716740450858e-07
1.732837598119996689e-07
1.753826667978757167e-07
1.775069968847979522e-07
1.796570580111700656e-07
1.818331618453129536e-07
1.840356238306433924e-07
1.862647632314001313e-07
1.885209031789237358e-07
1.908043707184969793e-07
1.931154968567527215e-07
1.954546166096558107e-07
1.978220690510664467e-07
2.002181973618915178e-07
2.026433488798313222e-07
2.050978751497290325e-07
2.075821319745298132e-07
2.100964794668573442e-07
2.126412821012148739e-07
2.152169087668187662e-07
2.178237328210717972e-07
2.204315298516430136e-07
2.228967036248797587e-07
2.253894464202810566e-07
2.279100665532247284e-07
2.304588757871023841e-07
2.330361893718801478e-07
2.356423260830903104e-07
2.382776082612591785e-07
2.409423618517757763e-07
2.436369164452065120e-07
2.463616053180606492e-07
2.491167654740117218e-07
2.519027376855797338e-07
2.547198665362797836e-07
2.575685004632421149e-07
2.604489918003082529e-07
2.633616968216098441e-07
2.663069757856342212e-07
2.692851929797832071e-07
2.722967167654306618e-07
2.753419196234803082e-07
2.784211782004425774e-07
2.815348733550115213e-07
2.846833902051804908e-07
2.878671181758671454e-07
2.910864510470856995e-07
2.943417870026487757e-07
2.976335286794176061e-07
3.009620832171020108e-07
3.043278623086177243e-07
3.077312822510067873e-07
3.111727639969269321e-07
3.146527332067177980e-07
3.181716203010482115e-07
3.217298605141532124e-07
3.253278939476660685e-07
3.289661656250522127e-07
3.326451255466520374e-07
3.363652287453393772e-07
3.401269353428023481e-07
3.439307106064535323e-07
3.477770250069765498e-07
3.516663542765166395e-07
3.555991794675213383e-07
3.595759870122397277e-07
3.635972687828869198e-07
3.676635221524812457e-07
3.717752500563620876e-07
3.759329610543952907e-07
3.801371693938756827e-07
3.843883950731274422e-07
3.886871639058291576e-07
3.930340075860373698e-07
3.974294637539616984e-07
4.018740760624513160e-07
4.063683942442452354e-07
4.104547590530638391e-07
4.143344687461605743e-07
4.182508503183629872e-07
4.222042504004321989e-07
4.261950188995579085e-07
4.302235090303310527e-07
4.342900773460048273e-07
4.383950837700555583e-07
4.425388916280337349e-07
4.467218676797237856e-07
4.509443821516079396e-07
4.552068087696287731e-07
4.595095247922704511e-07
4.638529110439473905e-07
4.682373519487138944e-07
4.726632355642831131e-07
4.771309536163769828e-07
4.816409015333950728e-07
4.861934784814171626e-07
4.907890873995267399e-07
4.954281350354768577e-07
5.001110319816942227e-07
5.048381927116130971e-07
5.096100356163642133e-07
5.144269830418029247e-07
5.192894613258950167e-07
5.241979008364444012e-07
5.291527360091878942e-07
5.341544053862450055e-07
5.392033516549356590e-07
5.443000216869561017e-07
5.494448665779337542e-07
5.546383416873515792e-07
5.598809066788548855e-07
5.651730255609284971e-07
5.705151667279690632e-07
5.759078030017441445e-07
5.813514116732348998e-07
5.868464745448838658e-07
5.923934779732374543e-07
5.979929129119914259e-07
6.036452749554483383e-07
6.093510643823736303e-07
6.151107862002841161e-07
6.209249501901357492e-07
6.267940709514493027e-07
6.327186679478541663e-07
6.386992655530646596e-07
6.447363930972957430e-07
6.508305849141054226e-07
6.569823803876915873e-07
6.631923240006351268e-07
6.694609653820838244e-07
6.757888593564036001e-07
6.821765659922822810e-07
6.884602334681121331e-07
6.938706244475171448e-07
6.993235339764738182e-07
7.048192961947969528e-07
7.103582478682062926e-07
7.159407284089507207e-07
7.213915061132365393e-07
7.267741399822480672e-07
7.321969361585799810e-07
7.376601943116847962e-07
7.431642163469823214e-07
7.486819435266472466e-07
7.539381672152998484e-07
7.592312929391945570e-07
7.645615797741039620e-07
7.699292886146729345e-07
7.753346821871971784e-07
7.805719654671514176e-07
7.856747197220340047e-07
7.908108316968181347e-07
7.959805194575529454e-07
8.011840024958336486e-07
8.064148220529610539e-07
8.112629497252263571e-07
8.161402241111744703e-07
8.210468204394626784e-07
8.259829149922212478e-07
8.309486851113753634e-07
8.357103335644464513e-07
8.402464999256885614e-07
8.448072882216254442e-07
8.493928320980761588e-07
8.540032659262780502e-07
8.586387248068242880e-07
8.627738685578192562e-07
8.669001091233051127e-07
8.710460835516525341e-07
8.752118862206255326e-07
8.793976119593452967e-07
8.833433401494095841e-07
8.869378361665737521e-07
8.905469588877971160e-07
8.941707678319822260e-07
8.978093227602313860e-07
9.014626836768261417e-07
9.045068294226824400e-07
9.074763771788431290e-07
9.104556741304650359e-07
9.134447522847137520e-07
9.164436437538417993e-07
9.191719682295304537e-07
9.213788532752733506e-07
9.235910369395248421e-07
9.258085319440016179e-07
9.280313510409589760e-07
9.302595070132715024e-07
9.317521187046090909e-07
9.330764684277718485e-07
9.344027005208847668e-07
9.357308176594621343e-07
9.370608225228210996e-07
9.381095828439574697e-07
9.384278967091381645e-07
9.387463185827206532e-07
9.390648485013537222e-07
9.393834865016986513e-07
9.397022326204290028e-07
9.391704665574052325e-07
9.383486729920213058e-07
9.375275985129886434e-07
9.367072424910900911e-07
9.358876042976645717e-07
9.348005331822133644e-07
9.327168384696477620e-07
9.306377883668153440e-07
9.285633725207605155e-07
9.264935806016040354e-07
9.244284023024927239e-07
9.214342098994261517e-07
9.180074278351706576e-07
9.145933898552909338e-07
9.111920485649744827e-07
9.078033567456706457e-07
9.042160872581011826e-07
8.993921722527689248e-07
8.945939924188261288e-07
8.898214104613482367e-07
8.850742898178673970e-07
8.803524946544646779e-07
8.747100860601285625e-07
8.685036505828432985e-07
8.623412523722451656e-07
8.562225789654294206e-07
8.501473201165468022e-07
8.439956570499233898e-07
8.364518395666802383e-07
8.289754503714224794e-07
8.215658867753844647e-07
8.142225514767713776e-07
8.069448525125970457e-07
7.989132217226213661e-07
7.902781124094473492e-07
7.817363362779310521e-07
7.732868845298614971e-07
7.649287592707000892e-07
7.566493013233710218e-07
7.471266020669194701e-07
7.377237493509576312e-07
7.284392348643581631e-07
7.192715692786227349e-07
7.102192820089750080e-07
7.007523421375644474e-07
6.908350670135749304e-07
6.810581443935598060e-07
6.714195879632214595e-07
6.619174395192284585e-07
6.525497685713799535e-07
6.425927614361393777e-07
6.327430918077497058e-07
6.230443980346939582e-07
6.134943659572322792e-07
6.040907168870942786e-07
5.947033924828936098e-07
5.852787524832422852e-07
5.760034707018989973e-07
5.668751801649140226e-07
5.578915514092642339e-07
5.490502918884006135e-07
5.404509873331154322e-07
5.320009114510832354e-07
5.236829544551030305e-07
5.154950506359072529e-07
5.074351665820725551e-07
4.996650383176667632e-07
4.923277392600072114e-07
4.850981842975575918e-07
4.779747912690935262e-07
4.709560012465383384e-07
4.640402781937901475e-07
4.577618255967607512e-07
4.516958853394120345e-07
4.457103266891528915e-07
4.398040844850215467e-07
4.339761076808251633e-07
4.283750144481362743e-07
4.232421525406573131e-07
4.181707934530744920e-07
4.131602002481922599e-07
4.082096448189211475e-07
4.033184077824765755e-07
3.985465935057858270e-07
3.938525704321847987e-07
3.892138328709291824e-07
3.846297296773972289e-07
3.800996173760548974e-07
3.754936337139933263e-07
3.704463924791576178e-07
3.654669943228608528e-07
3.605545273244914330e-07
3.557080918211276196e-07
3.509268002427688728e-07
3.453229703542114950e-07
3.393803893794254380e-07
3.335400728691360113e-07
3.278002609784651974e-07
3.221592241472853827e-07
3.163920206654007192e-07
3.093454930538541529e-07
3.024559022426600969e-07
2.957197530125192605e-07
2.891336279879373251e-07
2.826941859035306134e-07
2.756830439318144517e-07
2.683871547684902117e-07
2.612843496553286069e-07
2.543695186667826611e-07
2.476376871103242280e-07
2.410743340972810185e-07
2.345577140792560489e-07
2.282172485930618286e-07
2.220481759034734297e-07
2.160458629924922776e-07
2.102058020799098752e-07
2.050097010846913119e-07
2.003548230392504376e-07
1.958056370147397298e-07
1.913597432053688903e-07
1.870147962944908947e-07
1.827699166047392003e-07
1.796918003633805831e-07
1.766655241609696076e-07
1.736902149344300161e-07
1.707650143243590434e-07
1.678890784274007488e-07
1.651425279048826141e-07
1.625316637411928297e-07
1.599620767201496594e-07
1.574331142599254478e-07
1.549441340958573396e-07
1.524945041173350180e-07
1.492053865117776663e-07
1.459263415532384830e-07
1.427193592466681448e-07
1.395828558913628037e-07
1.365152825911657004e-07
1.331587723714892763e-07
1.293647830358891575e-07
1.256788928876144830e-07
1.220980219405962952e-07
1.186191779644126870e-07
1.152394539839366914e-07
1.121630160018961511e-07
1.091999095110651365e-07
1.063150819430820750e-07
1.035064653365755890e-07
1.007720463612816597e-07
9.834911107970166615e-08
9.645554334372208904e-08
9.459843347432980162e-08
9.277707952883195075e-08
9.099079307941141750e-08
8.923889895291791198e-08
8.744528235376024364e-08
8.566905383085319327e-08
8.392890487314029519e-08
8.222410261601071461e-08
8.055392908113487900e-08
7.879652263260110447e-08
7.674895153447509194e-08
7.475458770060160445e-08
7.281204851087425631e-08
7.091998727333278896e-08
6.907709229055054516e-08
6.740765792429962722e-08
6.582378007876907820e-08
6.427711861349592339e-08
6.276679905513389825e-08
6.129196747783859236e-08
5.988762445524892111e-08
5.865846848859887070e-08
5.745454017798116312e-08
5.627532174156326910e-08
5.512030602466054851e-08
5.398899628161980034e-08
5.278695270554278304e-08
5.156506268605692181e-08
5.037145645912210043e-08
4.920547932348987647e-08
4.806649173265899109e-08
4.696281279499191268e-08
4.594337433284840925e-08
4.494606518358568455e-08
4.397040497834690242e-08
4.301592377581277406e-08
4.208216183584709725e-08
4.118789007387879199e-08
4.032540763717128949e-08
3.948098575059866292e-08
3.865424622272501283e-08
3.784481878151673611e-08
3.705245532284040330e-08
3.627838699836217241e-08
3.552048984974111355e-08
3.477842604255028877e-08
3.405186480011213528e-08
3.334048225605347495e-08
3.265910845124948657e-08
3.200493895977769235e-08
3.136387263443203941e-08
3.073564701576633516e-08
3.012000490145769502e-08
2.951669424100503108e-08
2.897774155414084892e-08
2.844893963238833574e-08
2.792978758179388483e-08
2.742010930614913507e-08
2.691973192274729917e-08
2.642848570374112727e-08
2.594620401857128840e-08
2.547272327744559910e-08
2.500788287584921006e-08
2.455152514006765238e-08
2.410349527370402252e-08
2.366364130517189299e-08
2.323181403614688563e-08
2.280786699095847463e-08
2.239165636690550550e-08
2.198304098547843957e-08
2.158188224447144306e-08
2.118804407096885236e-08
2.080139287518909468e-08
2.042179750517108896e-08
2.004912920228769824e-08
1.968326155757064627e-08
1.932407046883262778e-08
1.897143409857210694e-08
1.862523283264589828e-08
1.828534923969612968e-08
1.795166803131761147e-08
1.762407602295188693e-08
1.730246209549529523e-08
1.698671715760725270e-08
1.667673410870655305e-08
1.637240780264290518e-08
1.607363501203126755e-08
1.578031439323735577e-08
1.549234645200177323e-08
1.520963350969162113e-08
1.493207967016798422e-08
1.465959078725781752e-08
1.439207443281991909e-08
1.412943986539301634e-08
1.387159799941644821e-08
1.362177560425957889e-08
1.337744993921145710e-08
1.313750659790255266e-08
1.290186697720558167e-08
1.267045388385064625e-08
1.244319150913752093e-08
1.222000540410134310e-08
1.200082245512401650e-08
1.178557085998277311e-08
1.157418010432849994e-08
1.136658093858592968e-08
1.116270535526805522e-08
1.096248656669767587e-08
1.076585898312832293e-08
1.057275819125763113e-08
1.038312093312630206e-08
1.019688508539525115e-08
1.001398963899473290e-08
9.834374679138282518e-09
9.657981365695225411e-09
9.484751913915261296e-09
9.314629575498571523e-09
9.147558620005869520e-09
8.983484316601474162e-09
8.822352916124070726e-09
8.664111633478991995e-09
8.508708630346330155e-09
8.356092998199211640e-09
8.206214741626639877e-09
8.059024761955496181e-09
7.914474841166307211e-09
7.772517626097360988e-09
7.633106612932464785e-09
7.496196131966607587e-09
7.361741332645043790e-09
7.229698168870704366e-09
7.100023384575009632e-09
6.972674499547770703e-09
6.847609795520965909e-09
6.724788302502265373e-09
6.604169785353683951e-09
6.470472077673163739e-09
6.326625847863500859e-09
6.185977489489167541e-09
6.048455910094513033e-09
5.913991597693068399e-09
5.782516585631776968e-09
5.653964418236558910e-09
5.528270117221364349e-09
5.405370148844121764e-09
5.285202391792841192e-09
5.167706105785538741e-09
5.052821900868441329e-09
4.940491707396530224e-09
4.830658746681462183e-09
4.723267502292194814e-09
4.618263691993462502e-09
4.515594240308087124e-09
4.415207251689437870e-09
4.317051984290105481e-09
4.221078824313827320e-09
4.127239260937594666e-09
4.035485861791192049e-09
3.945772248982030600e-09
3.858053075652736987e-09
3.772284003060140778e-09
3.688421678163648706e-09
3.606423711711877394e-09
3.526248656816567004e-09
3.447855988002678781e-09
3.371206080724306120e-09
3.296260191335971309e-09
3.222980437509113778e-09
3.151329779084094720e-09
3.081271999347679855e-09
3.012771686726948483e-09
2.945794216890031060e-09
2.880305735244778541e-09
2.816273139826612359e-09
2.753664064566676467e-09
2.692446862932018831e-09
2.632590591929470585e-09
2.569018767133572251e-09
2.495968303901734322e-09
2.424995042380781759e-09
2.356039917004846126e-09
2.289045541746957534e-09
2.223956162361083347e-09
2.160717609982173702e-09
2.099277256045591125e-09
2.039583968488452134e-09
1.981588069196314071e-09
1.925241292659921703e-09
1.870496745807579720e-09
1.817308868979669959e-09
1.765633398012824393e-09
1.715427327402318527e-09
1.666648874511867157e-09
1.619257444801232162e-09
1.573213598042450506e-09
1.528479015496813501e-09
1.485016468025131204e-09
1.442789785104794387e-09
1.401763824727841971e-09
1.361904444154980071e-09
1.323178471501211199e-09
1.285553678129462387e-09
1.248998751829125612e-09
1.213483270757374757e-09
1.178977678121384735e-09
1.145453257580518271e-09
1.112882109347908995e-09
1.081237126971623035e-09
1.050491974776071628e-09
1.020621065944859489e-09
9.915995412268316708e-10
9.634032482476602699e-10
9.360087214096632525e-10
9.093931623632387912e-10
8.835344210335198764e-10
8.584109771865965661e-10
8.340019225198834029e-10
8.102869432617527749e-10
7.869499758226953798e-10
7.609705939265478388e-10
7.358488628397803048e-10
7.115564691516359778e-10
6.880660341548762896e-10
6.653510829886477410e-10
6.433860148000290039e-10
6.221460738906257465e-10
6.016073218156971245e-10
5.817466104043684594e-10
5.625415556705086782e-10
5.439705125849062562e-10
5.260125506802598035e-10
5.086474304615281358e-10
4.918555805950382183e-10
4.756180758506319729e-10
4.599166157720330151e-10
4.447335040513237963e-10
4.300516285843572073e-10
4.158544421845839409e-10
4.021259439335631502e-10
3.888506611471606982e-10
3.760136319370758072e-10
3.636003883480682518e-10
3.515969400518716404e-10
3.399897585794085954e-10
3.287657620735562237e-10
3.179123005452579697e-10
3.074171416163644640e-10
2.972684567331565290e-10
2.874548078349842499e-10
2.779651344630248101e-10
2.687887412946032446e-10
2.599152860890456813e-10
2.513347680314730969e-10
2.430375164613930827e-10
2.350141799734012390e-10
2.272557158776928753e-10
2.197533800085077368e-10
2.124987168690353813e-10
2.054835501016552159e-10
1.986999732727897680e-10
1.917394539323697227e-10
1.849551928131613394e-10
1.784109772244353705e-10
1.720983137052685182e-10
1.660090093163877635e-10
1.601351610068956302e-10
1.544691453572392490e-10
1.490036086850946269e-10
1.437314575013289001e-10
1.386458493036677824e-10
1.337401836960966327e-10
1.290080938224843528e-10
1.244434381033136108e-10
1.200402922647805080e-10
1.157929416499315687e-10
1.116958738018528479e-10
1.077437713092839620e-10
1.039315049053737881e-10
1.002541268106227637e-10
9.670686431137002143e-11
9.328511356548714767e-11
8.998443362724883769e-11
8.680054068361611643e-11
8.372930249445398594e-11
8.076673302947582223e-11
7.790898729494053612e-11
7.515235634339700995e-11
7.249326246000023983e-11
6.992825451914410816e-11
6.745400350539227202e-11
6.506729819289021361e-11
6.276504097765028452e-11
6.054424385730157246e-11
5.840202455308972051e-11
5.633560276908729518e-11
5.434229658376595125e-11
5.241951896924425373e-11
5.056477443369297370e-11
4.877565578254127213e-11
4.704984099428105455e-11
4.538509020681388146e-11
4.374956392835722589e-11
4.215564202293978415e-11
4.061979125726529377e-11
3.913989593340646585e-11
3.771391743437098723e-11
3.633989141582168650e-11
3.501592510011116109e-11
3.374019466890242006e-11
3.251094275078320673e-11
3.132647600041503599e-11
3.018516276587944010e-11
2.908543084101011111e-11
2.802576529961403356e-11
2.700470640859756008e-11
2.602084761712442145e-11
2.507283361903333013e-11
2.415935848584782032e-11
2.327916386780588960e-11
2.243103726043078280e-11
2.161381033425652764e-11
2.082635732540540958e-11
2.006759348480177290e-11
1.933647358388541454e-11
1.863199047476570506e-11
1.795317370283420840e-11
1.729908816992301633e-11
1.666883284616837884e-11
1.606153952880521819e-11
1.547637164618091233e-11
1.491252310534460067e-11
1.436921718161982064e-11
1.384570544863454309e-11
1.334126674733289859e-11
1.285520619254853726e-11
1.238685421577192087e-11
1.193556564279179357e-11
1.150071880494108302e-11
1.108171468272266555e-11
1.067797608063504944e-11
1.028894683206199418e-11
9.914091033129810559e-12
9.551192249669682208e-12
9.199058647199205837e-12
8.859907515476514253e-12
8.533260216435020609e-12
8.218655758448550964e-12
7.915650145742145743e-12
7.623815751788572181e-12
7.342740715806348223e-12
7.072028361508013719e-12
6.811296637277685865e-12
6.560177576988317864e-12
6.318316780697564965e-12
6.085372914489226408e-12
5.861017228754817980e-12
5.644933094234881954e-12
5.436815555165672352e-12
5.236370898900436997e-12
5.043316241397805718e-12
4.857379127992610965e-12
4.678297148885295303e-12
4.505817568807548314e-12
4.339696970341546636e-12
4.179700910388952049e-12
4.025603589305737078e-12
3.877187532234994749e-12
3.734243282188407047e-12
3.596569104443326451e-12
3.463970701838083604e-12
3.336260940563738754e-12
3.213259586065495290e-12
3.094793048680761354e-12
2.980694138655108309e-12
2.870801830190301959e-12
2.764961034191360103e-12
2.663022379392093837e-12
