7.880459901567491822e-10
7.987031714431782922e-10
8.095044756797817073e-10
8.204518519208296687e-10
8.315472755787402736e-10
8.427927487805249392e-10
8.541903007290544685e-10
8.657419880692415681e-10
8.774498952591407472e-10
8.893161349460881255e-10
9.013428483479057568e-10
9.135322056392985800e-10
9.258864063434426510e-10
9.384076797288699169e-10
9.510982852117537543e-10
9.639197689105772072e-10
9.768705443206545608e-10
9.899953202950192706e-10
1.003296434623921280e-09
1.016776256507050536e-09
1.030437186975573223e-09
1.044281659319771320e-09
1.058312139522489993e-09
1.072531126698367403e-09
1.086941153538964375e-09
1.101544786763919248e-09
1.116344627578098134e-09
1.131343312134957301e-09
1.146543512006060404e-09
1.161947934656971620e-09
1.177454837415073360e-09
1.193165792125558031e-09
1.209086380437320270e-09
1.225219399522631017e-09
1.241567683876840527e-09
1.258134105816392174e-09
1.274921575983473767e-09
1.291933043857403760e-09
1.309171498272846469e-09
1.326639967944915007e-09
1.344341522001334004e-09
1.362279270521649489e-09
1.380456365083660475e-09
1.398875999317136761e-09
1.417474016220442815e-09
1.436239147376881582e-09
1.455252699416729046e-09
1.474517961042562523e-09
1.494038264494238165e-09
1.513816986125218916e-09
1.533857546986588432e-09
1.554163413418795818e-09
1.574738097651177944e-09
1.595585158409482245e-09
1.616708201531392492e-09
1.638110880590243653e-09
1.659796897526927087e-09
1.681770003290221392e-09
1.704033998485599587e-09
1.726422653387007586e-09
1.749095769329949236e-09
1.772066651399607412e-09
1.795339210159765099e-09
1.818917407531663070e-09
1.842805257468470136e-09
1.867006826638611674e-09
1.891526235118109254e-09
1.916367657091937358e-09
1.941535321564666448e-09
1.967033513080401681e-09
1.992866572452184978e-09
2.019038897500964688e-09
2.045554943804314806e-09
2.072312133687915721e-09
2.099277505172088478e-09
2.126593755873468887e-09
2.154265451507948234e-09
2.182297217201493537e-09
2.210693738263216489e-09
2.239459760968451692e-09
2.268600093352117990e-09
2.298119606012309547e-09
2.328023232924399972e-09
2.358315972265685146e-09
2.389002887250847628e-09
2.420089106978199652e-09
2.451579827286994202e-09
2.483480311625833136e-09
2.515504223724117695e-09
2.547915422786186558e-09
2.580744226324808360e-09
2.613996014995576239e-09
2.647676238781504540e-09
2.681790417886325140e-09
2.716344143639240234e-09
2.751343079411343744e-09
2.786792961543840799e-09
2.822699600288278709e-09
2.859068880758784881e-09
2.895906763896683487e-09
2.933219287447485105e-09
2.971012566950476386e-09
3.009125862963201760e-09
3.047481539760680664e-09
3.086326115331288104e-09
3.125665821399499861e-09
3.165506969122203489e-09
3.205855950101103270e-09
3.246719237408156997e-09
3.288103386624020997e-09
3.330015036889740797e-09
3.372460911971838392e-09
3.415447821341040549e-09
3.458982661264621268e-09
3.503072415912804235e-09
3.547724158479199234e-09
3.592945052315536366e-09
3.638249582388240533e-09
3.684065876133828052e-09
3.730459132158937688e-09
3.777436616120527450e-09
3.825005685171543939e-09
3.873173789113254426e-09
3.921948471561850271e-09
3.971337371129901552e-09
4.021348222622689359e-09
4.071988858249443880e-09
4.123267208850078897e-09
4.175191305137105037e-09
4.227769278953462948e-09
4.281009364545928973e-09
4.334649743626944413e-09
4.388516235811768106e-09
4.443052124407335980e-09
4.498265727971967193e-09
4.554165468438248349e-09
4.610759872397788921e-09
4.668057572401755965e-09
4.726067308277578569e-09
4.784797928462191772e-09
4.844258391351569325e-09
4.904457766667339388e-09
4.965405236840059644e-09
5.027110098410011267e-09
5.089581763445068387e-09
5.152829760976521502e-09
5.216039310825772068e-09
5.279896049717354782e-09
5.344534547115533267e-09
5.409964373605504129e-09
5.476195216939296466e-09
5.543236883470000477e-09
5.611099299603902056e-09
5.679792513270042763e-09
5.749326695408128328e-09
5.819712141474284395e-09
5.890959272965627318e-09
5.963078638963111514e-09
6.036080917693653433e-09
6.109976918111015155e-09
6.184355224252570002e-09
6.258857236401708236e-09
6.334256763265450610e-09
6.410564617070791471e-09
6.487791740297917251e-09
6.565949207249561652e-09
6.645048225638863201e-09
6.725100138196621849e-09
6.806116424297918216e-09
6.888108701608055766e-09
6.971088727748744101e-09
7.055068401983909594e-09
7.140059766926263288e-09
7.226075010264003204e-09
7.313126466508603135e-09
7.399826613664953644e-09
7.487285217063496322e-09
7.575777494317927319e-09
7.665315662426841891e-09
7.755912082781754335e-09
7.847579262873426011e-09
7.940329858018869570e-09
8.034176673108248524e-09
8.129132664372944375e-09
8.225210941174002164e-09
8.322424767812224989e-09
8.420787565359153181e-09
8.520312913510200336e-09
8.621014552459155429e-09
8.722216532283110459e-09
8.823169433314212849e-09
8.925290785987072951e-09
9.028594114224446596e-09
9.133093098478017142e-09
9.238801577540217140e-09
9.345733550376668315e-09
9.453903177980176211e-09
9.563324785246188525e-09
9.674012862869602968e-09
9.785982069263892458e-09
9.899247232502426887e-09
1.001382335228192526e-08
1.012972560190899448e-08
1.024696933030958097e-08
1.036326844533558834e-08
1.048035414217543863e-08
1.059876269005179319e-08
1.071850903472584833e-08
1.083960829081818667e-08
1.096207574371647731e-08
1.108592685150496230e-08
1.121117724691552260e-08
1.133784273930089095e-08
1.146593931663013906e-08
1.159548314750671212e-08
1.172649058320928686e-08
1.185897815975556234e-08
1.199296259998961880e-08
1.212735370573497579e-08
1.226064197739482619e-08
1.239539518227859479e-08
1.253162942104791208e-08
1.266936097132200890e-08
1.280860628962284979e-08
1.294938201334136948e-08
1.309170496272522424e-08
1.323559214288862080e-08
1.338106074584410681e-08
1.352812815255671842e-08
1.367681193502069821e-08
1.382712985835904675e-08
1.397909988294614574e-08
1.413274016655370446e-08
1.428424584722905961e-08
1.443632956791524416e-08
1.459003251710986276e-08
1.474537193466577639e-08
1.490236524398775170e-08
1.506103005398675461e-08
1.522138416105504089e-08
1.538344555106227701e-08
1.554723240137277057e-08
1.571276308288451352e-08
1.588005616208957664e-08
1.604913040315664581e-08
1.622000477003568393e-08
1.639269842858488350e-08
1.656549018038482843e-08
1.673543450114324484e-08
1.690712226998826087e-08
1.708057137284395984e-08
1.725579987912512766e-08
1.743282604361939971e-08
1.761166830838927334e-08
1.779234530469305287e-08
1.797487585492610683e-08
1.815927897458140842e-08
1.834557387423084151e-08
1.853377996152617377e-08
1.872391684322120880e-08
1.891600432721405537e-08
1.911006242461090005e-08
1.929976863143044440e-08
1.948933886755445640e-08
1.968077114021944458e-08
1.987408373911138076e-08
2.006929513356489386e-08
2.026642397432812257e-08
2.046548909534448559e-08
2.066650951555199460e-08
2.086950444070058339e-08
2.107449326518689696e-08
2.128149557390732503e-08
2.149053114412901506e-08
2.170161994737965907e-08
2.191478215135548489e-08
2.212738066938549046e-08
2.233386239620289935e-08
2.254227090794557895e-08
2.275262418441351311e-08
2.296494037318524806e-08
2.317923779118347063e-08
2.339553492625543609e-08
2.361385043876767313e-08
2.383420316321602143e-08
2.405661210985048567e-08
2.428109646631523031e-08
2.450767559930413859e-08
2.473636905623130703e-08
2.496719656691765351e-08
2.520017804529297042e-08
2.542506725398448943e-08
2.564820411988411463e-08
2.587329929175102795e-08
2.610036995617721947e-08
2.632943345058860228e-08
2.656050726456858090e-08
2.679360904119382216e-08
2.702875657838090531e-08
2.726596783024568085e-08
2.750526090847367053e-08
2.774665408370338139e-08
2.799016578692087600e-08
2.823581461086747174e-08
2.848361931145888826e-08
2.872968500337034941e-08
2.896391224714060517e-08
2.920004909770662274e-08
2.943811112370195979e-08
2.967811402068806446e-08
2.992007361218890623e-08
3.016400585073464957e-08
3.040992681891292436e-08
3.065785273042965201e-08
3.090779993117754435e-08
3.115978490031421119e-08
3.141382425134846022e-08
3.166993473323545103e-08
3.192813323148141137e-08
3.218843676925636715e-08
3.243489815682790485e-08
3.267658295907532337e-08
3.292006864700326611e-08
3.316536863969794729e-08
3.341249645623659633e-08
3.366146571643199318e-08
3.391229014158357478e-08
3.416498355523317378e-08
3.441955988392736802e-08
3.467603315798446882e-08
3.493441751226833199e-08
3.519472718696679426e-08
3.545697652837703831e-08
3.572117998969570243e-08
3.598188938532549037e-08
3.622160589019326774e-08
3.646291942077835789e-08
3.670584061669494336e-08
3.695038018844006037e-08
3.719654891786538959e-08
3.744435765865292464e-08
3.769381733679337372e-08
3.794493895106817426e-08
3.819773357353402222e-08
3.845221235001121310e-08
3.870838650057533791e-08
3.896626732005151366e-08
3.922586617851267038e-08
3.948719452178071665e-08
3.972641032735184987e-08
3.995580718281880553e-08
4.018652867136656881e-08
4.041858244197863395e-08
4.065197618780716720e-08
4.088671764642770565e-08
4.112281460009586775e-08
4.136027487600500357e-08
4.159910634654628681e-08
4.183931692956901201e-08
4.208091458864369758e-08
4.232390733332583061e-08
4.256830321942116030e-08
4.281411034925326770e-08
4.305406192559040833e-08
4.325890417771045010e-08
4.346472102656726731e-08
4.367151710908879470e-08
4.387929708426487320e-08
4.408806563325148787e-08
4.429782745947684559e-08
4.450858728874709535e-08
4.472034986935251175e-08
4.493311997217511454e-08
4.514690239079540135e-08
4.536170194160111868e-08
4.557752346389499385e-08
4.579437182000452506e-08
4.601225189539078542e-08
4.619684963824391316e-08
4.636394907527070050e-08
4.653165293060898434e-08
4.669996339051096074e-08
4.686888264913646065e-08
4.703841290858225859e-08
4.720855637890995854e-08
4.737931527817552100e-08
4.755069183245788344e-08
4.772268827588766014e-08
4.789530685067688101e-08
4.806854980714793626e-08
4.824241940376257410e-08
4.841691790715208284e-08
4.858320596225443028e-08
4.869579756488729780e-08
4.880865009861214956e-08
4.892176416813689746e-08
4.903514037957089585e-08
4.914877934042803193e-08
4.926268165963041826e-08
4.937684794751105295e-08
4.949127881581745931e-08
4.960597487771490849e-08
4.972093674778966209e-08
4.983616504205230727e-08
4.995166037794101923e-08
5.006742337432478385e-08
5.018345465150713659e-08
5.025336556500896719e-08
5.029577295191231794e-08
5.033821612520407571e-08
5.038069511508355910e-08
5.042320995177526611e-08
5.046576066552931084e-08
5.050834728662131104e-08
5.055096984535236163e-08
5.059362837204940525e-08
5.063632289706469628e-08
5.067905345077619126e-08
5.072182006358747608e-08
5.076462276592779909e-08
5.080746158825199168e-08
5.084069074274672614e-08
5.079884087520683050e-08
5.075702545667593467e-08
5.071524445879700345e-08
5.067349785323663257e-08
5.063178561168445307e-08
5.059010770585338938e-08
5.054846410747995053e-08
5.050685478832362131e-08
5.046527972016712034e-08
5.042373887481670452e-08
5.038223222410153372e-08
5.034075973987394208e-08
5.029932139400976893e-08
5.025791715840767717e-08
5.015986392230254471e-08
5.002439841124209896e-08
4.988929874855616884e-08
4.975456394620724485e-08
4.962019301882578597e-08
4.948618498370382059e-08
4.935253886078693946e-08
4.921925367266794948e-08
4.908632844457892619e-08
4.895376220438475517e-08
4.882155398257576677e-08
4.868970281226031135e-08
4.855820772915839996e-08
4.842706777159384277e-08
4.828746226290091081e-08
4.805625984328087932e-08
4.782616443066293717e-08
4.759717072465055711e-08
4.736927345022562923e-08
4.714246735762735513e-08
4.691674722223072512e-08
4.669210784442653738e-08
4.646854404950146335e-08
4.624605068751919842e-08
4.602462263320125532e-08
4.580425478580931911e-08
4.558494206902759571e-08
4.536667943084584188e-08
4.514946184344332175e-08
4.487429352516394060e-08
4.455731155381096247e-08
4.424256867219656803e-08
4.393004906389190965e-08
4.361973702419146781e-08
4.331161695932463546e-08
4.300567338567133246e-08
4.270189092898466752e-08
4.240025432361774273e-08
4.210074841175675126e-08
4.180335814265947486e-08
4.150806857189878420e-08
4.121486486061144635e-08
4.092373227475266305e-08
4.062869944100047051e-08
4.024412248979326680e-08
3.986318580847987250e-08
3.948585493954832109e-08
3.911209575164938790e-08
3.874187443650892999e-08
3.837515750587025606e-08
3.801191178846462707e-08
3.765210442701084716e-08
3.729570287524324346e-08
3.694267489496739933e-08
3.659298855314449500e-08
3.624661221900263398e-08
3.590351456117540035e-08
3.556366454486829536e-08
3.518082379403890232e-08
3.476432746875355311e-08
3.435276193161550989e-08
3.394606880834803954e-08
3.354419041575171613e-08
3.314706975352322083e-08
3.275465049617033301e-08
3.236687698502326478e-08
3.198369422034026756e-08
3.160504785350677627e-08
3.123088417932688013e-08
3.086115012840604802e-08
3.049579325962406942e-08
3.013476175269706623e-08
2.977580064904986550e-08
2.935912435876174270e-08
2.894827894882282699e-08
2.854318282312028866e-08
2.814375552737989027e-08
2.774991773318776556e-08
2.736159122223517981e-08
2.697869887078378676e-08
2.660116463434882776e-08
2.622891353259585609e-08
2.586187163444960652e-08
2.549996604341073215e-08
2.514312488307799960e-08
2.479127728287362990e-08
2.444435336396758622e-08
2.408148569973366440e-08
2.370515065871926656e-08
2.333469681892564043e-08
2.297003227148428039e-08
2.261106654383867273e-08
2.225771057729841215e-08
2.190987670494364929e-08
2.156747862987523340e-08
2.123043140380474699e-08
2.089865140597875769e-08
2.057205632243278775e-08
2.025056512556950847e-08
1.993409805405572016e-08
1.962257659303381620e-08
1.931575594625987954e-08
1.899121136744494612e-08
1.867211980760225488e-08
1.835838964475484176e-08
1.804993079636423079e-08
1.774665469346446332e-08
1.744847425523106200e-08
1.715530386397729979e-08
1.686705934057024324e-08
1.658365792026018432e-08
1.630501822891622112e-08
1.603106025966062576e-08
1.576170534989661930e-08
1.549687615872132829e-08
1.523649664471872831e-08
1.497208683000709627e-08
1.470380852610269572e-08
1.444033738429687169e-08
1.418158726714539027e-08
1.392747358066336939e-08
1.367791324666870356e-08
1.343282467562105070e-08
1.319212773994754215e-08
1.295574374784631175e-08
1.272359541755967828e-08
1.249560685210819662e-08
1.227170351447719142e-08
1.205181220324839684e-08
1.183586102866785948e-08
1.162377938914281561e-08
1.139813216081036601e-08
1.117652921334027781e-08
1.095923467935711830e-08
1.074616479451124172e-08
1.053723742300290508e-08
1.033237202591982917e-08
1.013148963019065679e-08
9.934512798141600943e-09
9.741365597645269997e-09
9.551973572849849413e-09
9.366263715477112382e-09
9.184164436678740991e-09
9.005605539439822403e-09
8.830518191518500352e-09
8.652056394573637374e-09
8.469636954710510677e-09
8.291063635413651795e-09
8.116255345306971788e-09
7.945132702740070807e-09
7.777617999740557338e-09
7.613635166726213911e-09
7.453109737961355686e-09
7.295968817741476913e-09
7.142141047290717796e-09
6.991556572357412241e-09
6.844147011492675028e-09
6.699845424998113582e-09
6.558586284527826372e-09
6.420305443331721881e-09
6.281674371731584852e-09
6.145882662840200463e-09
6.013026379619203549e-09
5.883042066619485203e-09
5.755867640116071359e-09
5.631442358455318284e-09
5.509706793043133328e-09
5.390602799960565860e-09
5.274073492192652527e-09
5.160063212457923861e-09
5.048517506625046157e-09
4.939383097704136339e-09
4.832607860400395849e-09
4.728140796217822960e-09
4.626747820142402638e-09
4.528542623865294074e-09
4.432421885386761017e-09
4.338341360975563572e-09
4.246257745997241462e-09
4.156128654981422872e-09
4.067912602111956577e-09
3.981568982131321775e-09
3.897058051650331596e-09
3.814340910854482126e-09
3.733379485598584976e-09
3.654136509881603490e-09
3.576575508693250803e-09
3.500660781224836884e-09
3.426357384436453821e-09
3.353452707396463199e-09
3.282085590333894128e-09
3.212237285624525361e-09
3.143875470385479801e-09
3.076968509619262573e-09
3.011485441574338391e-09
2.947395963417386035e-09
2.884670417210348621e-09
2.823279776185977778e-09
2.763195631315505761e-09
2.704390178162127081e-09
2.646836204014210278e-09
2.590507075292443377e-09
2.535376725224872955e-09
2.482149030418418742e-09
2.431049719960291391e-09
2.381002376768158406e-09
2.331985344285036957e-09
2.283977411791429651e-09
2.236957805227038889e-09
2.190906178201340610e-09
2.145802603189309184e-09
2.101627562908306440e-09
2.058361941872536183e-09
2.015987018121407632e-09
1.974484455118099557e-09
1.933836293814989483e-09
1.894024944882346839e-09
1.855033181097056822e-09
1.817950212646148110e-09
1.781728060190831653e-09
1.746227624050609806e-09
1.711434524228604188e-09
1.677334667245355340e-09
1.643914240430083491e-09
1.611159706325625873e-09
1.579057797204889756e-09
1.547595509696561166e-09
1.516760099517864828e-09
1.486539076312341100e-09
1.456920198590384801e-09
1.427891468770684965e-09
1.399441128320402060e-09
1.371927323739615814e-09
1.345527704923265161e-09
1.319636086685071172e-09
1.294242693710130101e-09
1.269337938787209094e-09
1.244912419189155193e-09
1.220956913122878932e-09
1.197462376247724665e-09
1.174419938260782561e-09
1.151820899547938492e-09
1.129656727899336698e-09
1.107919055288099836e-09
1.086599674710963294e-09
1.065690537089775113e-09
1.045183748232571932e-09
1.025427001458250681e-09
1.006093950287987071e-09
9.871253978748506499e-10
9.685144720835092028e-10
9.502544303435318174e-10
9.323386572066089363e-10
9.147606619498492647e-10
8.975140762242238860e-10
8.805926517474006114e-10
8.639902580400216481e-10
8.477008802047008044e-10
8.317186167468741711e-10
8.160376774367545465e-10
8.006523812115602502e-10
7.855629535544776384e-10
7.707679894839696378e-10
7.562516675781089937e-10
7.420087400069245113e-10
7.280340577758760547e-10
7.143225688644361594e-10
7.008693163997125662e-10
6.876694368644840536e-10
6.747181583389837918e-10
6.620107987757830525e-10
6.495427643071785671e-10
6.373095475844417454e-10
6.253067261483750253e-10
6.135299608305174360e-10
6.019749941844991369e-10
5.904325489022215016e-10
5.790752191427883227e-10
5.679363545399691907e-10
5.570117527833866216e-10
5.462972923966704081e-10
5.357889311825566953e-10
5.254827046979105208e-10
5.153747247580693231e-10
5.054611779699795735e-10
4.957383242935180358e-10
4.862024956305174763e-10
4.768500944409136612e-10
4.676775923855110273e-10
4.586815289948755225e-10
4.497343408427744199e-10
4.407191669585433055e-10
4.318847072266080114e-10
4.232273391317173881e-10
4.147435127739548671e-10
4.064297494131062921e-10
3.982826400422331204e-10
3.902988439898284351e-10
3.824750875499954601e-10
3.748081626400847477e-10
3.672949254852385182e-10
3.599322953293111530e-10
3.527172531716167469e-10
3.456468405290056037e-10
3.387181582227694882e-10
3.316108004754454271e-10
3.245847503604464794e-10
3.177075656628214184e-10
3.109760922757638581e-10
3.043872429205455927e-10
2.979379957305871847e-10
2.916253928655292045e-10
2.854465391546688476e-10
2.793986007691330117e-10
2.734788039221968163e-10
2.676844335971266592e-10
2.620128323019879139e-10
2.564613988508251614e-10
2.510275871706713431e-10
2.456001260006211016e-10
2.400505135746220471e-10
2.346263009136000017e-10
2.293246544681375954e-10
2.241428047160699944e-10
2.190780447157120955e-10
2.141277286917919761e-10
2.092892706533130773e-10
2.045601430426751018e-10
1.999378754152924414e-10
1.954200531490703352e-10
1.910043161830284930e-10
1.866883577844317944e-10
1.824699233437791369e-10
1.783468091970169442e-10
1.740928162883856511e-10
1.698836614293099942e-10
1.657762740354594003e-10
1.617681936088670838e-10
1.578570191406183288e-10
1.540404076725478835e-10
1.503160728937086668e-10
1.466817837707746556e-10
1.431353632115604128e-10
1.396746867608475240e-10
1.362976813277490528e-10
1.330023239438400750e-10
1.297866405513139630e-10
1.266487048204407692e-10
1.235271863892418602e-10
1.203342688944474776e-10
1.172238815893758231e-10
1.141938912425143104e-10
1.112422197618905779e-10
1.083668427698312589e-10
1.055657882145604294e-10
1.028371350176854294e-10
1.001790117566423345e-10
9.758959538119734606e-11
9.506710996312405566e-11
9.260982547819879873e-11
9.021605661967888976e-11
8.788416164244998767e-11
8.561254123704980306e-11
8.328882437132384277e-11
8.099555899704411540e-11
7.876543614058162488e-11
7.659671724276239827e-11
7.448771161370917771e-11
7.243677511481598117e-11
7.044230887700834962e-11
6.850275805429794332e-11
6.661661061165652576e-11
6.478239614626172211e-11
6.299868474120288311e-11
6.126408585074324294e-11
5.957724721628170943e-11
5.793685381215723061e-11
5.631766365405814753e-11
5.467545547819462319e-11
5.308113365836721554e-11
5.153330184110031209e-11
5.003060439021606956e-11
4.857172519952902477e-11
4.715538654016214983e-11
4.578034794147413122e-11
4.444540510461945409e-11
4.314938884778876075e-11
4.189116408220481192e-11
4.066962881797905411e-11
3.948371319895609829e-11
3.833237856570355527e-11
3.721461654582334298e-11
3.608792188722552089e-11
3.498126849642249917e-11
3.390855116132235250e-11
3.286872921654079000e-11
3.186079390919487812e-11
3.088376742029148793e-11
2.993670191612523470e-11
2.901867862876407499e-11
2.812880696473454102e-11
2.726622364103836018e-11
2.643009184766309115e-11
2.561960043577580690e-11
2.483396313081063595e-11
2.407241776968745317e-11
2.332689295140038433e-11
2.258036033355824479e-11
2.185771906509818132e-11
2.115820454905355054e-11
2.048107665792151724e-11
1.982561895056543964e-11
1.919113791417787060e-11
1.857696223050283408e-11
1.798244206554193352e-11
1.740694838199169054e-11
1.684987227368507048e-11
1.631062432133287964e-11
1.578863396888376376e-11
1.528334891984198411e-11
1.479423455290528274e-11
1.432077335630432724e-11
1.386246438024483034e-11
1.341882270687288004e-11
1.298937893720359219e-11
1.257367869446929337e-11
1.217128214336219087e-11
1.178176352466268933e-11
1.140471070476129622e-11
1.103972473959676032e-11
1.068641945254977465e-11
1.034442102584579243e-11
1.001336760503338434e-11
9.692908916121134514e-12
9.382705894967302865e-12
9.082430328529625607e-12
8.791764507596972415e-12
8.510400890634262339e-12
8.238041778385244855e-12
7.974398998889329745e-12
7.719193602578666096e-12
7.472155567133083245e-12
7.233023511780607140e-12
7.001544420741187715e-12
6.777473375521274973e-12
6.560573295775354423e-12
6.350614688461259015e-12
6.147375405022994266e-12
5.950640406344368675e-12
5.760201535225067635e-12
5.575857296138063850e-12
5.397412642035501605e-12
5.224678767977421188e-12
5.057472911365116603e-12
4.895618158567445886e-12
4.738943257735789310e-12
4.587282437609700801e-12
4.440475232120962975e-12
4.298366310611128913e-12
4.160805313482621137e-12
4.027646693109255738e-12
3.898749559838450123e-12
3.773977532921665404e-12
3.653198596215468381e-12
3.536284958500767925e-12
3.423112918272101056e-12
3.313562732854308347e-12
3.207518491707594322e-12
3.104867993787420764e-12
3.005502628829248840e-12
2.909317262432365062e-12
2.816210124821616809e-12
2.726082703168987063e-12
2.638839637361170462e-12
2.554388619103011235e-12
2.472640294249886713e-12
2.393508168265765642e-12
2.316908514706891641e-12
2.242760286634320948e-12
2.170985030861434311e-12
2.101506804945891172e-12
2.034252096838048533e-12
1.969149747100888062e-12
1.906130873619147355e-12
1.845128798717981474e-12
1.786078978614100339e-12
1.728918935124565746e-12
1.673588189561303698e-12
1.620028198741014028e-12
1.568182293043068951e-12
1.517995616449746314e-12
1.469415068505272269e-12
1.422389248132479149e-12
1.376868399247405647e-12
1.332804358114461896e-12
1.290150502386335688e-12
1.248861701774802805e-12
1.208894270300275360e-12
1.170205920069412233e-12
1.132755716532063281e-12
1.096504035170124364e-12
1.061412519572421151e-12
1.027444040851411332e-12
9.945626583586320897e-13
9.627335816573591137e-13
9.319231337122987020e-13
9.020987152572805836e-13
8.732287703033547197e-13
8.452827527506613757e-13
8.182310940688754639e-13
7.920451720119763257e-13
7.666972803341906000e-13
7.421605994752007364e-13
7.184091681834370082e-13
6.954178560475626446e-13
6.731623369070167842e-13
6.516190631135063583e-13
6.307652406162086072e-13
6.105788048443226965e-13
5.910383973614652589e-13
5.721233432671764347e-13
5.538136293216570235e-13
5.360898827706045679e-13
5.189333508476765632e-13
5.023258809329701929e-13
4.862499013464908170e-13
4.706884027562601836e-13
4.556249201814616403e-13
4.410435155715192865e-13
4.269287609426933261e-13
4.132657220543754782e-13
4.000399426077736336e-13
3.872374289503140576e-13
3.748446352695172702e-13
3.628484492607385060e-13
3.512361782535839144e-13
3.399955357823037849e-13
3.291146285860027844e-13
3.185819440248682733e-13
3.083863378991135528e-13
2.985170226577644081e-13
2.889635559847944004e-13
2.797158297505403205e-13
2.707640593167051937e-13
2.620987731836400802e-13
2.537108029689344803e-13
2.455912737067279979e-13
2.377315944574835278e-13
2.301234492182575285e-13
2.227587881238851329e-13
2.156298189297480611e-13
2.087289987671216671e-13
2.020490261623752347e-13
1.955828333115867787e-13
1.893235786023857181e-13
1.832646393751272638e-13
1.773996049157318037e-13
1.717222696727648527e-13
1.662266266916061985e-13
1.609068612587340797e-13
1.557573447494197363e-13
1.507726286723079603e-13
1.459474389045924479e-13
1.412766701116889576e-13
