9.867831105012215073e-09
1.001833010476553155e-08
1.017112443656149442e-08
1.032624910760412342e-08
1.048373965900896500e-08
1.064363217394609482e-08
1.080596328590721058e-08
1.097077018709892950e-08
1.113809063696389343e-08
1.130796297083201434e-08
1.148042610870367653e-08
1.165551956416669072e-08
1.183328345344944507e-08
1.201375850461213413e-08
1.219698606687795996e-08
1.238300812010685160e-08
1.257186728441367963e-08
1.276360682993295130e-08
1.295827068673262969e-08
1.315590345487918636e-08
1.335655041465590077e-08
1.356025753693725529e-08
1.376707149372155001e-08
1.397703966882391619e-08
1.419021016873265310e-08
1.440654596026372115e-08
1.462592797406121075e-08
1.484865072394562537e-08
1.507476508244482582e-08
1.530432269677040355e-08
1.553737600061466419e-08
1.577397822612696204e-08
1.601418341607255198e-08
1.625804643617675134e-08
1.650562298765681219e-08
1.675696961994475659e-08
1.701214374360395733e-08
1.727120364344238921e-08
1.753420849182556494e-08
1.780121836219221640e-08
1.807229424277577507e-08
1.834749805053482807e-08
1.862689264529567000e-08
1.891054184411023591e-08
1.919851043583269469e-08
1.949086419591797487e-08
1.978766990144567405e-08
2.008899534637272675e-08
2.039490935701836780e-08
2.070548180778486856e-08
2.102078363711768911e-08
2.134088686370866261e-08
2.166586460294591783e-08
2.199579108361431817e-08
2.233074166485018274e-08
2.267079285335421337e-08
2.301602232086655533e-08
2.336650892190791560e-08
2.372233271179090123e-08
2.408357496490564091e-08
2.445031819328358733e-08
2.482264616544472153e-08
2.520064392553081623e-08
2.558439781273074679e-08
2.597399548100141337e-08
2.636952591908873116e-08
2.677107947085403552e-08
2.717874785590948210e-08
2.759262419056795425e-08
2.801280300911194453e-08
2.843938028538629066e-08
2.887245345471976868e-08
2.931212143618046013e-08
2.975848465517005815e-08
3.021164506636222774e-08
3.067170617699025133e-08
3.113877307048933629e-08
3.161295243049888170e-08
3.209435256523035560e-08
3.258308343220612308e-08
3.307925666337507163e-08
3.358240867204290876e-08
3.409302597240991474e-08
3.461140715981612382e-08
3.513767028341880645e-08
3.567193518730111919e-08
3.621432353776420107e-08
3.676495885103365443e-08
3.732396652138718634e-08
3.789147384971069652e-08
3.846761007248783440e-08
3.905250639123035077e-08
3.964629600235660928e-08
4.024911412752365760e-08
4.086109804442095800e-08
4.148238711803178607e-08
4.211312283237088683e-08
4.275344882270386107e-08
4.340351090825646756e-08
4.406345712542206671e-08
4.473343776147317445e-08
4.541360538878557709e-08
4.610411489958368232e-08
4.680512354121318799e-08
4.751679095195071021e-08
4.823927919735721323e-08
4.897275280718529295e-08
4.971737881284660733e-08
5.047332678544911515e-08
5.124076887441348667e-08
5.201987984667582005e-08
5.281083712648638432e-08
5.361382083581446079e-08
5.442901383536658186e-08
5.525660176622844421e-08
5.609677309214096506e-08
5.694971914241804536e-08
5.781563415551754751e-08
5.869471532327409045e-08
5.958716283580557335e-08
6.049317992710140865e-08
6.141297292130397220e-08
6.234675127969474504e-08
6.329472764839380917e-08
6.425711790678518435e-08
6.523414121667785277e-08
6.622602007221540194e-08
6.723298035054356364e-08
6.825525136324798369e-08
6.929306590857532516e-08
7.034666032444728705e-08
7.141627454228056165e-08
7.250215214162638879e-08
7.360454040563973932e-08
7.472369037739178590e-08
7.585985691703990214e-08
7.701291120722876541e-08
7.818235485260842771e-08
7.936955653905266041e-08
8.057478592301191462e-08
8.179831675567895873e-08
8.304042694516742298e-08
8.430139861963550051e-08
8.558151819136645150e-08
8.688107642182365840e-08
8.820036848769365253e-08
8.953969404793032032e-08
9.089935731181902984e-08
9.227966710807337002e-08
9.368093695498111207e-08
9.510348513161636051e-08
9.654763475013110208e-08
9.801371382914636217e-08
9.950205536825678617e-08
1.010129974236676376e-07
1.025468831849784406e-07
1.041040610531344958e-07
1.056848847195609862e-07
1.072897132464998831e-07
1.089189111485647669e-07
1.105728484755360737e-07
1.122519008964123470e-07
1.139564497847392250e-07
1.156868823052317282e-07
1.174435915017143581e-07
1.192269763863952863e-07
1.210374420304962193e-07
1.228753996562597250e-07
1.247412667303512245e-07
1.266354670586816968e-07
1.285584308826689239e-07
1.305105949769618252e-07
1.324924027486462541e-07
1.345043043379598086e-07
1.365467567205347970e-07
1.386202238111935222e-07
1.407251765693213248e-07
1.428620931058368120e-07
1.450314587917891844e-07
1.472337663686031208e-07
1.494695160599992270e-07
1.517392156856112501e-07
1.540433807763311870e-07
1.563825346914057659e-07
1.587572087373086535e-07
1.611679422884204681e-07
1.636152829095394957e-07
1.660997864802550315e-07
1.686220173212055294e-07
1.711825483222576617e-07
1.737819610726299830e-07
1.764208459929925353e-07
1.790954726065300864e-07
1.818092377180404667e-07
1.845641234730449058e-07
1.873607529569066529e-07
1.901997586963640151e-07
1.930817828025896428e-07
1.960074771164207604e-07
1.989775033557904659e-07
2.019925332653890553e-07
2.050532487685968786e-07
2.081603421217193780e-07
2.113145160705553575e-07
2.145164840093421336e-07
2.177669701421061790e-07
2.210667096464616136e-07
2.244164488398860272e-07
2.278169453485200111e-07
2.312689682785242002e-07
2.347732983900290820e-07
2.383307282737248225e-07
2.419420625301242754e-07
2.456081179515452049e-07
2.493297237068446775e-07
2.531077215289598592e-07
2.569429659052832760e-07
2.608363242709281514e-07
2.647886772049193416e-07
2.688009186293600048e-07
2.728739560116109536e-07
2.770087105695384382e-07
2.812061174798719160e-07
2.854671260897140554e-07
2.897927001312604639e-07
2.941838179397736122e-07
2.986414726748535678e-07
3.031666725450675864e-07
3.077604410359830805e-07
3.124238171416505011e-07
3.171578555995997642e-07
3.219636271293941101e-07
3.268422186748022236e-07
3.317947336496335055e-07
3.368222921873042076e-07
3.419260313941854107e-07
3.471071056067834036e-07
3.523666866528236123e-07
3.577059641162901745e-07
3.631261456064758964e-07
3.686284570311152265e-07
3.742141428736524968e-07
3.798844664747151536e-07
3.856407103178452875e-07
3.914841763195668069e-07
3.974161861238486606e-07
4.034380814010221292e-07
4.094602695761789007e-07
4.153057330948212729e-07
4.212346465750032731e-07
4.272482013501492887e-07
4.333476057611875809e-07
4.395340853993472496e-07
4.458088833524212572e-07
4.521732604545528977e-07
4.586284955395805988e-07
4.651758856979990774e-07
4.718167465375974127e-07
4.785524124478083412e-07
4.853842368678378066e-07
4.923135925586153694e-07
4.993418718786380568e-07
5.064704870637422217e-07
5.137008705108701677e-07
5.210344750658963919e-07
5.284727743155541017e-07
5.360172628835287106e-07
5.436694567307886163e-07
5.514308934601930717e-07
5.593031326254492520e-07
5.672877560444894582e-07
5.753863681173113364e-07
5.836005961483624292e-07
5.919320906735193515e-07
6.003825257917475643e-07
6.089535995014853692e-07
6.176470340418288851e-07
6.264645762385998529e-07
6.354079978553428535e-07
6.444790959493326208e-07
6.536796932326755159e-07
6.630116384385549266e-07
6.724768066927043431e-07
6.820770998901960940e-07
6.918144470775958250e-07
7.016908048405803398e-07
7.117081576970808483e-07
7.218685184960532671e-07
7.321739288219262876e-07
7.426264594048329843e-07
7.532282105366910810e-07
7.639813124932298103e-07
7.748879259620437320e-07
7.859502424767474100e-07
7.971704848573377841e-07
8.085509076568326306e-07
8.200937976143010525e-07
8.318014741143481480e-07
8.436762896531578323e-07
8.557206303112044555e-07
8.679369162326982260e-07
8.803276021118743436e-07
8.928951776862402951e-07
9.041860939697976814e-07
9.151472412329951358e-07
9.262412668385254551e-07
9.374697816263306672e-07
9.488344159640367131e-07
9.603368199836686629e-07
9.719786638212530425e-07
9.837616378593258024e-07
9.956874529723600076e-07
1.007757840775199119e-06
1.019974553874471408e-06
1.032339366123072320e-06
1.044854072877731529e-06
1.057520491259683510e-06
1.070340460418527412e-06
1.083315841799254403e-06
1.096448519412534614e-06
1.109740400108278926e-06
1.123193413852496979e-06
1.136809514007543315e-06
1.150590677615727310e-06
1.164538905686385336e-06
1.178656223486430856e-06
1.192944680834405085e-06
1.207406352398127546e-06
1.222043337995917925e-06
1.236857762901494896e-06
1.251851778152571618e-06
1.267027560863165034e-06
1.282387314539732075e-06
1.297933269401094852e-06
1.313667682702286762e-06
1.329592839062285414e-06
1.345711050795744621e-06
1.362024658248747026e-06
1.378536030138601966e-06
1.395247563897801830e-06
1.412161686022107496e-06
1.429280852422879946e-06
1.446607548783686431e-06
1.464144290921196642e-06
1.481893625150501884e-06
1.499858128654814249e-06
1.518040409859681116e-06
1.536443108811734871e-06
1.555068897562001580e-06
1.573920480553906656e-06
1.593000595015930332e-06
1.612312011359076383e-06
1.631857533579109862e-06
1.651639999663703606e-06
1.671662282004521245e-06
1.691927287814261496e-06
1.712437959548809224e-06
1.733197275334449844e-06
1.753282080984158279e-06
1.770895260970578228e-06
1.788685380031779863e-06
1.806654215668252706e-06
1.824803563236976091e-06
1.843135236130770772e-06
1.860965389861007902e-06
1.878703232194780076e-06
1.896610143256198697e-06
1.914687734528449284e-06
1.932937632854612921e-06
1.951154129682576413e-06
1.968647146814767993e-06
1.986296997097007670e-06
2.004105086612463722e-06
2.022072834050503080e-06
2.040201670819713052e-06
2.057682803860061363e-06
2.074884656954388507e-06
2.092230314404428708e-06
2.109720978388385751e-06
2.127357861134438193e-06
2.144968790019338054e-06
2.161465686096781785e-06
2.178089459349062212e-06
2.194841085585047771e-06
2.211721548118525491e-06
2.228731837825923317e-06
2.244929046631528713e-06
2.260578044362370841e-06
2.276336128449575757e-06
2.292204059314558237e-06
2.308182602679514370e-06
2.324171774945575082e-06
2.338501654942862020e-06
2.352919887041722926e-06
2.367427015984602786e-06
2.382023589872601630e-06
2.396710160186183212e-06
2.410410713729565612e-06
2.423192055308761322e-06
2.436041170687519812e-06
2.448958419240304745e-06
2.461944162247199357e-06
2.474998762903989960e-06
2.485800538282635443e-06
2.496617676297684341e-06
2.507481885858915085e-06
2.518393371801506713e-06
2.529352339852009149e-06
2.539147720478300299e-06
2.547511927011735564e-06
2.555903686078003252e-06
2.564323088437901694e-06
2.572770225151204749e-06
2.581245187577646050e-06
2.587045141894581695e-06
2.592619211622661418e-06
2.598205291289350466e-06
2.603803406771371123e-06
2.609413584001183830e-06
2.613763265683497049e-06
2.616086061920352093e-06
2.618410922377182727e-06
2.620737848888428112e-06
2.623066843290141850e-06
2.625397907420014438e-06
2.624685168254613473e-06
2.623440981316855600e-06
2.622197384164547481e-06
2.620954376518122079e-06
2.619711958098128826e-06
2.617215069229373596e-06
2.612026709537169181e-06
2.606848635234422825e-06
2.601680825931412479e-06
2.596523261278837353e-06
2.591375920967721779e-06
2.583003789061216939e-06
2.573769104098418005e-06
2.564567434730378938e-06
2.555398662920641953e-06
2.546262671054750396e-06
2.536081574277343602e-06
2.522720378859727452e-06
2.509429576108029936e-06
2.496208795162654208e-06
2.483057667117874649e-06
2.469975825011503914e-06
2.453835437401390940e-06
2.436569196803858574e-06
2.419424448894803736e-06
2.402400338799462969e-06
2.385496017658338277e-06
2.367950345473650453e-06
2.347148709678080711e-06
2.326529809155058391e-06
2.306092038637572664e-06
2.285833806960329338e-06
2.265753536935874407e-06
2.243335749168782916e-06
2.219790979185023235e-06
2.196493321651463495e-06
2.173440183017039326e-06
2.150628996951129001e-06
2.127688003700229615e-06
2.102169981219961559e-06
2.076958004301905303e-06
2.052048402446662531e-06
2.027437549176273914e-06
2.003121861506259662e-06
1.977670152835055765e-06
1.951524798614815723e-06
1.925725093311979083e-06
1.900266467350889384e-06
1.875144411566964158e-06
1.850283032560366461e-06
1.824319234567089982e-06
1.798719769378243686e-06
1.773479524552553992e-06
1.748593459388258056e-06
1.724056603916423534e-06
1.699592949593255038e-06
1.675222829880148104e-06
1.651202148386923723e-06
1.627525894589593374e-06
1.604189129809048692e-06
1.581186986180912485e-06
1.558763545251934080e-06
1.536663296423472523e-06
1.514876386330554173e-06
1.493398372436628533e-06
1.472224875191711494e-06
1.451622108548219359e-06
1.431639820289642290e-06
1.411932598001538919e-06
1.392496655266298315e-06
1.373328257788208157e-06
1.354423722675954715e-06
1.336221170339312021e-06
1.318305505851042911e-06
1.300630049377123777e-06
1.283191580278418464e-06
1.265986921097185302e-06
1.248919774571211455e-06
1.231931371666006539e-06
1.215174053125980725e-06
1.198644675631303194e-06
1.182340138619070132e-06
1.166257383701723438e-06
1.149444236519370019e-06
1.132700629827752813e-06
1.116200922192859197e-06
1.099941560810865735e-06
1.083919044630568761e-06
1.067592596290186063e-06
1.050335955809341898e-06
1.033358252857399673e-06
1.016654978668873430e-06
1.000221697358272921e-06
9.840540447420666980e-07
9.667448096350432727e-07
9.493433588183433138e-07
9.322551349127266409e-07
9.154744998194552413e-07
8.989959169258317855e-07
8.824787913917464449e-07
8.652383853816362022e-07
8.483347938109129174e-07
8.317614365580578097e-07
8.155118620530437503e-07
7.995797447659183606e-07
7.833905215783163104e-07
7.673003238669682405e-07
7.515406055975576462e-07
7.361045789938556438e-07
7.209855956949818592e-07
7.060847245641152251e-07
6.910649580907374327e-07
6.763646906478110320e-07
6.619771258826323681e-07
6.478956120138641713e-07
6.341136387562188591e-07
6.202591592376511771e-07
6.065072062708120227e-07
5.930601520025018840e-07
5.799112364316811761e-07
5.670538494353286903e-07
5.544546175403329689e-07
5.419163527554107432e-07
5.296616244022241905e-07
5.176840206758317978e-07
5.059772747658562144e-07
4.945352615776331602e-07
4.835622407012742964e-07
4.729856830391286994e-07
4.626404576907281929e-07
4.525215049153609589e-07
4.426238756398467329e-07
4.329690450074353828e-07
4.241494125118182629e-07
4.155094370107494459e-07
4.070454588692351863e-07
3.987538929994976903e-07
3.906312273424386936e-07
3.826653693738811445e-07
3.748536720722544291e-07
3.672014420744814556e-07
3.597054240290019913e-07
3.523624290387180183e-07
3.451693333043950826e-07
3.375238036222805885e-07
3.300307410128359762e-07
3.227040251518769121e-07
3.155399631247464100e-07
3.085349439998686156e-07
3.015347727970450067e-07
2.945047179812250500e-07
2.876385635681850708e-07
2.809324883441873256e-07
2.743827601841989137e-07
2.679857339748561872e-07
2.618892536680832756e-07
2.559471208750221392e-07
2.501398120261877125e-07
2.444642680354637117e-07
2.389174992258263471e-07
2.336084455092130297e-07
2.286033098181518318e-07
2.237054107607282131e-07
2.189124507577557139e-07
2.142221814564160991e-07
2.096324026755701156e-07
2.052625242437753380e-07
2.010069777855635716e-07
1.968396582247106787e-07
1.927587364223510962e-07
1.887624211617178050e-07
1.848083112878672303e-07
1.808454670270550288e-07
1.769675980280479586e-07
1.731728821664718390e-07
1.694595363897618345e-07
1.658258158793465223e-07
1.623013963196471518e-07
1.588611088584059034e-07
1.554937448475132682e-07
1.521977585354374446e-07
1.489716369357983955e-07
1.458577969515337670e-07
1.429488618850312593e-07
1.400979415657553144e-07
1.373038789686023756e-07
1.345655401437587372e-07
1.318818137564949448e-07
1.292832488899535691e-07
1.267490902247015367e-07
1.242646051265654409e-07
1.218288199141004639e-07
1.194407799915769852e-07
1.171049758298290107e-07
1.148412781794313750e-07
1.126213389348242015e-07
1.104443122241758322e-07
1.083093685267794435e-07
1.062156943569783345e-07
1.042209560661549572e-07
1.022968418614739309e-07
1.004082504116439322e-07
9.855452590002497836e-08
9.673502461758182671e-08
9.496475841595547304e-08
9.336527852592810900e-08
9.179273848138949285e-08
9.024668453779480308e-08
8.872667059296287863e-08
8.723225805835802174e-08
8.576301573253773019e-08
8.431851967673302032e-08
8.289835309252428304e-08
8.150210620157655490e-08
8.012937612740206989e-08
7.877976677911266362e-08
7.745288873713087512e-08
7.614835914082603679e-08
7.486580157804210662e-08
7.360484597648758320e-08
7.236512849695390019e-08
7.114629142833164821e-08
6.994798308439644706e-08
6.876985770233189727e-08
6.761157534296306169e-08
6.647280179266917675e-08
6.535320846694881898e-08
6.425247231560960149e-08
6.317027572955383920e-08
6.210630644913571171e-08
6.106025747406055552e-08
6.003182697480238341e-08
5.902071820551335307e-08
5.802663941839952920e-08
5.704930377953987721e-08
5.608842928612248871e-08
5.514373868507419594e-08
5.421495939306190321e-08
5.330182341784013818e-08
5.240406728092460682e-08
5.152143194156700264e-08
5.065366272201087392e-08
4.980050923400638704e-08
4.896172530656228725e-08
4.813706891491572078e-08
4.732630211069739920e-08
4.650430771709653736e-08
4.569298259038373621e-08
4.489581203329135954e-08
4.411254910185765530e-08
4.334295116036338843e-08
4.258677980616936652e-08
4.184380079586525172e-08
4.111378397270601505e-08
4.039650319531602839e-08
3.969173626763529061e-08
3.899926487008871635e-08
3.831887449195610057e-08
3.765035436492166917e-08
3.699349739778364782e-08
3.634810011230216370e-08
3.571396258016672622e-08
3.509088836106342125e-08
3.447868444182216497e-08
3.387716117662642821e-08
3.328613222826526796e-08
3.270541451041069218e-08
3.213482813090205422e-08
3.157419633601961624e-08
3.102334545573092338e-08
3.048210484989183696e-08
2.995030685538643096e-08
2.942778673418907577e-08
2.891438262233272468e-08
2.840993547976694243e-08
2.791428904109190472e-08
2.742728976715070350e-08
2.694878679746680256e-08
2.647863190351118502e-08
2.601667944278457485e-08
2.556278631370126916e-08
2.511681191125954323e-08
2.467861808348571413e-08
2.424806908863808236e-08
2.382503155315726160e-08
2.340937443035060161e-08
2.300096895979692649e-08
2.252095587342877940e-08
2.200824160954551391e-08
2.150719984828006350e-08
2.101756485230671995e-08
2.053907693410142653e-08
2.007148231821151417e-08
1.961453300666077657e-08
1.916798664741896805e-08
1.873160640586573510e-08
1.830516083918059335e-08
1.788842377359274586e-08
1.748117418442544847e-08
1.708319607887094791e-08
1.669427838143490710e-08
1.631421482198807072e-08
1.594280382636693744e-08
1.557984840946497366e-08
1.522515607075758127e-08
1.487853869220585324e-08
1.453981243848435590e-08
1.420879765948048664e-08
1.388531879501357392e-08
1.356920428172286324e-08
1.326028646207586793e-08
1.295840149544767427e-08
1.266338927122491335e-08
1.237509332388798341e-08
1.209336075002638823e-08
1.181804212724358939e-08
1.154899143490771697e-08
1.128606597670682272e-08
1.102912630496702561e-08
1.077803614669363641e-08
1.053266233129623518e-08
1.029287471995894308e-08
1.005854613661877966e-08
9.829552300515375445e-09
9.605771760276078966e-09
9.387085829502075664e-09
9.173378523820565312e-09
8.964536499370225072e-09
8.737454781216280218e-09
8.484535026961060577e-09
8.238936443881461426e-09
8.000447108841858390e-09
7.768861233164400827e-09
7.543978985057239829e-09
7.325606317182715936e-09
7.113554799217158323e-09
6.907641455257214614e-09
6.707688605932868978e-09
6.513523715090746436e-09
6.324979240915285001e-09
6.141892491359715667e-09
5.964105483761555570e-09
5.791464808521894729e-09
5.623821496730699930e-09
5.461030891623802841e-09
5.302952523761007264e-09
5.149449989817131867e-09
5.000390834881763666e-09
4.855646438166007138e-09
4.715091902017660486e-09
4.578605944148923175e-09
4.446070792983948321e-09
4.317372086035530488e-09
4.192398771223542214e-09
4.071043011049869218e-09
3.953200089547066652e-09
3.838768321920708349e-09
3.727648966807118206e-09
3.619746141071024571e-09
3.514966737069531390e-09
3.413220342310948856e-09
3.314419161439368916e-09
3.218477940477382640e-09
3.125313893261784908e-09
3.034846630008714969e-09
2.946998087946533879e-09
2.861692463956765591e-09
2.778856149164735838e-09
2.698417665423648527e-09
2.618274449184669648e-09
2.531877499579924781e-09
2.448331447788186053e-09
2.367542220831435050e-09
2.289418849920499449e-09
2.213873368024099450e-09
2.140820710817745909e-09
2.070178620901278247e-09
2.001867555176856386e-09
1.935810595283356531e-09
1.871933360986138921e-09
1.810163926424791404e-09
1.750432739124570902e-09
1.692672541680137053e-09
1.636818296023646031e-09
1.582807110191815932e-09
1.530578167509416270e-09
1.480072658109661411e-09
1.431233712714206044e-09
1.384006338598222193e-09
1.338337357668539722e-09
1.294175346585002148e-09
1.251470578857763787e-09
1.210174968855133416e-09
1.170242017659104495e-09
1.131626760707523757e-09
1.094285717163879038e-09
1.058176840957857102e-09
1.023259473441398867e-09
9.894942976069811579e-10
9.568432938166245302e-10
9.252696969917208789e-10
8.947379552155006535e-10
8.652136897015175122e-10
8.366636560830989520e-10
8.090557069801218990e-10
7.823587558010155573e-10
7.565427417392277433e-10
7.315785959247101880e-10
7.074382086923128347e-10
6.840943979302721177e-10
6.615208784731090630e-10
6.384179481232674198e-10
6.160668041256287940e-10
5.944981782878754328e-10
5.736846744878866608e-10
5.535998557474187980e-10
5.342182106522947063e-10
5.155151209482071345e-10
4.974668302710021347e-10
4.800504139717393282e-10
4.632437499981639703e-10
4.470254907956268006e-10
4.313750361917738292e-10
4.162725072305326328e-10
4.016987209221764162e-10
3.876351658774109348e-10
3.740639787944912693e-10
3.609679217695546394e-10
3.483303604013052025e-10
3.361352426622662037e-10
3.243670785097552418e-10
3.130109202106701854e-10
3.020523433551347144e-10
2.914774285348338388e-10
2.812727436628076645e-10
2.714253269122313392e-10
2.619226702525075985e-10
2.527527035617693176e-10
2.439037792956069469e-10
2.353646576925410402e-10
2.271244924974601342e-10
2.191728171848776540e-10
2.114995316645261568e-10
2.040948894523773621e-10
1.969494852908210732e-10
1.900542432022551262e-10
1.834004049609222842e-10
1.769795189683572196e-10
1.707834295182987178e-10
1.648042664374440329e-10
1.590344350888791353e-10
1.534666067254943239e-10
1.479949570227277530e-10
1.426829227438704568e-10
1.375615551522261908e-10
1.326240105823173455e-10
1.278636910107213236e-10
1.232742352391583619e-10
1.188495103940419574e-10
1.145836037311439603e-10
1.104708147344128487e-10
1.065056474983942878e-10
1.026828033840743924e-10
9.899717393832509467e-11
9.544383406749639867e-11
9.201803545603294906e-11
8.871520022131284484e-11
8.553091479624306103e-11
8.246092403142334653e-11
7.950112550900545430e-11
7.664756406064697379e-11
7.389642648223216044e-11
7.124403643830389858e-11
6.868684954938639641e-11
6.622144865564499023e-11
6.384453925054739734e-11
6.155294507842519795e-11
5.934360389005617905e-11
5.721356335059016018e-11
5.515997709435553572e-11
5.318010092126965786e-11
5.127128912977400306e-11
4.943099098139360707e-11
4.765674729219327589e-11
4.594618714657885016e-11
4.429702472905194313e-11
4.270705626968088116e-11
4.117415709921257966e-11
3.969627880988354804e-11
3.827144651814001799e-11
3.689775622560785772e-11
3.557337227478697071e-11
3.429652489606717074e-11
3.305918688455149657e-11
3.186039642691518059e-11
3.070507644440998717e-11
2.959165061300368088e-11
2.851859976924087368e-11
2.748445983749043381e-11
2.648781983235259967e-11
2.552731993350443884e-11
2.460164963035456878e-11
2.370954593397591793e-11
2.284979165387830240e-11
2.202121373726746063e-11
2.122268166852677206e-11
2.045310592673594832e-11
1.971143649912357737e-11
1.899666144842516685e-11
1.830780553219083774e-11
1.764392887215998894e-11
1.700412567188705813e-11
1.638752298086822296e-11
1.579327950348430854e-11
1.522058445113238754e-11
1.466865643598233662e-11
1.413674240484757482e-11
1.362411661171552579e-11
1.313007962753667124e-11
1.265395738591998490e-11
1.219510026343382770e-11
1.175288219325640961e-11
1.132669981096728651e-11
1.091597163131433300e-11
1.052013725483233549e-11
1.013865660323135521e-11
9.771009182511416220e-12
9.416693372797825353e-12
9.075225743929062450e-12
8.746140395861974418e-12
8.428988322995767483e-12
8.123336801546642527e-12
7.828768799137283424e-12
7.544882405796125466e-12
7.271033963863565066e-12
7.006461966717235291e-12
6.751516983008345227e-12
6.505848713428054899e-12
6.269119605051159448e-12
6.041004387531770840e-12
5.821189626175636043e-12
5.609373291274885817e-12
5.405264343113228262e-12
5.208582332072061159e-12
5.019057013287117802e-12
4.836427975326872722e-12
4.660444282382252061e-12
4.490864129475926871e-12
4.327454510217743949e-12
4.169990896649405369e-12
4.018256930738687201e-12
3.872044127099464454e-12
3.731151586528649256e-12
3.595385719966936407e-12
3.464559982503650502e-12
3.338494617060468943e-12
3.217016407401765905e-12
3.099958440132068875e-12
2.987159875354005327e-12
2.878465725671084106e-12
2.773726643232058534e-12
2.672798714524121203e-12
2.575543262632924466e-12
2.481826656697911866e-12
2.391520128300860966e-12
2.304499594535674657e-12
2.220645487516040412e-12
2.139842590086875471e-12
2.061979877513706151e-12
1.986950364932600793e-12
1.914650960350874379e-12
1.844982322996724672e-12
1.777848726823080840e-12
1.713157928978188595e-12
1.650821043062174102e-12
