8.934538093241741101e-09
9.070454354558232928e-09
9.208438235923699142e-09
9.348521190915776227e-09
9.490735151598129022e-09
9.635112535799512719e-09
9.781686254503574508e-09
9.930489719350703436e-09
1.008155685025440013e-08
1.023492208313337072e-08
1.039062037776117641e-08
1.054868722573536588e-08
1.070915865856785763e-08
1.087207125589826601e-08
1.103746215383239966e-08
1.120536905340742439e-08
1.137583022918577344e-08
1.154888453798002359e-08
1.172457142771027404e-08
1.190293094639627295e-08
1.208400375128655164e-08
1.226783111812619421e-08
1.245445495056573246e-08
1.264391778971303718e-08
1.283626282383075679e-08
1.303153389818105049e-08
1.322977552502009388e-08
1.343103289374484717e-08
1.363535188119395349e-08
1.384277906210532685e-08
1.405328784067570261e-08
1.426669592461625510e-08
1.448334474558625650e-08
1.470328351623176061e-08
1.492656219652401964e-08
1.515323150510811435e-08
1.538334293082390743e-08
1.561694874440192569e-08
1.585410201033687938e-08
1.609485659894145711e-08
1.633926719858320247e-08
1.658738932810721498e-08
1.683927934944734904e-08
1.709499448042925589e-08
1.735459280776749541e-08
1.761813330026021826e-08
1.788567582218414828e-08
1.815728114689299830e-08
1.843301097062238331e-08
1.871292792650436441e-08
1.899709559879480977e-08
1.928557853731685813e-08
1.957844227212351578e-08
1.987575332838329771e-08
2.017757924149153036e-08
2.048398857241132924e-08
2.079505092324749747e-08
2.111083695305690854e-08
2.143141839389901640e-08
2.175686806713010249e-08
2.208725989994477707e-08
2.242266894216908895e-08
2.276317138330822163e-08
2.310884456985330209e-08
2.345976702285093868e-08
2.381601845573961410e-08
2.417767979245689733e-08
2.454483318582165333e-08
2.491756203619537007e-08
2.529595101042694375e-08
2.568008606108488605e-08
2.607005444598209541e-08
2.646594474799661982e-08
2.686784689519366898e-08
2.727585218125311747e-08
2.769005328620723701e-08
2.811054429749334633e-08
2.853742073132612998e-08
2.897077955439460564e-08
2.941071920588824311e-08
2.985733961985818750e-08
3.031074224791743447e-08
3.077103008228603576e-08
3.123830767918617572e-08
3.171268118259255818e-08
3.219425834834343096e-08
3.268255043260449300e-08
3.317798697666189330e-08
3.368093387000166584e-08
3.419150496241349241e-08
3.470981582954216196e-08
3.523598379904988393e-08
3.577012797717523788e-08
3.631236927569460938e-08
3.686283043929274948e-08
3.742163607334747369e-08
3.798891267213632895e-08
3.856478864747041669e-08
3.914939435776241954e-08
3.974286213753521749e-08
4.034532632737784995e-08
4.095692330435561988e-08
4.157779151288107638e-08
4.220807149605310220e-08
4.284790592747100138e-08
4.349743964353084643e-08
4.415681967621145691e-08
4.482619528635733487e-08
4.550571799746618705e-08
4.619554162998857118e-08
4.689582233614757418e-08
4.760671863528622496e-08
4.832839144975083426e-08
4.906100414131824205e-08
4.980472254817525779e-08
5.055971502245871058e-08
5.132615246836444087e-08
5.210420838083452447e-08
5.289405888482991547e-08
5.369588277519943338e-08
5.450986155715265833e-08
5.533617948734642226e-08
5.617502361559416707e-08
5.702658382720752682e-08
5.789105288597981539e-08
5.876862647782108094e-08
5.965950325505464678e-08
6.056388488138508474e-08
6.148197607754797053e-08
6.241398466765153943e-08
6.336012162622086305e-08
6.432060112595523449e-08
6.529564058620946230e-08
6.628546072221001840e-08
6.729028559501746178e-08
6.831034266224599052e-08
6.934586282955192767e-08
7.039708050290346269e-08
7.146423364164046285e-08
7.254756381234231439e-08
7.364731624350857114e-08
7.476339663443964152e-08
7.589498784784764553e-08
7.704370640875330194e-08
7.820981155037495652e-08
7.939356642958990173e-08
8.059523818632043896e-08
8.181509800382041624e-08
8.305342116987345134e-08
8.431048713891759712e-08
8.558657959511025318e-08
8.688198651634749835e-08
8.819700023925322297e-08
8.953191752515017087e-08
9.088703962703123461e-08
9.226267235754361685e-08
9.365912615800177942e-08
9.507671616844608098e-08
9.651576229875980891e-08
9.797658930086449728e-08
9.945952684200707033e-08
1.009649095791561889e-07
1.024930772345256269e-07
1.040443746722387735e-07
1.056191519761554499e-07
1.072177645288757572e-07
1.088405730919398293e-07
1.104879438872412785e-07
1.121602486796739601e-07
1.138578648610274891e-07
1.155811755351546822e-07
1.173305696044270859e-07
1.191064418574989587e-07
1.209091930584008037e-07
1.227392300369790881e-07
1.245969657807070574e-07
1.264828195278841547e-07
1.283972168622459478e-07
1.303405898090073158e-07
1.323133769323567622e-07
1.343160234344289584e-07
1.363489812557739692e-07
1.384127091773471924e-07
1.405076729240442609e-07
1.426343452698003086e-07
1.447932061442828488e-07
1.469847427411978277e-07
1.492094496282356123e-07
1.514678288586808165e-07
1.537603900847112161e-07
1.560876506724129912e-07
1.584501358185337886e-07
1.608483786690059250e-07
1.632829204392620697e-07
1.657543105363718375e-07
1.682631066830286976e-07
1.708098750434102553e-07
1.733888915564975163e-07
1.760040945232024734e-07
1.786587422691874965e-07
1.813534297351257506e-07
1.840887608351050073e-07
1.868653485919748803e-07
1.896838152747314938e-07
1.925447925379769038e-07
1.954489215634792681e-07
1.983968532038724089e-07
2.013892481285186189e-07
2.044267769715739645e-07
2.075101204822843559e-07
2.106399696775526979e-07
2.138170259968030096e-07
2.170420014591828829e-07
2.203156188231342729e-07
2.236386117483757377e-07
2.270117249603231006e-07
2.304357144169930041e-07
2.339113474784208820e-07
2.374394030786390605e-07
2.410206719002438969e-07
2.446559565515986183e-07
2.483460717467083651e-07
2.520918444878063223e-07
2.558941142506983447e-07
2.597537331728984517e-07
2.636715662446047923e-07
2.676484915025527704e-07
2.716854002267976863e-07
2.757831971404599815e-07
2.799428006124863444e-07
2.841651428634656406e-07
2.884511701745550951e-07
2.928018430995516135e-07
2.972181366801656289e-07
3.017010406645377622e-07
3.062515597290579569e-07
3.108707137035239892e-07
3.155595377996994386e-07
3.203190828433155355e-07
3.251504155095786142e-07
3.300546185622229797e-07
3.350327910961737249e-07
3.400860487838650756e-07
3.452155241252812347e-07
3.504223667017612285e-07
3.557077434336364184e-07
3.610728388417494350e-07
3.665188553129248391e-07
3.720470133694364015e-07
3.776585519425436871e-07
3.833547286501490854e-07
3.891368200786508816e-07
3.949360716845899775e-07
4.005356786268439837e-07
4.062146796790720992e-07
4.119742005318377381e-07
4.178153828363255993e-07
4.237393844306375293e-07
4.297473795693027702e-07
4.358405591560332957e-07
4.420201309797877116e-07
4.482873199541774420e-07
4.546433683602723235e-07
4.610895360928401770e-07
4.676271009100861605e-07
4.742573586869282730e-07
4.809816236718690426e-07
4.878012287475000328e-07
4.947175256947092595e-07
5.017318854606291582e-07
5.088456984303892647e-07
5.160603747027123604e-07
5.233773443694267686e-07
5.307980577989423417e-07
5.383239859237353494e-07
5.459566205319201946e-07
5.536974745629545448e-07
5.615480824075270060e-07
5.695100002117086545e-07
5.775848061854091903e-07
5.857741009152147918e-07
5.940795076816483299e-07
6.025026727809413023e-07
6.110452658513589944e-07
6.197089802041614507e-07
6.284955331592438801e-07
6.374066663855481861e-07
6.464441462462937967e-07
6.556097641491114384e-07
6.649053369011271828e-07
6.743327070690953394e-07
6.838937433446287914e-07
6.935903409146163510e-07
7.034244218368779533e-07
7.133979354211588062e-07
7.235128586155255973e-07
7.337711963982281821e-07
7.441749821751312542e-07
7.547262781827738088e-07
7.654271758971501018e-07
7.762797964482736201e-07
7.872862910406310023e-07
7.984488413795981171e-07
8.097696601038882884e-07
8.212509912241471195e-07
8.328951105677583991e-07
8.447043262299564843e-07
8.566809790313433126e-07
8.675047885808614827e-07
8.778891777726864440e-07
8.883978723750501460e-07
8.990323603748497279e-07
9.097941475708046020e-07
9.206847577866593047e-07
9.317057330869547639e-07
9.428586339953852404e-07
9.541450397157474008e-07
9.655665483555648515e-07
9.771247771523599668e-07
9.888213627026535876e-07
1.000657961193705930e-06
1.012636248638011939e-06
1.024757921110634204e-06
1.037024694989342726e-06
1.049438307197664461e-06
1.062000515450806203e-06
1.074713098504558185e-06
1.087577856407140475e-06
1.100596610754098908e-06
1.113771204946219420e-06
1.127103504450562004e-06
1.140595397064588235e-06
1.154248793183471749e-06
1.168065626070609638e-06
1.182047852131347087e-06
1.196197451190016432e-06
1.210516426770251285e-06
1.225006806378697886e-06
1.239670641792082828e-06
1.254510009347745149e-06
1.269527010237642736e-06
1.284723770805855919e-06
1.300102442849688415e-06
1.315665203924332371e-06
1.331414257651222454e-06
1.347351834030037258e-06
1.363480189754479961e-06
1.379801608531797159e-06
1.396318401406151261e-06
1.413032907085861723e-06
1.429947492274537961e-06
1.447064552006216200e-06
1.464386509984464031e-06
1.481915818925589478e-06
1.499654960905911800e-06
1.517606447713236970e-06
1.535772821202495253e-06
1.554156653655665834e-06
1.572760548146011154e-06
1.591587138906638306e-06
1.610639091703521333e-06
1.629919104212940171e-06
1.649429906403469212e-06
1.668476970867036572e-06
1.684907535983299660e-06
1.701499903434714992e-06
1.718255666592879266e-06
1.735176434520333172e-06
1.752263832125093663e-06
1.768910251535722226e-06
1.785405285781187035e-06
1.802054135718840054e-06
1.818858235675328648e-06
1.835819033352351912e-06
1.852797992946707751e-06
1.868999796521878514e-06
1.885343276869203868e-06
1.901829672882091858e-06
1.918460234287472702e-06
1.935236221740517826e-06
1.951439428647606186e-06
1.967289771294893725e-06
1.983268856530010356e-06
1.999377730049840873e-06
2.015617446044822223e-06
2.031902816075983118e-06
2.047042265198275963e-06
2.062294516427989386e-06
2.077660410239259903e-06
2.093140793368491075e-06
2.108736518861010199e-06
2.123614466084727908e-06
2.137852529515962455e-06
2.152186053989448441e-06
2.166615679536789717e-06
2.181142050480771699e-06
2.195765815464127455e-06
2.208698377073507703e-06
2.221700002402891701e-06
2.234778162519895648e-06
2.247933307950785502e-06
2.261165891873880597e-06
2.273557421470590912e-06
2.284942412150828231e-06
2.296384413932506877e-06
2.307883712302526879e-06
2.319440594177381676e-06
2.331055347910314698e-06
2.340641447155442174e-06
2.350105510088126615e-06
2.359607839662339518e-06
2.369148590603992278e-06
2.378727918264624141e-06
2.387334998236081319e-06
2.394417437578325658e-06
2.401520888193422269e-06
2.408645412414920034e-06
2.415791072761288258e-06
2.422957931936481213e-06
2.427725234216852628e-06
2.432109865425490138e-06
2.436502415566041902e-06
2.440902898940618577e-06
2.445311329877162360e-06
2.448724983451135726e-06
2.450077786116565864e-06
2.451431336140341611e-06
2.452785633935341978e-06
2.454140679914674675e-06
2.455496474491675685e-06
2.454153866719349385e-06
2.452108939361229186e-06
2.450065715941865369e-06
2.448024195041458766e-06
2.445984375241377422e-06
2.443002206864783271e-06
2.437332692444395359e-06
2.431676335357087670e-06
2.426033105068430799e-06
2.420402971114852611e-06
2.414785903103478151e-06
2.406437913781912783e-06
2.397085042912977050e-06
2.387768522948002012e-06
2.378488212605418689e-06
2.369243971152780243e-06
2.359292977573538553e-06
2.346267836311152144e-06
2.333314604008999936e-06
2.320432883673417672e-06
2.307622280502454940e-06
2.294882401873779118e-06
2.279672307885273926e-06
2.263251679101654697e-06
2.246949329181504908e-06
2.230764406154423576e-06
2.214696064186821866e-06
2.198290166518741499e-06
2.178831414537190443e-06
2.159544906891008233e-06
2.140429118913495639e-06
2.121482539433961039e-06
2.102703670658225254e-06
2.082190631968207944e-06
2.060572256105448785e-06
2.039178333358446093e-06
2.018006533339319995e-06
1.997054549855466527e-06
1.976166059713040002e-06
1.952948332658475325e-06
1.930003387765581255e-06
1.907328020150961955e-06
1.884919062585011622e-06
1.862773385049491388e-06
1.839877970196449258e-06
1.816353192536138524e-06
1.793129203935173698e-06
1.770202158488628322e-06
1.747568259465530957e-06
1.725223758680104789e-06
1.701934370576339128e-06
1.678945599884864250e-06
1.656267348557141489e-06
1.633895422272540318e-06
1.611825683364946539e-06
1.589836489652327095e-06
1.567890237294229288e-06
1.546246933066775853e-06
1.524902395045488960e-06
1.503852499033569685e-06
1.483093177765028893e-06
1.462583431938657259e-06
1.442354193245911358e-06
1.422404748573220861e-06
1.402731228042192533e-06
1.383329815299385069e-06
1.364212690848915559e-06
1.345384631186922501e-06
1.326816425309470390e-06
1.308504486867752662e-06
1.290445279009631180e-06
1.272635313696518565e-06
1.254909826022701022e-06
1.237403918973245754e-06
1.220142218141059803e-06
1.203121316865955662e-06
1.186337856010424089e-06
1.169553879869210682e-06
1.152515228335680799e-06
1.135724804482021639e-06
1.119178992002033769e-06
1.102874227273708595e-06
1.086806998591664470e-06
1.070083205577340082e-06
1.053377929991901659e-06
1.036933443689884252e-06
1.020745675439422494e-06
1.004810617565430039e-06
9.888412309381771011e-07
9.722993593458754174e-07
9.560342091393889463e-07
9.400411511735242136e-07
9.243156337419337827e-07
9.088531812816846054e-07
8.930024761308962871e-07
8.771789629156980607e-07
8.616358336604149693e-07
8.463681201153346902e-07
8.313709420653985023e-07
8.165398223940169309e-07
8.015404010105369723e-07
7.868165113717055827e-07
7.723630920994638581e-07
7.581751747906898447e-07
7.442478823093069487e-07
7.301342437446258432e-07
7.160553754753529038e-07
7.022479840385141887e-07
6.887068346617444710e-07
6.754267935125705735e-07
6.622950533326786976e-07
6.486198177756003478e-07
6.352269519366706410e-07
6.221106253746249320e-07
6.092651280366179334e-07
5.966848677724226785e-07
5.837448175168416786e-07
5.706521578458902805e-07
5.578531500106639072e-07
5.453412077710275915e-07
5.331098926078976717e-07
5.211373169217197842e-07
5.091386700077655033e-07
4.974162795104801469e-07
4.859637849120246277e-07
4.747749721388950786e-07
4.638437701901901512e-07
4.533749346621849939e-07
4.433361624156329780e-07
4.335196718624728800e-07
4.239205411706315618e-07
4.145339574888098505e-07
4.053552145333962092e-07
3.968724872708796028e-07
3.885763805095182701e-07
3.804536931450750367e-07
3.725008000690382912e-07
3.647141519511101729e-07
3.571058434541450869e-07
3.496750620995298911e-07
3.423989030020198955e-07
3.352741487284460277e-07
3.282976487950985908e-07
3.214663182746169921e-07
3.146291184381560971e-07
3.079236839725580286e-07
3.013611569771763877e-07
2.949384917813468638e-07
2.886527076243064874e-07
2.823860905166148513e-07
2.760724090061996063e-07
2.698998908729961742e-07
2.638653799395772912e-07
2.579657905953734247e-07
2.521981062189151956e-07
2.463958206833872013e-07
2.406979982656490886e-07
2.351319361197118251e-07
2.296945873325713439e-07
2.243829754500850056e-07
2.192617455560190780e-07
2.144027692336175102e-07
2.096514708412698013e-07
2.050054641692381266e-07
2.004624158876720613e-07
1.960200443747583506e-07
1.918692193179131532e-07
1.878600800522372250e-07
1.839347124186586865e-07
1.800913659949855636e-07
1.763283269343877798e-07
1.726467361243999894e-07
1.690505310433672818e-07
1.655292343635884968e-07
1.620812857545344171e-07
1.587051573871219075e-07
1.553993532567132771e-07
1.521176787295648656e-07
1.488875062105995595e-07
1.457259254200209639e-07
1.426314798333944122e-07
1.396027438551373356e-07
1.366561755501212201e-07
1.338530267071753827e-07
1.311073772300948342e-07
1.284180476677482503e-07
1.257838827624004380e-07
1.232037509534479884e-07
1.207553203968943285e-07
1.183983823314188676e-07
1.160874476803375575e-07
1.138216185353992184e-07
1.116000145139917995e-07
1.094234223421987650e-07
1.073024415998292819e-07
1.052225723417582309e-07
1.031830176941116575e-07
1.011829962290147850e-07
9.922174166519895528e-08
9.733050880328811780e-08
9.549847422166374263e-08
9.370092369595908730e-08
9.193720813902031291e-08
9.020669068134323977e-08
8.851547002666110956e-08
8.700718804095637221e-08
8.552460681182802789e-08
8.406728840466267840e-08
8.263480234714521192e-08
8.122672550210393740e-08
7.984264194252158236e-08
7.848214282867506970e-08
7.714482628737072170e-08
7.583029729323539822e-08
7.453816755203228197e-08
7.326805538596319415e-08
7.201958562092686808e-08
7.079238947569674503e-08
6.958610445298798441e-08
6.840037423238138190e-08
6.723484856507032754e-08
6.608918317040273245e-08
6.496303963418445327e-08
6.385608530871624886e-08
6.276799321453483502e-08
6.169844194382696160e-08
6.064711556548987015e-08
5.961370353181011398e-08
5.859790058673068403e-08
5.759940667568370315e-08
5.661792685695768596e-08
5.565317121457577978e-08
5.470485477265898005e-08
5.377269741124697691e-08
5.285642378355560282e-08
5.195576323464251873e-08
5.107044972145936742e-08
5.020022173426676988e-08
4.934482221938679981e-08
4.850399850327382530e-08
4.767750221787758522e-08
4.686508922727873420e-08
4.606651955557435001e-08
4.528155731599227413e-08
4.450997064121332119e-08
4.375153161488077064e-08
4.298624901568357789e-08
4.222989433316957796e-08
4.148684791594638356e-08
4.075687560148537715e-08
4.003974734741090936e-08
3.933523715900509165e-08
3.864312301798857122e-08
3.796318681255321409e-08
3.729521426862747253e-08
3.663899488234999869e-08
3.599432185373184396e-08
3.536099202148588296e-08
3.473880579900253124e-08
3.412756711145301595e-08
3.352708333399796505e-08
3.293716523108423522e-08
3.235762689680951093e-08
3.178828569633593391e-08
3.122896220833522684e-08
3.067948016844580306e-08
3.013966641372541131e-08
2.960935082808041933e-08
2.908836628865602335e-08
2.857654861316908603e-08
2.807373650816834982e-08
2.757977151820440671e-08
2.709449797589435971e-08
2.661776295286503954e-08
2.614941621155937103e-08
2.568931015789075516e-08
2.523729979473047821e-08
2.479324267621353673e-08
2.435699886284852180e-08
2.392843087741708350e-08
2.350740366164983022e-08
2.309378453366426304e-08
2.268744314615135169e-08
2.228825144529834416e-08
2.189608363043382746e-08
2.151081611438337628e-08
2.113232748452229640e-08
2.069744708877585249e-08
2.022776672843329557e-08
1.976874467005157475e-08
1.932013904828936976e-08
1.888171348637595772e-08
1.845323697156090782e-08
1.803448373339035465e-08
1.762523312474476113e-08
1.722526950557733007e-08
1.683438212928997722e-08
1.645236503168774201e-08
1.607901692245349183e-08
1.571414107908495785e-08
1.535754524323902180e-08
1.500904151942788906e-08
1.466844627601427956e-08
1.433558004845329907e-08
1.401026744472986302e-08
1.369233705294229652e-08
1.338162135098278608e-08
1.307795661826769730e-08
1.278118284947073343e-08
1.249114367021369131e-08
1.220768625467094427e-08
1.193066124504293967e-08
1.165992267285757866e-08
1.139532788205731838e-08
1.113673745383154915e-08
1.088401513315495064e-08
1.063702775699266326e-08
1.039564518413478369e-08
1.015974022662311032e-08
9.929188582733883208e-09
9.703868771481533844e-09
9.483662068608598895e-09
9.268452444028017507e-09
9.058126500685484313e-09
8.852573414808646839e-09
8.651684877512576364e-09
8.455355037730320913e-09
8.263480446438379717e-09
8.058091197011084812e-09
7.826400708804206449e-09
7.601371907715701668e-09
7.382813253403909296e-09
7.170538712796100609e-09
6.964367601740692485e-09
6.764124431211924330e-09
6.569638757937261287e-09
6.380745039318926104e-09
6.197282492527228733e-09
6.019094957645300843e-09
5.846030764748394323e-09
5.677942604805604555e-09
5.514687404292880961e-09
5.356126203411602852e-09
5.202124037808636459e-09
5.052549823697047264e-09
4.907276246280104347e-09
4.766179651383261535e-09
4.629139940201998894e-09
4.496040467076027730e-09
4.366767940202546890e-09
4.241212325204443474e-09
4.119266751471052399e-09
4.000827421191856226e-09
3.885793521005779706e-09
3.774067136190631090e-09
3.665553167319968606e-09
3.560159249316220666e-09
3.457795672831226379e-09
3.358375307887362240e-09
3.261813529714033465e-09
3.168028146716698979e-09
3.076939330516892798e-09
2.988469548003779898e-09
2.902543495339457703e-09
2.819088033861652721e-09
2.738032127829495528e-09
2.659306783959196314e-09
2.582844992698281195e-09
2.508581671188239398e-09
2.435127763859082930e-09
2.355040309795538429e-09
2.277586803894211232e-09
2.202680619816402257e-09
2.130237980225022879e-09
2.060177863085501345e-09
1.992421911048259997e-09
1.926894343811541194e-09
1.863521873366397255e-09
1.802233622029175668e-09
1.742961043169789223e-09
1.685637844547063605e-09
1.630199914165540352e-09
1.576585248570654615e-09
1.524733883502203183e-09
1.474587826828536409e-09
1.426090993686344720e-09
1.379189143753719115e-09
1.333829820586104364e-09
1.289962292947436869e-09
1.247537498070802272e-09
1.206507986785136435e-09
1.166827870446671756e-09
1.128452769615671312e-09
1.091339764421129872e-09
1.055447346557898701e-09
1.020735372862527151e-09
9.871650204159632380e-10
9.546987431228117392e-10
9.233002297186516758e-10
8.929343631584269599e-10
8.635671813404674799e-10
8.351658391222727575e-10
8.076985715854976653e-10
7.811346585091097715e-10
7.554443900109859330e-10
7.305990333194364667e-10
7.065708006376681760e-10
6.833328180650274779e-10
6.608590955404371420e-10
6.391244977743272000e-10
6.181047161365580310e-10
5.966054561117051930e-10
5.757271479974595928e-10
5.555794797814023425e-10
5.361368825976171250e-10
5.173746823669369005e-10
4.992690684837404730e-10
4.817970635985465444e-10
4.649364944580829600e-10
4.486659637657912896e-10
4.329648230271082813e-10
4.178131463449924988e-10
4.031917051325275960e-10
3.890819437104165785e-10
3.754659557584816807e-10
3.623264615912231261e-10
3.496467862286324322e-10
3.374108382344352449e-10
3.256030892948643604e-10
3.142085545121057841e-10
3.032127733873566322e-10
2.926017914693990541e-10
2.823621426453775360e-10
2.724808320513206514e-10
2.629453195806989876e-10
2.537435039701221854e-10
2.448637074419369288e-10
2.362946608842869333e-10
2.280254895497724241e-10
2.200456992546088396e-10
2.123451630607333083e-10
2.049141084239783373e-10
1.977431047920057026e-10
1.908230516362355359e-10
1.841451669026169446e-10
1.777009758665528247e-10
1.714823003778570813e-10
1.654812484820820016e-10
1.596902044050529054e-10
1.541018188878885018e-10
1.487089998602592486e-10
1.435049034400233428e-10
1.383929693267151983e-10
1.334205040433331972e-10
1.286266996494082417e-10
1.240051368515707084e-10
1.195496270019357719e-10
1.152542038110003062e-10
1.111131153582980901e-10
1.071208163901102354e-10
1.032719608939193568e-10
9.956139493966597662e-11
9.598414977821681794e-11
9.253543518780742180e-11
8.921063305954536382e-11
8.600529121338670778e-11
8.291511743630652291e-11
7.993597373467637704e-11
7.706387079315588351e-11
7.429496263267471805e-11
7.162554146035375409e-11
6.905203270447032687e-11
6.657099022781572421e-11
6.417909171303851912e-11
6.187313421379122866e-11
5.965002986572455960e-11
5.750680175158706948e-11
5.544057991489078258e-11
5.344859751680703862e-11
5.152818713114413112e-11
4.967677717244663711e-11
4.789188845243429412e-11
4.617113086016719262e-11
4.451220016149368288e-11
4.291287491349333113e-11
4.137101348978393355e-11
3.988455121271128368e-11
3.845149758857609827e-11
3.706993364220348006e-11
3.573800934727812376e-11
3.445394114900861430e-11
3.321600957580388759e-11
3.202255693675941109e-11
3.086645719260236478e-11
2.974536595953167590e-11
2.866499354122579459e-11
2.762386100195936142e-11
2.662054312198309153e-11
2.565366644652232112e-11
2.472190740563671135e-11
2.382399050236841967e-11
2.295868656669808199e-11
2.212481107291734938e-11
2.132122251811755776e-11
2.054682085957088800e-11
1.980054600886791637e-11
1.908137638074899972e-11
1.838832749464273370e-11
1.772045062699835733e-11
1.707683151256525529e-11
1.645658909284400170e-11
1.585887430999377353e-11
1.528286894454596331e-11
1.472778449533340347e-11
1.419286110010066602e-11
1.367736649531898644e-11
1.318059501378108522e-11
1.270186661860437153e-11
1.224052597231978805e-11
1.179594153977173604e-11
1.136750472360153170e-11
1.095462903113071130e-11
1.055674927150330259e-11
1.017332078198931323e-11
9.803818682388534918e-12
9.447737156515373176e-12
9.104588759780585752e-12
8.773903751921949861e-12
8.455229453971028959e-12
8.148129628574810582e-12
7.852183882825017509e-12
7.566987092776727891e-12
7.292148848868896272e-12
7.027292921487869587e-12
6.771854674702717368e-12
6.524983181303452861e-12
6.287111516929024207e-12
6.057911588119253428e-12
5.837067262232215546e-12
5.624273931406295810e-12
5.419238092418245423e-12
5.221676941857958921e-12
5.031317986061027702e-12
4.847898665261738373e-12
4.671165991447528716e-12
4.500876199415757578e-12
4.336794410551375194e-12
4.178694308861687985e-12
4.026357828821531392e-12
3.879574854598207128e-12
3.738142930241245507e-12
3.601866980437439192e-12
3.470559041445803343e-12
3.344038001841589208e-12
3.222129352711465082e-12
3.104664946955533332e-12
2.991482767364129036e-12
2.882426703149377476e-12
2.777346334623654288e-12
2.676096725727460117e-12
2.578538224120923318e-12
2.484536268563044560e-12
2.393961203313042849e-12
2.306688099297757439e-12
2.222596581798536348e-12
2.141570664419883890e-12
2.063498589110825024e-12
1.988272672018419301e-12
1.915789154960711360e-12
1.845948062314400863e-12
