7.850591744132716116e-10
7.956740154625377900e-10
8.064323805341656629e-10
8.173362102266875687e-10
8.283874713776065173e-10
8.395881574181859489e-10
8.509402887330016753e-10
8.624459130244073770e-10
8.741071056818720910e-10
8.859259701563679459e-10
8.979046383397631680e-10
9.100452709494025424e-10
9.223500579178293198e-10
9.348212187878356131e-10
9.474610031127946533e-10
9.602323626840485449e-10
9.731338367552009021e-10
9.862086522379500028e-10
9.994591381099583454e-10
1.012887654640539567e-09
1.026496593811058928e-09
1.040288379741041135e-09
1.054265469119939802e-09
1.068430351644772660e-09
1.082785550463569974e-09
1.097333622624850228e-09
1.112077159533068657e-09
1.127018787410229736e-09
1.142161167763701450e-09
1.157506997860270018e-09
1.172950351677148682e-09
1.188596736529321754e-09
1.204451833846257082e-09
1.220518427714717181e-09
1.236799339359347443e-09
1.253297427638071097e-09
1.270015589544092917e-09
1.286956760714597724e-09
1.304123915946236106e-09
1.321520069717486495e-09
1.339148276717983347e-09
1.357011632384908606e-09
1.375113273446536436e-09
1.393456378473029416e-09
1.411979992362247582e-09
1.430673525989455943e-09
1.449614547684038136e-09
1.468806333998442402e-09
1.488252204864162369e-09
1.507955524166059928e-09
1.527919700324230957e-09
1.548148186883668259e-09
1.568644483111636303e-09
1.589412134603017509e-09
1.610454733893674733e-09
1.631775921081874017e-09
1.653379384457994849e-09
1.675268861142575930e-09
1.697448137732749591e-09
1.719746476334165912e-09
1.742327783466440518e-09
1.765205596763326833e-09
1.788383809529368142e-09
1.811866366190548761e-09
1.835657262965520295e-09
1.859760548545714498e-09
1.884180324784313174e-09
1.908920747394300309e-09
1.933986026655683300e-09
1.959380428131958959e-09
1.985108273396063965e-09
2.011173940765785167e-09
2.037581866048865683e-09
2.064229720319409185e-09
2.091084616371542138e-09
2.118288885090336424e-09
2.145847071690172319e-09
2.173763780517092969e-09
2.202043675818012050e-09
2.230691482520077136e-09
2.259711987020024995e-09
2.289110037983951509e-09
2.318890547157339864e-09
2.349058490185777990e-09
2.379618907446197321e-09
2.410576904889084105e-09
2.441937654891487907e-09
2.473706397121288861e-09
2.505601893945197870e-09
2.537883441702829406e-09
2.570580896843092806e-09
2.603699617812622590e-09
2.637245032094937632e-09
2.671222637099897719e-09
2.705638001064614080e-09
2.740496763965972701e-09
2.775804638444908989e-09
2.811567410742595483e-09
2.847790941648688209e-09
2.884481167461789250e-09
2.921644100962298827e-09
2.959285832397739609e-09
2.997243886776995424e-09
3.035439743970941839e-09
3.074122356184451474e-09
3.113297926458047849e-09
3.152972736881645233e-09
3.193153149602026090e-09
3.233845607842957437e-09
3.275056636938512720e-09
3.316792845379349823e-09
3.359060925872540369e-09
3.401867656414684357e-09
3.445219901378922271e-09
3.489124612615576224e-09
3.533588830567041362e-09
3.578619685396660749e-09
3.623732131368514937e-09
3.669353835534169016e-09
3.715549903315985949e-09
3.762327565780178538e-09
3.809694145029922495e-09
3.857657055351480940e-09
3.906223804374767751e-09
3.955401994248509417e-09
4.005199322830215479e-09
4.055623584891101100e-09
4.106682673336271940e-09
4.158384580440098548e-09
4.210737399097312147e-09
4.263749324089771361e-09
4.317161312619885989e-09
4.370801049659684006e-09
4.425107248103480189e-09
4.480088188581039060e-09
4.535752254607044119e-09
4.592107933859424414e-09
4.649163819473554712e-09
4.706928611352541849e-09
4.765411117493789168e-09
4.824620255332045013e-09
4.884565053099132142e-09
4.945254651200580583e-09
5.006698303609357485e-09
5.068905379276917296e-09
5.131885363561803071e-09
5.194846016363102491e-09
5.258454414916686880e-09
5.322841667810478964e-09
5.388017311742414169e-09
5.453991000182746542e-09
5.520772504803775848e-09
5.588371716927311074e-09
5.656798648989654439e-09
5.726063436024520340e-09
5.796176337164321843e-09
5.867147737159627847e-09
5.938988147917229333e-09
6.011708210057244004e-09
6.085318694489084771e-09
6.159383634161594592e-09
6.233522942139814568e-09
6.308554650610324389e-09
6.384489501225079292e-09
6.461338364931115706e-09
6.539112243527057832e-09
6.617822271237942978e-09
6.697479716309427725e-09
6.778095982620750414e-09
6.859682611317545149e-09
6.942251282463867887e-09
7.025813816714559599e-09
7.110382177007278948e-09
7.195968470275361732e-09
7.282584949180842851e-09
7.368910762369256223e-09
7.456003293580717916e-09
7.544125164030696061e-09
7.633288539392329882e-09
7.723505729123826454e-09
7.814789188167826343e-09
7.907151518670885453e-09
8.000605471723262502e-09
8.095163949119265243e-09
8.190840005138416824e-09
8.287646848347663966e-09
8.385597843424883391e-09
8.484706513003946223e-09
8.584986539541586884e-09
8.685749666286539001e-09
8.786232866615041617e-09
8.887878531202380213e-09
8.990700108298136540e-09
9.094711201731115613e-09
9.199925572709428036e-09
9.306357141641013617e-09
9.414019989975428478e-09
9.522928362066928773e-09
9.633096667058922120e-09
9.744539480790594101e-09
9.857271547725226740e-09
9.971307782900996448e-09
1.008666327390433579e-08
1.020335328286603613e-08
1.031911850874190049e-08
1.043567004633250928e-08
1.055353800071813972e-08
1.067273724045577880e-08
1.079328280203857032e-08
1.091518989179261945e-08
1.103847388779520136e-08
1.116315034181464208e-08
1.128923498127213447e-08
1.141674371122559856e-08
1.154569261637617029e-08
1.167609796309713156e-08
1.180797620148587407e-08
1.194134396743900431e-08
1.207511512070246715e-08
1.220778580624101857e-08
1.234191415993638025e-08
1.247751619735707582e-08
1.261460811003653304e-08
1.275320626740642832e-08
1.289332721875124824e-08
1.303498769518445885e-08
1.317820461164613027e-08
1.332299506892275459e-08
1.346937635568914450e-08
1.361736595057278002e-08
1.376698152424084468e-08
1.391824094151018133e-08
1.407116226348044036e-08
1.422194515084448502e-08
1.437329892765761763e-08
1.452626345219282365e-08
1.468085586646193688e-08
1.483709349490658655e-08
1.499499384633989963e-08
1.515457461590840282e-08
1.531585368707525758e-08
1.547884913362418288e-08
1.564357922168496578e-08
1.581006241178058121e-08
1.597831736089573581e-08
1.614836292456793416e-08
1.632021815900029329e-08
1.649217435361834098e-08
1.666130736750477028e-08
1.683217489957982131e-08
1.700479473793389555e-08
1.717918485308058740e-08
1.735536339982728363e-08
1.753334871916529756e-08
1.771315934017923021e-08
1.789481398197588272e-08
1.807833155563314344e-08
1.826373116616851905e-08
1.845103211452817963e-08
1.864025389959624324e-08
1.883141622022467053e-08
1.902453897728414659e-08
1.921332338838844743e-08
1.940196955080331481e-08
1.959246793700448017e-08
1.978483673306533800e-08
1.997909430361933709e-08
2.017525919361334535e-08
2.037335013007780639e-08
2.057338602391470037e-08
2.077538597170284248e-08
2.097936925752095265e-08
2.118535535478861877e-08
2.139336392812536200e-08
2.160341483522790323e-08
2.181552812876587918e-08
2.202707349561727079e-08
2.223251222212164977e-08
2.243986700299236066e-08
2.264915570859093391e-08
2.286039637594958624e-08
2.307360721032551282e-08
2.328880658676994972e-08
2.350601305171159273e-08
2.372524532455527285e-08
2.394652229929503455e-08
2.416986304614258307e-08
2.439528681317058793e-08
2.462281302797184179e-08
2.485246129933337806e-08
2.508425141892649681e-08
2.530799446443582346e-08
2.552999499108804148e-08
2.575394289582677805e-08
2.597985526096021530e-08
2.620774931864172939e-08
2.643764245218426726e-08
2.666955219738654216e-08
2.690349624387029682e-08
2.713949243642985191e-08
2.737755877639321197e-08
2.761771342299518842e-08
2.785997469476252351e-08
2.810436107091116047e-08
2.835089119275601735e-08
2.859568343202727039e-08
2.882867290693579981e-08
2.906356071365189667e-08
2.930036231924178508e-08
2.953909331679310875e-08
2.977976942644137282e-08
3.002240649640531920e-08
3.026702050403045132e-08
3.051362755684114170e-08
3.076224389360120650e-08
3.101288588538346334e-08
3.126557003664738878e-08
3.152031298632613292e-08
3.177713150892214991e-08
3.203604251561167595e-08
3.228118632410145017e-08
3.252157890839360491e-08
3.276376165597165744e-08
3.300774789788156816e-08
3.325355106444337207e-08
3.350118468599042677e-08
3.375066239361423898e-08
3.400199791991475044e-08
3.425520509975628170e-08
3.451029787102906775e-08
3.476729027541647787e-08
3.502619645916793326e-08
3.528703067387761487e-08
3.554980727726894159e-08
3.580912308336444275e-08
3.604762385294347883e-08
3.628771311763749570e-08
3.652940145735679761e-08
3.677269952247720010e-08
3.701761803430991491e-08
3.726416778557336057e-08
3.751235964086932066e-08
3.776220453716145787e-08
3.801371348425706396e-08
3.826689756529274054e-08
3.852176793722218415e-08
3.877833583130846464e-08
3.903661255361831514e-08
3.929660948552097500e-08
3.953448020479263754e-08
3.976252070377437337e-08
3.999187657275490276e-08
4.022255539897509292e-08
4.045456481344036893e-08
4.068791249117276560e-08
4.092260615146496458e-08
4.115865355813560859e-08
4.139606251978615096e-08
4.163484089005916756e-08
4.187499656789815771e-08
4.211653749780886706e-08
4.235947167012205311e-08
4.260380712125785212e-08
4.284234888760370041e-08
4.304613252233275621e-08
4.325088547295753633e-08
4.345661235011948588e-08
4.366331778639133442e-08
4.387100643638071851e-08
4.407968297683571669e-08
4.428935210674943825e-08
4.450001854746655082e-08
4.471168704278887495e-08
4.492436235908293744e-08
4.513804928538654531e-08
4.535275263351741773e-08
4.556847723818072616e-08
4.578522795707876525e-08
4.596927608465503521e-08
4.613613598691417543e-08
4.630360155951127684e-08
4.647167500091675414e-08
4.664035851758105179e-08
4.680965432396372105e-08
4.697956464256210658e-08
4.715009170394107866e-08
4.732123774676195802e-08
4.749300501781198332e-08
4.766539577203391099e-08
4.783841227255521800e-08
4.801205679071842303e-08
4.818633160611047449e-08
4.835239025966036571e-08
4.846470949350032833e-08
4.857728963709517115e-08
4.869013129652007605e-08
4.880323507925809292e-08
4.891660159420341533e-08
4.903023145166466273e-08
4.914412526336804363e-08
4.925828364246108121e-08
4.937270720351528014e-08
4.948739656252987206e-08
4.960235233693499197e-08
4.971757514559503325e-08
4.983306560881196302e-08
4.994882434832857790e-08
5.001884975563524767e-08
5.006160237849860550e-08
5.010439154332105730e-08
5.014721728133612243e-08
5.019007962380400843e-08
5.023297860201165066e-08
5.027591424727272561e-08
5.031888659092767069e-08
5.036189566434371076e-08
5.040494149891488454e-08
5.044802412606206450e-08
5.049114357723297669e-08
5.053429988390222061e-08
5.057749307757130892e-08
5.061116368326735045e-08
5.057042681248330614e-08
5.052972273076239612e-08
5.048905141171273471e-08
5.044841282896379075e-08
5.040780695616594422e-08
5.036723376699109499e-08
5.032669323513222615e-08
5.028618533430350982e-08
5.024571003824025427e-08
5.020526732069902296e-08
5.016485715545719786e-08
5.012447951631357500e-08
5.008413437708792108e-08
5.004382171162109920e-08
4.994753685269459751e-08
4.981428247234371018e-08
4.968138359961145325e-08
4.954883928604368884e-08
4.941664858571666428e-08
4.928481055523024905e-08
4.915332425370127105e-08
4.902218874275645575e-08
4.889140308652628526e-08
4.876096635163794404e-08
4.863087760720875449e-08
4.850113592483950651e-08
4.837174037860797903e-08
4.824269004506189906e-08
4.810525244226541612e-08
4.787712289380875856e-08
4.765007520415621598e-08
4.742410424280857381e-08
4.719920490359695729e-08
4.697537210456749606e-08
4.675260078786647832e-08
4.653088591962593529e-08
4.631022248985031080e-08
4.609060551230266112e-08
4.587203002439237675e-08
4.565449108706293733e-08
4.543798378468030843e-08
4.522250322492187435e-08
4.500804453866588048e-08
4.473617595002494450e-08
4.442287189883091322e-08
4.411176203224041169e-08
4.380283098356412069e-08
4.349606349373098995e-08
4.319144441053527220e-08
4.288895868788738204e-08
4.258859138507134591e-08
4.229032766600657307e-08
4.199415279851480823e-08
4.170005215359303974e-08
4.140801120469025920e-08
4.111801552699062675e-08
4.083005079670030902e-08
4.053823372861862160e-08
4.015817354729057940e-08
3.978167656366855125e-08
3.940870937152247013e-08
3.903923887781737982e-08
3.867323229977694367e-08
3.831065716197508427e-08
3.795148129345425815e-08
3.759567282487072322e-08
3.724320018566733465e-08
3.689403210127169887e-08
3.654813759032175684e-08
3.620548596191660627e-08
3.586604681289308558e-08
3.552979002512860260e-08
3.515081573962277592e-08
3.473837889202703748e-08
3.433078131059563070e-08
3.392796621452154967e-08
3.352987748922694741e-08
3.313645967854617318e-08
3.274765797699995851e-08
3.236341822216120191e-08
3.198368688710928832e-08
3.160841107297394265e-08
3.123753850156587109e-08
3.087101750809391224e-08
3.050879703396828127e-08
3.015082661968727323e-08
2.979485568690654330e-08
2.938117517849440235e-08
2.897323833149940727e-08
2.857096539924319634e-08
2.817427774227365304e-08
2.778309781299169153e-08
2.739734914049199400e-08
2.701695631561363687e-08
2.664184497619865360e-08
2.627194179255490125e-08
2.590717445312133808e-08
2.554747165033182452e-08
2.519276306667522073e-08
2.484297936094951422e-08
2.449805215470606342e-08
2.413707558355365488e-08
2.376252566356907831e-08
2.339378786618708114e-08
2.303077200110909337e-08
2.267338927757500848e-08
2.232155228264583101e-08
2.197517495982329446e-08
2.163417258800082783e-08
2.129846176074181109e-08
2.096796036587871718e-08
2.064258756542927920e-08
2.032226377582428305e-08
2.000691064844182389e-08
1.969645105044398969e-08
1.939063602344791131e-08
1.906630423615982112e-08
1.874739728940398342e-08
1.843382444617595655e-08
1.812549648715730924e-08
1.782232568533036738e-08
1.752422578101759242e-08
1.723111195733878513e-08
1.694290081607828317e-08
1.665951035395632567e-08
1.638085993929696821e-08
1.610687028908623516e-08
1.583746344641438162e-08
1.557256275829491950e-08
1.531209285385515040e-08
1.504755255960953481e-08
1.477910296885405021e-08
1.451544254115293697e-08
1.425648583743842919e-08
1.400214894288293031e-08
1.375234943970635539e-08
1.350700638046859335e-08
1.326604026183871967e-08
1.302937299883174323e-08
1.279692789950541437e-08
1.256862964010801852e-08
1.234440424066994222e-08
1.212417904103029157e-08
1.190788267729159476e-08
1.169544505869415322e-08
1.146929047968550786e-08
1.124717018314432498e-08
1.102935158479651987e-08
1.081575137569806809e-08
1.060628786030967881e-08
1.040088092525071726e-08
1.019945200865834865e-08
1.000192407013998901e-08
9.808221561307675965e-09
9.618270396883159300e-09
9.431997926362637225e-09
9.249332906229941433e-09
9.070205472708329258e-09
8.894547115039575350e-09
8.715735952959433323e-09
8.533203932303720539e-09
8.354494645464655967e-09
8.179528033646154955e-09
8.008225714708325572e-09
7.840510948053833588e-09
7.676308600249164486e-09
7.515545111366184422e-09
7.358148462028611272e-09
7.204048141148334459e-09
7.053175114337748130e-09
6.905461792983426816e-09
6.760842003967663841e-09
6.619250960023813707e-09
6.480625230712892619e-09
6.341197117838646516e-09
6.204593948037387844e-09
6.070933507448474925e-09
5.940152403288003588e-09
5.812188608390505648e-09
5.686981431790484653e-09
5.564471489937696070e-09
5.444600678532718622e-09
5.327312144969040928e-09
5.212550261368809871e-09
5.100260598199669220e-09
4.990389898459615722e-09
4.882886052418298774e-09
4.777698072902209541e-09
4.675468767341517495e-09
4.576287405284177531e-09
4.479209991102237233e-09
4.384191893460007040e-09
4.291189427792514359e-09
4.200159836221399475e-09
4.111061267897144486e-09
4.023852759757941524e-09
3.938494217697161739e-09
3.854946398129911623e-09
3.773170889950859830e-09
3.693130096874784752e-09
3.614787220151586335e-09
3.538106241648128933e-09
3.463051907288873333e-09
3.389574249214152797e-09
3.317654425470981937e-09
3.247260593096327858e-09
3.178360373678570998e-09
3.110922075809675492e-09
3.044914680508379566e-09
2.980307826952677863e-09
2.917071798515028297e-09
2.855177509093866994e-09
2.794596489735136483e-09
2.735300875537679935e-09
2.677263392836465519e-09
2.620457346657820006e-09
2.564856608440676210e-09
2.511061705894325610e-09
2.459262828688744232e-09
2.408532473086390153e-09
2.358848597327321895e-09
2.310189614335106746e-09
2.262534382337567860e-09
2.215862195680830229e-09
2.170152775832988716e-09
2.125386262573353639e-09
2.081543205363322063e-09
2.038604554895421722e-09
1.996551654816593510e-09
1.955366233622178406e-09
1.915030396717190096e-09
1.875526618641310631e-09
1.838002448775600244e-09
1.801354880057046938e-09
1.765438019991188175e-09
1.730237299122148765e-09
1.695738438491570659e-09
1.661927443846427319e-09
1.628790599962365869e-09
1.596314465080163498e-09
1.564485865453212389e-09
1.533291890003623391e-09
1.502719885084946240e-09
1.472757449349312643e-09
1.443392428716861909e-09
1.414612911445567061e-09
1.386762871831542114e-09
1.360012607067661464e-09
1.333778347368145394e-09
1.308050139140803206e-09
1.282818220795436370e-09
1.258073019040152635e-09
1.233805145249177081e-09
1.210005391900673258e-09
1.186664729083304479e-09
1.163774301070182423e-09
1.141325422958878916e-09
1.119309577376299239e-09
1.097718411247069030e-09
1.076543732624282561e-09
1.055777507581384191e-09
1.035767947418617049e-09
1.016187947803983902e-09
9.969780855216257335e-10
9.781313635517467406e-10
9.596409171451643429e-10
9.415000113228544795e-10
9.237020384228222885e-10
9.062405156933059635e-10
8.891090829314962237e-10
8.723015001668928281e-10
8.558116453884376587e-10
8.396335123146482715e-10
8.237612082058695187e-10
8.081889517179032278e-10
7.929187799849003677e-10
7.779505289266161818e-10
7.632648396456562580e-10
7.488563781081519546e-10
7.347199109729761942e-10
7.208503036909124014e-10
7.072425186397257675e-10
6.938916132944213307e-10
6.807927384320722089e-10
6.679411363705092981e-10
6.553321392402611496e-10
6.429611672891422533e-10
6.308237272188054395e-10
6.189154105527359342e-10
6.072318920350249078e-10
5.955687013817376338e-10
5.840941857645983262e-10
5.728407437336675133e-10
5.618041159779511251e-10
5.509801252484077481e-10
5.403646747769008322e-10
5.299537467256256780e-10
5.197434006663772747e-10
5.097297720891594763e-10
4.999090709395048914e-10
4.902775801839686497e-10
4.808316544032780204e-10
4.715677184125770561e-10
4.624822659082561492e-10
4.534495481451968154e-10
4.443543710196943355e-10
4.354416226721748920e-10
4.267076439920340724e-10
4.181488492621941784e-10
4.097617246869881057e-10
4.015428269495794648e-10
3.934887817983176868e-10
3.855962826614392645e-10
3.778620892895713094e-10
3.702830264254487823e-10
3.628559825003147604e-10
3.555779083564826186e-10
3.484458159954988815e-10
3.414567773514367532e-10
3.342926759570085900e-10
3.272115519783819104e-10
3.202804232596201445e-10
3.134961125398720747e-10
3.068555098603284535e-10
3.003555711385925022e-10
2.939933167732676804e-10
2.877658302780908989e-10
2.816702569449997349e-10
2.757038025355239140e-10
2.698637319998956153e-10
2.641473682232882488e-10
2.585520907986124886e-10
2.530753348253120904e-10
2.476062702635548558e-10
2.420169035865660611e-10
2.365537090772563060e-10
2.312138385746759768e-10
2.259945082111429737e-10
2.208929969609096582e-10
2.159066452215975012e-10
2.110328534276436197e-10
2.062690806950605215e-10
2.016128434967750868e-10
1.970617143678787901e-10
1.926133206401047972e-10
1.882653432048652048e-10
1.840155153042192229e-10
1.798616213491285462e-10
1.755782579279024390e-10
1.713404734360806829e-10
1.672049727783228562e-10
1.631692872158966982e-10
1.592310075959396570e-10
1.553877829132775176e-10
1.516373189069718717e-10
1.479773766907250987e-10
1.444057714163520979e-10
1.409203709695099714e-10
1.375190946968995248e-10
1.341999121642012325e-10
1.309608419439760272e-10
1.277999504328300856e-10
1.246558884739662874e-10
1.214408025735825533e-10
1.183086391686647369e-10
1.152572595480044535e-10
1.122845801613660253e-10
1.093885711967938340e-10
1.065672551946108720e-10
1.038187056971649894e-10
1.011410459334005696e-10
9.853244753735686146e-11
9.599112929972086405e-11
9.351535595157374340e-11
9.110343697951440773e-11
8.875372547133680796e-11
8.646461699148333616e-11
8.412341833976028604e-11
8.181289707792732677e-11
7.956583624847774374e-11
7.738049285663963703e-11
7.525517178047682355e-11
7.318822445601847149e-11
7.117804759850619325e-11
6.922308195876141772e-11
6.732181111371176762e-11
6.547276029013372728e-11
6.367449522070652329e-11
6.192562103147985607e-11
6.022478115990514093e-11
5.857065630257715091e-11
5.693788313261426005e-11
5.528201750061564222e-11
5.367430769809939988e-11
5.211335325882724189e-11
5.059779444487340272e-11
4.912631106216547847e-11
4.769762131047153869e-11
4.631048066683097750e-11
4.496368080145931883e-11
4.365604852517883289e-11
4.238644476746009565e-11
4.115376358418579564e-11
3.995693119426813853e-11
3.879490504428588995e-11
3.766667290032170171e-11
3.652928410196941926e-11
3.541201919168775850e-11
3.432892634117757747e-11
3.327896038231613344e-11
3.226110811392688794e-11
3.127438732405642366e-11
3.031784584215418597e-11
2.939056062024244272e-11
2.849163684218950838e-11
2.762020706022577376e-11
2.677543035786920882e-11
2.595649153845433164e-11
2.516260033847919366e-11
2.439299066501417006e-11
2.363947723764483514e-11
2.288478000831535201e-11
2.215417670890782373e-11
2.144689813365815072e-11
2.076219963392110445e-11
2.009936033417739631e-11
1.945768237306991672e-11
1.883649016866929955e-11
1.823512970719730770e-11
1.765296785445674981e-11
1.708939168924498830e-11
1.654380785804837157e-11
1.601564195033755080e-11
1.550433789380770145e-11
1.500935736892488819e-11
1.453017924216384074e-11
1.406629901733978549e-11
1.361722830445606230e-11
1.318249430550982135e-11
1.276163931671265208e-11
1.235422024660355398e-11
1.195980814954625009e-11
1.157798777411923799e-11
1.120835712592437279e-11
1.085052704435217771e-11
1.050412079285953455e-11
1.016877366232780728e-11
9.844132587083708289e-12
9.529855773178819640e-12
9.225612338536600329e-12
8.931081964587602594e-12
8.645954559026533846e-12
8.369929929335694664e-12
8.102717466731302857e-12
7.844035840200081690e-12
7.593612700303665289e-12
7.351184392439271428e-12
7.116495679254480036e-12
6.889299471923979690e-12
6.669356570005556779e-12
6.456435409601095137e-12
6.250311819557748624e-12
6.050768785452333157e-12
5.857596221110586908e-12
5.670590747420871855e-12
5.489555478209189863e-12
5.314299812950315002e-12
5.144639236096570296e-12
4.980395122813096500e-12
4.821394550915187822e-12
4.667470118809474983e-12
4.518459769247487526e-12
4.374206618705840819e-12
4.234558792213511601e-12
4.099369263452395591e-12
3.968495699962605868e-12
3.841800313289727089e-12
3.719149713916077669e-12
3.600414770823332375e-12
3.485470475538736879e-12
3.374195810521601581e-12
3.266473621751668184e-12
3.162190495385062190e-12
3.061236638348039930e-12
2.963505762742884682e-12
2.868894973944108745e-12
2.777304662267280889e-12
2.688638398096297162e-12
2.602802830358747216e-12
2.519707588242528890e-12
2.439265186050196758e-12
2.361390931090759079e-12
2.286002834512210476e-12
2.213021524980603934e-12
2.142370165115103215e-12
2.073974370590680623e-12
2.007762131823708863e-12
1.943663738157581482e-12
1.881611704468784158e-12
1.821540700116151760e-12
1.763387480158335840e-12
1.707090818767250449e-12
1.652591444767311746e-12
1.599831979232535559e-12
1.548756875075968714e-12
1.499312358567647134e-12
1.451446372719673853e-12
1.405108522478743612e-12
1.360250021668353781e-12
1.316823641624987264e-12
1.274783661474015373e-12
1.234085819993113777e-12
1.194687269012449373e-12
1.156546528302531488e-12
1.119623441902355583e-12
1.083879135841709797e-12
1.049275977213259101e-12
1.015777534551257759e-12
9.833485394751659482e-13
9.519548495578065016e-13
9.215634123789857725e-13
8.921422307266955237e-13
8.636603289092955236e-13
8.360877201431529161e-13
8.093953749814919553e-13
7.835551907511114149e-13
7.585399619648767432e-13
7.343233516787988590e-13
7.108798637635329437e-13
6.881848160611198254e-13
6.662143143987196991e-13
6.449452274319509498e-13
6.243551622913793462e-13
6.044224410064704738e-13
5.851260776822537074e-13
5.664457564045900282e-13
5.483618098508449697e-13
5.308551985834201599e-13
5.139074910043343496e-13
4.975008439497619298e-13
4.816179839041067056e-13
4.662421888138115032e-13
4.513572704817766223e-13
4.369475575238325201e-13
4.229978788693321450e-13
4.094935477885007593e-13
3.964203464297083799e-13
3.837645108504027398e-13
3.715127165259256037e-13
3.596520643209650803e-13
3.481700669088808998e-13
3.370546356245889066e-13
3.262940677371786234e-13
3.158770341288487581e-13
3.057925673671967791e-13
2.960300501583109595e-13
2.865792041684936652e-13
2.774300792028611757e-13
2.685730427294134387e-13
2.599987697375513130e-13
2.516982329203683783e-13
2.436626931703762925e-13
2.358836903786467521e-13
2.283530345277090482e-13
2.210627970687942641e-13
2.140053025743742841e-13
2.071731206571903604e-13
2.005590581472733245e-13
1.941561515187104221e-13
1.879576595581892801e-13
1.819570562676085681e-13
1.761480239932639750e-13
1.705244467743947958e-13
1.650804039040796054e-13
1.598101636956955032e-13
1.547081774483958318e-13
1.497690736052278806e-13
1.449876520977705520e-13
