8.445059051342658970e-07
8.577386857331873756e-07
8.711788141804933330e-07
8.848295394630432510e-07
8.986941614769031227e-07
9.127760318250603306e-07
9.270785546276371297e-07
9.416051873447905680e-07
9.563594416125081647e-07
9.713448840915061303e-07
9.865651373294323561e-07
1.002023880636559145e-06
1.017724850975225615e-06
1.033671843863196009e-06
1.049868714291176586e-06
1.066319377654716180e-06
1.083027810700711103e-06
1.099998052488721259e-06
1.117234205367379749e-06
1.134740435966068550e-06
1.152520976202168176e-06
1.170580124304053028e-06
1.188922245850154977e-06
1.207551774824270062e-06
1.226473214687437390e-06
1.245691139466578075e-06
1.265210194860229827e-06
1.285035099361566741e-06
1.305170645399058547e-06
1.325621700494961380e-06
1.346393113274335381e-06
1.367489608070516372e-06
1.388916661667313239e-06
1.410679453556477569e-06
1.432783244386674628e-06
1.455233377235130532e-06
1.478035278899205878e-06
1.501194461208181052e-06
1.524716522355620212e-06
1.548607148252614420e-06
1.572872113902196567e-06
1.597517284795338919e-06
1.622548618328777000e-06
1.647972165245081437e-06
1.673794071095293488e-06
1.700020577724446766e-06
1.726658024780414345e-06
1.753712851246347215e-06
1.781191596997158945e-06
1.809100904380399602e-06
1.837447519821863237e-06
1.866238295456407951e-06
1.895480190784275460e-06
1.925180274353398265e-06
1.955345725468069454e-06
1.985983835924348038e-06
2.017102011772693437e-06
2.048707775108218102e-06
2.080808765888949619e-06
2.113412743782647982e-06
2.146527590042492715e-06
2.180161309412206512e-06
2.214322032061029575e-06
2.249018015548970739e-06
2.284257646822896087e-06
2.320049444243889605e-06
2.356402059646343269e-06
2.393324280429348303e-06
2.430825031680861538e-06
2.468913378335107220e-06
2.507598527363827953e-06
2.546889830001873508e-06
2.586796784007605651e-06
2.627329035958804664e-06
2.668496383584465076e-06
2.710308778133188297e-06
2.752776326778678259e-06
2.795909295062879210e-06
2.839718109377476887e-06
2.884213359484193810e-06
2.929405801074637194e-06
2.975306358370254726e-06
3.021926126762974600e-06
3.069276375497275624e-06
3.117368550394285845e-06
3.166214276618497926e-06
3.215824399547452510e-06
3.266211422548222904e-06
3.317387932713540605e-06
3.369366300093189321e-06
3.422159088556610615e-06
3.475779058829758435e-06
3.530239171579539515e-06
3.585552590546579979e-06
3.641732685727077503e-06
3.698793036604510683e-06
3.756747435431980642e-06
3.815609890565984481e-06
3.875394629852424403e-06
3.936116104065666513e-06
3.997788990401490390e-06
4.060428196024762496e-06
4.124048861672696551e-06
4.188666365314576266e-06
4.254296325868816287e-06
4.320954606978260885e-06
4.388657320844645358e-06
4.457420832123127310e-06
4.527261761877844973e-06
4.598196991599452911e-06
4.670243667285599912e-06
4.743419203585355321e-06
4.817741288008555357e-06
4.893227885201116373e-06
4.969897241287330620e-06
5.047767888280199092e-06
5.126858648560865318e-06
5.207188639428242775e-06
5.288777277719918425e-06
5.371644284505464872e-06
5.455809689853289370e-06
5.541293837672165728e-06
5.628117390628635808e-06
5.716301335141447818e-06
5.805866986454262142e-06
5.896835993787826652e-06
5.989230345572883578e-06
6.083072374765075089e-06
6.178384764243112223e-06
6.275190552291531907e-06
6.373513138169377005e-06
6.473376287766041131e-06
6.574804139345938431e-06
6.677821209382910563e-06
6.782452398486258935e-06
6.888722997419551610e-06
6.996658693213673639e-06
7.106285575375868247e-06
7.217630142195778547e-06
7.330719307150509934e-06
7.445580405409984578e-06
7.562239091384421479e-06
7.680716983264676076e-06
7.801051072852366834e-06
7.923270441268626170e-06
8.047404625249698925e-06
8.173483624284949998e-06
8.301537907866954764e-06
8.431598422854988574e-06
8.563696600953982089e-06
8.697864366310550119e-06
8.834134143228214943e-06
8.972538864003243728e-06
9.113111976883510708e-06
9.255887454151871514e-06
9.400899800336260409e-06
9.548184060548329852e-06
9.697775828952927857e-06
9.849711257369975071e-06
1.000402706401141311e-05
1.016076054235483014e-05
1.031994957015610489e-05
1.048163261860343908e-05
1.064584876161463162e-05
1.081263768527999335e-05
1.098203969745340610e-05
1.115409573749346420e-05
1.132884738615719704e-05
1.150633687564903592e-05
1.168660709982698333e-05
1.186970162456870894e-05
1.205566469830023347e-05
1.224454126268938085e-05
1.243637696350674977e-05
1.263121816165708453e-05
1.282911194438311537e-05
1.303010613664529702e-05
1.323424931267956480e-05
1.344159080773630836e-05
1.365218073000310914e-05
1.386606997271456888e-05
1.408331022645145156e-05
1.430395399163292869e-05
1.452805459120426538e-05
1.475566618352328326e-05
1.498684377544897945e-05
1.522164323563492775e-05
1.546012130803097368e-05
1.570233562559669781e-05
1.594834472422949201e-05
1.619820805691081430e-05
1.645198600807437823e-05
1.670973990819915164e-05
1.697153204863098306e-05
1.723742569663674554e-05
1.750748511069402330e-05
1.778177555602034954e-05
1.805962837645046682e-05
1.834150140099518543e-05
1.862777387387345039e-05
1.891851446127172737e-05
1.921379290111186101e-05
1.951368001977895573e-05
1.981824774910967524e-05
2.012756914364632741e-05
2.044171839815981428e-05
2.076077086544609923e-05
2.108480307440084654e-05
2.141389274837554691e-05
2.174811882382076008e-05
2.208756146921992699e-05
2.243230210431871176e-05
2.278242341965487432e-05
2.313800939639233296e-05
2.349914532646549831e-05
2.386591783303729090e-05
2.423841489127715745e-05
2.461672584946293505e-05
2.500094145041203495e-05
2.539115385324765156e-05
2.578745665550392362e-05
2.618994491557693208e-05
2.659871517552527865e-05
2.701386548422733303e-05
2.743549542089936694e-05
2.786370611898077192e-05
2.829860029039261881e-05
2.874028225017399044e-05
2.918885794150372114e-05
2.964443496111207301e-05
3.010712258508903015e-05
3.057703179509601785e-05
3.105427530498581031e-05
3.153896758783892787e-05
3.203122490342096549e-05
3.253116532606957034e-05
3.303890877301554401e-05
3.355457703314703788e-05
3.407829379622202539e-05
3.461018468253666776e-05
3.515037727305747437e-05
3.569900114002270579e-05
3.625618787802245877e-05
3.682207113556312550e-05
3.739678664712452774e-05
3.798047226571810148e-05
3.857326799595213587e-05
3.917531602761434599e-05
3.978676076977728852e-05
4.040774888543741502e-05
4.103842932669347503e-05
4.167895337047513834e-05
4.232088629923523750e-05
4.293761826807045379e-05
4.356333772168323633e-05
4.419817563250016734e-05
4.484226488157738093e-05
4.549574028641419771e-05
4.615873862917251535e-05
4.683139868530735567e-05
4.751386125261466693e-05
4.820626918070236480e-05
4.890876740089092741e-05
4.962150295654965676e-05
5.034462503387506421e-05
5.107828499311778360e-05
5.182263640026450372e-05
5.257783505918163541e-05
5.334403904422740136e-05
5.412140873333912502e-05
5.491010684160277936e-05
5.571029845531163280e-05
5.652215106652131067e-05
5.734583460810837370e-05
5.818152148933979968e-05
5.902938663196082215e-05
5.988960750680867497e-05
6.076236417095987275e-05
6.164783930541885369e-05
6.254621825335585225e-05
6.345768905890197711e-05
6.438244250650963286e-05
6.532067216088664719e-05
6.627257440751226916e-05
6.723834849374310887e-05
6.821819657051942710e-05
6.921232373467773777e-05
7.022093807188076880e-05
7.124425070017300753e-05
7.228247581417072130e-05
7.333583072989618382e-05
7.440453593026511987e-05
7.548881511123709887e-05
7.658889522863844557e-05
7.770500654566741205e-05
7.883738268109180254e-05
7.998626065814882244e-05
8.115188095415757339e-05
8.233448755085456220e-05
8.353432798546274018e-05
8.475165340250468478e-05
8.598671860637096859e-05
8.723978211465449010e-05
8.851110621226202836e-05
8.980095700631445985e-05
9.110960448184713008e-05
9.243732255832076119e-05
9.378438914695899598e-05
9.499390103038534328e-05
9.615052728861967434e-05
9.732123639098092611e-05
9.850619980729135347e-05
9.970559109515462928e-05
1.009195859253757098e-04
1.021483621076915406e-04
1.033920996168141894e-04
1.046509806187904701e-04
1.059251894976841592e-04
1.072149128825809365e-04
1.085203396749242940e-04
1.098416610761831689e-04
1.111790706158559232e-04
1.125327641798168777e-04
1.139029400390063613e-04
1.152897988784706189e-04
1.166935438267566058e-04
1.181143804856622109e-04
1.195525169603511238e-04
1.210081638898324684e-04
1.224815344778128873e-04
1.239728445239235833e-04
1.254823124553277539e-04
1.270101593587132560e-04
1.285566090126738080e-04
1.301218879204853434e-04
1.317062253432817296e-04
1.333098533336325633e-04
1.349330067695327735e-04
1.365759233888030823e-04
1.382388438239111632e-04
1.399220116372168314e-04
1.416256733566443010e-04
1.433500785117921075e-04
1.450954796704795845e-04
1.468621324757399228e-04
1.486502956832639602e-04
1.504602311992983056e-04
1.522922041190064718e-04
1.541464827652962697e-04
1.560233387281201041e-04
1.579230469042544323e-04
1.598458855375619648e-04
1.617921362597457948e-04
1.637620841315988993e-04
1.657560176847558441e-04
1.677742289639536826e-04
1.698170135698057919e-04
1.718846707020980501e-04
1.739775032036121793e-04
1.760958176044803486e-04
1.782399241670839640e-04
1.804101369314948589e-04
1.826067737614723815e-04
1.847475428506808006e-04
1.865773185260934401e-04
1.884252166564557012e-04
1.902914167300936684e-04
1.921761000130207443e-04
1.940794495665449032e-04
1.959299759609558643e-04
1.977617325318427668e-04
1.996106142624637239e-04
2.014767812565680855e-04
2.033603951147223846e-04
2.052451017378138158e-04
2.070370573437234959e-04
2.088446581702321770e-04
2.106680408127592692e-04
2.125073430593126369e-04
2.143627039009007613e-04
2.161498105880234680e-04
2.178944752141634010e-04
2.196532219930907046e-04
2.214261645896466711e-04
2.232134175861235227e-04
2.250049861836045080e-04
2.266611975261117497e-04
2.283295998696164523e-04
2.300102829493488215e-04
2.317033371610593127e-04
2.334088535658812775e-04
2.350291927776831013e-04
2.365735055203570876e-04
2.381279655209910721e-04
2.396926394544500927e-04
2.412675944337018118e-04
2.428528980126949384e-04
2.442381684285327057e-04
2.456305050010817418e-04
2.470307789125968274e-04
2.484390354117274081e-04
2.498553200050744128e-04
2.511725925971194061e-04
2.523716327976605034e-04
2.535763969404028961e-04
2.547869123501299163e-04
2.560032064820679703e-04
2.572253069225083279e-04
2.582096023313463877e-04
2.591788196928569840e-04
2.601516751154055521e-04
2.611281822548429561e-04
2.621083548182797296e-04
2.629739624476528292e-04
2.636605277501403348e-04
2.643488855187343185e-04
2.650390404331565055e-04
2.657309971853471457e-04
2.664247604794949377e-04
2.668392761791058411e-04
2.672089395718386874e-04
2.675791150744297967e-04
2.679498033963261016e-04
2.683210052479571470e-04
2.685766559001275303e-04
2.685935724939365562e-04
2.686104901532560007e-04
2.686274088781523796e-04
2.686443286686934014e-04
2.686612495249459070e-04
2.683672935408414691e-04
2.679927314932808698e-04
2.676186922245046168e-04
2.672451750048667656e-04
2.668721791057398715e-04
2.663911769626316596e-04
2.656018823042501889e-04
2.648149262595749973e-04
2.640303018994908171e-04
2.632480023154120741e-04
2.624680206192226057e-04
2.613804588517264931e-04
2.601807411857153343e-04
2.589865301382343675e-04
2.577978004342974415e-04
2.566145269149281457e-04
2.553535536531033909e-04
2.537502580187727037e-04
2.521570290424314151e-04
2.505738035182673048e-04
2.490005186373204626e-04
2.474371119849905448e-04
2.456037689695679256e-04
2.436397273831296970e-04
2.416913918233923222e-04
2.397586366925698320e-04
2.378413373972553457e-04
2.358909598648700073e-04
2.336178326494216164e-04
2.313666100772902477e-04
2.291370810677255832e-04
2.269290365740246607e-04
2.247422695639304465e-04
2.223807274336819437e-04
2.199095633960361615e-04
2.174658597043087381e-04
2.150493112105674419e-04
2.126596161577774943e-04
2.102815612332617566e-04
2.076835820821421811e-04
2.051177003514051465e-04
2.025835194849837789e-04
2.000806478261670819e-04
1.976086985570712877e-04
1.950801313666093045e-04
1.925053505929861619e-04
1.899645532700909416e-04
1.874572908646204795e-04
1.849831207632757365e-04
1.825416061946241058e-04
1.800469283421544009e-04
1.775853879246592885e-04
1.751575008512270323e-04
1.727628070247743156e-04
1.704008526385085930e-04
1.680684698452521186e-04
1.657647976237141684e-04
1.634927012575949608e-04
1.612517479445904091e-04
1.590415108147084412e-04
1.568615688489569809e-04
1.547367771046570355e-04
1.526429013953453076e-04
1.505773597095804188e-04
1.485397686354497984e-04
1.465297499493153823e-04
1.445509811993954863e-04
1.426052553855951255e-04
1.406857199781903062e-04
1.387920224416992916e-04
1.369238149859376263e-04
1.350807545021443976e-04
1.332250481724592934e-04
1.313884955541908591e-04
1.295772604386439815e-04
1.277909938154292240e-04
1.260293514853846300e-04
1.242510052255366105e-04
1.224117986145962784e-04
1.205998165798401385e-04
1.188146561336190805e-04
1.170559202534473620e-04
1.153232177937042074e-04
1.134789490713009595e-04
1.116274110612051960e-04
1.098060829978076677e-04
1.080144719714979350e-04
1.062520931150458373e-04
1.044800103456499984e-04
1.026253370902706553e-04
1.008035870024219207e-04
9.901417564764518927e-05
9.725652896604924469e-05
9.553008308814751588e-05
9.376693852475182097e-05
9.201041454278865420e-05
9.028679529833502334e-05
8.859546439118100162e-05
8.693581696806296341e-05
8.530325536645011963e-05
8.368397647219860951e-05
8.209543572652173700e-05
8.053704963896544196e-05
7.900824579525006573e-05
7.750846264701629577e-05
7.601546103061525121e-05
7.453979681726096210e-05
7.309277920870328217e-05
7.167385209742194879e-05
7.028247017143698298e-05
6.890909213459857558e-05
6.749579231263161741e-05
6.611147874378305164e-05
6.475555693079419241e-05
6.342744456932380591e-05
6.212657129787583577e-05
6.078658479056252235e-05
5.942948754986410447e-05
5.810268832520079266e-05
5.680551069505468159e-05
5.553729333942691377e-05
5.429584402693067038e-05
5.305290531942288905e-05
5.183841992465574471e-05
5.065173649031334959e-05
4.949221857481554796e-05
4.835924430598260515e-05
4.727554564429170959e-05
4.623760324239432158e-05
4.522244903712110026e-05
4.422958270985663054e-05
4.325851492656323990e-05
4.230876709661276119e-05
4.142513411530586041e-05
4.056079244017471598e-05
3.971448538454016409e-05
3.888583665334482151e-05
3.807447780298421841e-05
3.727505575562689973e-05
3.648638932820449113e-05
3.571440952193225200e-05
3.495876328092271235e-05
3.421910501925239421e-05
3.349509646291234829e-05
3.277463909867796575e-05
3.206859303817160151e-05
3.137775694040685338e-05
3.070180314550468128e-05
3.004041105218336342e-05
2.938627832410251715e-05
2.873524010610193044e-05
2.809862531241606864e-05
2.747611439933261339e-05
2.686739490246968482e-05
2.627216127993651398e-05
2.567708091591513068e-05
2.509316508799913702e-05
2.452252793826329656e-05
2.396486749973613498e-05
2.341988867239853790e-05
2.289395971632087522e-05
2.239417090710835018e-05
2.190529278599469929e-05
2.142708716614461948e-05
2.095932106048370067e-05
2.050176656818434212e-05
2.007044379026521022e-05
1.965272002129442568e-05
1.924369028764181391e-05
1.884317364138015331e-05
1.845099290063011046e-05
1.806753936659927760e-05
1.769376156936712413e-05
1.732771641568258157e-05
1.696924393409549408e-05
1.661818746261455631e-05
1.627439358024179613e-05
1.593601186351995702e-05
1.560398900699170295e-05
1.527888376436844104e-05
1.496055200887941495e-05
1.464885261659934665e-05
1.434543752356592957e-05
1.405645450858925854e-05
1.377329293912847692e-05
1.349583554452704402e-05
1.322396741649821663e-05
1.295757596153595817e-05
1.270380710200407757e-05
1.245895470440819923e-05
1.221882157688047903e-05
1.198331676049963586e-05
1.175235104948087851e-05
1.152614005733945057e-05
1.130670156673957460e-05
1.109144081915836654e-05
1.088027827733378065e-05
1.067313591826065786e-05
1.046993720436171714e-05
1.027395265126610016e-05
1.008405739910241379e-05
9.897672013882649971e-06
9.714731622126211369e-06
9.535172549420240195e-06
9.359576066080570972e-06
9.201697010583931261e-06
9.046481088116876699e-06
8.893883376460259420e-06
8.743859711151149970e-06
8.596366672700983072e-06
8.451361574029102186e-06
8.308802448108448547e-06
8.168648035819483087e-06
8.030857774009075091e-06
7.895391783750891514e-06
7.762210858803648115e-06
7.631276454264225603e-06
7.502550675412003467e-06
7.375996266741467218e-06
7.251576601179888926e-06
7.129255669486731066e-06
7.008998069832008937e-06
6.890768997550307389e-06
6.774534235067698993e-06
6.660260141998649025e-06
6.547913645409821507e-06
6.437462230248261317e-06
6.328873929930896261e-06
6.222117317092851045e-06
6.117161494491872811e-06
6.013976086066067941e-06
5.912531228142592834e-06
5.812797560794523787e-06
5.714746219343572391e-06
5.618348826006206147e-06
5.523577481680556973e-06
5.430404757871985611e-06
5.338803688754737127e-06
5.248747763367558060e-06
5.160210917941011947e-06
5.073167528354122377e-06
4.987592402718300536e-06
4.903460774086423563e-06
4.820748293284739463e-06
4.739431021865890945e-06
4.659485425180654330e-06
4.577381751435384228e-06
4.495934217011054147e-06
4.415935917372894496e-06
4.337361065595867218e-06
4.260184333593969271e-06
4.184380843955899742e-06
4.109926161926004112e-06
4.036796287527830931e-06
3.964967647827992707e-06
3.894417089337521437e-06
3.825121870548507987e-06
3.757059654603538467e-06
3.690208502095522420e-06
3.624546863995722424e-06
3.560053574707506669e-06
3.496707845243811545e-06
3.434489256525924761e-06
3.373377752801508679e-06
3.313353635179804300e-06
3.254397555281801346e-06
3.196490509003395753e-06
3.139613830389581750e-06
3.083749185617585086e-06
3.028878567087056131e-06
2.974984287615477183e-06
2.922048974736788777e-06
2.870055565101505376e-06
2.818987298976434499e-06
2.768827714842303980e-06
2.719560644087507121e-06
2.671170205796242905e-06
2.623640801629409696e-06
2.576957110796598184e-06
2.531104085117489077e-06
2.486066944171238462e-06
2.441831170532061050e-06
2.398382505089645462e-06
2.355706942452829465e-06
2.313790726435033800e-06
2.272620345620080698e-06
2.232182529006838556e-06
2.185518769940120048e-06
2.135013420859243215e-06
2.085675204415636148e-06
2.037477149236615251e-06
1.990392907233357399e-06
1.944396739197388002e-06
1.899463500729899865e-06
1.855568628496250119e-06
1.812688126798109746e-06
1.770798554455876411e-06
1.729877011994279553e-06
1.689901129124073681e-06
1.650849052513024766e-06
1.612699433839512343e-06
1.575431418122199142e-06
1.539024632319377578e-06
1.503459174191791565e-06
1.468715601422797729e-06
1.434774920990007962e-06
1.401618578782484487e-06
1.369228449457901483e-06
1.337586826534098507e-06
1.306676412709581423e-06
1.276480310407762632e-06
1.246982012539663384e-06
1.218165393480094859e-06
1.190014700252396339e-06
1.162514543916848593e-06
1.135649891158119038e-06
1.109406056067111340e-06
1.083768692112715564e-06
1.058723784299099412e-06
1.034257641504211784e-06
1.010356888995380805e-06
9.870084611178258011e-07
9.641995941521538264e-07
9.419178193369099846e-07
9.201509560523541182e-07
8.988871051617904973e-07
8.781146425067354195e-07
8.578222125524271241e-07
8.361702410958091439e-07
8.118521742057489139e-07
7.882413417378255883e-07
7.653171754235958262e-07
7.430597051748663254e-07
7.214495416870247384e-07
7.004678595482817673e-07
6.800963808401790273e-07
6.603173592150083300e-07
6.411135644363101248e-07
6.224682673689888879e-07
6.043652254059294703e-07
5.867886683184801673e-07
5.697232845184088304e-07
5.531542077194224188e-07
5.370670039865907956e-07
5.214476591624165350e-07
5.062825666585765821e-07
4.915585156027295362e-07
4.772626793300342155e-07
4.633826042093659317e-07
4.499061987945014551e-07
4.368217232908066535e-07
4.241177793282756709e-07
4.117833000319871985e-07
3.998075403813394223e-07
3.881800678496680707e-07
3.768907533160812635e-07
3.659297622416148035e-07
3.552875461019999646e-07
3.449548340695907323e-07
3.349226249372023309e-07
3.251821792768261106e-07
3.157250118263961972e-07
3.065428840979595954e-07
2.976277972008267487e-07
2.889719848734412872e-07
2.805679067179014026e-07
2.724082416312454944e-07
2.644858814277648155e-07
2.567939246468016695e-07
2.491954485596189845e-07
2.409592268996471993e-07
2.329952226803400537e-07
2.252944387743664998e-07
2.178481754207214295e-07
2.106480203963971929e-07
2.036858395128891565e-07
1.969537674268123382e-07
1.904441987542301496e-07
1.841497794786698166e-07
1.780633986431136948e-07
1.721781803165769885e-07
1.664874758262068983e-07
1.609848562461154175e-07
1.556641051344654419e-07
1.505192115106088749e-07
1.455443630643341271e-07
1.407339395895631598e-07
1.360825066350667603e-07
1.315848093650347699e-07
1.272357666225621092e-07
1.230304651893413013e-07
1.189641542350847253e-07
1.150322399503949756e-07
1.112302803570284577e-07
1.075539802896858950e-07
1.039991865436590215e-07
1.005618831828576545e-07
9.723818700290895299e-08
9.402434314420723574e-08
9.091672084995985258e-08
8.791180936443205633e-08
8.500621396676402431e-08
8.219665213587144302e-08
7.947994984210276017e-08
7.685303796146177328e-08
7.431294880834311109e-08
7.185681278286822863e-08
6.948185512902806878e-08
6.718539279997469015e-08
6.496483142691890781e-08
6.281766238820833391e-08
6.062841032457906518e-08
5.850320764817550626e-08
5.645249952624906823e-08
5.447367470731401946e-08
5.256421347186785896e-08
5.072168442392776869e-08
4.894374139503512797e-08
4.722812045678064495e-08
4.557263703805120214e-08
4.397518314332555543e-08
4.243372466847511909e-08
4.094629881065643297e-08
3.951101156899262449e-08
3.812603533286337594e-08
3.678960655473318044e-08
3.550002350455289420e-08
3.425564410287692080e-08
3.305488382993516994e-08
3.189621370799882345e-08
3.077815835446944816e-08
2.969929410321301722e-08
2.865824719174786785e-08
2.765369201197522120e-08
2.668434942222786652e-08
2.574898511848642925e-08
2.484640806268824731e-08
2.397546896613014210e-08
2.313505882603128843e-08
2.232410751339390182e-08
2.154158241036396211e-08
2.078648709535594309e-08
2.005786007426828396e-08
1.935477355617291809e-08
1.867633227192093687e-08
1.802167233415916515e-08
1.738996013730649188e-08
1.678039129608994640e-08
1.619218962128713694e-08
1.562460613137259601e-08
1.507691809880877585e-08
1.454842812976672279e-08
1.402982729584567904e-08
1.352562033228114151e-08
1.303953366747342517e-08
1.257091609021215405e-08
1.211913979265595047e-08
1.168359952925739513e-08
1.126371180591419407e-08
1.085891409826120075e-08
1.046866409805537094e-08
1.009243898664432326e-08
9.729734734545432990e-09
9.380065426196523418e-09
9.042962608973698621e-09
8.717974665604831810e-09
8.404666209136606209e-09
8.102617499646287969e-09
7.811423881915097874e-09
7.530695243310818062e-09
7.260055491153416325e-09
6.999142048862616854e-09
6.747605370213773952e-09
6.505108471049926802e-09
6.271326477823449300e-09
6.045946192362568841e-09
5.828665672278877872e-09
5.619193826454888160e-09
5.417250025068534075e-09
5.222563723632841833e-09
5.034874100547148201e-09
4.853929707673665947e-09
4.679488133472211888e-09
4.511315678240871260e-09
4.349187041028034126e-09
4.192885017796424068e-09
4.042200210434316831e-09
3.896930746224552816e-09
3.756882007395332759e-09
3.621866370390310741e-09
3.491702954509093825e-09
3.366217379580921243e-09
3.245241532347274548e-09
3.128083550186169106e-09
3.014510158253481812e-09
2.905060350345373139e-09
2.799584408777835231e-09
2.697938051765458292e-09
2.599982236056827540e-09
2.505582966735478092e-09
2.414611113926758283e-09
2.326942236159523957e-09
2.242456410141117077e-09
2.161038066712992385e-09
2.082575832762234301e-09
2.006962378872944205e-09
1.934094272509135843e-09
1.863871836528046715e-09
1.796199012830706764e-09
1.730983230962871185e-09
1.668135281486791655e-09
1.607569193950623676e-09
1.549202119288380985e-09
1.492954216489743348e-09
1.438748543384606273e-09
1.386510951392966460e-09
1.336169984096192254e-09
1.287656779490962982e-09
1.240904975792111938e-09
1.195850620655570861e-09
1.152432083697194467e-09
1.110589972187819575e-09
1.070267049809262033e-09
1.031408158360093064e-09
9.939601423040542639e-10
9.578717760580025389e-10
9.230936939198203895e-10
8.895783225404630553e-10
8.572798158478631924e-10
8.261539923335018156e-10
7.961582746160313801e-10
7.672516311991642873e-10
7.393945203441840017e-10
7.125488359803716352e-10
6.866591476740579934e-10
6.616436320713254371e-10
6.375394507499347473e-10
6.143134031080806622e-10
5.919334980671702013e-10
5.703689100079601349e-10
5.495899363119882553e-10
5.295679564498022016e-10
5.102753925596237155e-10
4.916856714621849693e-10
4.737731880593684727e-10
4.565132700662840468e-10
4.398821440281625343e-10
4.238569025752906798e-10
4.084154728708821091e-10
3.935365862083998826e-10
3.791997487164812313e-10
3.653852131311035392e-10
3.520739515961045209e-10
3.392476294546150391e-10
3.268885799952750177e-10
3.149797801184700835e-10
3.035048268890722494e-10
2.924479149433624011e-10
2.817938147190617038e-10
2.715278514784404118e-10
2.616358850956382187e-10
2.521042905803468889e-10
2.429199393110306863e-10
2.340701809518302424e-10
2.255428260282561216e-10
2.173261291376579456e-10
2.094087727713444923e-10
2.017798517260857240e-10
1.944288580835063588e-10
1.873456667367012936e-10
