3.480001421561118216e-09
3.526290379954450335e-09
3.573195047196596499e-09
3.620723613089177587e-09
3.668884376369801995e-09
3.717685746161065634e-09
3.767136243438832668e-09
3.817244502520024483e-09
3.868019272570279605e-09
3.919469419131510621e-09
3.971603925669938361e-09
4.024431895144634797e-09
4.077962551596948102e-09
4.132205241761068801e-09
4.187169436696018240e-09
4.242864733439330698e-09
4.299300856682810463e-09
4.356487660470417652e-09
4.413158077417299575e-09
4.469886485010414323e-09
4.527344101068668823e-09
4.585540299114203260e-09
4.644484573160022220e-09
4.704186539258719157e-09
4.764655937071292257e-09
4.825902631456035144e-09
4.887936614077872178e-09
4.950768005038378246e-09
5.014407054526751017e-09
5.078864144492007017e-09
5.144149790336653783e-09
5.210274642632231843e-09
5.277249488856705030e-09
5.345085255154390628e-09
5.413793008118408687e-09
5.483383956596064100e-09
5.553869453517437699e-09
5.625260997747475915e-09
5.697570235961899088e-09
5.770808964547189019e-09
5.844989131525123920e-09
5.920122838501813638e-09
5.996222342642029230e-09
6.073300058668782222e-09
6.151368560888644085e-09
6.230440585243090457e-09
6.310529031386221680e-09
6.391646964789179758e-09
6.473807618871605029e-09
6.557024397160608997e-09
6.641310875477246779e-09
6.726680804151351100e-09
6.813148110264709633e-09
6.900726899923100179e-09
6.989431460557536086e-09
7.079276263255085028e-09
7.170275965119656528e-09
7.262445411663132964e-09
7.355799639227206329e-09
7.450353877436497322e-09
7.546123551682906285e-09
7.643124285642201863e-09
7.741371903822807655e-09
7.840882434147376664e-09
7.941672110567560494e-09
8.043757375712380283e-09
8.147154883570649357e-09
8.251881502207833054e-09
8.357954316518007493e-09
8.465390631010859354e-09
8.574207972634833461e-09
8.684424093636423184e-09
8.796056974456227377e-09
8.908278243584891370e-09
9.017282744886513958e-09
9.127621059634364382e-09
9.239309508790346070e-09
9.352364613024690356e-09
9.466803095159871531e-09
9.582641882644090281e-09
9.699898110055023674e-09
9.818589121634564636e-09
9.938732473854216742e-09
1.006034593801188217e-08
1.018344750286079221e-08
1.030805537727021151e-08
1.043418799291880923e-08
1.056186400702116880e-08
1.069110230508737163e-08
1.082192200371655476e-08
1.095434245342465429e-08
1.108838324150655447e-08
1.122406419493345330e-08
1.136140538328569090e-08
1.150042712172122611e-08
1.164114997398079195e-08
1.178359475542946186e-08
1.192778253613568234e-08
1.207373464398797197e-08
1.222147266784951703e-08
1.237101846075174703e-08
1.252239414312659264e-08
1.267562210607856399e-08
1.283072501469686625e-08
1.298772581140780219e-08
1.314664771936843774e-08
1.330751424590178887e-08
1.347034918597378091e-08
1.363517662571315192e-08
1.380202094597402693e-08
1.397090682594234599e-08
1.414185924678643225e-08
1.431490349535197964e-08
1.449006516790249576e-08
1.466737017390552925e-08
1.484684473986491811e-08
1.502851541320039917e-08
1.521240906617420963e-08
1.539855289986606212e-08
1.558697444819675140e-08
1.577770158200067716e-08
1.597076251314869421e-08
1.616618579872089452e-08
1.636400034523081682e-08
1.656423541290130859e-08
1.676692061999242438e-08
1.697208594718259783e-08
1.717976174200338525e-08
1.738997872332818440e-08
1.759257260746732353e-08
1.779211282380244406e-08
1.799391628490701801e-08
1.819800866117962938e-08
1.840441591418018762e-08
1.861316429993238335e-08
1.882428037226356574e-08
1.903779098618254115e-08
1.925372330129563718e-08
1.947210478526157138e-08
1.969296321728543567e-08
1.991632669165242848e-08
2.014222362130134779e-08
2.037068274143933399e-08
2.060173311319653913e-08
2.083540412732330664e-08
2.107172550792861406e-08
2.131072731626116528e-08
2.155243995453333073e-08
2.179689416978845823e-08
2.204412105781205759e-08
2.229415206708732202e-08
2.254701900279554565e-08
2.280275403086189700e-08
2.306138968204706785e-08
2.332295885608537991e-08
2.358749482586980262e-08
2.385503124168427561e-08
2.412560213548444123e-08
2.439924192522652217e-08
2.467598541924547932e-08
2.495586782068281028e-08
2.523892473196456773e-08
2.552519215933016003e-08
2.581470651741252640e-08
2.610750463387024905e-08
2.640362375407222775e-08
2.670310154583546597e-08
2.700597610421660388e-08
2.731228595635779719e-08
2.762207006638761999e-08
2.793536784037727622e-08
2.825221913135356229e-08
2.857266424436817075e-08
2.889674394162473100e-08
2.922449944766396459e-08
2.955597245460766277e-08
2.989120512746211541e-08
3.023024010948172534e-08
3.057312052759341404e-08
3.091988999788261576e-08
3.127059263114142610e-08
3.162527303847974524e-08
3.198397633699999505e-08
3.234674815553634303e-08
3.270684014412452699e-08
3.303370624703145693e-08
3.336383898923336931e-08
3.369727101691838226e-08
3.403403530253456599e-08
3.437416514805053001e-08
3.471769418824858788e-08
3.506465639405085051e-08
3.541508607587851912e-08
3.576901788704479481e-08
3.612648682718167608e-08
3.648752824570100163e-08
3.685217784529006932e-08
3.722047168544224814e-08
3.759244618602278841e-08
3.796813813087033307e-08
3.834758467143430881e-08
3.873082333044909021e-08
3.911789200564408354e-08
3.950882897349164900e-08
3.990367289299212697e-08
4.030246280949674262e-08
4.070523815856873933e-08
4.111203876988306554e-08
4.152290487116507125e-08
4.193787709216854538e-08
4.235699646869350403e-08
4.278030444664415326e-08
4.320784288612738379e-08
4.363965406559225404e-08
4.407578068601080584e-08
4.451626587510067584e-08
4.496115319158993950e-08
4.541048662952453171e-08
4.586431062261862786e-08
4.632267004864900444e-08
4.678561023389234687e-08
4.725317695760785372e-08
4.772541645656414479e-08
4.820237542961155152e-08
4.868410104230007446e-08
4.917064093154347094e-08
4.966204321033000236e-08
5.015835647248021821e-08
5.065962979745231957e-08
5.116591275519550573e-08
5.167725541105188618e-08
5.219370833070732202e-08
5.271532258519175922e-08
5.324214975592958317e-08
5.377424193984024594e-08
5.431165175449062876e-08
5.485443234329703527e-08
5.540263738078203019e-08
5.595632107788094197e-08
5.651553818730328350e-08
5.700250468032706115e-08
5.745248192471006565e-08
5.790601128529564813e-08
5.836312080245623344e-08
5.882383873791469462e-08
5.928819357649167596e-08
5.975621402786674001e-08
6.022792902835337797e-08
6.070336774268810217e-08
6.118255956583354756e-08
6.166553412479593974e-08
6.215232128045681690e-08
6.264295112941920438e-08
6.313745400586847980e-08
6.363586048344778348e-08
6.413820137714829153e-08
6.464450774521447089e-08
6.515481089106423688e-08
6.566914236522444991e-08
6.618753396728148679e-08
6.671001774784740274e-08
6.723662601054147231e-08
6.776739131398744012e-08
6.830234647382653439e-08
6.884152456474646818e-08
6.938495892252584603e-08
6.993268314609600101e-08
7.048473109961777390e-08
7.104113691457539187e-08
7.160193499188670549e-08
7.216716000403006200e-08
7.273684689718807951e-08
7.331103089340817659e-08
7.388974749278030721e-08
7.447303247563180840e-08
7.506092190473958561e-08
7.565345212755976813e-08
7.625065977847496688e-08
7.685258178105928027e-08
7.745925535036114057e-08
7.807071799520426574e-08
7.868700752050662383e-08
7.930816202961789984e-08
7.993421992667526640e-08
8.056521991897778913e-08
8.120120101937957273e-08
8.184220254870185926e-08
8.248826413816409218e-08
8.313942573183417086e-08
8.379572758909813399e-08
8.445721028714919236e-08
8.512391472349658747e-08
8.579588211849410405e-08
8.647315401788860687e-08
8.715577229538870788e-08
8.779917463986748202e-08
8.820403068375902510e-08
8.861075358365402373e-08
8.901935194792424661e-08
8.942983442463606005e-08
8.984220970173358569e-08
9.025648650722193748e-08
9.067267360935297342e-08
9.109077981681022661e-08
9.151081397889542462e-08
9.193278498571588224e-08
9.235670176837259575e-08
9.278257329914932981e-08
9.321040859170245870e-08
9.364021670125194579e-08
9.407200672477229651e-08
9.450578780118614510e-08
9.494156911155700756e-08
9.537935987928372862e-08
9.581916937029572284e-08
9.626100689324911571e-08
9.670488179972370522e-08
9.715080348442111470e-08
9.759878138536287936e-08
9.804882498409132547e-08
9.850094380586949661e-08
9.895514741988295926e-08
9.941144543944232308e-08
9.986984752218668765e-08
1.003303633702881083e-07
1.007930027306571074e-07
1.012577753951481196e-07
1.017246912007680341e-07
1.021937600298835454e-07
1.026649918104305297e-07
1.031383965161241349e-07
1.036139841666699307e-07
1.040917648279759442e-07
1.045717486123657290e-07
1.050539456787923462e-07
1.055383662330536702e-07
1.060250205280074684e-07
1.065139188637897508e-07
1.070050715880318354e-07
1.074984890960796895e-07
1.079941818312138283e-07
1.084921602848704558e-07
1.089924349968634144e-07
1.094950165556075764e-07
1.099999155983419977e-07
1.105071428113564328e-07
1.110167089302166056e-07
1.115286247399916119e-07
1.120429010754822866e-07
1.125595488214504329e-07
1.130785789128492278e-07
1.132119398117104544e-07
1.131419656128088692e-07
1.130720346636607425e-07
1.130021469375344425e-07
1.129323024077146029e-07
1.128625010475024143e-07
1.127927428302157699e-07
1.127230277291883519e-07
1.126533557177710347e-07
1.125837267693309451e-07
1.125141408572518596e-07
1.124445979549333701e-07
1.123750980357921550e-07
1.123056410732611184e-07
1.122362270407895759e-07
1.121668559118434792e-07
1.120975276599044900e-07
1.120282422584713826e-07
1.119589996810590249e-07
1.118897999011989210e-07
1.118206428924382452e-07
1.117515286283412053e-07
1.116824570824881155e-07
1.116134282284756222e-07
1.115444420399169154e-07
1.114754984904408153e-07
1.114065975536931227e-07
1.113377392033357187e-07
1.112689234130467102e-07
1.112001501565207745e-07
1.111314194074680999e-07
1.110627311396158553e-07
1.109940853267071840e-07
1.109254819425016934e-07
1.108569209607745553e-07
1.107884023553178027e-07
1.107199260999394432e-07
1.106514921684636836e-07
1.105831005347311423e-07
1.105147511725978959e-07
1.104464440559368955e-07
1.103781791586370006e-07
1.103099564546031906e-07
1.102417759177568299e-07
1.101736375220347148e-07
1.101055412413904100e-07
1.100374870497933886e-07
1.099694749212293897e-07
1.099015048296995970e-07
1.098335767492219366e-07
1.097656906538301372e-07
1.096978465175740077e-07
1.096300443145195961e-07
1.095622840187483429e-07
1.094945656043583378e-07
1.093603468928790082e-07
1.088665548633382932e-07
1.083749924405551106e-07
1.078856495572418015e-07
1.073985161915679482e-07
1.069135823669537900e-07
1.063762861360564846e-07
1.058086987496183823e-07
1.052441398148488325e-07
1.046825931729681953e-07
1.041240427514145279e-07
1.035606313445355960e-07
1.029195224525145913e-07
1.022823824491155811e-07
1.016491867642895533e-07
1.010199109800923654e-07
1.003945308297431344e-07
9.972483853330817877e-08
9.902113339951446144e-08
9.832239393849206571e-08
9.762858511012965909e-08
9.693967212157598342e-08
9.625385012311921145e-08
9.548852830311364924e-08
9.472929161619570115e-08
9.397609167900054282e-08
9.322888049286338728e-08
9.248761044076038575e-08
9.171112754265148949e-08
9.089817423527002544e-08
9.009242717534935685e-08
8.929382248467905009e-08
8.850229685128310286e-08
8.771778752440074460e-08
8.686481612556346086e-08
8.601643827232484604e-08
8.517634622470909823e-08
8.434445905819097966e-08
8.352069663860645461e-08
8.267365607362342800e-08
8.179222210283652982e-08
8.092018563400816662e-08
8.005744647467210537e-08
7.920390550057525484e-08
7.835946464428823562e-08
7.746223789535650297e-08
7.656736086880170286e-08
7.568282184582662939e-08
7.480850139737584058e-08
7.394428147408962510e-08
7.306734764123433153e-08
7.215941755273576529e-08
7.126276934420440142e-08
7.037726282773652387e-08
6.950275955739467274e-08
6.863912280756102918e-08
6.774159153238307462e-08
6.684596756341296581e-08
6.596218480271150929e-08
6.509008669549914024e-08
6.422951875683529255e-08
6.336622413442502046e-08
6.247940850475301886e-08
6.160500393431287555e-08
6.074283672928793358e-08
5.989273562672148814e-08
5.905453176049594643e-08
5.819513948172626583e-08
5.733743560945532198e-08
5.649237292919893495e-08
5.565976512987640021e-08
5.483942864633593803e-08
5.402450970128498859e-08
5.319785141789580101e-08
5.238384228063074088e-08
5.158228873805400333e-08
5.079300020036514433e-08
5.001578899408155405e-08
4.923372876217555407e-08
4.845622232842474850e-08
4.769099439296601827e-08
4.693785105191173963e-08
4.619660146353320374e-08
4.546375341092108710e-08
4.472387293000671606e-08
4.399603331868571694e-08
4.328003862295664113e-08
4.257569607778856699e-08
4.188281605522255732e-08
4.119156428206304595e-08
4.050577168854205353e-08
3.983139676000964413e-08
3.916824940535806622e-08
3.851614269827990414e-08
3.787382609449301994e-08
3.723028282506406292e-08
3.659767449362087413e-08
3.597581529623313168e-08
3.536452258610800723e-08
3.476361681994433348e-08
3.416506555717566485e-08
3.357042574973650466e-08
3.298613559317090134e-08
3.241201495276236961e-08
3.184788682902230546e-08
3.129342444188205096e-08
3.073731539801042929e-08
3.019108885419092201e-08
2.965456919053670125e-08
2.912758390806626750e-08
2.860996357324205159e-08
2.809413737966734874e-08
2.757971446704544810e-08
2.707471099056624311e-08
2.657895447389722028e-08
2.609227559886612214e-08
2.561450814763210215e-08
2.513279929869889255e-08
2.465943169084586641e-08
2.419497979864791649e-08
2.373927569767531995e-08
2.329215462629693925e-08
2.284766161780828390e-08
2.240353173983249321e-08
2.196803518949474985e-08
2.154100414573693078e-08
2.112227404973160072e-08
2.071168354146849025e-08
2.029728182150978316e-08
1.988956379246004822e-08
1.949003572661194642e-08
1.909853310954023421e-08
1.871489473147368664e-08
1.833566879904400405e-08
1.795797541639636070e-08
1.758806207672716428e-08
1.722576852022912426e-08
1.687093778825983485e-08
1.652341615534192042e-08
1.617751395549756552e-08
1.583758271873703742e-08
1.550479431282452995e-08
1.517899864848607108e-08
1.486004879020996281e-08
1.454736475919092866e-08
1.424014241466358245e-08
1.393940822593210000e-08
1.364502517117372066e-08
1.335685912229712641e-08
1.307477878383025709e-08
1.280007676958435725e-08
1.253162864141117283e-08
1.226881051052760841e-08
1.201150430246729723e-08
1.175959441906695037e-08
1.151343889054154327e-08
1.127418489270070180e-08
1.103990269138625264e-08
1.081048897062052083e-08
1.058584256137433551e-08
1.036586439695263165e-08
1.015280545560087468e-08
9.945233559414249970e-09
9.741905425434508574e-09
9.542734290867670763e-09
9.347635166766164262e-09
9.156657746461369113e-09
8.970374840352671726e-09
8.787881670856302177e-09
8.609101139628145597e-09
8.433957716811773650e-09
8.262377409128796009e-09
8.094240211312437706e-09
7.929494458305623602e-09
7.768101850550894695e-09
7.609994139957620991e-09
7.455104467519609897e-09
7.303378545343701086e-09
7.154879048243184717e-09
7.009398989407024885e-09
6.866876974637951770e-09
6.727252858065877843e-09
6.590467716766074186e-09
6.457070464823110134e-09
6.326880370794749102e-09
6.199315222657194321e-09
6.074322095178401036e-09
5.951849130226563456e-09
5.831858963310854178e-09
5.716536446027326448e-09
5.603494382210914525e-09
5.492687676869432388e-09
5.384072126744882758e-09
5.277604402679772167e-09
5.174306733486492046e-09
5.074198820529495505e-09
4.976027706984030587e-09
4.879755921367117105e-09
4.785346717160827133e-09
4.692764058786456689e-09
4.603231373906715859e-09
4.515488234407293433e-09
4.429417584927151535e-09
4.344987545790185403e-09
4.262166844985419167e-09
4.181249574439844125e-09
4.102337860827864796e-09
4.024915428932825656e-09
3.948954171900486606e-09
3.874426513330478741e-09
3.801305397265180587e-09
3.730497854842285557e-09
3.661145511861924388e-09
3.593082473329407141e-09
3.526284770249760876e-09
3.460728879226986768e-09
3.396734955173676043e-09
3.334588062330793343e-09
3.273578213249344395e-09
3.213684604499643980e-09
3.154886813272978846e-09
3.097164790417700692e-09
3.041007865653517278e-09
2.985991855602059724e-09
2.931971160753894847e-09
2.878927774489611590e-09
2.826844015954291729e-09
2.775800286284993026e-09
2.725939005963912959e-09
2.676973376272865890e-09
2.628887308775164527e-09
2.581665004028316124e-09
2.535290946392747790e-09
2.489983805322679860e-09
2.445569045240411410e-09
2.401946527625312540e-09
2.359102120956122958e-09
2.317021945780733808e-09
2.275708640957322110e-09
2.235195313677767725e-09
2.195403225337899850e-09
2.156319536073843753e-09
2.117931634603501613e-09
2.080227134157294157e-09
2.043154494680593085e-09
2.006723291284209738e-09
1.970941687604521446e-09
1.935798100719401552e-09
1.901281154240194644e-09
1.867357050169932616e-09
1.833894417513855941e-09
1.801031427965232985e-09
1.768757336049835526e-09
1.737061588850028952e-09
1.705933822554140563e-09
1.675199846122544473e-09
1.644912205660134031e-09
1.615172166229858694e-09
1.585969827196158116e-09
1.557295466927117571e-09
1.529116336354716805e-09
1.501125645309536055e-09
1.473647327827150666e-09
1.446672004836946641e-09
1.420190468953525389e-09
1.394193681333975744e-09
1.368447860966483147e-09
1.342983585941219655e-09
1.317993153815680651e-09
1.293467747252895122e-09
1.269398712990169430e-09
1.245777558785969247e-09
1.220141406792500222e-09
1.195029291250199639e-09
1.170434016086813435e-09
1.146344944047305688e-09
1.122751656805359433e-09
1.099643950457516034e-09
1.077011831110076248e-09
1.054845510556822200e-09
1.033135402045698712e-09
1.011872116132626105e-09
9.910464566206249039e-10
9.706494165825622922e-10
9.506721744657123135e-10
9.311060902765105120e-10
9.119427018438325162e-10
8.931737211591579242e-10
8.747910307920980970e-10
8.567866803796584187e-10
8.391528831877751516e-10
8.218820127436170770e-10
8.049665995372015611e-10
7.883993277908795509e-10
7.721730322953415030e-10
7.562806953107096064e-10
7.407154435314265161e-10
7.254705451136095618e-10
7.105394067635716537e-10
6.959155708862937578e-10
6.815927127925559537e-10
6.675646379635639559e-10
6.538252793718708585e-10
6.403686948574370861e-10
6.271890645576952086e-10
6.142806883905066490e-10
6.016379835889231618e-10
5.892554822866882945e-10
5.771278291534201435e-10
5.652497790784894055e-10
5.536161949025424115e-10
5.422220451957242977e-10
5.310624020816287191e-10
5.181604149680122902e-10
5.049984511550483676e-10
4.921708187313771862e-10
4.796690252349769468e-10
4.674847939236538523e-10
4.556100582954704257e-10
4.440369567483799490e-10
4.327578273754779914e-10
4.217652028924894079e-10
4.110518056940928031e-10
4.006105430358230049e-10
3.904345023383590474e-10
3.805169466110901492e-10
3.708513099919272966e-10
3.614311934004185631e-10
3.522503603012588167e-10
3.433027325754417834e-10
3.345823864962662497e-10
3.260835488075732586e-10
3.178005929015872759e-10
3.097280350938524384e-10
3.018605309927952647e-10
2.941928719614999102e-10
2.867199816693531833e-10
2.794369127312934169e-10
2.723388434324206570e-10
2.654210745358073654e-10
2.586790261713951045e-10
2.521082348039170600e-10
2.457043502778399697e-10
2.394631329373675758e-10
2.333804508196007051e-10
2.274522769189933396e-10
2.216746865212999230e-10
2.160438546052356203e-10
2.105560533101427214e-10
2.052076494679848646e-10
1.999951021980284707e-10
1.949149605626182117e-10
1.899638612825073647e-10
1.851385265102129720e-10
1.799492044154196313e-10
1.745057338967511153e-10
1.692269285755976398e-10
1.641078073232509873e-10
1.591435396903405504e-10
1.543294413487833732e-10
1.496609696716027385e-10
1.451337194464669635e-10
1.407434187188931761e-10
1.364859247611862672e-10
1.323572201633288477e-10
1.283534090421157699e-10
1.244707133649605670e-10
1.207054693849113640e-10
1.170541241835077715e-10
1.135132323182093204e-10
1.100794525712513864e-10
1.067495447968363980e-10
1.035203668637047850e-10
1.003888716901929660e-10
9.735210436897516140e-11
9.440719937878978926e-11
9.155137788050701752e-11
8.878194509498895698e-11
8.609628776027308842e-11
8.349187166567419402e-11
8.096623926048002748e-11
7.851700733498385124e-11
7.614186477166733089e-11
7.383857036440741577e-11
7.160495070365362622e-11
6.943889812558176427e-11
6.733836872328010858e-11
6.530138041810149587e-11
6.332601108935696808e-11
6.141039676058248577e-11
5.955272984067626686e-11
5.775125741823898006e-11
5.600427960750939997e-11
5.431014794433777503e-11
5.266726383067977477e-11
5.102019058240572828e-11
4.931015017708219694e-11
4.765742508466632359e-11
4.606009427154794016e-11
4.451630109127472349e-11
4.302425112649332072e-11
4.158221010321926380e-11
4.018850187501678366e-11
3.884150647474106959e-11
3.753965823158009838e-11
3.628144395120900000e-11
3.506540115693837590e-11
3.389011638981479722e-11
3.275422356569667642e-11
3.165640238739522277e-11
3.059537681003694797e-11
2.956991355786117355e-11
2.857882069073055993e-11
2.762094621868786552e-11
2.669517676294787256e-11
2.580043626176995185e-11
2.493568471970465077e-11
2.409991699876226320e-11
2.329216165009782393e-11
2.251147978485347925e-11
2.175696398284864558e-11
2.102773723784565511e-11
2.032295193816779876e-11
1.964178888148381223e-11
1.898345632261338953e-11
1.834718905324811305e-11
1.773224751251652369e-11
1.713791692736073831e-11
1.656350648172496985e-11
1.600834851358998746e-11
1.547179773892118381e-11
1.495323050162685219e-11
1.445204404865589431e-11
1.396765582939209428e-11
1.349950281852995804e-11
1.304704086164683611e-11
1.260789068258316564e-11
1.216407257332099719e-11
1.173587757811240649e-11
1.132275573811701300e-11
1.092417645393341666e-11
1.053962780411615083e-11
1.016861588768102007e-11
9.810664189755948233e-12
9.465312969561914608e-12
9.132118669937408385e-12
8.810653347649335806e-12
8.500504123757318586e-12
8.201272653326431875e-12
7.912574613806571678e-12
7.634039211421852873e-12
7.365308704936184859e-12
7.106037946182490295e-12
6.855893936766493990e-12
6.614555400375071285e-12
6.381712370140067963e-12
6.157065790527572452e-12
5.940327133241311868e-12
5.731218026646984010e-12
5.529469898241234090e-12
5.334823629706433274e-12
5.147029224108160044e-12
4.965845484807782076e-12
4.791039705677730141e-12
4.622387372221903569e-12
4.459671873216897878e-12
4.302684222504235356e-12
4.151222790575580453e-12
4.005093045606852244e-12
3.864107303608341402e-12
3.728084487369723263e-12
3.596849893890915656e-12
3.470234969999490331e-12
3.348077095866885793e-12
3.230219376145048578e-12
3.116510438455469001e-12
3.006804238971850865e-12
2.900959874846340820e-12
2.796972952809407104e-12
2.696409796959028103e-12
2.599462317228935051e-12
2.506000514578274242e-12
2.415899063988438103e-12
2.329037146411920229e-12
2.245298286763425105e-12
2.164570197735747815e-12
2.086744629231281164e-12
2.011717223207013168e-12
1.939387373738474015e-12
1.869658092115059993e-12
1.802435876785642809e-12
1.737630587980313322e-12
1.675155326839890031e-12
1.614926318891349497e-12
1.556862801712741974e-12
1.500886916637037522e-12
1.446923604349744918e-12
1.394900504240150569e-12
1.344747857371402531e-12
1.296398412939174443e-12
1.249787338093545051e-12
1.204852131003219145e-12
1.161532537045383727e-12
1.119770468008975268e-12
1.079509924202883110e-12
1.040696919364704890e-12
1.003279408269371435e-12
9.672072169405499684e-13
9.324319753712253963e-13
8.989070526632820285e-13
8.665874944990981890e-13
8.354299628612689960e-13
8.053926779197337935e-13
7.764353620082402375e-13
7.485191856151289845e-13
7.216067153159806048e-13
6.956618635782763273e-13
6.706498403708564145e-13
6.465371065131653463e-13
6.231664369858152846e-13
6.005689907262273963e-13
5.787909797685844105e-13
5.578026895068064481e-13
5.375754828546741802e-13
5.180817611724867513e-13
4.992949266106079970e-13
4.811893458185118546e-13
4.637403149698418361e-13
4.469240260557213455e-13
4.307175344003566873e-13
4.150987273545981786e-13
4.000462941247363222e-13
3.855396966953920661e-13
3.715591418067929944e-13
3.580855539482260083e-13
3.451005493308094487e-13
3.325864108040652736e-13
3.205260636820876418e-13
3.089030524462965625e-13
2.977015182930098251e-13
2.869061774951915290e-13
2.765023005488474611e-13
2.664756920756305659e-13
2.568126714542178276e-13
2.475000541540331656e-13
2.385251337458627160e-13
2.298756645647963364e-13
2.215398450018617163e-13
2.135063014015321640e-13
2.057640725431527937e-13
1.983025946851055500e-13
1.911116871513032803e-13
1.841815384403586081e-13
1.775026928384581640e-13
1.710660375176887927e-13
1.648627901022080060e-13
1.588844866852902217e-13
1.531229702809091939e-13
1.475703796940858030e-13
1.422191387948260720e-13
1.370565347302850211e-13
1.320734650388571300e-13
1.272715686391551411e-13
1.226442584746716913e-13
1.181851869795732622e-13
1.138882373713506448e-13
1.097475152600544963e-13
1.057573405625976696e-13
1.019122397110356864e-13
9.820693814413872189e-14
9.463635307194913313e-14
9.119558650340774175e-14
8.787991852747755161e-14
8.468480083855308915e-14
8.160585049726773102e-14
7.863884391814784272e-14
7.577971107586052647e-14
7.302452992210936929e-14
7.036952100552083858e-14
6.781104228713645101e-14
6.534558414440652372e-14
6.296976455682220347e-14
6.068032446659243633e-14
5.847412330799367415e-14
5.634813469926136030e-14
5.429944229111790172e-14
5.232523576623566995e-14
5.042280698415177884e-14
4.858954626634723869e-14
4.682293881638818512e-14
4.512056127022679696e-14
4.348007837192267943e-14
4.189923977022859894e-14
4.037587693164691735e-14
