4.169699264307038662e-09
4.226018450821439332e-09
4.283098327872173445e-09
4.340949169934547485e-09
4.399581390258902164e-09
4.459005542744982191e-09
4.519232323841726112e-09
4.580272574472541601e-09
4.642137281986756041e-09
4.704837582137345815e-09
4.768384761085367811e-09
4.832790257431566289e-09
4.898065664275225429e-09
4.964222731301023590e-09
5.031273366893955470e-09
5.099229640282946670e-09
5.168103783713208657e-09
5.237908194648150541e-09
5.308655438000917978e-09
5.380358248396081158e-09
5.453029532461974790e-09
5.526682371153781914e-09
5.601330022108216841e-09
5.676985922029874215e-09
5.753663689109956411e-09
5.831377125477427238e-09
5.910140219683515085e-09
5.989967149219651528e-09
6.070489404762123049e-09
6.150196520033341093e-09
6.230950210597159241e-09
6.312764218261133803e-09
6.395652465266431210e-09
6.479629056656886522e-09
6.564708282679178817e-09
6.650904621214742194e-09
6.738232740243389220e-09
6.826707500339263085e-09
6.916343957199848026e-09
7.007157364207766707e-09
7.099163175026632628e-09
7.192377046230709406e-09
7.286814839969094091e-09
7.382492626665169809e-09
7.479426687751068825e-09
7.577633518438480272e-09
7.677129830525541971e-09
7.777932555240582328e-09
7.880058846123517141e-09
7.983526081944607681e-09
8.088351869662010226e-09
8.194554047417855676e-09
8.302150687573650021e-09
8.411160099785875786e-09
8.521600834121458624e-09
8.633491684214662415e-09
8.746851690465095249e-09
8.861700143277684894e-09
8.978056586345573359e-09
9.095940819975564936e-09
9.215372904457783739e-09
9.336373163479221439e-09
9.458962187582081806e-09
9.583160837667936153e-09
9.708990248547295966e-09
9.836471832536391082e-09
9.965627283100764620e-09
1.009647857854672695e-08
1.022904798576164141e-08
1.036335806400285325e-08
1.049943166873668448e-08
1.063729195552768985e-08
1.077696238397911866e-08
1.091846672172488179e-08
1.106182904847417370e-08
1.120707376010907043e-08
1.135422557283594892e-08
1.150330952739151347e-08
1.165435099330382642e-08
1.180737567320952257e-08
1.196240960722758462e-08
1.211947917739054799e-08
1.227861111213402035e-08
1.243983249084489114e-08
1.259895472968524370e-08
1.275800732179947800e-08
1.291906783660264766e-08
1.308216162265061344e-08
1.324731434850632975e-08
1.341455200677948377e-08
1.358390091821756202e-08
1.375538773584814089e-08
1.392903944917388680e-08
1.410488338842009889e-08
1.428294722883629962e-08
1.446325899505171463e-08
1.464584706548602971e-08
1.483074017681581206e-08
1.501796742849704914e-08
1.520755828734520145e-08
1.539954259217260364e-08
1.559395055848491812e-08
1.579081278323636975e-08
1.599016024964536306e-08
1.619202433207087742e-08
1.639643680095010989e-08
1.660342982779892769e-08
1.681303599027493147e-08
1.702528827730496929e-08
1.724022009427682986e-08
1.745786526829703740e-08
1.767825805351447361e-08
1.790143313651173904e-08
1.812742564176403891e-08
1.835627113716753883e-08
1.858800563963698540e-08
1.882266562077433517e-08
1.906028801260897457e-08
1.930091021341000037e-08
1.954457009357246676e-08
1.979130600157733080e-08
2.004115677002723387e-08
2.029416172175788077e-08
2.055036067602718044e-08
2.080979395478194309e-08
2.107250238900408268e-08
2.133852732513692353e-08
2.160791063159223976e-08
2.188069470534006907e-08
2.215692247858102617e-08
2.243663742550353791e-08
2.271988356912570556e-08
2.300670548822421965e-08
2.329714832435010882e-08
2.359125778893346697e-08
2.388908017047791943e-08
2.419066234184541737e-08
2.449605176763371940e-08
2.480529651164622292e-08
2.511548456689821632e-08
2.541489398241753714e-08
2.571787274965940743e-08
2.602446341996343245e-08
2.633470905193681823e-08
2.664865321750166729e-08
2.696634000801436825e-08
2.728781404045792604e-08
2.761312046370812977e-08
2.794230496487433871e-08
2.827541377571615729e-08
2.861249367913605841e-08
2.895359201574992720e-08
2.929875669053570057e-08
2.964803617956127711e-08
3.000147953679268007e-08
3.035913640098335020e-08
3.072105700264555777e-08
3.108729217110496940e-08
3.145789334163927636e-08
3.183291256270192971e-08
3.221240250323200156e-08
3.259641646005111870e-08
3.298500836534890445e-08
3.337823279425701497e-08
3.377614497251407937e-08
3.417880078422176860e-08
3.458625677969328368e-08
3.499857018339552701e-08
3.541579890198586349e-08
3.583800153244472207e-08
3.626523737030516269e-08
3.669756641798052709e-08
3.713504939319137764e-08
3.757774773749282951e-08
3.802572362490389733e-08
3.847903997063895566e-08
3.893776043994409258e-08
3.940194945703836963e-08
3.987167221416176158e-08
4.034699468073101345e-08
4.082798361260455314e-08
4.131470656145793508e-08
4.180723188427100635e-08
4.230562875292819792e-08
4.280996716393325802e-08
4.332031794823976436e-08
4.383675278119879812e-08
4.435934419262560633e-08
4.488816557698540463e-08
4.542329120370149032e-08
4.596479622758579137e-08
4.651275669939386970e-08
4.706724957650572209e-08
4.762835273373395367e-08
4.819614497426074014e-08
4.873818440407119301e-08
4.927011081575143731e-08
4.980784264901041606e-08
5.035144326396498442e-08
5.090097671224183416e-08
5.145650774452420650e-08
5.201810181818146859e-08
5.258582510498185804e-08
5.315974449888938149e-08
5.373992762394596573e-08
5.432644284223902680e-08
5.491935926195715698e-08
5.551874674553257970e-08
5.612467591787303267e-08
5.673721817468341655e-08
5.735644569087824165e-08
5.798243142908597771e-08
5.861524914824568387e-08
5.925497341229859249e-08
5.990167959897343553e-08
6.055544390866815418e-08
6.121634337342850099e-08
6.188445586602474570e-08
6.255986010912678242e-08
6.324263568458063598e-08
6.393286304278501074e-08
6.463062351217074073e-08
6.533599930878357778e-08
6.604907354597164116e-08
6.676993024417857427e-08
6.749865434084310990e-08
6.823533170040782328e-08
6.898004912443597446e-08
6.973289436183925913e-08
7.049395611921715598e-08
7.126332407130924709e-08
7.204108887156084223e-08
7.282734216280542751e-08
7.362217658806223111e-08
7.442568580145233391e-08
7.523796447923378828e-08
7.605910833095718755e-08
7.688921411074312889e-08
7.772837962868197968e-08
7.857670376235960051e-08
7.943428646850739654e-08
8.030122879478009893e-08
8.117763289166216285e-08
8.206360202450393362e-08
8.295924058568948673e-08
8.386465410693623449e-08
8.477994927173069314e-08
8.570523392789809447e-08
8.664061710031012996e-08
8.758620900373113186e-08
8.852084184628634855e-08
8.936032928680136209e-08
9.020777800680831671e-08
9.106326350710438545e-08
9.192686200449879272e-08
9.279865043860289501e-08
9.367870647868490097e-08
9.456710853058933646e-08
9.546393574372320024e-08
9.636926801810630891e-08
9.728318601149056911e-08
9.820577114654571533e-08
9.913710561811337954e-08
1.000772724005298101e-07
1.010263552550190531e-07
1.019844387371540955e-07
1.029516082043909842e-07
1.039279498236731976e-07
1.049135505791084895e-07
1.059084982797184342e-07
1.069128815672612381e-07
1.079267899241299785e-07
1.089503136813233291e-07
1.099835440264943048e-07
1.110265730120739965e-07
1.120794935634728349e-07
1.131423994873591333e-07
1.142153854800174897e-07
1.152985471357840966e-07
1.163919809555642659e-07
1.174957843554297082e-07
1.186100556752974563e-07
1.197348941876909792e-07
1.208704001065855090e-07
1.220166745963347615e-07
1.231738197806849295e-07
1.243419387518727953e-07
1.255211355798104268e-07
1.267115153213566149e-07
1.279131840296777790e-07
1.291262487636947659e-07
1.303508175976220031e-07
1.315869996305957752e-07
1.328349049963940856e-07
1.340946448732483685e-07
1.353663314937497248e-07
1.366500781548462133e-07
1.379459992279378428e-07
1.392542101690658488e-07
1.405748275291988762e-07
1.419079689646167298e-07
1.432537532473922487e-07
1.446123002759742674e-07
1.459837310858676167e-07
1.473681678604177587e-07
1.487657339416959013e-07
1.499711064434553917e-07
1.510842204399668680e-07
1.522055961796805665e-07
1.533352949828220669e-07
1.544733786247467834e-07
1.556199093393175082e-07
1.567749498223105168e-07
1.579385632348407303e-07
1.591108132068171605e-07
1.602917638404221239e-07
1.614814797136164228e-07
1.626800258836707316e-07
1.638874678907232147e-07
1.651038717613632963e-07
1.663293040122422442e-07
1.675638316537106471e-07
1.688075221934824671e-07
1.700604436403268858e-07
1.713226645077865941e-07
1.725942538179258857e-07
1.738752811051028661e-07
1.751658164197731861e-07
1.764659303323202719e-07
1.777756939369142483e-07
1.790951788553997406e-07
1.804244572412122640e-07
1.817636017833238347e-07
1.831126857102177260e-07
1.844717827938930010e-07
1.858409673538984277e-07
1.872203142613962261e-07
1.886098989432576834e-07
1.900097973861855316e-07
1.914200861408705760e-07
1.928408423261773353e-07
1.942721436333612598e-07
1.957140683303169189e-07
1.971666952658581385e-07
1.986301038740295571e-07
2.001043741784503435e-07
2.015895867966901538e-07
2.030858229446775677e-07
2.045931644411411352e-07
2.061116937120835896e-07
2.076414937952890425e-07
2.091826483448637947e-07
2.107352416358103676e-07
2.122993585686376647e-07
2.138750846740009126e-07
2.154625061173805650e-07
2.170617097037935795e-07
2.186727828825402164e-07
2.202958137519860429e-07
2.219308910643794064e-07
2.235781042307046950e-07
2.251298268411763587e-07
2.261625373344799697e-07
2.271999850542010508e-07
2.282421917308380177e-07
2.292891791945708234e-07
2.303409693757197323e-07
2.313975843052019503e-07
2.324590461149943430e-07
2.335253770385985364e-07
2.345965994115037407e-07
2.356727356716565361e-07
2.367538083599297850e-07
2.378398401205968382e-07
2.389308537018024317e-07
2.400268719560430083e-07
2.411279178406419814e-07
2.422340144182320682e-07
2.433451848572399245e-07
2.444614524323683182e-07
2.455828405250853968e-07
2.467093726241154371e-07
2.478410723259284830e-07
2.489779633352355955e-07
2.501200694654871195e-07
2.512674146393683567e-07
2.524200228893028098e-07
2.535779183579544191e-07
2.547411252987353068e-07
2.559096680763108195e-07
2.570835711671113485e-07
2.582628591598465844e-07
2.594475567560167547e-07
2.606376887704346601e-07
2.618332801317411479e-07
2.630343558829294247e-07
2.642409411818707467e-07
2.654530613018385738e-07
2.666707416320391832e-07
2.678940076781453529e-07
2.691228850628273456e-07
2.703573995262916216e-07
2.715975769268190222e-07
2.728434432413085651e-07
2.740950245658181689e-07
2.753523471161132130e-07
2.766154372282168970e-07
2.778843213589583770e-07
2.791590260865310663e-07
2.804395781110456948e-07
2.817260042550910980e-07
2.830183314642978640e-07
2.843165868078991230e-07
2.856207974793000702e-07
2.869309907966462200e-07
2.882471942033981697e-07
2.895694352689025537e-07
2.905191947651001100e-07
2.912849732246994564e-07
2.920527701968787937e-07
2.928225910022272992e-07
2.935944409753592160e-07
2.943519798071220428e-07
2.950073153746345666e-07
2.956641099597026409e-07
2.963223668106349379e-07
2.969820891829720973e-07
2.976432803395028196e-07
2.982293644703133632e-07
2.987659070473221394e-07
2.993034149147121864e-07
2.998418898091307509e-07
3.003813334703514252e-07
3.009125122611434002e-07
3.013184228397827100e-07
3.017248809642737934e-07
3.021318873732195337e-07
3.025394428062172837e-07
3.029475480038638951e-07
3.032785711917514817e-07
3.035422782445008067e-07
3.038062145960409346e-07
3.040703804457520392e-07
3.043347759931875653e-07
3.045993039084101993e-07
3.047131095477780419e-07
3.048269577076743057e-07
3.049408484039868934e-07
3.050547816526073080e-07
3.051687574694352578e-07
3.052042887458364357e-07
3.051501965440127063e-07
3.050961139291004681e-07
3.050420408993993023e-07
3.049879774532110139e-07
3.049339235888377252e-07
3.047144002412885647e-07
3.044831651047682120e-07
3.042521054430153845e-07
3.040212211228689854e-07
3.037905120112694560e-07
3.034834554925811062e-07
3.030616893738049050e-07
3.026405094044735407e-07
3.022199147699851575e-07
3.017999046568720241e-07
3.013804782527949214e-07
3.007810063090004982e-07
3.001546908940085645e-07
2.995296796537844281e-07
2.989059698726481334e-07
2.982835588405764228e-07
2.975860317761065990e-07
2.967364983567196648e-07
2.958893901419909341e-07
2.950447002085705107e-07
2.942024216528722118e-07
2.933625475910186707e-07
2.923247541443807361e-07
2.912400418039185426e-07
2.901593544419943234e-07
2.890826771233559639e-07
2.880099949681708622e-07
2.868701974161789453e-07
2.855374913482921183e-07
2.842109766013553508e-07
2.828906244124964701e-07
2.815764061524661919e-07
2.802682933250158157e-07
2.787465663781320928e-07
2.771523685872384966e-07
2.755672882776094180e-07
2.739912733048590087e-07
2.724242718228239335e-07
2.708016368185018286e-07
2.689258869189233521e-07
2.670631296944517991e-07
2.652132751492911970e-07
2.633762339110148649e-07
2.615519172262487753e-07
2.595211895802863992e-07
2.573955525863011980e-07
2.552873258571092935e-07
2.531963667920126686e-07
2.511225339582995838e-07
2.490210196231101325e-07
2.466372569730823445e-07
2.442763129765978895e-07
2.419379692012760443e-07
2.396220093056880028e-07
2.373282190193422816e-07
2.348445181422691442e-07
2.322441051280322944e-07
2.296724862619322429e-07
2.271293427088604247e-07
2.246143591641418106e-07
2.221068682040266946e-07
2.193177354821773934e-07
2.165636276175200294e-07
2.138441047813533763e-07
2.111587326681765132e-07
2.085070824263301668e-07
2.057351805514556653e-07
2.028643368131788772e-07
2.000335530381398252e-07
1.972422702266847444e-07
1.944899371794834489e-07
1.917760103886786895e-07
1.888647595520517283e-07
1.859961549921340813e-07
1.831711207210345776e-07
1.803889949640017051e-07
1.776491259977639243e-07
1.748828503542488491e-07
1.720809289124545107e-07
1.693238990294956383e-07
1.666110414660585432e-07
1.639416485062700509e-07
1.613150237730709464e-07
1.586788082543199808e-07
1.560815959552365036e-07
1.535268941325088366e-07
1.510140069860288835e-07
1.485422501043577293e-07
1.461270950709820982e-07
1.437758557533485423e-07
1.414624487509752125e-07
1.391862653278363150e-07
1.369467065426950756e-07
1.347431830915024345e-07
1.326682385266427320e-07
1.306404174369069406e-07
1.286435913948003054e-07
1.266772866440415761e-07
1.247410366696690557e-07
1.228782813489861873e-07
1.211335091952820930e-07
1.194135113941726974e-07
1.177179361699000144e-07
1.160464367416373513e-07
1.143986712525649112e-07
1.128411969139559028e-07
1.113224264953325253e-07
1.098240977562335158e-07
1.083459355647126691e-07
1.068876684919231298e-07
1.054403893648803314e-07
1.039880231195332186e-07
1.025556621845165059e-07
1.011430310009330344e-07
9.974985780551254421e-08
9.837587457833039249e-08
9.688020798336763930e-08
9.535423016724134354e-08
9.385228830586555410e-08
9.237400380453554552e-08
9.091900403186074363e-08
8.942666669356982412e-08
8.770493825488543907e-08
8.601635819269966039e-08
8.436028830249672881e-08
8.273610266709009505e-08
8.114318742005356880e-08
7.936607001609815224e-08
7.751748472903196746e-08
7.571195647582011868e-08
7.394848237702974007e-08
7.222608291217878793e-08
7.052158938931756384e-08
6.870048509960135903e-08
6.692640783895173074e-08
6.519814321153474103e-08
6.351450818129486757e-08
6.187435026214162373e-08
6.031129628106857873e-08
5.881151910009347939e-08
5.734903728053964951e-08
5.592292338865111768e-08
5.453227305341624606e-08
5.318851137313180434e-08
5.208981717454159084e-08
5.101381827068445047e-08
4.996004585376643217e-08
4.892804079997276215e-08
4.791735346942884391e-08
4.702039376050136802e-08
4.622452553848328556e-08
4.544212819954713718e-08
4.467297373522880730e-08
4.391683799634029828e-08
4.317350062764798552e-08
4.238485694637392334e-08
4.160981695017049226e-08
4.084894916166092081e-08
4.010199443103096821e-08
3.936869834722215444e-08
3.854985677498480603e-08
3.763102106720320825e-08
3.673408580545497238e-08
3.585852899268187597e-08
3.500384107362382509e-08
3.416952463826872182e-08
3.326104049743128377e-08
3.236859201691827793e-08
3.150008939854489951e-08
3.065489013540326263e-08
2.983236896010375612e-08
2.907525654548817529e-08
2.840507404799187996e-08
2.775033920713956719e-08
2.711069595559631878e-08
2.648579643335276703e-08
2.587530079854689680e-08
2.536062905542765109e-08
2.487027318980209861e-08
2.438939851150934855e-08
2.391782169876313063e-08
2.345536297436239437e-08
2.298090479747826235e-08
2.247189513095200893e-08
2.197415964370200319e-08
2.148744862118113402e-08
2.101151787983075255e-08
2.054612864457328453e-08
2.005673387805418209e-08
1.956973153857620776e-08
1.909455421906903446e-08
1.863091479340217501e-08
1.817853310722297610e-08
1.774961006575580120e-08
1.736752910835980244e-08
1.699367288702638988e-08
1.662786435476597382e-08
1.626993027573079749e-08
1.591970114317593148e-08
1.557988420972687376e-08
1.524843899612146552e-08
1.492404492154527687e-08
1.460655198062916134e-08
1.429581335920628397e-08
1.398969747219433469e-08
1.368137867213352279e-08
1.337985490696608476e-08
1.308497642098715384e-08
1.279659675895647845e-08
1.251457269335922134e-08
1.224742034242768881e-08
1.199057772983774210e-08
1.173912140479221703e-08
1.149293841059277662e-08
1.125191815937413016e-08
1.101612627985715755e-08
1.078659812513853515e-08
1.056185233878336038e-08
1.034178927703683247e-08
1.012631137228662299e-08
9.915323089805032241e-09
9.711084385824399552e-09
9.512720522859439762e-09
9.318408547466150398e-09
9.128065693597051480e-09
8.941610885828831058e-09
8.759138824636577419e-09
8.583895191034219762e-09
8.412157647668926564e-09
8.243856048376198640e-09
8.078921650402186549e-09
7.917287086325769317e-09
7.763441264960940091e-09
7.616834205200169919e-09
7.472995715360698083e-09
7.331873512971092095e-09
7.193416302877193720e-09
7.057573758597302541e-09
6.924296504029456380e-09
6.793536095504303657e-09
6.665245004176603630e-09
6.539376598749514637e-09
6.415885128525108304e-09
6.294725706774726377e-09
6.175854294423643848e-09
6.059227684043674055e-09
5.944803484148218312e-09
5.832540103783640582e-09
5.722396737411870112e-09
5.614333350078364011e-09
5.508310662860163104e-09
5.404290138588866231e-09
5.302233967842985006e-09
5.202105055205054284e-09
5.103867005778130738e-09
5.007484111957043224e-09
4.912921340449254820e-09
4.820144319541030230e-09
4.729119326603971133e-09
4.639813275837484116e-09
4.552193706242814506e-09
4.466228769823995708e-09
4.381887220011804773e-09
4.299138400306210280e-09
4.217952233133403283e-09
4.138299208913087638e-09
4.060150375332375233e-09
3.983477326822255269e-09
3.908252194232546356e-09
3.834447634702234459e-09
3.762036821720700146e-09
3.690993435376872988e-09
3.621291652792522996e-09
3.552407801672619852e-09
3.483602253972604933e-09
3.416129380801685250e-09
3.349963369976716726e-09
3.285078909263138304e-09
3.221451176691658218e-09
3.159055831062486905e-09
3.097869002633375251e-09
3.037867283988130407e-09
2.979027721081995231e-09
2.921327804460355150e-09
2.864745460647649433e-09
2.809259043702999474e-09
2.754847326939457946e-09
2.701489494803534956e-09
2.649165134912107307e-09
2.597854230243564265e-09
2.547537151480099080e-09
2.498194649498420700e-09
2.449807848005908230e-09
2.402358236319300200e-09
2.355827662283356849e-09
2.310198325326612707e-09
2.265452769651694513e-09
2.221573877557434631e-09
2.178544862890411780e-09
2.136349264623328733e-09
2.094970940557684656e-09
2.054394061148499612e-09
2.014603103448647296e-09
1.975582845170397627e-09
1.937318358862068539e-09
1.899795006197415462e-09
1.862998432375676899e-09
1.826914560630005257e-09
1.791529586842333705e-09
1.756829974262542235e-09
1.722802448329842977e-09
1.689433991594534164e-09
1.656711838738110216e-09
1.624623471689765455e-09
1.592796294321875533e-09
1.555588084050425454e-09
1.519249068990277474e-09
1.483758944474536005e-09
1.449097880159561234e-09
1.415246508944609368e-09
1.382185916150377099e-09
1.349897628950251814e-09
1.318363606048536850e-09
1.287566227599739502e-09
1.257488285363349919e-09
1.228112973088653123e-09
1.199423877124109004e-09
1.171404967246099764e-09
1.144040587701970511e-09
1.117315448462234247e-09
1.091214616677199249e-09
1.065723508333121091e-09
1.040827880103292400e-09
1.016513821389492922e-09
9.927677465493376805e-10
9.695763873052179517e-10
9.469267853305695024e-10
9.248062850093099478e-10
9.032025263644362009e-10
8.821034381517902438e-10
8.614972311151968770e-10
8.413723913991090643e-10
8.217176741151897295e-10
8.025220970591440862e-10
7.837749345743301011e-10
7.654657115587469651e-10
7.475841976119907954e-10
7.301204013189419485e-10
7.130645646670165666e-10
6.964071575937873724e-10
6.801388726620194353e-10
6.642506198590646857e-10
6.487335215177606783e-10
6.335789073559769378e-10
6.187783096320291454e-10
6.043234584132779999e-10
5.874062584883049190e-10
5.703944731209280391e-10
5.538753635417385708e-10
5.378346614404389488e-10
5.222585117291522020e-10
5.071334605751408430e-10
4.924464437801177432e-10
4.781847754961031948e-10
4.643361372680701165e-10
4.508885673939425823e-10
4.378304505927193342e-10
4.251505079718261081e-10
4.128377872850222326e-10
4.008816534724380100e-10
3.892717794745972705e-10
3.779981373124571275e-10
3.670509894257856989e-10
3.564208802623875705e-10
3.460986281109048436e-10
3.360753171701625765e-10
3.263422898481770454e-10
3.168911392841998154e-10
3.077137020873284502e-10
2.988020512854088149e-10
2.901484894781497639e-10
2.817455421885284282e-10
2.735859514067391611e-10
2.656626693211209226e-10
2.579688522306356084e-10
2.504978546336572909e-10
2.432432234879440054e-10
2.361986926368512814e-10
2.293581773969661452e-10
2.227157693024887198e-10
2.162657310018164282e-10
2.100024913019366613e-10
2.039206403563289478e-10
1.980149249922339528e-10
1.922802441732488879e-10
1.867116445933258352e-10
1.813043163983796895e-10
1.755857332021162547e-10
1.697440032330174674e-10
1.640966273746414267e-10
1.586371394738845518e-10
1.533592885062893649e-10
1.482570314187189155e-10
1.433245262101584092e-10
1.385561252427244571e-10
1.339463687752048324e-10
1.294899787117520659e-10
1.251818525585430948e-10
1.210170575815121970e-10
1.169908251584472535e-10
1.130985453189974042e-10
1.093357614663312738e-10
1.056981652744082515e-10
1.021815917550123841e-10
9.878201448891284915e-11
9.549554101567465680e-11
9.231840837686080791e-11
8.924697880750152282e-11
8.627773557091627449e-11
8.340727893210509189e-11
8.063232226510904031e-11
7.794968828987646350e-11
7.535630543433054663e-11
7.284920431746721946e-11
7.042551434946520165e-11
6.808246044490394960e-11
6.581735984534032165e-11
6.362761904759053729e-11
6.151073083421357109e-11
5.946427140278763524e-11
5.748589759069420869e-11
5.557334419223839626e-11
5.372442136502245071e-11
5.193701212261411734e-11
5.020906991063017861e-11
4.853861626346600487e-11
4.692373853898435108e-11
4.536258772857212694e-11
4.381495332722748503e-11
4.225693362796931449e-11
4.075431568539300649e-11
3.930512946366130367e-11
3.790747497961032535e-11
3.655951981174131988e-11
3.525949669778944369e-11
3.400570121772093651e-11
3.279648955912083945e-11
3.163027636204143409e-11
3.050553264048581816e-11
2.942078377780233073e-11
2.837460759335912124e-11
2.736563247796839075e-11
2.639253559561147932e-11
2.545404114910954806e-11
2.454891870746594281e-11
2.367598159268518648e-11
2.283408532395725061e-11
2.202212611716363073e-11
2.123903943774062638e-11
2.048379860500050594e-11
1.975541344608272314e-11
1.905292899776844352e-11
1.837542425445865103e-11
1.772201096067145110e-11
1.709183244647821279e-11
1.648406250435007839e-11
1.589790430594287911e-11
1.533258935740016519e-11
1.478737649180472337e-11
1.426155089745752596e-11
1.375442318071055858e-11
1.326532846212356406e-11
1.279362550476180021e-11
1.233869587348986099e-11
1.189994312416053857e-11
1.147679202163562620e-11
1.106868778561245068e-11
1.067509536326909800e-11
1.029549872777294648e-11
9.927913396390303962e-12
9.564734564776571881e-12
9.214841391333418234e-12
8.877747865595422327e-12
8.552985756131323073e-12
8.240103960158927267e-12
7.938667876951892319e-12
7.648258804168334845e-12
7.368473356262680060e-12
7.098922904172951167e-12
6.839233035505134669e-12
6.589043034465045756e-12
6.348005380814687002e-12
6.115785267158129716e-12
5.892060133885408855e-12
5.676519221129197506e-12
5.468863137111364030e-12
5.268803442280233433e-12
5.076062248660868267e-12
4.890371833861529493e-12
4.711474269200611240e-12
4.539121061437075293e-12
4.373072807607064788e-12
4.213098862487204591e-12
4.058977018222553041e-12
3.910493195674181903e-12
3.767441147057925969e-12
3.629622169460903451e-12
3.496844828838296797e-12
3.368924694106470245e-12
3.245684080963608194e-12
3.126951805081725072e-12
3.012562944327240117e-12
2.902358609680090977e-12
2.796185724532740676e-12
2.693896812062962112e-12
2.595349790384789682e-12
2.500407775193188046e-12
2.408938889628288659e-12
2.320816081095100494e-12
2.235916944784229495e-12
2.154123553648552059e-12
2.074496781417151932e-12
1.997737276665521267e-12
1.923817989176455010e-12
1.852633826634354339e-12
1.784083585297563823e-12
1.718069806115220106e-12
1.654498636168142773e-12
1.593279695236473123e-12
1.534325947304590848e-12
1.477553576820502091e-12
1.422881869533848910e-12
1.370233097743096951e-12
1.319532409788689877e-12
1.270707723635205550e-12
1.223689624391070462e-12
1.178411265620235884e-12
1.134808274305416987e-12
1.092818659327932611e-12
1.052382723333831421e-12
1.013442977861155612e-12
9.759440616076002575e-13
9.398326617224102052e-13
9.050574380105965371e-13
