3.870791244200013047e-09
3.922470194133487509e-09
3.974839109941552930e-09
4.027907203361490718e-09
4.081683809116477352e-09
4.136178386557615651e-09
4.191400521327894608e-09
4.247359927048194405e-09
4.304066447026058753e-09
4.361530055986997976e-09
4.419760861829196345e-09
4.478769107401377156e-09
4.538565172304574987e-09
4.599159574717979736e-09
4.660562973248957491e-09
4.722786168808064670e-09
4.785840106508779961e-09
4.849735877592915269e-09
4.914484721381440123e-09
4.980098027251544257e-09
5.046587336640099660e-09
5.113964345073668507e-09
5.182240904225918059e-09
5.251429024002178675e-09
5.321540874652158226e-09
5.392588788910535795e-09
5.464585264166466999e-09
5.537542964661737064e-09
5.611075965730546623e-09
5.683609486405538330e-09
5.757080636806718973e-09
5.831501537530152644e-09
5.906884465852994141e-09
5.983241857758810919e-09
6.060586309989297894e-09
6.138930582122281700e-09
6.218287598676721640e-09
6.298670451244783431e-09
6.380092400651716971e-09
6.462566879143432251e-09
6.546107492602349123e-09
6.630728022792126427e-09
6.716442429631174527e-09
6.803264853495553426e-09
6.891209617551881006e-09
6.980291230120161212e-09
7.070524387067145127e-09
7.161923974230893301e-09
7.254505069876415251e-09
7.348282947183059473e-09
7.443273076764315687e-09
7.539491129219928414e-09
7.636952977720996042e-09
7.735674700628762601e-09
7.835672584146992253e-09
7.936963125008616352e-09
8.039563033197405810e-09
8.143489234704500866e-09
8.248758874320777610e-09
8.355389318465097616e-09
8.463398158049466371e-09
8.572803211380915207e-09
8.683622527100902502e-09
8.795874387163018300e-09
8.909577309848873243e-09
9.024750052822957637e-09
9.141411616227334229e-09
9.259581245815997599e-09
9.379278436129743901e-09
9.500522933712432715e-09
9.623334740368473932e-09
9.747734116462426405e-09
9.873741584261601711e-09
1.000137793132150099e-08
1.013066421391513536e-08
1.026162176050673618e-08
1.039427217527039272e-08
1.052863734165395827e-08
1.066473942598936255e-08
1.080260088114924803e-08
1.094224445025110455e-08
1.108369317040929607e-08
1.122697037653536496e-08
1.137209970518769253e-08
1.151475677666906256e-08
1.165703291273721360e-08
1.180106701028790578e-08
1.194688079066293357e-08
1.209449624359252249e-08
1.224393563051172121e-08
1.239522148791738664e-08
1.254837663076704430e-08
1.270342415591933594e-08
1.286038744561737140e-08
1.301929017101485069e-08
1.318015629574578671e-08
1.334301007953844580e-08
1.350787608187395431e-08
1.367477916568985426e-08
1.384374450112982883e-08
1.401479756933930827e-08
1.418796416630840216e-08
1.436327040676202562e-08
1.454074272809810285e-08
1.472040789437470344e-08
1.490229300034602036e-08
1.508642547554868192e-08
1.527283308843807496e-08
1.546154395057626278e-08
1.565258652087116659e-08
1.584598960986860393e-08
1.604178238409687611e-08
1.623999437046552288e-08
1.644065546071795618e-08
1.664379591593956804e-08
1.684944637112107760e-08
1.705763783977871527e-08
1.726840171863119130e-08
1.748176979233445444e-08
1.769777423827511424e-08
1.791644763142312256e-08
1.813782294924405519e-08
1.836193357667262454e-08
1.858881331114707958e-08
1.881849636770633576e-08
1.905101738414975229e-08
1.928641142626061232e-08
1.952471399309457643e-08
1.976596102233285803e-08
2.001018889570220860e-08
2.025743444446119964e-08
2.050773495495496551e-08
2.076112817423791073e-08
2.101765231576655549e-08
2.127734606516207290e-08
2.154024858604465853e-08
2.180639952593936176e-08
2.207583902225553947e-08
2.234860770833950870e-08
2.262178244363782632e-08
2.288362560840976470e-08
2.314849956189645811e-08
2.341643938494578648e-08
2.368748056446026104e-08
2.396165899809719037e-08
2.423901099902284465e-08
2.451957330072206101e-08
2.480338306186332607e-08
2.509047787122015325e-08
2.538089575264966443e-08
2.567467517012830345e-08
2.597185503284635215e-08
2.627247470036114975e-08
2.657657398780994871e-08
2.688419317118339627e-08
2.719537299265951598e-08
2.751015466599993621e-08
2.782857988200835912e-08
2.815069081405216654e-08
2.847653012364824826e-08
2.880614096611290039e-08
2.913956699627768309e-08
2.947685237427119137e-08
2.981804177136769183e-08
3.016318037590380667e-08
3.051231389926304295e-08
3.086548858193022530e-08
3.122275119961567319e-08
3.158414906945028736e-08
3.194973005625265398e-08
3.231954257886804072e-08
3.269363561658144859e-08
3.307205871560447486e-08
3.345486199563746912e-08
3.384209615650741294e-08
3.423381248488313085e-08
3.463006286106743580e-08
3.503089976586859130e-08
3.543637628755105055e-08
3.584654612886651810e-08
3.626146361416686274e-08
3.668118369659857710e-08
3.710576196538125897e-08
3.753525465316997536e-08
3.796971864350283941e-08
3.840921147833518315e-08
3.885379136566012764e-08
3.930351718721819744e-08
3.975844850629574783e-08
4.021864557561362751e-08
4.068416934530761194e-08
4.115508147100038256e-08
4.163144432196769861e-08
4.211332098939876168e-08
4.260077529475213618e-08
4.306360594805077566e-08
4.351638628945580937e-08
4.397392726418565917e-08
4.443627892659909066e-08
4.490349185733754923e-08
4.537561716885860130e-08
4.585270651102749658e-08
4.633481207676792342e-08
4.682198660777132845e-08
4.731428340026713669e-08
4.781175631085318369e-08
4.831445976238758407e-08
4.882244874994248644e-08
4.933577884682048880e-08
4.985450621063423743e-08
5.037868758945006271e-08
5.090838032799606227e-08
5.144364237393548507e-08
5.198453228420653478e-08
5.253110923142777852e-08
5.308343301037197335e-08
5.364156404450743041e-08
5.420556339260827327e-08
5.477549275543415298e-08
5.535141448248026027e-08
5.593339157879825685e-08
5.652148771188894648e-08
5.711576721866728792e-08
5.771629511250125196e-08
5.832313709032347698e-08
5.893635953981889932e-08
5.955602954668735941e-08
6.018221490198267237e-08
6.081498410952889121e-08
6.145440639341454326e-08
6.210055170556561433e-08
6.275349073339822001e-08
6.341329490755160626e-08
6.408003640970300768e-08
6.475378818046352984e-08
6.543462392735820551e-08
6.612261813288944389e-08
6.681784606268522289e-08
6.752038377373310963e-08
6.823030812270077096e-08
6.894769677434399309e-08
6.967262821000295141e-08
7.040518173618853057e-08
7.114543749325753003e-08
7.189347646418039476e-08
7.264938048340059749e-08
7.341323224578714176e-08
7.418511531568132370e-08
7.496511413603849399e-08
7.575331403766609034e-08
7.653276971661046385e-08
7.723613743965694936e-08
7.794596940221373596e-08
7.866232501330808627e-08
7.938526422796118027e-08
8.011484755220542226e-08
8.085113604814878470e-08
8.159419133908469327e-08
8.234407561465057664e-08
8.310085163603224868e-08
8.386458274121625383e-08
8.463533285029180373e-08
8.541316647080017404e-08
8.619814870313296452e-08
8.699034524598178997e-08
8.778982240183615924e-08
8.859664708253298371e-08
8.941088681485602089e-08
9.023260974618856208e-08
9.106188465021646542e-08
9.189878093268358604e-08
9.274336863720174701e-08
9.359571845111224712e-08
9.445590171140245213e-08
9.532399041067543156e-08
9.620005720317658484e-08
9.708417541087381590e-08
9.797641902959353243e-08
9.887686273521491848e-08
9.978558188991929054e-08
1.007026525484968932e-07
1.016281514647134765e-07
1.025621560977333603e-07
1.035047446186027302e-07
1.044559959167913258e-07
1.054159896067962407e-07
1.063848060348046967e-07
1.073625262854178177e-07
1.083492321884383684e-07
1.093450063257187106e-07
1.103499320380718516e-07
1.113640934322478981e-07
1.123875753879727018e-07
1.134204635650511308e-07
1.144628444105376530e-07
1.155148051659706199e-07
1.165764338746743390e-07
1.176478193891268707e-07
1.187290513783979173e-07
1.198202203356529263e-07
1.209214175857260940e-07
1.220327352927653277e-07
1.231542664679449706e-07
1.242861049772497959e-07
1.254283455493323495e-07
1.265810837834403576e-07
1.276078459068379008e-07
1.285751001619894564e-07
1.295496861042129164e-07
1.305316593069369213e-07
1.315210757648306606e-07
1.325179918969979282e-07
1.335224645501926978e-07
1.345345510020616972e-07
1.355543089644099850e-07
1.365817965864929973e-07
1.376170724583306698e-07
1.386601956140491945e-07
1.397112255352481878e-07
1.407702221543907538e-07
1.418372458582221898e-07
1.429123574912127240e-07
1.439956183590282870e-07
1.450870902320244957e-07
1.461868353487698868e-07
1.472949164195958057e-07
1.484113966301704884e-07
1.495363396451032658e-07
1.506698096115743916e-07
1.518118711629939330e-07
1.529625894226856494e-07
1.541220300076013116e-07
1.552902590320633695e-07
1.564673431115329782e-07
1.576533493664099732e-07
1.588483454258594741e-07
1.600523994316697490e-07
1.612655800421356487e-07
1.624879564359752610e-07
1.637195983162737220e-07
1.649605759144594275e-07
1.662109599943066869e-07
1.674708218559718617e-07
1.687402333400602090e-07
1.700192668317202533e-07
1.713079952647728076e-07
1.726064921258690846e-07
1.739148314586826627e-07
1.752330878681293776e-07
1.765613365246225777e-07
1.778996531683606461e-07
1.792481141136438245e-07
1.806067962532270625e-07
1.819757770627042074e-07
1.833551346049270811e-07
1.847449475344547847e-07
1.861452951020401682e-07
1.875562571591482210e-07
1.889779141625109395e-07
1.904103471787127920e-07
1.918536378888146196e-07
1.932495787304755668e-07
1.943687447682455517e-07
1.954943922308569067e-07
1.966265586541762928e-07
1.977652817914528270e-07
1.989105996145761118e-07
2.000625503153410142e-07
2.012211723067237469e-07
2.023865042241610740e-07
2.035585849268396268e-07
2.047374534989898796e-07
2.059231492511920094e-07
2.071157117216855677e-07
2.083151806776865111e-07
2.095215961167159573e-07
2.107349982679321451e-07
2.119554275934729015e-07
2.131829247898029804e-07
2.144175307890738679e-07
2.156592867604873733e-07
2.169082341116671337e-07
2.181644144900420048e-07
2.194278697842331296e-07
2.206986421254516227e-07
2.219767738889016272e-07
2.232623076951961567e-07
2.245552864117764579e-07
2.258557531543423582e-07
2.271637512882882775e-07
2.284793244301519193e-07
2.298025164490674088e-07
2.311333714682266891e-07
2.324719338663537561e-07
2.338182482791829951e-07
2.351723596009463065e-07
2.365343129858728829e-07
2.379041538496930640e-07
2.392819278711537570e-07
2.406676809935396821e-07
2.420614594262082750e-07
2.434633096461291964e-07
2.448732783994326016e-07
2.462914127029710168e-07
2.477177598458850267e-07
2.491523673911813493e-07
2.505952831773166290e-07
2.520465553197959466e-07
2.535062322127750352e-07
2.549743625306753069e-07
2.564509952298045977e-07
2.579361795499929470e-07
2.594299650162324531e-07
2.609324014403297292e-07
2.624435389225648694e-07
2.639634278533652925e-07
2.654921189149844024e-07
2.668170236988629068e-07
2.680432246891474406e-07
2.692750608853404491e-07
2.705125581849463814e-07
2.717557426044876093e-07
2.729943498624519757e-07
2.741728961375892222e-07
2.753565303250709802e-07
2.765452743899677555e-07
2.777391503921756040e-07
2.789381804868256191e-07
2.800913044707566997e-07
2.812153035314399932e-07
2.823438131708818431e-07
2.834768514899171929e-07
2.846144366620173439e-07
2.857499768176665202e-07
2.867995106092112650e-07
2.878528992433415090e-07
2.889101568785461672e-07
2.899712977253152012e-07
2.910363360463325839e-07
2.920455673450575432e-07
2.930061111711862874e-07
2.939698142455457374e-07
2.949366869589676780e-07
2.959067397364597147e-07
2.968799032105915161e-07
2.977324112178112575e-07
2.985873672516388310e-07
2.994447783417257623e-07
3.003046515379096952e-07
3.011669939102723085e-07
3.019629420305627124e-07
3.026821465934770329e-07
3.034030641321626311e-07
3.041256987265227866e-07
3.048500544661806934e-07
3.055761354504975661e-07
3.061470360753966459e-07
3.067077188196964465e-07
3.072694284076456314e-07
3.078321667198225150e-07
3.083959356402497651e-07
3.088837311492696304e-07
3.092562508403704576e-07
3.096292197973472384e-07
3.100026385620246085e-07
3.103765076768778840e-07
3.107508276850387255e-07
3.109344476006118760e-07
3.110884303684948388e-07
3.112424893926202610e-07
3.113966247107533713e-07
3.115508363606757038e-07
3.116200024731025643e-07
3.115175990572990775e-07
3.114152292929276801e-07
3.113128931689307277e-07
3.112105906742539639e-07
3.111083217978450379e-07
3.107725824594667410e-07
3.103780908188869529e-07
3.099840999420909220e-07
3.095906091934153616e-07
3.091976179380019307e-07
3.087193328532742961e-07
3.080029947559625191e-07
3.072883188165237012e-07
3.065753011781635707e-07
3.058639379930372884e-07
3.051542254222266836e-07
3.041749336906030655e-07
3.030988978922342551e-07
3.020266686305360328e-07
3.009582324396725768e-07
2.998935759014441919e-07
2.987526101471141016e-07
2.972895508282542725e-07
2.958336564428470329e-07
2.943848919025881710e-07
2.929432222910070788e-07
2.915086128626293007e-07
2.897912576101848632e-07
2.879373502828989378e-07
2.860953031214665455e-07
2.842650402517963171e-07
2.824464862851927668e-07
2.805808759650435754e-07
2.783329686304259213e-07
2.761030706749851072e-07
2.738910378144202489e-07
2.716967269203813017e-07
2.695199960112083430e-07
2.670808600653241102e-07
2.644750612016213440e-07
2.618946860531046010e-07
2.593394865709700137e-07
2.568092171265225818e-07
2.542764740134800452e-07
2.513550727723317481e-07
2.484672357263961619e-07
2.456125772541492890e-07
2.427907161644998025e-07
2.400012756458912075e-07
2.370342003987079252e-07
2.339182231097606259e-07
2.308432074814045128e-07
2.278086150444903311e-07
2.248139144084168901e-07
2.218585811680758117e-07
2.186265736684745927e-07
2.154395719874332187e-07
2.122990284269424404e-07
2.092042657495283445e-07
2.061546165900637632e-07
2.030530523619207557e-07
1.998865718693129849e-07
1.967694705837318995e-07
1.937009784685107263e-07
1.906803374952031639e-07
1.877068014563244095e-07
1.847085090735491766e-07
1.817524942618659437e-07
1.788437865483273619e-07
1.759816288455449959e-07
1.731652761823093872e-07
1.704143830751386975e-07
1.677383275306618116e-07
1.651042946907706432e-07
1.625116246634448348e-07
1.599596679190968369e-07
1.574477851278488592e-07
1.551081799623317627e-07
1.528249941446700494e-07
1.505754167252200376e-07
1.483589529897873239e-07
1.461751155063506749e-07
1.440872102450445463e-07
1.421602448315578229e-07
1.402590498920673642e-07
1.383832807824366388e-07
1.365325974676644294e-07
1.347066644602430432e-07
1.330174871361325137e-07
1.313789158584500356e-07
1.297605292639237983e-07
1.281620787082375179e-07
1.265833186099923699e-07
1.250209056093486642e-07
1.234689063923265055e-07
1.219361735656566553e-07
1.204224679579568529e-07
1.189275533668997039e-07
1.174511965223529964e-07
1.158298076618406418e-07
1.141690781630478336e-07
1.125321596549130758e-07
1.109187107433224274e-07
1.093283949289572439e-07
1.076827478063190324e-07
1.057322492492604883e-07
1.038170808142371896e-07
1.019366025533143271e-07
1.000901861101782123e-07
9.827721451017073261e-08
9.619783601491210723e-08
9.400864815890361770e-08
9.186927996274833491e-08
8.977859767335153474e-08
8.773549333859803199e-08
8.570265831798762985e-08
8.346113898282973889e-08
8.127824570465199976e-08
7.915244514198234190e-08
7.708224405729161447e-08
7.506618826809210752e-08
7.311245411090134114e-08
7.121612930935576719e-08
6.936898966780388957e-08
6.756975946598795116e-08
6.581719607213086008e-08
6.412516237516152542e-08
6.273595006025168099e-08
6.137683374485938358e-08
6.004716142699933744e-08
5.874629522970643499e-08
5.747361109502969913e-08
5.636847293217090602e-08
5.541166811050682355e-08
5.447110420187689463e-08
5.354650553119012466e-08
5.263760110269592867e-08
5.174412452055587329e-08
5.084939529191719756e-08
4.996990928540918514e-08
4.910563478006451628e-08
4.825630867929513616e-08
4.742167243700500420e-08
4.647840744966384640e-08
4.540824431159295165e-08
4.436272162927187927e-08
4.334127205736993671e-08
4.234334131365562892e-08
4.136838787822012915e-08
4.024348991017222456e-08
3.913432044730509715e-08
3.805572131767952208e-08
3.700684995818337333e-08
3.598688702797668128e-08
3.503255984144904317e-08
3.416206913803220182e-08
3.331320842877407534e-08
3.248544025055704817e-08
3.167824049517254060e-08
3.089109807747738894e-08
3.025160808471782592e-08
2.964741078904591777e-08
2.905528076500714124e-08
2.847497700019426617e-08
2.790626329579701732e-08
2.733372769156711137e-08
2.674092601405718403e-08
2.616098075455296897e-08
2.559361308880321193e-08
2.503855023957236911e-08
2.449552534549560106e-08
2.390031370484379895e-08
2.330231397403612073e-08
2.271927654382671912e-08
2.215082704876427447e-08
2.159660049023818497e-08
2.106700191600399098e-08
2.058202595056676044e-08
2.010821444450492686e-08
1.964531038476623940e-08
1.919306267490451846e-08
1.875122599887574197e-08
1.833813436304132372e-08
1.794137041027156548e-08
1.755319084406489030e-08
1.717340993259714741e-08
1.680184596253893001e-08
1.643503647867159589e-08
1.606177269430325394e-08
1.569698627795915266e-08
1.534048469617729171e-08
1.499207978821309827e-08
1.465158766672844528e-08
1.432553151052489714e-08
1.401029466559515853e-08
1.370199468498542367e-08
1.340047892128993789e-08
1.310559808614663317e-08
1.281815889278096027e-08
1.254426428379183884e-08
1.227622217339164604e-08
1.201390750713027988e-08
1.175719790268383139e-08
1.150597359275760571e-08
1.126146807623650494e-08
1.102311485553133349e-08
1.078980647067135900e-08
1.056143614580253680e-08
1.033789936502205802e-08
1.011939580334184765e-08
9.911584968662323450e-09
9.708041715155555241e-09
9.508678404229019812e-09
9.313409197026982341e-09
9.122150017471303972e-09
8.942339881971055015e-09
8.773090463139056052e-09
8.607044385507836865e-09
8.444141020243741335e-09
8.284320886019982249e-09
8.127525627297651115e-09
7.973697993018690408e-09
7.822781815701257737e-09
7.674721990931420381e-09
7.529464457242630430e-09
7.386956176376063668e-09
7.247145113914719179e-09
7.109980220283896282e-09
6.975411412111447047e-09
6.843389553940503711e-09
6.713866440288749272e-09
6.586794778046828001e-09
6.462128169210176738e-09
6.339821093937681046e-09
6.219828893930708332e-09
6.102107756127122260e-09
5.986614696703520359e-09
5.873307545380522501e-09
5.762144930025096616e-09
5.653086261544075151e-09
5.546091719063947979e-09
5.441122235390796572e-09
5.338139482745660290e-09
5.237105858769883670e-09
5.137984472795111049e-09
5.040739132373477472e-09
4.945334330062419026e-09
4.851735230459809527e-09
4.759907657484482003e-09
4.669818081897286012e-09
4.581433609058629297e-09
4.494721966917436434e-09
4.409651494227628487e-09
4.326191128987628741e-09
4.244310397098481527e-09
4.163979401236910614e-09
4.085566484890497357e-09
4.009613923447639018e-09
3.935073355081138449e-09
3.861918530189815725e-09
3.790123687164659196e-09
3.719663543316777542e-09
3.650513285974165328e-09
3.582648563743751237e-09
3.516045477936126675e-09
3.450680574149462802e-09
3.386530834010112533e-09
3.323573667066533352e-09
3.261786902834116828e-09
3.201148782987767064e-09
3.141637953699640654e-09
3.083233458119382149e-09
3.025914728994155949e-09
2.969661581425823492e-09
2.914454205762755669e-09
2.860273160623913491e-09
2.807099366052432563e-09
2.754914096796675679e-09
2.703698975716006467e-09
2.653435967309324908e-09
2.604107371363797579e-09
2.555695816721672887e-09
2.508184255163018221e-09
2.461555955402177075e-09
2.415794497195793386e-09
2.370883765560373616e-09
2.326807945097384386e-09
2.283551514423850780e-09
2.241099240706450263e-09
2.199436174297215386e-09
2.158547643469052375e-09
2.118419249248991120e-09
2.079036860347631711e-09
2.040386608182713370e-09
2.002454881995330111e-09
1.965228324056846731e-09
1.928693824964936088e-09
1.892427367443244199e-09
1.849985184055028759e-09
1.808494867545167006e-09
1.767935070035633036e-09
1.728284922425325970e-09
1.689524023652364185e-09
1.651632430197166649e-09
1.614590645821019754e-09
1.578379611534712861e-09
1.542980695792185574e-09
1.508375684904098154e-09
1.474546773666401887e-09
1.441476556199090661e-09
1.409148016990385758e-09
1.377544522141836601e-09
1.346649810809710019e-09
1.316447986838357375e-09
1.286923510581217072e-09
1.258061190905250977e-09
1.229846177374704501e-09
1.202263952610139844e-09
1.175300324818887114e-09
1.148941420492965402e-09
1.123173677270798441e-09
1.097983836959019692e-09
1.073358938710760367e-09
1.049286312356973302e-09
1.025753571887273655e-09
1.002748609077010250e-09
9.802595872572635980e-10
9.582749352245472784e-10
9.367833412871380474e-10
9.157737474448919123e-10
8.952353436996105007e-10
8.751575624930123439e-10
8.555300732694260392e-10
8.363427771604654629e-10
8.175858017888765832e-10
7.992494961889390889e-10
7.813244258407895025e-10
7.638013678160955223e-10
7.466713060326317933e-10
7.262805670417393488e-10
7.057066789762694168e-10
6.857156026909062441e-10
6.662908284442643027e-10
6.474163141786611930e-10
6.290764722716625982e-10
6.112561566629809136e-10
5.939406503459999503e-10
5.771156532136630894e-10
5.607672702486455875e-10
5.448820000480866982e-10
5.294467236733652077e-10
5.144486938157709029e-10
4.998755242690430901e-10
4.857151797001833079e-10
4.719559657099831899e-10
4.585865191751586258e-10
4.455957988640373077e-10
4.329730763181038823e-10
4.207079269918396428e-10
4.087902216435601484e-10
3.972101179701147863e-10
3.859580524785725465e-10
3.750247325881553805e-10
3.644011289559147134e-10
3.540784680197892634e-10
3.440482247529147597e-10
3.343021156231887079e-10
3.248320917522540269e-10
3.156303322683074935e-10
3.066892378471730980e-10
2.980014244363696710e-10
2.895597171569401418e-10
2.813571443780488409e-10
2.733869319594070793e-10
2.656424976568284653e-10
2.581174456862319067e-10
2.508055614416578895e-10
2.437008063628940181e-10
2.367973129485010717e-10
2.300893799101019928e-10
2.229303175344702626e-10
2.155779519403472504e-10
2.084680714439340922e-10
2.015926787521314269e-10
1.949440403270097318e-10
1.885146776870081714e-10
1.822973589950414017e-10
1.762850909240230821e-10
1.704711107906732174e-10
1.648488789487637968e-10
1.594120714332253335e-10
1.541545728468686306e-10
1.490704694816964172e-10
1.441540426670813639e-10
1.393997623373307514e-10
1.348022808113846038e-10
1.303564267776743386e-10
1.260571994773558187e-10
1.218997630793853369e-10
1.178794412411138862e-10
1.139917118482658189e-10
1.102322019284058458e-10
1.065966827321555866e-10
1.030810649766367314e-10
9.968139424579235239e-11
9.639384654239960775e-11
9.321472398678790326e-11
9.014045065740963679e-11
8.716756856859332855e-11
8.429273378095620386e-11
8.151271264009043952e-11
7.882437813930649455e-11
7.622470640233021846e-11
7.371077328200425971e-11
7.127975107116920147e-11
6.892890532201556658e-11
6.665559177034133630e-11
6.445725336124481819e-11
6.233141737291334106e-11
6.027569263527343610e-11
5.828776684036648166e-11
5.631167365247683623e-11
5.431420585680132526e-11
5.238759153316715264e-11
5.052931739224353298e-11
4.873695929521055677e-11
4.700817909144421245e-11
4.534072156837382688e-11
4.373241150953129191e-11
4.218115085695974292e-11
4.068491597427267598e-11
3.924175500679862021e-11
3.784978533536583500e-11
3.650719112040387262e-11
3.521222093316301462e-11
3.396318547095515407e-11
3.275845535344037370e-11
3.159645899708286747e-11
3.047568056500206138e-11
2.939465798954853614e-11
2.835198106501976696e-11
2.734628960803178316e-11
2.637627168314510291e-11
2.544066189143093135e-11
2.453823971974364616e-11
2.366782794854940527e-11
2.282829111622960602e-11
2.201853403785907978e-11
2.123750037652562937e-11
2.048417126532631810e-11
1.975756397824561595e-11
1.905673064817788075e-11
1.838075703042461050e-11
1.772876131005243722e-11
1.709989295155537323e-11
1.649333158932287551e-11
1.590828595746340908e-11
1.534399285758962280e-11
1.479971616321788339e-11
1.427474585948278316e-11
1.376839711691577256e-11
1.328000939807717235e-11
1.280684912018290563e-11
1.233825471473109327e-11
1.188680587840088923e-11
1.145187526580135170e-11
1.103285848570747926e-11
1.062917326118206894e-11
1.024025862042796742e-11
9.865574117246731807e-12
9.504599080020206780e-12
9.156831888171162706e-12
8.821789275097967287e-12
8.499005656614435935e-12
8.188032483961301973e-12
7.888437620491279306e-12
7.599804741160110125e-12
7.321732753990224476e-12
7.053835242702627021e-12
6.795739929742273140e-12
6.547088158951551757e-12
6.307534397171852925e-12
6.076745754081497663e-12
5.854401519602456517e-12
5.640192718232965443e-12
5.433821679686946837e-12
5.235001625243454782e-12
5.043456269231213600e-12
4.858919435094693820e-12
4.681134685507967884e-12
4.509854966022669657e-12
4.344842261754365731e-12
4.185867266630831583e-12
4.032709064742131972e-12
3.885154823349914647e-12
3.742999497129432272e-12
3.606045543233023043e-12
3.474102646779231552e-12
3.346987456386261855e-12
3.224523329381869719e-12
3.106540086336075148e-12
2.992873774575212976e-12
2.883366440348934051e-12
2.777865909333407838e-12
2.675052225102343475e-12
2.575935667656560683e-12
2.480491596253373647e-12
2.388583937222735518e-12
2.300081658722835011e-12
2.214858583929193883e-12
2.132793211145713163e-12
2.053768540580856412e-12
1.977671907542203219e-12
1.904394821811550828e-12
1.833832812971400134e-12
1.765885281462594872e-12
1.700455355160481915e-12
1.637449751265282114e-12
1.576778643309750988e-12
1.518355533094435910e-12
1.462097127368050836e-12
1.407923219077134951e-12
1.355756573015646735e-12
1.305522815711464794e-12
1.257150329392891616e-12
1.210570149883877298e-12
1.165715868282501229e-12
