2.930115012068340041e-07
2.975634555289035306e-07
3.021861247821783377e-07
3.068806075280992452e-07
3.116480193943344699e-07
3.164894933399086151e-07
3.214061799244438975e-07
3.263992475815875183e-07
3.314698828966854743e-07
3.366192908887709967e-07
3.418486952969328373e-07
3.471593388711325968e-07
3.525524836675403372e-07
3.580294113484575139e-07
3.635914234868998587e-07
3.692398418759123191e-07
3.749760088426857208e-07
3.808012875675607048e-07
3.867156963569470582e-07
3.927212361910148456e-07
3.988200396527001928e-07
4.050135550887740060e-07
4.113032533382548039e-07
4.176906280817018120e-07
4.241771961959324553e-07
4.307644981142566300e-07
4.374540981922931871e-07
4.442475850794794295e-07
4.511465720963421286e-07
4.581526976176266722e-07
4.652676254613855140e-07
4.724930452840952729e-07
4.798306729819233991e-07
4.872822510982175658e-07
4.948495492373223985e-07
5.025343644848332835e-07
5.103385218343604716e-07
5.182638746209373087e-07
5.263123049611474485e-07
5.344857242000881515e-07
5.427860733652843357e-07
5.512153236276363890e-07
5.597754767695424567e-07
5.684685656602795896e-07
5.772966547387663606e-07
5.862618405038346400e-07
5.953662520121028566e-07
6.046120513835823518e-07
6.140014343151469521e-07
6.235366306019581929e-07
6.332199046670081885e-07
6.430535560988658044e-07
6.530399201977931028e-07
6.631813685303295775e-07
6.734803094924888069e-07
6.839391888817137462e-07
6.945604904777018307e-07
7.053467366322499209e-07
7.163004888682733557e-07
7.274243484881063699e-07
7.387209571912721270e-07
7.501929977018232720e-07
7.618431944054464455e-07
7.736743139964465883e-07
7.856891661347784353e-07
7.978906041132960835e-07
8.102815255353422927e-07
8.228648730028837693e-07
8.356436348153167356e-07
8.486208456791251093e-07
8.617995874285752043e-07
8.751829897575780316e-07
8.887742309629422878e-07
9.025758833701433600e-07
9.165882504508760434e-07
9.308181576130832458e-07
9.452689821367614167e-07
9.599441537337173912e-07
9.748471553615636638e-07
9.899815240503539357e-07
1.005350851742048986e-06
1.020958786143016902e-06
1.036809031589768299e-06
1.052905349928130991e-06
1.069251561406074815e-06
1.085851545580396232e-06
1.102709242237480201e-06
1.119828652328356157e-06
1.137213838918268738e-06
1.154868928151003416e-06
1.172798110228149323e-06
1.191005640403609117e-06
1.209495839993527578e-06
1.228273097401873178e-06
1.247341869162003787e-06
1.266706680994337660e-06
1.286372128880485230e-06
1.306342880154043319e-06
1.326623674608323224e-06
1.347219325621279717e-06
1.368134721297900993e-06
1.389374825630336547e-06
1.410944679676035087e-06
1.432849402754171584e-06
1.455094193660651240e-06
1.477684331901974332e-06
1.500625178948256709e-06
1.523922179505704524e-06
1.547580862808842609e-06
1.571606843932804627e-06
1.596005825125998379e-06
1.620783597163456934e-06
1.645946040721203794e-06
1.671499127771952915e-06
1.697448923002477525e-06
1.723801585252983168e-06
1.750563368978826524e-06
1.777740625734927951e-06
1.805339805683228818e-06
1.833367459123552149e-06
1.861830238048229321e-06
1.890734897720858092e-06
1.920088298279595150e-06
1.949897406365276047e-06
1.980169296774909061e-06
2.010911154140743103e-06
2.042130274635462141e-06
2.073834067703833522e-06
2.106030057821240702e-06
2.138722314702637764e-06
2.171920154297247960e-06
2.205633299944529286e-06
2.239869750367626803e-06
2.274637628448079069e-06
2.309945183153040012e-06
2.345800791492418434e-06
2.382212960506370946e-06
2.419190329283718796e-06
2.456741671011571517e-06
2.494875895056910392e-06
2.533602049080363413e-06
2.572929321182832826e-06
2.612867042085503834e-06
2.653424687343559695e-06
2.694611879594395630e-06
2.736438390840640701e-06
2.778914144768654280e-06
2.822049219103000233e-06
2.865853847997472704e-06
2.910338424463232525e-06
2.955513502834635744e-06
3.001389801273337457e-06
3.047978204311262589e-06
3.095289765433053925e-06
3.143335709698601309e-06
3.192127436406279671e-06
3.241676521797528193e-06
3.291994721803408850e-06
3.343093974833799510e-06
3.394986404609878883e-06
3.447684323040580532e-06
3.501200233143695681e-06
3.555546832012318123e-06
3.610737013827333412e-06
3.666783872916671476e-06
3.723700706862043051e-06
3.781501019653902782e-06
3.840198524895380988e-06
3.899807149055951515e-06
3.960341034775609009e-06
4.021814544220286593e-06
4.084242262489480854e-06
4.147639001076605895e-06
4.212019801383182259e-06
4.277399938287538357e-06
4.343794923768862108e-06
4.411220510587603141e-06
4.479692696022906570e-06
4.549227725668114269e-06
4.619842097285161197e-06
4.691552564718809506e-06
4.764376141871635259e-06
4.838330106740717245e-06
4.913432005516989305e-06
4.989701062563381618e-06
5.067161753468645561e-06
5.145824953013262972e-06
5.225709329079107015e-06
5.306833839350400792e-06
5.389217735812593926e-06
5.472880569321198144e-06
5.557842194241423793e-06
5.644122773159953079e-06
5.731742781669753797e-06
5.820723013229219361e-06
5.911084584096808263e-06
6.002848938342185013e-06
6.096037852935204248e-06
6.190673442913898454e-06
6.286778166632683943e-06
6.384374831092041235e-06
6.483486597350942089e-06
6.584136986023288648e-06
6.686349882859688616e-06
6.790149544415879358e-06
6.895560603809146874e-06
7.002608076564112671e-06
7.111317366549268357e-06
7.221714272005668269e-06
7.333824991669219246e-06
7.447676130988004099e-06
7.563294708436129578e-06
7.680708161925588754e-06
7.799944355317665014e-06
7.921031585035416740e-06
8.043998586778815599e-06
8.168874542344126640e-06
8.295689086549171745e-06
8.424472314266071393e-06
8.555254787563194385e-06
8.688067542957957079e-06
8.822942098782227176e-06
8.959910462662068494e-06
9.099005139113598708e-06
9.240259137256765933e-06
9.383705978648878825e-06
9.529379705239743515e-06
9.677314887450291162e-06
9.827546632376629068e-06
9.980110592121446578e-06
1.013504297225478156e-05
1.029238054040602614e-05
1.045216063498952145e-05
1.061442117406539297e-05
1.077920066433816090e-05
1.094653821029470610e-05
1.111647352348452909e-05
1.128904693194375556e-05
1.146429938976556350e-05
1.164227248681916285e-05
1.182309110599217433e-05
1.200676213276648290e-05
1.219328647816736024e-05
1.238270846833229002e-05
1.257507311800269970e-05
1.277042614122139029e-05
1.296881396219613034e-05
1.317028372633203646e-05
1.337488331143532556e-05
1.358266133909112723e-05
1.379366718621804316e-05
1.400795099680220974e-05
1.422556369381364558e-05
1.444655699130772139e-05
1.467098340671462556e-05
1.489889627331974236e-05
1.513034975293791604e-05
1.536539884878460952e-05
1.560409941854700502e-05
1.584650818765822165e-05
1.609268276277754664e-05
1.634268164548044095e-05
1.659656424616088094e-05
1.685439089814981870e-05
1.711622287205297310e-05
1.738212239031132283e-05
1.765215264198781808e-05
1.792637779778379753e-05
1.820486302528867475e-05
1.848767450446654986e-05
1.877487944338338203e-05
1.906654609417848342e-05
1.936274376928416005e-05
1.966354285789727704e-05
1.996901484270674650e-05
2.027923231688086479e-05
2.059426900131853437e-05
2.091419976216849709e-05
2.123910062862072927e-05
2.156904881097424745e-05
2.190412271898536665e-05
2.224440198050167642e-05
2.258996746038434696e-05
2.294090127972578199e-05
2.329728683536442439e-05
2.365920881970389063e-05
2.402675324083927653e-05
2.440000744299638418e-05
2.477906012728844728e-05
2.516400137279528460e-05
2.555492265796993682e-05
2.595191688237784500e-05
2.635507838877375469e-05
2.676450298552156674e-05
2.718028796936249825e-05
2.759904532010460732e-05
2.800506036051014249e-05
2.841704836886167656e-05
2.883509721467759980e-05
2.925929606014230922e-05
2.968973537912281322e-05
3.012650697646510091e-05
3.056970400757467413e-05
3.101942099828453530e-05
3.147575386501605898e-05
3.193879993523616567e-05
3.240865796821546679e-05
3.288542817609185309e-05
3.336921224524380577e-05
3.386011335797853278e-05
3.435823621453846756e-05
3.486368705543218817e-05
3.537657368409350404e-05
3.589700548987396209e-05
3.642509347137352221e-05
3.696095026011483674e-05
3.750469014456504389e-05
3.805642909451170219e-05
3.861628478579697931e-05
3.918437662541571936e-05
3.976082577698281659e-05
4.034575518657509290e-05
4.093928960895377767e-05
4.154155563417195391e-05
4.215268171457420108e-05
4.277279819219307613e-05
4.340203732654859250e-05
4.404053332285718205e-05
4.468842236065428676e-05
4.534584262284017562e-05
4.601293432515085006e-05
4.668983974606398545e-05
4.737670325714419146e-05
4.807367135383487541e-05
4.878089268670291612e-05
4.949851809314351360e-05
5.022670062955048693e-05
5.096559560396076132e-05
5.171536060917865548e-05
5.247615555638757866e-05
5.324814270925610376e-05
5.403148671854578189e-05
5.482635465722857955e-05
5.563291605611981320e-05
5.645134294003642723e-05
5.728180986448662589e-05
5.812449395289927522e-05
5.897957493440155900e-05
5.984723518215121076e-05
6.072765975223384566e-05
6.162103642313192426e-05
6.244296805982302745e-05
6.323089733550012453e-05
6.402876900441635641e-05
6.483670852349578801e-05
6.565484293272614755e-05
6.648330087513393705e-05
6.732221261701304275e-05
6.817171006840713017e-05
6.903192680385136684e-05
6.990299808337546478e-05
7.078506087377218993e-05
7.167825387013308672e-05
7.258271751765853295e-05
7.349859403373915686e-05
7.442602743031964826e-05
7.536516353654242929e-05
7.631615002167783924e-05
7.727913641834361150e-05
7.825427414601731561e-05
7.924171653484557247e-05
8.024161884975305147e-05
8.125413831485714486e-05
8.227943413818917325e-05
8.331766753672836974e-05
8.436900176175152969e-05
8.543360212450270327e-05
8.651163602218600742e-05
8.760327296428806242e-05
8.870868459923093386e-05
8.982804474136218021e-05
9.096152939828532633e-05
9.210931679853522167e-05
9.327158741960280973e-05
9.444852401631231745e-05
9.564031164955966006e-05
9.684713771540864630e-05
9.806919197455909196e-05
9.930666658218380619e-05
1.005597561181432461e-04
1.018286576175806991e-04
1.031135706019046340e-04
1.044146971101609446e-04
1.057322417308016456e-04
1.070664116338538555e-04
1.084174166034957082e-04
1.097854690710424317e-04
1.111707841483485431e-04
1.125735796616326529e-04
1.139940761857280075e-04
1.154324970787651549e-04
1.168890685172933999e-04
1.183640195318442481e-04
1.198575820429441976e-04
1.213699908975814182e-04
1.229014839061336097e-04
1.244137864163167000e-04
1.257334534843004554e-04
1.270671183673212021e-04
1.284149295413323415e-04
1.297770370571832508e-04
1.311535925573252656e-04
1.325038080068628493e-04
1.338427784386977352e-04
1.351952793633110037e-04
1.365614475083181041e-04
1.379414209829878763e-04
1.393287266632223568e-04
1.406608201405535046e-04
1.420056494913462641e-04
1.433633364806834881e-04
1.447340040378195176e-04
1.461177762673097338e-04
1.474672277889355304e-04
1.487905537466483786e-04
1.501257548281878052e-04
1.514729375972957714e-04
1.528322095739849732e-04
1.542016731997625061e-04
1.554862670678144865e-04
1.567815623852839469e-04
1.580876483017632178e-04
1.594046147095149867e-04
1.607325522496591346e-04
1.620164736098238462e-04
1.632520913714027280e-04
1.644971325651716431e-04
1.657516690588855027e-04
1.670157732683977584e-04
1.682895181618414380e-04
1.694497221669404345e-04
1.706117744666489709e-04
1.717817958885845301e-04
1.729598410833928018e-04
1.741459650765038534e-04
1.752792874176465948e-04
1.763349562238004952e-04
1.773969830922484433e-04
1.784654063162089701e-04
1.795402644195321468e-04
1.806215961580887736e-04
1.815609147136175840e-04
1.824857510496731355e-04
1.834152983239271983e-04
1.843495805329918428e-04
1.852886217957131225e-04
1.861659517749928751e-04
1.869241346198292962e-04
1.876854052539242933e-04
1.884497762526648329e-04
1.892172602426522041e-04
1.899878699019110525e-04
1.905886406996477943e-04
1.911525919824362855e-04
1.917182119955763498e-04
1.922855056768364430e-04
1.928544779785961089e-04
1.933574171942365535e-04
1.936903277694789816e-04
1.940238115291004390e-04
1.943578694599735915e-04
1.946925025506701309e-04
1.950277117914639468e-04
1.951624770209519266e-04
1.952302745338225273e-04
1.952980955988782596e-04
1.953659402243005131e-04
1.954338084182743367e-04
1.954380583001023299e-04
1.952115231120038941e-04
1.949852505042436819e-04
1.947592401724608274e-04
1.945334918126473726e-04
1.943080051211476165e-04
1.938657086885406736e-04
1.933236157790234127e-04
1.927830386854004240e-04
1.922439731691030101e-04
1.917064150034151072e-04
1.911191085915940342e-04
1.902406416970568140e-04
1.893662126200385215e-04
1.884958028009655197e-04
1.876293937655734809e-04
1.867669671245130900e-04
1.856884759521349511e-04
1.844791516387005723e-04
1.832777032329525836e-04
1.820840794418501524e-04
1.808982293064054898e-04
1.796910066948973470e-04
1.781631783205759516e-04
1.766483403545355234e-04
1.751463823454253331e-04
1.736571947810113014e-04
1.721806690801899015e-04
1.705272124390769251e-04
1.687343350248922424e-04
1.669603074433902590e-04
1.652049315124812581e-04
1.634680111337090272e-04
1.617452850873530613e-04
1.597381944849202823e-04
1.577560097873750920e-04
1.557984219383660432e-04
1.538651257166092875e-04
1.519558196882998249e-04
1.499498559388947369e-04
1.478414592972109238e-04
1.457627081418188565e-04
1.437131856370812391e-04
1.416924808083526433e-04
1.397001884595695993e-04
1.375811920126874979e-04
1.354855553459544115e-04
1.334218394161673215e-04
1.313895580066727002e-04
1.293882323068687305e-04
1.273929061836634967e-04
1.253939046829837293e-04
1.234262707609187792e-04
1.214895122092401661e-04
1.195831445432651440e-04
1.177066908806618850e-04
1.158948262608382581e-04
1.141156680593518442e-04
1.123638225862075318e-04
1.106388705503445871e-04
1.089403990974445967e-04
1.073101975472186016e-04
1.057836914579087119e-04
1.042789001813003300e-04
1.027955148204334025e-04
1.013332308724602422e-04
9.989174816613888785e-05
9.860108346524278750e-05
9.735725255844771670e-05
9.612911230403034730e-05
9.491646476787346271e-05
9.371911451275577909e-05
9.257130488567007405e-05
9.152666959198848173e-05
9.049382264781940155e-05
8.947263102569836906e-05
8.846296319933021231e-05
8.746468912664869108e-05
8.648382198308448145e-05
8.551606021318420995e-05
8.455912778479301583e-05
8.361290351660265207e-05
8.267726758333447234e-05
8.171813499906333933e-05
8.064299632614428594e-05
7.958200289976086021e-05
7.853496861554863976e-05
7.750170981765707378e-05
7.648204526653532931e-05
7.525776226764982685e-05
7.394996321076236379e-05
7.266489055872217876e-05
7.140214938122667256e-05
7.016135161091286527e-05
6.888845407507319116e-05
6.731882116164723308e-05
6.578495255032369910e-05
6.428603334655373636e-05
6.282126722327310505e-05
6.138987599783903687e-05
5.983217098840926232e-05
5.821404273192852557e-05
5.663967586687261791e-05
5.510788689040658025e-05
5.361752430687963548e-05
5.216706395107328871e-05
5.075088665583547023e-05
4.937315427161330269e-05
4.803282313587397965e-05
4.672887791835136250e-05
4.546033085191160411e-05
4.434784038130509348e-05
4.336404268845384623e-05
4.240206923534328004e-05
4.146143588032122508e-05
4.054166922177261960e-05
3.964374721229672936e-05
3.900685021995556833e-05
3.838018530221323885e-05
3.776358807557930579e-05
3.715689679746807472e-05
3.655995232377056933e-05
3.597863621522814443e-05
3.541321135157462992e-05
3.485667246332392328e-05
3.430887990228596553e-05
3.376969621492188994e-05
3.323898610785379592e-05
3.249635813264904028e-05
3.175618576665735894e-05
3.103287237080447054e-05
3.032603394686616906e-05
2.963529524297910247e-05
2.888255344052375849e-05
2.803770578147834469e-05
2.721757088089676852e-05
2.642142586238308759e-05
2.564856899450108471e-05
2.489831907226037439e-05
2.423705112517534350e-05
2.360306455849850492e-05
2.298566164981916653e-05
2.238440860806498376e-05
2.179888298915932246e-05
2.128264754492061877e-05
2.088282649726589134e-05
2.049051658608088018e-05
2.010557670530985474e-05
1.972786839974996283e-05
1.935725581525201905e-05
1.896132144708195173e-05
1.856573114148440476e-05
1.817839404177865894e-05
1.779913796121862803e-05
1.742779430539269741e-05
1.703706341733373148e-05
1.658325495226883065e-05
1.614153437570442249e-05
1.571157970808385979e-05
1.529307754627258942e-05
1.488572283511200950e-05
1.452680707750952391e-05
1.418977556362004384e-05
1.386056340333996538e-05
1.353898918250376038e-05
1.322487569587412681e-05
1.292461227584871987e-05
1.265662054294700598e-05
1.239418561649883568e-05
1.213719227616649784e-05
1.188552769070509419e-05
1.163908136842466785e-05
1.137585204563944911e-05
1.110793881054092112e-05
1.084633521284390323e-05
1.059089265397641557e-05
1.034146603501859125e-05
1.010051604519118780e-05
9.881648524378199171e-06
9.667523631709426559e-06
9.458038599439161020e-06
9.253092886690321054e-06
9.052588131200486540e-06
8.858814788067809711e-06
8.670746661542785079e-06
8.486671125568599416e-06
8.306503419481138241e-06
8.130160582041999332e-06
7.957691529766786035e-06
7.790678497443655567e-06
7.627170671732445930e-06
7.467094486677112795e-06
7.310377920296215763e-06
7.156950462178533709e-06
7.010048979200397530e-06
6.869008427916188081e-06
6.730805579644537030e-06
6.595383340462368724e-06
6.462685765163016473e-06
6.332658034144341585e-06
6.217854070031130839e-06
6.105149511216775985e-06
5.994487830449166387e-06
5.885831998607585063e-06
5.779145657759594788e-06
5.674393108995060666e-06
5.571539300480814635e-06
5.470549815731715702e-06
5.371390862094370516e-06
5.274029259439596729e-06
5.178432429059792955e-06
5.084568382767669628e-06
4.992405712192420704e-06
4.901913578270066656e-06
4.813061700924190138e-06
4.725820348933725333e-06
4.640160329984484838e-06
4.556052980900919907e-06
4.473470158054983435e-06
4.392384227948835437e-06
4.312768057968253617e-06
4.234595007303601457e-06
4.157838918035462900e-06
4.082474106381721505e-06
4.008475354103432880e-06
3.935817900066380067e-06
3.864477431955586140e-06
3.794430078140091298e-06
3.725652399685093780e-06
3.658121382508930032e-06
3.591814429682209864e-06
3.526709353866504529e-06
3.462784369890160962e-06
3.400018087458614260e-06
3.338389503996871615e-06
3.277877997621735002e-06
3.218463320241345635e-06
3.160125590779938520e-06
3.102845288525269405e-06
3.046603246596696065e-06
2.991380645531646423e-06
2.938296700832563706e-06
2.886488710775540124e-06
2.835594198187618992e-06
2.785597056651901514e-06
2.736481463739522195e-06
2.688231876002355976e-06
2.640833024054068365e-06
2.594269907737841172e-06
2.548527791379328404e-06
2.503592199123310868e-06
2.459448910352551081e-06
2.416083955187472498e-06
2.373483610065137113e-06
2.331634393396200484e-06
2.290523061298443627e-06
2.250136603405510422e-06
2.210462238749569817e-06
2.171487411716576800e-06
2.133199788072821794e-06
2.095587251061568198e-06
2.058637897568484691e-06
2.022340034354732164e-06
1.986682174356426697e-06
1.951653033049369395e-06
1.917241524877876703e-06
1.883436759746553748e-06
1.850228039573967364e-06
1.817604854907043328e-06
1.785556881595178577e-06
1.754073977522995845e-06
1.723146179400687219e-06
1.692763699610986725e-06
1.662916923111701490e-06
1.633596404392875052e-06
1.604792864487600894e-06
1.576497188035526288e-06
1.548700420398164280e-06
1.521393764825035279e-06
1.494568579669792258e-06
1.468216375655431110e-06
1.442328813187705208e-06
1.413452842898917666e-06
1.382301758857795038e-06
1.351837213488131233e-06
1.322044076165690458e-06
1.292907549730014609e-06
1.264413163135242485e-06
1.236546764262855240e-06
1.209294512892849601e-06
1.182642873829795297e-06
1.156578610180398732e-06
1.131088776779235377e-06
1.106160713759347665e-06
1.081782040264564843e-06
1.057940648300370089e-06
1.034624696720315572e-06
1.011822605344945211e-06
9.895230492103638932e-07
9.677149529435228028e-07
9.463874852614948221e-07
9.255300535919825756e-07
9.051322988123468196e-07
8.851840901046480646e-07
8.656755199240110411e-07
8.465968990779202000e-07
8.279387519139588301e-07
8.096918116135825122e-07
7.918470155896466980e-07
7.743955009853412853e-07
7.573286002723427147e-07
7.406378369459609742e-07
7.243149213151713403e-07
7.083517463854354017e-07
6.927403838322465124e-07
6.774730800634280968e-07
6.625422523682014820e-07
6.479404851511310888e-07
6.336605262490753585e-07
6.196952833293024933e-07
6.060378203669821851e-07
5.926813542003222055e-07
5.796192511616140792e-07
5.656884895079529562e-07
5.496211425226313268e-07
5.340101591436669487e-07
5.188425771974439988e-07
5.041058026771746220e-07
4.897875992858107997e-07
4.758760782759384633e-07
4.623596885782723036e-07
4.492272072105257902e-07
4.364677299586962526e-07
4.240706623230404502e-07
4.120257107212036287e-07
4.003228739412115429e-07
3.889524348372295339e-07
3.779049522611718421e-07
3.671712532235033187e-07
3.567424252766781363e-07
3.466098091149257480e-07
3.367649913842185442e-07
3.271997976964600525e-07
3.179062858421012993e-07
3.088767391955310706e-07
3.001036603077741687e-07
2.915797646811836433e-07
2.832979747209417815e-07
2.752514138583731006e-07
2.674334008411563436e-07
2.598374441857238538e-07
2.524572367872273964e-07
2.452866506825955483e-07
2.383197319623424105e-07
2.315506958268917863e-07
2.249739217833193321e-07
2.185839489785255119e-07
2.123754716649519478e-07
2.063433347950993761e-07
2.004825297411640145e-07
1.947881901362544722e-07
1.892555878337330160e-07
1.838801289813165650e-07
1.786573502066970383e-07
1.735129883162883059e-07
1.677803668342399060e-07
1.622371429838920420e-07
1.568770593378184030e-07
1.516940652050605149e-07
1.466823098008563096e-07
1.418361356420197003e-07
1.371500721605354053e-07
1.326188295281467409e-07
1.282372926849719723e-07
1.240005155654078999e-07
1.199037155147997962e-07
1.159422678905756115e-07
1.121117008417545707e-07
1.084076902609274679e-07
1.048260549030243918e-07
1.013627516653434561e-07
9.801387102352618324e-08
9.477563261831852988e-08
9.164438098814015134e-08
8.861658144264439081e-08
8.568881607260894946e-08
8.285777989165321907e-08
8.012027710543048647e-08
7.747321750407629623e-08
7.491361297385115727e-08
7.243857412402766705e-08
7.004530702522469888e-08
6.773111005549987656e-08
6.549337085064351291e-08
6.332956335523115396e-08
6.123724497110438061e-08
5.921405380006120209e-08
5.725770597764568996e-08
5.536599309502311602e-08
5.353677970603512545e-08
5.176800091661629763e-08
5.005766005385418418e-08
4.840382641205972963e-08
4.680463307330339596e-08
4.525827479996000641e-08
4.376300599687893649e-08
4.222809263241818006e-08
4.073253985955493324e-08
3.928995367734217628e-08
3.789845821768906228e-08
3.655624404836612882e-08
3.526156582010927579e-08
3.401273999705328296e-08
3.280814266754414842e-08
3.164620743248516363e-08
3.052542336846778539e-08
2.944433306304170998e-08
2.840153071956727778e-08
2.739566032918630874e-08
2.642541390753559020e-08
2.548952979390796462e-08
2.458679101065071465e-08
2.371602368066813530e-08
2.287609550096890130e-08
2.206591427027562336e-08
2.128442646877968823e-08
2.053061588819586001e-08
1.980350231033537527e-08
1.910214023247793942e-08
1.842561763788704544e-08
1.777305480986795435e-08
1.714360318782750501e-08
1.653644426384760578e-08
1.595078851833773931e-08
1.538587439338281576e-08
1.484096730245048933e-08
1.431535867517103207e-08
1.380836503594733300e-08
1.331932711519679353e-08
1.284760899206955782e-08
1.239259726752853656e-08
1.195370026671530048e-08
1.153034726956527526e-08
1.112198776867140252e-08
1.072809075343136040e-08
1.034814401954768474e-08
9.981653502982333563e-09
9.621570608734629066e-09
9.270712698121165287e-09
8.932649088817297617e-09
8.606913226867566823e-09
8.293055571562410397e-09
7.990642975036996627e-09
7.699258084493815710e-09
7.418498766223337005e-09
7.147977550628550566e-09
6.887321097486794198e-09
6.636169680711367540e-09
6.394176691901714986e-09
6.161008161996883978e-09
5.936342300372502700e-09
5.719869050744793139e-09
5.511289663268772972e-09
5.310316282240458698e-09
5.116671548833594221e-09
4.930088218323129343e-09
4.750308791266720914e-09
4.577085158135582781e-09
4.410178256904149036e-09
4.249357743125891298e-09
4.094401672040265425e-09
3.945096192271660618e-09
3.801235250698032213e-09
3.662620308081552937e-09
3.529060065069100178e-09
3.400370198184411736e-09
3.276373105447355825e-09
3.156897661269462966e-09
3.041778980287377662e-09
2.930858189808238391e-09
2.823982210553140353e-09
2.721003545395822865e-09
2.621780075805220664e-09
2.526174865710940472e-09
2.434055972520772746e-09
2.345296265029807832e-09
2.259773247969475233e-09
2.177368892954599933e-09
2.097592025541966479e-09
2.020189470875664301e-09
1.945643122466783442e-09
1.873847584385958181e-09
1.804701349884386205e-09
1.738106657880506967e-09
1.673969354742305199e-09
1.612198761170057040e-09
1.552707543991078739e-09
1.495411592685439748e-09
1.440229900467889614e-09
1.387084449757947414e-09
1.335900101876278004e-09
1.286604490811261343e-09
1.239127920905729972e-09
1.193403268319078546e-09
1.149365886125491827e-09
1.106953512914159066e-09
1.066106184762129342e-09
1.026766150455499800e-09
9.888777898389504990e-10
9.523875351782403989e-10
9.172437954245178570e-10
8.833968832732719994e-10
8.507989449149139825e-10
8.194038923775676569e-10
7.891673383664789858e-10
7.600465335078781011e-10
7.320003059086018297e-10
7.049890029460053586e-10
6.789744352058505033e-10
6.539198224889385659e-10
6.297897418101204031e-10
6.065500773161924268e-10
