4.906276659747991722e-09
4.974047906871983218e-09
5.042755289940880548e-09
5.112411739962179260e-09
5.183030366561676787e-09
5.254624460450698261e-09
5.327207495927394742e-09
5.400793133412812795e-09
5.475395222021667612e-09
5.551027802168977717e-09
5.627705108212347853e-09
5.705441571131117645e-09
5.784251821242142796e-09
5.864150690953466931e-09
5.945153217555655815e-09
6.027274646052037175e-09
6.110530432027805606e-09
6.194936244558747776e-09
6.280507969160404349e-09
6.367261710777582615e-09
6.455213796815578865e-09
6.544380780212854104e-09
6.634779442556575911e-09
6.726426797240764240e-09
6.819340092668502787e-09
6.913536815497932196e-09
7.009034693933509903e-09
7.105851701062443959e-09
7.203665176092418470e-09
7.301135006093181485e-09
7.399923660265856253e-09
7.500048983077706179e-09
7.601529060442227570e-09
7.704382222985946429e-09
7.808627049359583577e-09
7.914282369593844499e-09
8.021367268500928307e-09
8.129901089121783082e-09
8.239903436219979475e-09
8.351394179823185237e-09
8.464393458812200978e-09
8.578921684558774772e-09
8.694999544612422250e-09
8.812648006437491289e-09
8.931888321200421688e-09
9.052742027608485247e-09
9.175230955800229600e-09
9.299377231288937710e-09
9.425203278959073243e-09
9.552731827117023729e-09
9.681985911596424420e-09
9.812988879919416084e-09
9.945764395513820222e-09
1.008033644198757999e-08
1.021672932746093504e-08
1.035496768895729801e-08
1.049507649685357228e-08
1.063708105939047336e-08
1.078100702724419897e-08
1.092688039815962647e-08
1.107472752164642400e-08
1.122457510373870398e-08
1.137645021181884758e-08
1.153038027950692141e-08
1.168639311161601872e-08
1.184451688917467347e-08
1.200478017451732319e-08
1.216721191644367766e-08
1.233184145544764353e-08
1.249869852901738319e-08
1.266781327700667495e-08
1.283921624707936121e-08
1.301293840022705844e-08
1.318901111636192045e-08
1.336746619998468515e-08
1.354833588592980617e-08
1.373165284518791764e-08
1.391745019080749493e-08
1.410576148387593951e-08
1.429662073958203203e-08
1.449006243335996688e-08
1.468612150711696832e-08
1.488483337554474643e-08
1.508623393251663565e-08
1.528668327630973565e-08
1.548795939728454116e-08
1.569188567304716755e-08
1.589849699755509640e-08
1.610782872420613471e-08
1.631991667188796725e-08
1.653479713110705537e-08
1.675250687019821233e-08
1.697308314161627473e-08
1.719656368831025045e-08
1.742298675018161394e-08
1.765239107062741080e-08
1.788481590316988867e-08
1.812030101817307480e-08
1.835888670964781224e-08
1.860061380214670400e-08
1.884552365774952760e-08
1.909365818314059899e-08
1.934505983677969396e-08
1.959977163616698680e-08
1.985783716520387917e-08
2.011930058165051307e-08
2.038420662468186388e-08
2.065260062254298593e-08
2.092452850030501856e-08
2.120003678772371631e-08
2.147917262720100931e-08
2.176198378185165542e-08
2.204851864367585418e-08
2.233882624183988386e-08
2.263295625106539376e-08
2.293095900012912504e-08
2.323288548047499577e-08
2.353878735493912597e-08
2.384871696658975796e-08
2.416272734768401438e-08
2.448087222874211582e-08
2.480320604774111284e-08
2.512978395943009769e-08
2.546066184476756090e-08
2.579589632048333772e-08
2.613554474876610746e-08
2.647966524707899981e-08
2.682831669810395029e-08
2.718155875981699500e-08
2.753945187569669849e-08
2.790205728506654184e-08
2.826943703357341833e-08
2.864165398380467532e-08
2.901877182604431763e-08
2.940085508917123119e-08
2.978796915170051563e-08
3.018018025297079764e-08
3.057755550447830935e-08
3.098016290136021327e-08
3.138556150157313022e-08
3.178383102731566540e-08
3.218715442520655425e-08
3.259559582674994539e-08
3.300922017725151608e-08
3.342809324614543834e-08
3.385228163745244991e-08
3.428185280036999616e-08
3.471687503999743407e-08
3.515741752819690046e-08
3.560355031459250458e-08
3.605534433770827544e-08
3.651287143624818552e-08
3.697620436051923714e-08
3.744541678399890174e-08
3.792058331504996931e-08
3.840177950878409848e-08
3.888908187907517897e-08
3.938256791072584809e-08
3.988231607178844527e-08
4.038840582604149631e-08
4.090091764562542670e-08
4.141993302383807285e-08
4.194553448809305541e-08
4.247780561304170260e-08
4.301683103386273914e-08
4.356269645971929716e-08
4.411548868738770943e-08
4.467529561505865392e-08
4.524220625631403783e-08
4.581631075428024979e-08
4.639770039596190285e-08
4.698646762675743149e-08
4.758270606515809109e-08
4.818651051763424436e-08
4.879797699371064195e-08
4.941720272123208039e-08
5.004428616182365255e-08
5.067932702654720542e-08
5.132242629175557999e-08
5.197368621514899430e-08
5.263321035203461509e-08
5.330110357179305036e-08
5.397747207455276202e-08
5.466242340807701106e-08
5.535606648486508877e-08
5.605851159946960094e-08
5.676987044603446374e-08
5.749025613605547068e-08
5.821978321636519096e-08
5.895856768734714913e-08
5.970672702138111887e-08
6.046438018152141716e-08
6.123164764041330723e-08
6.200865139944942293e-08
6.279551500816820625e-08
6.356583178041797226e-08
6.433235857273164876e-08
6.510812874795827366e-08
6.589325377007879738e-08
6.668784644719437163e-08
6.749202094773511894e-08
6.830589281686345510e-08
6.912957899307664957e-08
6.996319782500833284e-08
7.080686908843262987e-08
7.166071400347457257e-08
7.252485525202664571e-08
7.339941699537624393e-08
7.428452489204475479e-08
7.518030611584329683e-08
7.608688937414466286e-08
7.700440492637653738e-08
7.793298460273675567e-08
7.887276182313584577e-08
7.982387161636635016e-08
8.078645063950439338e-08
8.176063719754409103e-08
8.274657126327045150e-08
8.374439449737022775e-08
8.475425026878633081e-08
8.577628367531662549e-08
8.681064156446285231e-08
8.785747255452923878e-08
8.891692705597661035e-08
8.998915729303286103e-08
9.107431732556589852e-08
9.217256307121848113e-08
9.328405232781114083e-08
9.440894479601406559e-08
9.554740210229426749e-08
9.669958782213785124e-08
9.786566750355216092e-08
9.904580869085321797e-08
1.002401809487379741e-07
1.014489558866478638e-07
1.026723071834261458e-07
1.039104106122715062e-07
1.051634440659947417e-07
1.064315875825781112e-07
1.077150233710427555e-07
1.090139358376301818e-07
1.103285116122971495e-07
1.116589395755314629e-07
1.130054108854896891e-07
1.143681190054645044e-07
1.157472597316808744e-07
1.171430312214288505e-07
1.185556340215342530e-07
1.199852710971749573e-07
1.214321478610425568e-07
1.228802572394565898e-07
1.242654090755397575e-07
1.256661748568745215e-07
1.270827305896424255e-07
1.285152542640331179e-07
1.299639258766068156e-07
1.314289274529117512e-07
1.329104430703564451e-07
1.344086588813371724e-07
1.359237631366301274e-07
1.374559462090433104e-07
1.390054006173375584e-07
1.405723210504174354e-07
1.421569043917919559e-07
1.437593497443151998e-07
1.453798584552015772e-07
1.470186341413259884e-07
1.486758827148091680e-07
1.503518124088887456e-07
1.520466338040846218e-07
1.537605598546593784e-07
1.554938059153740900e-07
1.572465897685485385e-07
1.590191316514265449e-07
1.608116542838466035e-07
1.626243828962290942e-07
1.644575452578742507e-07
1.663113717055823446e-07
1.681860951725964578e-07
1.700819512178686347e-07
1.719991780556587345e-07
1.739380165854672249e-07
1.758987104223016026e-07
1.778815059272895658e-07
1.798866522386317166e-07
1.819144013029068392e-07
1.839650079067301805e-07
1.860387297087649950e-07
1.881358272720986595e-07
1.902565640969833808e-07
1.924012066539427968e-07
1.945700244172551885e-07
1.967632898988139135e-07
1.989812786823659863e-07
2.012242694581421735e-07
2.034925440578717209e-07
2.057863874901956102e-07
2.081060879764792176e-07
2.104519369870242962e-07
2.128242292776957919e-07
2.152232629269546269e-07
2.176493393733128353e-07
2.201027634532104142e-07
2.225838434393149511e-07
2.250928910792598021e-07
2.276302216348117955e-07
2.300120538766670721e-07
2.323271316639694191e-07
2.346655107742712432e-07
2.370274257360443957e-07
2.394131134382950420e-07
2.418228131543237029e-07
2.442567665657250597e-07
2.467152177866236583e-07
2.491984133881616841e-07
2.517066024232253366e-07
2.542400364514249424e-07
2.567989695643270609e-07
2.593836584109354588e-07
2.619943622234331827e-07
2.646313428431842998e-07
2.672948647469912311e-07
2.699851950736250943e-07
2.727026036506146551e-07
2.754473630213102485e-07
2.782197484722204428e-07
2.810200380606179559e-07
2.838485126424319729e-07
2.867054559004129982e-07
2.895911543725861213e-07
2.925058974809916386e-07
2.954499775607084260e-07
2.984236898891785367e-07
3.014273327158179383e-07
3.044612072919312806e-07
3.075256179009281026e-07
3.106208718888363471e-07
3.137472796951329835e-07
3.169051548838751157e-07
3.200948141751507919e-07
3.233165774768467633e-07
3.265707679167289572e-07
3.298577118748559400e-07
3.331777390163087990e-07
3.365311823242569271e-07
3.399183781333567430e-07
3.433396661634795909e-07
3.467953895537897284e-07
3.502858948971546165e-07
3.538115322749086873e-07
3.573726552919669886e-07
3.609696211122857421e-07
3.646027904946865427e-07
3.682725278290407595e-07
3.719792011728111719e-07
3.757231822879721775e-07
3.795048466782907821e-07
3.833245736269898142e-07
3.871827462347907157e-07
3.910797514583314620e-07
3.950159801489824829e-07
3.988639693019801207e-07
4.021185580309691794e-07
4.053997030513517944e-07
4.087076210530599017e-07
4.120425304941392169e-07
4.154046516151757942e-07
4.187942064538409586e-07
4.222114188595546110e-07
4.256565145082688120e-07
4.291297209173713261e-07
4.326312674607114046e-07
4.361613853837474867e-07
4.397203078188190984e-07
4.433082698005432110e-07
4.469255082813359086e-07
4.505722621470611625e-07
4.542487722328068204e-07
4.579552813387899786e-07
4.616920342463913694e-07
4.654592777343211430e-07
4.692572605949163116e-07
4.730862336505703289e-07
4.769464497703023259e-07
4.808381638864463066e-07
4.847616330115008567e-07
4.887171162550912962e-07
4.927048748410868388e-07
4.967251721248510529e-07
5.007782736106338837e-07
5.048644469691058700e-07
5.089839620550357221e-07
5.131370909251111538e-07
5.173241078559061452e-07
5.215452893619946364e-07
5.258009142142113933e-07
5.300912634580622686e-07
5.344166204322853408e-07
5.387772707875620834e-07
5.431735025053824832e-07
5.476056059170635766e-07
5.520738737229229932e-07
5.565786010116093069e-07
5.611200852795901459e-07
5.656986264507986988e-07
5.703145268964413680e-07
5.749680914549664660e-07
5.796596274521949056e-07
5.843894447216211451e-07
5.891578556248685044e-07
5.939651750723173815e-07
5.988117205439121938e-07
6.036978121101166555e-07
6.086237724530572020e-07
6.135899268878323275e-07
6.185966033839960930e-07
6.236441325872185591e-07
6.280638583534161785e-07
6.321829460043798284e-07
6.363290482380974363e-07
6.405023422267352320e-07
6.447030063044247476e-07
6.488972030992296572e-07
6.529010720868690529e-07
6.569296460151285178e-07
6.609830773200860463e-07
6.650615193783923339e-07
6.691651265130731653e-07
6.731247105909861312e-07
6.769951762065668891e-07
6.808878969909828568e-07
6.848030009114077368e-07
6.887406166708217415e-07
6.926790816022202895e-07
6.963410920541545132e-07
7.000224625833686654e-07
7.037232955414529398e-07
7.074436938211028234e-07
7.111837608589804798e-07
7.147502507175212636e-07
7.181654109445929884e-07
7.215968892063430962e-07
7.250447634722469199e-07
7.285091120843269058e-07
7.319897559224271811e-07
7.350864127396009075e-07
7.381961698541023429e-07
7.413190826862766573e-07
7.444552068909229761e-07
7.476045983582861495e-07
7.505515224028444984e-07
7.532627079529985516e-07
7.559836870041554951e-07
7.587144949329651732e-07
7.614551672438670672e-07
7.642057395695517170e-07
7.664822567762318947e-07
7.687307120183478627e-07
7.709857630439048211e-07
7.732474292014541438e-07
7.755157298963106941e-07
7.775586155511236689e-07
7.792568102235069279e-07
7.809587137675912787e-07
7.826643342835862538e-07
7.843736798893867982e-07
7.860867587206227153e-07
7.872381064849200216e-07
7.883030741864437756e-07
7.893694825654381747e-07
7.904373335708401625e-07
7.915066291542186260e-07
7.923315536984139463e-07
7.926614514664532897e-07
7.929914865918108025e-07
7.933216591316755022e-07
7.936519691432649940e-07
7.939824166838157292e-07
7.936520837896482139e-07
7.931544657103969796e-07
7.926571596365687349e-07
7.921601653725334915e-07
7.916634827227904337e-07
7.909273138220670708e-07
7.895240032460002391e-07
7.881231825075452597e-07
7.867248471890799351e-07
7.853289928808250635e-07
7.839356151808237920e-07
7.818028225989331247e-07
7.794024880104970974e-07
7.770095230630625138e-07
7.746239051299468859e-07
7.722456116539374506e-07
7.696575566304887622e-07
7.661929264762255673e-07
7.627438924296110834e-07
7.593103842844274742e-07
7.558923321504965424e-07
7.524896664522471857e-07
7.483259602538625909e-07
7.437922045486863104e-07
7.392859167410371563e-07
7.348069304158211603e-07
7.303550801661696828e-07
7.257739742187413182e-07
7.201708409336959577e-07
7.146109650589825812e-07
7.090940126379611818e-07
7.036196522922158368e-07
6.981875552016382100e-07
6.920604765633973977e-07
6.854900326530593214e-07
6.789819687436603063e-07
6.725356925975140897e-07
6.661506175996535679e-07
6.597543064746649464e-07
6.523248178741457416e-07
6.449789926924530264e-07
6.377158887964166754e-07
6.305345746622210430e-07
6.234341292559338247e-07
6.158644582217016976e-07
6.079005278067450326e-07
6.000395813955059217e-07
5.922802872705424185e-07
5.846213309352599623e-07
5.770614148912142398e-07
5.687666175829069916e-07
5.605855675964345760e-07
5.525221925522192498e-07
5.445747998323114118e-07
5.367417211651163907e-07
5.287643289927175398e-07
5.206079138099642982e-07
5.125773148084190962e-07
5.046705912198545534e-07
4.968858322132161055e-07
4.892211564328370063e-07
4.814775560515693470e-07
4.738409584741417213e-07
4.663254831002863652e-07
4.589292088404025649e-07
4.516502450748192537e-07
4.445337267490726744e-07
4.376011237340836431e-07
4.307766362155616494e-07
4.240585781081276502e-07
4.174452896212817059e-07
4.109351368493308786e-07
4.048579942932989382e-07
3.989247635599610879e-07
3.930784848627236799e-07
3.873178839115866518e-07
3.816417050913890439e-07
3.762105989277799667e-07
3.711895653528112859e-07
3.662355441858737155e-07
3.613476410567616983e-07
3.565249735318362704e-07
3.517666709547155807e-07
3.473599245909631848e-07
3.430838329574967932e-07
3.388603811318013546e-07
3.346889211040586243e-07
3.305688128416202544e-07
3.264921607661833424e-07
3.224450028218175776e-07
3.184480129653722224e-07
3.145005693192037473e-07
3.106020577143903795e-07
3.067518715951739222e-07
3.025306555521253408e-07
2.982092952886299759e-07
2.939496615119683618e-07
2.897508725184779169e-07
2.856120591987859065e-07
2.813300584533483823e-07
2.762587088386598002e-07
2.712787770662580291e-07
2.663886152075801909e-07
2.615866050401724118e-07
2.568711575121999876e-07
2.514581250539426358e-07
2.457568948794744754e-07
2.401849268853207416e-07
2.347392903511377349e-07
2.294171210038714015e-07
2.241185661284795297e-07
2.182570841898911619e-07
2.125489004412291907e-07
2.069900056003230283e-07
2.015764952417069927e-07
1.963045670542587609e-07
1.911783986582083996e-07
1.861914798724311970e-07
1.813346456524345770e-07
1.766045027217308660e-07
1.719977463179892257e-07
1.675495837856887409e-07
1.638774021981359698e-07
1.602857037565706670e-07
1.567727245131501635e-07
1.533367391804498060e-07
1.499760602841410651e-07
1.470593982011225020e-07
1.445356456476761734e-07
1.420552043482459324e-07
1.396173310188994045e-07
1.372212951315330396e-07
1.348663786949661607e-07
1.325371991330088407e-07
1.302480413817718900e-07
1.279984215356993677e-07
1.257876567034767552e-07
1.236150757885615147e-07
1.211645888925500372e-07
1.183892881084961472e-07
1.156775561815841995e-07
1.130279370535655640e-07
1.104390080175174782e-07
1.079093789539225876e-07
1.049687250250548509e-07
1.020677896565760804e-07
9.924702508192264432e-08
9.650421568600277331e-08
9.383720708487870160e-08
9.133258505369378055e-08
8.903309308403683243e-08
8.679149571262660130e-08
8.460633531988882930e-08
8.247619098491997614e-08
8.039967756152124710e-08
7.871859082993730774e-08
7.713172672301736196e-08
7.557685172651330561e-08
7.405332098168695696e-08
7.256050262931185371e-08
7.106450564794006235e-08
6.952918614002477658e-08
6.802703658059350840e-08
6.655734034650890423e-08
6.511939629698316766e-08
6.371251843908698535e-08
6.216189103122270583e-08
6.060204137599229265e-08
5.908133356324046274e-08
5.759878539328743550e-08
5.615343931312583699e-08
5.477007818535997703e-08
5.349638434955785938e-08
5.225231062826187637e-08
5.103716819723623045e-08
4.985028425104913483e-08
4.869100163055222982e-08
4.761481404421142745e-08
4.658425669331278361e-08
4.557600434296522710e-08
4.458957423202077446e-08
4.362449404803462240e-08
4.267158973200183428e-08
4.170114244685362389e-08
4.075276530109260699e-08
3.982595637044084117e-08
3.892022514550031803e-08
3.803509227215253199e-08
3.718615462225880087e-08
3.636470466803288249e-08
3.556140071556882650e-08
3.477584191588238466e-08
3.400763627482713775e-08
3.325930342969452767e-08
3.254949872399471060e-08
3.185484234277187899e-08
3.117501099747550409e-08
3.050968829903025130e-08
2.985856461059017474e-08
2.922446635217098491e-08
2.860605033287218667e-08
2.800072055331227253e-08
2.740820009687659801e-08
2.682821790675540082e-08
2.626135364027548318e-08
2.572346443032989792e-08
2.519659235248411816e-08
2.468051175209141052e-08
2.417500159639915071e-08
2.367984537988270741e-08
2.321539968535026387e-08
2.277925392932662476e-08
2.235130200683910920e-08
2.193138998102814435e-08
2.151936680703300402e-08
2.111508427765975042e-08
2.071839697007076393e-08
2.032916219347492637e-08
1.994723993780101770e-08
1.957249282333509571e-08
1.920478605130447809e-08
1.884398735538950021e-08
1.848996695414684569e-08
1.814259750432607666e-08
1.780175405506377608e-08
1.746731400293788515e-08
1.713915704786629762e-08
1.681716514983460012e-08
1.650122248643612040e-08
1.619121541120999305e-08
1.588703241276176796e-08
1.558856407465216170e-08
1.529570303603939711e-08
1.500834395306065503e-08
1.472638346093947811e-08
1.444972013680474338e-08
1.417825446320819389e-08
1.391188879232748463e-08
1.365052731084172640e-08
1.339407600546678548e-08
1.314244262913822120e-08
1.289553666782924829e-08
1.265326930799263501e-08
1.241555340461373888e-08
1.218230344986388523e-08
1.195343554234286378e-08
1.172886735689889665e-08
1.150851811501598760e-08
1.129230855575720954e-08
1.108016090725424721e-08
1.087199885873233411e-08
1.066886180634040894e-08
1.047227711575054793e-08
1.027931469914600715e-08
1.008990781242389057e-08
9.903990941309599263e-09
9.721499778696071189e-09
9.542371202400461151e-09
9.366543253330705191e-09
9.193955114054339637e-09
9.024547087762451098e-09
8.858260577620621247e-09
8.695038066501299472e-09
8.534823097088686402e-09
8.377560252350809505e-09
8.223195136371185700e-09
8.071674355533733085e-09
7.922945500054317680e-09
7.776957125852780931e-09
7.633658736758658498e-09
7.493000767045107771e-09
7.354934564284495308e-09
7.219412372519926743e-09
7.086387315746859413e-09
6.955813381699047129e-09
6.827645405933423893e-09
6.701839056207782251e-09
6.578350817147015260e-09
6.457137975191197083e-09
6.338158603821458137e-09
6.221371549057919111e-09
6.106736415224872153e-09
5.994213550978224638e-09
5.883764035590527798e-09
5.775349665488468322e-09
5.668932941038669656e-09
5.564477053576853966e-09
5.461945872676029526e-09
5.361303933649274793e-09
5.262516425282775661e-09
5.165549177795022154e-09
5.070368651017528231e-09
4.975839522746781422e-09
4.864683333745483268e-09
4.756010283176766469e-09
4.649764899757089924e-09
4.545892951386135105e-09
4.444341417464276278e-09
4.345058461828832281e-09
4.247993406294603522e-09
4.153096704785690908e-09
4.060319918045006961e-09
3.969615688908854701e-09
3.880937718133910128e-09
3.794240740764145219e-09
3.709480503025612078e-09
3.626613739737543309e-09
3.545598152227898140e-09
3.466392386742491359e-09
3.388956013336158438e-09
3.313249505235685756e-09
3.239234218663675629e-09
3.166872373113139994e-09
3.096127032062745198e-09
3.026962084122861961e-09
2.959342224602796684e-09
2.893232937489798228e-09
2.828600477830635713e-09
2.765411854506758776e-09
2.703634813394248192e-09
2.643237820899944664e-09
2.584190047865437642e-09
2.526461353830458346e-09
2.470022271648025121e-09
2.414843992443160344e-09
2.360898350907581613e-09
2.308157810922999544e-09
2.256595451505468343e-09
2.206184953063881799e-09
2.156900583965254426e-09
2.108717187400265455e-09
2.061610168542157874e-09
2.015555481992506190e-09
1.970529619507438534e-09
1.916813631669609845e-09
1.862593350179282412e-09
1.809906780092261177e-09
1.758710537814710982e-09
1.708962466930396959e-09
1.660621603487841064e-09
1.613648142269494804e-09
1.568003404015005872e-09
1.523649803571632445e-09
1.480550818945580210e-09
1.438670961228770691e-09
1.397975745376283978e-09
1.358431661810408417e-09
1.320006148827918663e-09
1.282667565787859844e-09
1.246385167057758127e-09
1.211129076696805361e-09
1.176870263855197472e-09
1.143580518869273194e-09
1.111232430032938091e-09
1.079799361026070583e-09
1.049255428981455149e-09
1.019575483172082383e-09
9.907350843013406704e-10
9.627104843790351702e-10
9.354786071666108619e-10
9.090170291755504633e-10
8.833039612032292242e-10
8.583182303910772042e-10
8.340392627902708282e-10
8.104470664205675000e-10
7.875222148083333896e-10
7.652458309902566375e-10
7.435995719695272169e-10
7.225656136116862463e-10
7.021266359677659926e-10
6.822658090125292699e-10
6.629667787861720744e-10
6.442136539280128432e-10
6.259909925911021079e-10
6.082837897269744814e-10
5.893737192324892288e-10
5.699459131571512816e-10
5.511585150887970007e-10
5.329904149538616489e-10
5.154211985401707010e-10
4.984311245589338052e-10
4.820011024628454148e-10
4.661126709953894026e-10
4.507479774472129068e-10
4.358897575963190679e-10
4.215213163094641055e-10
4.076265087830173808e-10
3.941897224021884413e-10
3.811958591982200367e-10
3.686303188838859507e-10
3.564789824481649438e-10
3.447281962917078543e-10
3.333647568852539699e-10
3.223758959337460239e-10
3.117492660295144366e-10
3.014729267783554913e-10
2.915353313829568437e-10
2.819253136685725087e-10
2.726320755363827434e-10
2.636451748304346197e-10
2.549545136045244230e-10
2.465503267758505256e-10
2.384231711526755601e-10
2.305639148236805277e-10
2.229637268970820180e-10
2.156140675779795746e-10
2.085066785727923247e-10
2.016335738099947402e-10
1.949870304667333210e-10
1.885595802912370937e-10
1.823440012112683551e-10
1.763333092191873436e-10
1.705207505245211229e-10
1.648997939651997793e-10
1.594641236689554304e-10
1.542076319566201216e-10
1.489815501222476416e-10
1.436976160910491133e-10
1.386010875394081535e-10
1.336853177503990557e-10
1.289438957464437287e-10
1.243706379283383702e-10
1.199595800108165062e-10
1.157049692441312467e-10
1.116012569115219858e-10
1.076430910927644898e-10
1.038253096843833165e-10
1.001429336674142535e-10
9.659116061393731206e-11
9.316535842391977145e-11
8.986105928418689283e-11
8.667395384165592145e-11
8.359988558322621123e-11
8.063484541499671589e-11
7.777496643374557392e-11
7.501651888384812895e-11
7.235590529305651116e-11
6.978965578080157794e-11
6.731442353289425459e-11
6.492698043672435453e-11
6.262421287127011562e-11
6.040311764641819270e-11
5.826079808630795682e-11
5.619446025158665822e-11
5.420140929564874581e-11
5.227904595011216007e-11
5.042486313493973895e-11
4.863644268879298007e-11
4.691145221534929356e-11
4.524764204147013899e-11
4.364284228325674639e-11
4.209496001616037620e-11
4.060197654546321752e-11
3.916194477356624979e-11
3.777298666065083519e-11
3.643329077540552630e-11
3.514110993261813417e-11
3.388918119892622695e-11
3.264914864870372690e-11
3.145448989245356255e-11
3.030354466635518693e-11
2.919471345698408309e-11
2.812645527840554195e-11
2.709728553060704195e-11
2.610577393629060499e-11
2.515054255316177172e-11
2.423026385894932722e-11
2.334365890649538334e-11
2.248949554635318939e-11
2.166658671442046114e-11
2.087378878223108544e-11
2.010999996760915064e-11
1.937415880347970976e-11
1.866524266270693577e-11
1.798226633690855191e-11
1.732428066727415060e-11
1.669037122548175798e-11
1.607965704288149537e-11
1.549128938617879503e-11
1.492445057791668712e-11
1.437835286011782491e-11
1.385223729950652861e-11
1.334537273278933170e-11
1.285705475052916532e-11
1.238660471819979590e-11
1.193336883306150171e-11
1.149671721554541276e-11
1.107604303388554653e-11
1.067076166078123038e-11
1.028030986091731729e-11
9.904145008214568602e-12
9.541744331720790541e-12
9.192604189095872752e-12
8.856239366680199908e-12
8.532182405174345799e-12
8.219982949992812217e-12
7.919207125388704302e-12
7.629436931479531208e-12
7.350269663336621446e-12
7.078193481523445740e-12
6.815900387563319191e-12
6.563326958277371743e-12
6.320113016887941056e-12
6.085911733509030510e-12
5.860389130557156605e-12
5.643223606489949144e-12
5.434105477193442230e-12
5.232736534363701285e-12
5.038829620253641718e-12
4.852108218177803863e-12
4.672306058192019600e-12
4.499166737384992650e-12
4.332443354240455361e-12
4.171898156548852490e-12
4.017302202365922663e-12
3.868435033535070067e-12
3.725084361308014371e-12
3.587045763614911153e-12
3.454122393552905434e-12
3.326124698676845300e-12
3.202870150692184725e-12
3.084182985164648602e-12
