8.830263906001645402e-09
8.964545071801954013e-09
9.100868241293278942e-09
9.239264467073717536e-09
9.379765273955920542e-09
9.522402666148015744e-09
9.667209134543739303e-09
9.814217664123430800e-09
9.963461741467571165e-09
1.011497536238455591e-08
1.026879303965456809e-08
1.042494981089101026e-08
1.058348124652168394e-08
1.074442345789123549e-08
1.090781310548684363e-08
1.107368740728898325e-08
1.124208414724919122e-08
1.141304168389673842e-08
1.158659895907619808e-08
1.176279550681787094e-08
1.194167146234309379e-08
1.212326757120659366e-08
1.230762519857764613e-08
1.249478633866259728e-08
1.268479362427056557e-08
1.287769033652462163e-08
1.307352041472065288e-08
1.327232846633614970e-08
1.347415977719118785e-08
1.367906032176394145e-08
1.388700255536101929e-08
1.409780251159936661e-08
1.431180233918308989e-08
1.452905061106645586e-08
1.474959663752449611e-08
1.497349047734546887e-08
1.520078294919290769e-08
1.543152564314034402e-08
1.566577093238089916e-08
1.590357198511499131e-08
1.614498277661811652e-08
1.639005810149206195e-08
1.663885358610185424e-08
1.689142570120184766e-08
1.714783177475311933e-08
1.740813000493563238e-08
1.767237947335786696e-08
1.794064015846684729e-08
1.821297294916203909e-08
1.848943965861557545e-08
1.877010303830247757e-08
1.905502679224359969e-08
1.934427559146519962e-08
1.963791508867758945e-08
1.993601193317684072e-08
2.023863378597245860e-08
2.054584933514508518e-08
2.085772831143693165e-08
2.117434150407909847e-08
2.149576077685892346e-08
2.182205908443160633e-08
2.215331048887906418e-08
2.248959017652037238e-08
2.283097447497710941e-08
2.317754087049822466e-08
2.352936802554741363e-08
2.388653579665776186e-08
2.424912525255710843e-08
2.461721869256903280e-08
2.499089966529269730e-08
2.537025298756652524e-08
2.575536476371941347e-08
2.614632240511473387e-08
2.654321464999043575e-08
2.694613158360068856e-08
2.735516465866287344e-08
2.777040671611556494e-08
2.819195200619101990e-08
2.861989620980783173e-08
2.905433646028832904e-08
2.949537136540531462e-08
2.994310102976408392e-08
3.039762707752367356e-08
3.085905267546293833e-08
3.132748255639740891e-08
3.180302304295091095e-08
3.228518183797557998e-08
3.277438813037606311e-08
3.327100719801582822e-08
3.377515136413682517e-08
3.428693465397652960e-08
3.480647282055794553e-08
3.533388337086975262e-08
3.586928559244379791e-08
3.641280058033502751e-08
3.696455126451015797e-08
3.752466243765176438e-08
3.809326078338294019e-08
3.867047490492037702e-08
3.925643535416120477e-08
3.985127466121070572e-08
4.045512736435732163e-08
4.106813004050230573e-08
4.169042133604963792e-08
4.232214199826479907e-08
4.296343490710833388e-08
4.361444510755176584e-08
4.427531984238360014e-08
4.494620858551158871e-08
4.562726307577044225e-08
4.631863735124142150e-08
4.702048778409201334e-08
4.773297311594356653e-08
4.845625449377469561e-08
4.919049550636922772e-08
4.993586222131545543e-08
5.069252322256700540e-08
5.146064964857237066e-08
5.224041523098215235e-08
5.303199633394344096e-08
5.383557199398845068e-08
5.465132396052870954e-08
5.547943673696225656e-08
5.632009762240376544e-08
5.717349675404752761e-08
5.803982715017121571e-08
5.891928475379239844e-08
5.981206847698602565e-08
6.071838024587352457e-08
6.163842504629347955e-08
6.257241097016501944e-08
6.352054926255238927e-08
6.448305436944398779e-08
6.546014398625478419e-08
6.645203910706358902e-08
6.745896407459714332e-08
6.848114663097019798e-08
6.951881796919585046e-08
7.057221278547565465e-08
7.164156933228210371e-08
7.272712947224616470e-08
7.382879565998921581e-08
7.494574784150122354e-08
7.607959833707390384e-08
7.723060280046114090e-08
7.839902075318973610e-08
7.958511564307462777e-08
8.078915490362012063e-08
8.201141001431825549e-08
8.325215656186096868e-08
8.451167430227758199e-08
8.579024722401231399e-08
8.708816361195693999e-08
8.840571611245053876e-08
8.974320179926410021e-08
9.110092224058350709e-08
9.247918356700415191e-08
9.387829654055620767e-08
9.529857662477296673e-08
9.674034405582040611e-08
9.820392391470098902e-08
9.968964620055171394e-08
1.011978459050500827e-07
1.027288630879458814e-07
1.042830429537365612e-07
1.058607359295006332e-07
1.074622977439107011e-07
1.090880895074405335e-07
1.107384777937870055e-07
1.124138347225215359e-07
1.141145380429943251e-07
1.158409712195064563e-07
1.175935235177720807e-07
1.193725900926863036e-07
1.211785720774232437e-07
1.230118766738808477e-07
1.248729172444941272e-07
1.267621134054386135e-07
1.286798911212412916e-07
1.306266828008256127e-07
1.326029273950078720e-07
1.346090704954702288e-07
1.366455644352284758e-07
1.387128683906224557e-07
1.408114484848476279e-07
1.429417778930551280e-07
1.451043369490384531e-07
1.472996132535375823e-07
1.495281017841794859e-07
1.517903050070840336e-07
1.540867329901551010e-07
1.564179035180888771e-07
1.587843422091201502e-07
1.611865826335368554e-07
1.636251664339842964e-07
1.661006434475928176e-07
1.686135718299510282e-07
1.711582844474259383e-07
1.737386767899663068e-07
1.763579712789200589e-07
1.790167544053299369e-07
1.817156215022120142e-07
1.844551768778578753e-07
1.872360339511463829e-07
1.900588153888954432e-07
1.929241532452843965e-07
1.958326891033785324e-07
1.987850742187870684e-07
2.017819696654870720e-07
2.048240464838456439e-07
2.079119858308737963e-07
2.110464791327461431e-07
2.142282282396175847e-07
2.174579455827783610e-07
2.207363543341738594e-07
2.240641885683334923e-07
2.274421934267364873e-07
2.308711252846577634e-07
2.343517519205317461e-07
2.378848526878650884e-07
2.414712186897431398e-07
2.451116529559698675e-07
2.488069706228705841e-07
2.525579991158158476e-07
2.563655783344889817e-07
2.602305608409503653e-07
2.641538120505360540e-07
2.681362104256343542e-07
2.721786476723843437e-07
2.762820289403389014e-07
2.804472730251389395e-07
2.846753125742422477e-07
2.889670942957545432e-07
2.933235791704083066e-07
2.977457426667382144e-07
3.022345749594995428e-07
3.067910811513806299e-07
3.114162814980565651e-07
3.161112116366372045e-07
3.208769228175581100e-07
3.257144821399680410e-07
3.306249727906653550e-07
3.356094942866359392e-07
3.406691627212484720e-07
3.458051110141607473e-07
3.510184891649936543e-07
3.563104645108300936e-07
3.616822219875951565e-07
3.671349643953776024e-07
3.726699126677509194e-07
3.782883061451547430e-07
3.839914028523979907e-07
3.897112855307511256e-07
3.952337990293097118e-07
4.008345708603162545e-07
4.065147100055041700e-07
4.122753411617473705e-07
4.181176049637501485e-07
4.240426582099054425e-07
4.300516740913408042e-07
4.361458424242200429e-07
4.423263698853309347e-07
4.485944802510170699e-07
4.549514146394866627e-07
4.613984317565638613e-07
4.679368081449170752e-07
4.745678384368248298e-07
4.812928356105142475e-07
4.881131312501397581e-07
4.950300758094470915e-07
5.020450388791641087e-07
5.091594094581896231e-07
5.163745962286254225e-07
5.236920278346965945e-07
5.311131531656344855e-07
5.386394416425623122e-07
5.462723835094521443e-07
5.540134901281946546e-07
5.618642942778595653e-07
5.698263504581976113e-07
5.779012351974323023e-07
5.860905473644242803e-07
5.943959084852590954e-07
6.028189630643105971e-07
6.113613789098663400e-07
6.200248474643591541e-07
6.288110841392873605e-07
6.377218286548666182e-07
6.467588453845080602e-07
6.559239237041768202e-07
6.652188783466900328e-07
6.746455497610471619e-07
6.842058044768523742e-07
6.939015354738893073e-07
7.037346625569455367e-07
7.137071327359419048e-07
7.238209206114557546e-07
7.340780287656933390e-07
7.444804881590161191e-07
7.550303585320856431e-07
7.657297288136937116e-07
7.765807175343859295e-07
7.875854732459460911e-07
7.987461749468112780e-07
8.100650325135310669e-07
8.215442871383327853e-07
8.331862117728876848e-07
8.449931115783735323e-07
8.556620093914710555e-07
8.658969967300011048e-07
8.762544097046703006e-07
8.867357127077509466e-07
8.973423876478253997e-07
9.080759341592960701e-07
9.189378698144200024e-07
9.299297303378703680e-07
9.410530698238662668e-07
9.523094609558997449e-07
9.637004952290910481e-07
9.752277831752018661e-07
9.868929545903490227e-07
9.986976587654243310e-07
1.010643564719286999e-06
1.022732361434739172e-06
1.034965758097320830e-06
1.047345484336974424e-06
1.059873290472575878e-06
1.072550947759414747e-06
1.085380248639622049e-06
1.098363006995596592e-06
1.111501058406462200e-06
1.124796260407590559e-06
1.138250492753239457e-06
1.151865657682310211e-06
1.165643680187306469e-06
1.179586508286498599e-06
1.193696113299343651e-06
1.207974490125212346e-06
1.222423657525423948e-06
1.237045658408681752e-06
1.251842560119908565e-06
1.266816454732539992e-06
1.281969459344314268e-06
1.297303716376600361e-06
1.312821393877303307e-06
1.328524685827405647e-06
1.344415812451150890e-06
1.360497020529961122e-06
1.376770583720098294e-06
1.393238802874127621e-06
1.409904006366221648e-06
1.426768550421375060e-06
1.443834819448509282e-06
1.461105226377635219e-06
1.478582213000975441e-06
1.496268250318213756e-06
1.514165838885857128e-06
1.532277509170775153e-06
1.550605821907986147e-06
1.569153368462689187e-06
1.587922771196660285e-06
1.606916683839012687e-06
1.626137791861398370e-06
1.644900764347810082e-06
1.661081403661439825e-06
1.677421209469655827e-06
1.693921747469115223e-06
1.710584598758010220e-06
1.727411359987541090e-06
1.743802434984577624e-06
1.760043604678631442e-06
1.776436038981415907e-06
1.792981146718913318e-06
1.809680349838421995e-06
1.826396922163735970e-06
1.842345980880987804e-06
1.858434315169107727e-06
1.874663141255647929e-06
1.891033685988898988e-06
1.907547186930637019e-06
1.923494982382223294e-06
1.939094080878229500e-06
1.954819684447613445e-06
1.970672819017200075e-06
1.986654518833839082e-06
2.002680721205333232e-06
2.017575693904968080e-06
2.032581448223147725e-06
2.047698808100090723e-06
2.062928603604073695e-06
2.078271670977032610e-06
2.092905997946825660e-06
2.106908467073785896e-06
2.121004618927941663e-06
2.135195080288277342e-06
2.149480482127205770e-06
2.163861459638626208e-06
2.176573050637255828e-06
2.189352303704424406e-06
2.202206587246176287e-06
2.215136341786859075e-06
2.228142010437258343e-06
2.240317533884915580e-06
2.251499709589512552e-06
2.262737699281014630e-06
2.274031781545727807e-06
2.285382236360490981e-06
2.296789345099595796e-06
2.306194671190112187e-06
2.315479231050372462e-06
2.324801169824418932e-06
2.334160637996851760e-06
2.343557786658092367e-06
2.351995370940922345e-06
2.358928481895026532e-06
2.365882029975876408e-06
2.372856075427156793e-06
2.379850678670136353e-06
2.386865900304190219e-06
2.391514157154726129e-06
2.395784795835193127e-06
2.400063060794887847e-06
2.404348965652418297e-06
2.408642524050698096e-06
2.411954813472515884e-06
2.413234519487391227e-06
2.414514904473313740e-06
2.415795968790523149e-06
2.417077712799450607e-06
2.418360136860719969e-06
2.416981797772315153e-06
2.414911029048732390e-06
2.412842034473018580e-06
2.410774812525158699e-06
2.408709361686434533e-06
2.405714879630719768e-06
2.400070965989979211e-06
2.394440293220576535e-06
2.388822830258830738e-06
2.383218546113958167e-06
2.377627409867860760e-06
2.369345586616018581e-06
2.360074024405521545e-06
2.350838743042485947e-06
2.341639600555174008e-06
2.332476455527381709e-06
2.322617559491995131e-06
2.309730934499703140e-06
2.296915808624002122e-06
2.284171785164931412e-06
2.271498469623545881e-06
2.258895469689705537e-06
2.243861276392496380e-06
2.227636188160137134e-06
2.211528421569234510e-06
2.195537128281255585e-06
2.179661466091895288e-06
2.163454821100544113e-06
2.144247035255800765e-06
2.125209781762119386e-06
2.106341546583316647e-06
2.087640829125266340e-06
2.069106142116557939e-06
2.048869559695159295e-06
2.027548792746135686e-06
2.006449892094623853e-06
1.985570548974996743e-06
1.964908478646884642e-06
1.944310478002654454e-06
1.921431985229081141e-06
1.898822701225152802e-06
1.876479458240165999e-06
1.854399125797989195e-06
1.832578610258478830e-06
1.810029413772753773e-06
1.786868993728715215e-06
1.764004925253629979e-06
1.741433416350101217e-06
1.719150723541634862e-06
1.697153151251779507e-06
1.674245305561765925e-06
1.651633326153346390e-06
1.629326739037837936e-06
1.607321419655831705e-06
1.585613299153275030e-06
1.563993555051591079e-06
1.542426613245667213e-06
1.521157072268124326e-06
1.500180831062198133e-06
1.479493845123296015e-06
1.459092125719184604e-06
1.438951534321174204e-06
1.419087247854691716e-06
1.399497181796201385e-06
1.380177550616722169e-06
1.361124621045336415e-06
1.342354331046747841e-06
1.323873496606593260e-06
1.305647096657917591e-06
1.287671628279320726e-06
1.269943636775797486e-06
1.252459715014782371e-06
1.235057262337146235e-06
1.217869658951921741e-06
1.200921245861058012e-06
1.184208694386570182e-06
1.167728722173838965e-06
1.151243418147241684e-06
1.134498635892777729e-06
1.117997405721504506e-06
1.101736185179637737e-06
1.085711483338226270e-06
1.069919860043712574e-06
1.053468340850193951e-06
1.037031240510250332e-06
1.020850605653991925e-06
1.004922434690935750e-06
9.892427884667818426e-07
9.735259271384858684e-07
9.572360828454578257e-07
9.412188137553021798e-07
9.254695589133578235e-07
9.099838336826508321e-07
8.947572284668698991e-07
8.791468084476783490e-07
8.635626932958090645e-07
8.482548285298077059e-07
8.332183172225788465e-07
8.184483492519606636e-07
8.038441389083629558e-07
7.890833734777132702e-07
7.745936558603803072e-07
7.603700088810662029e-07
7.464075467589483136e-07
7.327014734294389672e-07
7.188219144730106024e-07
7.049813552519353873e-07
6.914072891297713053e-07
6.780945849141530667e-07
6.650382102112833655e-07
6.521285310001116183e-07
6.386934016383525230e-07
6.255350623454028926e-07
6.126478107018703136e-07
6.000260617694103834e-07
5.876643456703835326e-07
5.749496727674587262e-07
5.620851693113095670e-07
5.495085092213041324e-07
5.372132519998603672e-07
5.251931012555758126e-07
5.134267440345641919e-07
5.016372782863978370e-07
4.901185259442668706e-07
4.788642708021288380e-07
4.678684393924150868e-07
4.571250977084181428e-07
4.468372965414425525e-07
4.369731335314149822e-07
4.273267269903354479e-07
4.178932698322154740e-07
4.086680610899633428e-07
3.996465035727548138e-07
3.913071853992525075e-07
3.831508084080416640e-07
3.751644423139079739e-07
3.673445434227401363e-07
3.596876419049125937e-07
3.522024314850862079e-07
3.448875987762509916e-07
3.377246865903183185e-07
3.307105397156499028e-07
3.238420684706664609e-07
3.171162473428638111e-07
3.103845053233319981e-07
3.037822327907695592e-07
2.973203989780755940e-07
2.909960165753568164e-07
2.848061618165976417e-07
2.786367646542371044e-07
2.724236086304955509e-07
2.663489960894249313e-07
2.604098377320414267e-07
2.546031131458071727e-07
2.489258692685738614e-07
2.432158019517840742e-07
2.376084203372836301e-07
2.321303178580951048e-07
2.267785139618014934e-07
2.215500968131268796e-07
2.165086554661000385e-07
2.117249040953524783e-07
2.070468495482619763e-07
2.024721564571091633e-07
1.979985410540443293e-07
1.936237700309907121e-07
1.895337888559971567e-07
1.855826092162846611e-07
1.817137991669203564e-07
1.779256415626387989e-07
1.742164550552172432e-07
1.705871995728945701e-07
1.670414231378672573e-07
1.635693481913380647e-07
1.601694427953778590e-07
1.568402068544796636e-07
1.535801714536890456e-07
1.503443929983857230e-07
1.471594761333581450e-07
1.440420289972298975e-07
1.409906223017304738e-07
1.380038570368343198e-07
1.350978473334107869e-07
1.323325784898540053e-07
1.296239109314253422e-07
1.269706861069463055e-07
1.243717691792026638e-07
1.218260485395499394e-07
1.194093251438775674e-07
1.170823536139769000e-07
1.148007285969593234e-07
1.125635664093743605e-07
1.103700005884211773e-07
1.082207715454213395e-07
1.061260768690513483e-07
1.040719265884064750e-07
1.020575359361200151e-07
1.000821353345905567e-07
9.814497010197051803e-08
9.627657540143666989e-08
9.446637135445064073e-08
9.269020298725527760e-08
9.094743035680106021e-08
8.923742555232600486e-08
8.756611386377536512e-08
8.607323780799275401e-08
8.460581313767884620e-08
8.316340594338751271e-08
8.174558971320354244e-08
8.035194520662512729e-08
7.898206033059717574e-08
7.763553001765736485e-08
7.631195610615955370e-08
7.501094722254008161e-08
7.373211866559039613e-08
7.247509229270365168e-08
7.123949640805892253e-08
7.002496565271415148e-08
6.883114089656971804e-08
6.765766913217770449e-08
6.650420337035777740e-08
6.537040253759550439e-08
6.425593137518852340e-08
6.316046034011140793e-08
6.208366550757339389e-08
6.102522847523393508e-08
5.998483626905409122e-08
5.896218125075087275e-08
5.795696102683085212e-08
5.696887835917377931e-08
5.599764107714126675e-08
5.504296199118326688e-08
5.410455880791748701e-08
5.318215404665713120e-08
5.227547495736114142e-08
5.138425343998393562e-08
5.050822596519895383e-08
4.964713349647540559e-08
4.880072141348137166e-08
4.796873943679526731e-08
4.715094155389889287e-08
4.634708594643267588e-08
4.555693491869208121e-08
4.478025482734116123e-08
4.401681601232679497e-08
4.326639272896837746e-08
4.250844457267627088e-08
4.175919204918005499e-08
4.102314582738706959e-08
4.030007313343392438e-08
3.958974529632177168e-08
3.889193767559994882e-08
3.820642959032337261e-08
3.753300424926221927e-08
3.687144868234238939e-08
3.622155367329359715e-08
3.558311369348505262e-08
3.495592683692736943e-08
3.433979475641942286e-08
3.373452260082211232e-08
3.313991895343635056e-08
3.255579577146780924e-08
3.198196832655868788e-08
3.141825514636729565e-08
3.086447795717798247e-08
3.032046162752201067e-08
2.978603411279253887e-08
2.926102640083542090e-08
2.874527245849974597e-08
2.823860917912951857e-08
2.774087633098177389e-08
2.725191650655321561e-08
2.677157507280030464e-08
2.629970012223683099e-08
2.583614242489290164e-08
2.538075538112174877e-08
2.493339497523733177e-08
2.449391972996960067e-08
2.406219066172253834e-08
2.363807123662051243e-08
2.322142732732989739e-08
2.281212717064127911e-08
2.241004132579933492e-08
2.201504263356766021e-08
2.162700617601443008e-08
2.124580923700752379e-08
2.087133126340551991e-08
2.044126638060973807e-08
1.997691435693514427e-08
1.952311074048126898e-08
1.907961590938965248e-08
1.864619568514836073e-08
1.822262120893851913e-08
1.780866882079035536e-08
1.740411994148365535e-08
1.700876095713174548e-08
1.662238310638692910e-08
1.624478237020806553e-08
1.587575936413271948e-08
1.551511923299582956e-08
1.516267154804080473e-08
1.481823020636708347e-08
1.448161333266251463e-08
1.415264318316758739e-08
1.383114605182139146e-08
1.351695217853989008e-08
1.320989565957721409e-08
1.290981435992377747e-08
1.261654982769399385e-08
1.232994721045891958e-08
1.204985517347978773e-08
1.177612581979846317e-08
1.150861461214365519e-08
1.124718029661077894e-08
1.099168482807565534e-08
1.074199329730277150e-08
1.049797385970892809e-08
1.025949766574555508e-08
1.002643879286218156e-08
9.798674179015543861e-09
9.576083557689325573e-09
9.358549394389731790e-09
9.145956824583659674e-09
8.938193593047063087e-09
8.735149994590536550e-09
8.536718816131966125e-09
8.342795280084668803e-09
8.153276989031774573e-09
7.950461237783672954e-09
7.721752720054853505e-09
7.499623391195340716e-09
7.283883989665622647e-09
7.074350698355629766e-09
6.870844987966707671e-09
6.673193464898542801e-09
6.481227723512164772e-09
6.294784202642850480e-09
6.113704046240406358e-09
5.937832968018795886e-09
5.767021119998811580e-09
5.601122964832962522e-09
5.439997151802659978e-09
5.283506396382689734e-09
5.131517363270407345e-09
4.983900552779493012e-09
4.840530190502021137e-09
4.701284120144462413e-09
4.566043699446535130e-09
4.434693699094034215e-09
4.307122204539603794e-09
4.183220520647897275e-09
4.062883079083689854e-09
3.946007348364226441e-09
3.832493746498893768e-09
3.722245556142194764e-09
3.615168842187259348e-09
3.511172371730073062e-09
3.410167536336066573e-09
3.312068276542695138e-09
3.216791008534054973e-09
3.124254552924542596e-09
3.034380065591505896e-09
2.947090970497348530e-09
2.862312894444187967e-09
2.779973603705526963e-09
2.700002942480586081e-09
2.622332773119402020e-09
2.546896918067159214e-09
2.473631103478809610e-09
2.401167816016753636e-09
2.322180537077897079e-09
2.245791573089195458e-09
2.171915451545814325e-09
2.100469511591718398e-09
2.031373811529461090e-09
1.964551039372487019e-09
1.899926426339845000e-09
1.837427663196525793e-09
1.776984819345805772e-09
1.718530264583121135e-09
1.661998593423769599e-09
1.607326551920020419e-09
1.554452966885490809e-09
1.503318677447785969e-09
1.453866468852672839e-09
1.406041008445826671e-09
1.359788783760500025e-09
1.315058042641797288e-09
1.271798735340554955e-09
1.229962458512119997e-09
1.189502401057251819e-09
1.150373291744684595e-09
1.112531348556569314e-09
1.075934229700285012e-09
1.040540986231709104e-09
1.006312016236963193e-09
9.732090205213700485e-10
9.411949597560366263e-10
9.102340130341114584e-10
8.802915377903731111e-10
8.513340310392207713e-10
8.233290918878263032e-10
7.962453852823910166e-10
7.700526069469716791e-10
7.447214494756876767e-10
7.202235695403039918e-10
6.965315561765803303e-10
6.736189001137918838e-10
6.514599641132120199e-10
6.300299542823028947e-10
6.093048923325395426e-10
5.881099168271690599e-10
5.675274428223664865e-10
5.476653073529925984e-10
5.284983002521109617e-10
5.100020936497711892e-10
4.921532110946651087e-10
4.749289977564755833e-10
4.583075916710509995e-10
4.422678959919433531e-10
4.267895522130779327e-10
4.118529143285504461e-10
3.974390238968052168e-10
3.835295859774747598e-10
3.701069459103902415e-10
3.571540669072713515e-10
3.446545084276466234e-10
3.325924053115810466e-10
3.209524476426949191e-10
3.097198613159370676e-10
2.988803892854419780e-10
2.884202734686553773e-10
2.783262372837984586e-10
2.685854687984545373e-10
2.591856044679292298e-10
2.501147134427276427e-10
2.413612824252288255e-10
2.329142010563509702e-10
2.247627478136393012e-10
2.168965764028930350e-10
2.093057026260541922e-10
2.019804917086811890e-10
1.949116460709483239e-10
1.880901935266146060e-10
1.815074758950097830e-10
1.751551380115732298e-10
1.690251171229945472e-10
1.631096326535069476e-10
1.574011763293291922e-10
1.518925026487324366e-10
1.465766196856332264e-10
1.414467802150330602e-10
1.364080085187156928e-10
1.315068115750563699e-10
1.267817166927158213e-10
1.222263964507890720e-10
1.178347507752574359e-10
1.136008987703195343e-10
1.095191708432260804e-10
1.055841011120721754e-10
1.017904200863833648e-10
9.813304761068499207e-11
9.460708606162041405e-11
9.120781378949307336e-11
8.793067879546096716e-11
8.477129263590842561e-11
8.172542454583833351e-11
7.878899577341499876e-11
7.595807411806579101e-11
7.322886866483439214e-11
7.059772470792784328e-11
6.806111885666416771e-11
6.561565431726664956e-11
6.325805634418379006e-11
6.098516785484407459e-11
5.879394520197710461e-11
5.668145409783420298e-11
5.464486568485729478e-11
5.268145274752560494e-11
5.078858606031581740e-11
4.896373086688032475e-11
4.720444348572915569e-11
4.550836803787411340e-11
4.387323329204612359e-11
4.229684962326797916e-11
4.077710608070657472e-11
3.931196756087701586e-11
3.789947208241564779e-11
3.653772815877239842e-11
3.522491226530174848e-11
3.395926639736373792e-11
3.273909571616200376e-11
3.156276627916851883e-11
3.042326700688020617e-11
2.931828897249468367e-11
2.825344392107243928e-11
2.722727421610733523e-11
2.623837516268923691e-11
2.528539308465726067e-11
2.436702347159002274e-11
2.348200919309802352e-11
2.262913877797326027e-11
2.180724475583989613e-11
2.101520205903739402e-11
2.025192648254660067e-11
1.951637319985201969e-11
1.880753533270818490e-11
1.812444257285197445e-11
1.746615985377534953e-11
1.683178607073872038e-11
1.622045284727404694e-11
1.563132334648872331e-11
1.506359112554277455e-11
1.451647903173229638e-11
1.398923813866664779e-11
1.348114672108420644e-11
1.299150926690296953e-11
1.251965552515336267e-11
1.206493958849083176e-11
1.162673900903117815e-11
1.120445394629917924e-11
1.079750634612384055e-11
1.040533914935608562e-11
1.002741552932638880e-11
9.663218156997631568e-12
9.312248492807949291e-12
8.974026104233957945e-12
8.648088008139993820e-12
8.333988037013734720e-12
8.031296228219850376e-12
7.739598235436257126e-12
7.458494761467105851e-12
7.187601011655951817e-12
6.926546167151193783e-12
6.674774433051595512e-12
6.431448907749665525e-12
6.196993691378393358e-12
5.971085421313001090e-12
5.753412522949664085e-12
5.543674779979165507e-12
5.341582920325896009e-12
5.146858217181470602e-12
4.959232104582214728e-12
4.778445807000922782e-12
4.604249982441240738e-12
4.436404378543174092e-12
4.274677501224990558e-12
4.118846295404527676e-12
3.968695837359907454e-12
3.824019038304739246e-12
3.684616358769592370e-12
3.550295533395466971e-12
3.420871305759703525e-12
3.296165172868898521e-12
3.176005138965914229e-12
3.060225478311943921e-12
2.948666506616151012e-12
2.841174360797740043e-12
2.737600786776689541e-12
2.637802935000464973e-12
2.541643163424694898e-12
2.448988847676135621e-12
2.359712198135955666e-12
2.273690083691213577e-12
2.190803861911428403e-12
2.110939215415885411e-12
2.033985994206178606e-12
1.959838063746352722e-12
1.888393158581253661e-12
1.819552741291184652e-12
