8.787993926529509041e-09
8.921536837696071388e-09
9.057109075381509842e-09
9.194741477359875655e-09
9.334465350017937921e-09
9.476312475476417866e-09
9.620315118819037860e-09
9.766506035431805478e-09
9.914918478453647650e-09
1.006558620634027261e-08
1.021854349054305295e-08
1.037382512330450809e-08
1.053146642557220418e-08
1.069150325503314788e-08
1.085397201426996088e-08
1.101890965904120925e-08
1.118635370668756695e-08
1.135634224466550064e-08
1.152891393921096423e-08
1.170410804413438351e-08
1.188196440974966225e-08
1.206252349193852327e-08
1.224582636135282330e-08
1.243191471275671425e-08
1.262083087451052043e-08
1.281261781819910762e-08
1.300731916840618337e-08
1.320497921263738394e-08
1.340564291139416451e-08
1.360935590840049120e-08
1.381608815144761098e-08
1.402564856939973187e-08
1.423838756932750693e-08
1.445435336350057780e-08
1.467359489546525475e-08
1.489616185113653887e-08
1.512210467005808012e-08
1.535147455683323433e-08
1.558432349272933521e-08
1.582070424745803332e-08
1.606067039113425984e-08
1.630427630641677619e-08
1.655157720083250680e-08
1.680262911928815206e-08
1.705748895677142424e-08
1.731621447124490059e-08
1.757886429673565698e-08
1.784549795662306416e-08
1.811617587712849879e-08
1.839095940100948725e-08
1.866991080146155447e-08
1.895309329623111301e-08
1.924057106194206254e-08
1.953240924864005359e-08
1.982867399455714864e-08
2.012943244110052674e-08
2.043475274806845761e-08
2.074470410909709890e-08
2.105935676734174947e-08
2.137878203139556642e-08
2.170305229145011658e-08
2.203224103570088933e-08
2.236642286700158893e-08
2.270567351977131909e-08
2.305006987715769728e-08
2.339968998846080882e-08
2.375461308682118383e-08
2.411491960717612142e-08
2.448069120448830200e-08
2.485201077225118072e-08
2.522896246127452062e-08
2.561163169875539894e-08
2.600010520763819736e-08
2.639447102626827764e-08
2.679481852834399164e-08
2.720123844317079745e-08
2.761382287622313312e-08
2.803266533001790248e-08
2.845786072530452636e-08
2.888950542257675706e-08
2.932769724391012419e-08
2.977253549513126171e-08
3.022412098832314993e-08
3.068255606467178768e-08
3.114794461765943350e-08
3.162039211660951754e-08
3.209938685968625536e-08
3.258536704309285229e-08
3.307870489783742050e-08
3.357951181802483479e-08
3.408790088425098117e-08
3.460398688913592977e-08
3.512788636324402316e-08
3.565971760139566446e-08
3.619960068937821015e-08
3.674765753106087776e-08
3.730401187592016013e-08
3.786878934698238359e-08
3.844211746918852518e-08
3.902412569818922349e-08
3.961494544957538273e-08
4.021471012855133165e-08
4.082355516005756511e-08
4.144161801934883196e-08
4.206903826303588751e-08
4.270595756059686616e-08
4.335251972636569902e-08
4.400887075200529909e-08
4.467515883947146305e-08
4.535153443447675413e-08
4.603815026046057314e-08
4.673516135307353738e-08
4.744272509518439281e-08
4.816100125241601077e-08
4.889015200922032274e-08
4.963034200549894936e-08
5.038173837377827210e-08
5.114451077694782822e-08
5.191883144656901688e-08
5.270487522176486334e-08
5.350281958869803421e-08
5.431284472064649409e-08
5.513513351868654431e-08
5.596987165299059592e-08
5.681724760475137639e-08
5.767745270874024640e-08
5.855068119650984403e-08
5.943713024025145888e-08
6.033699999731514998e-08
6.125049365540509449e-08
6.217781747845863102e-08
6.311918085321981031e-08
6.407479633651885535e-08
6.504487970326594809e-08
6.602964999517309401e-08
6.702932957021283908e-08
6.804414415282593599e-08
6.907432288488968564e-08
7.012009837745664178e-08
7.118170676327794627e-08
7.225938775012127369e-08
7.335303014556590558e-08
7.446177598916138301e-08
7.558728074978117414e-08
7.672979774183580055e-08
7.788958410863424301e-08
7.906690088025842053e-08
8.026201303231260145e-08
8.147518954556074337e-08
8.270670346646527458e-08
8.395683196864100200e-08
8.522585641523780394e-08
8.651406242226629557e-08
8.782173992288070776e-08
8.914918323263337888e-08
9.049669111571555031e-08
9.186456685219948726e-08
9.325311830629688029e-08
9.466265799564909172e-08
9.609350316166465252e-08
9.754597584091994430e-08
9.902040293763918650e-08
1.005171162972698226e-07
1.020364527811701929e-07
1.035787543424259712e-07
1.051443681028127300e-07
1.067336464309216271e-07
1.083469470214661876e-07
1.099846329757876234e-07
1.116470728835771815e-07
1.133346409058335971e-07
1.150477168590745804e-07
1.167866863008210758e-07
1.185519406163737352e-07
1.203438771069009439e-07
1.221628990788584077e-07
1.240094159347601815e-07
1.258838432653219306e-07
1.277866029429967942e-07
1.297181232169250783e-07
1.316788388093192739e-07
1.336691910133057316e-07
1.356896277922454166e-07
1.377406038805558692e-07
1.398225808860569786e-07
1.419360273938639941e-07
1.440814190718506445e-07
1.462592387777062149e-07
1.484699766676125202e-07
1.507141303065591475e-07
1.529922047803320110e-07
1.553047128091899380e-07
1.576521748632628235e-07
1.600351192796908598e-07
1.624540823815361043e-07
1.649096085984923773e-07
1.674022505894189004e-07
1.699263208631986820e-07
1.724857173097724749e-07
1.750836628765617858e-07
1.777207381827478708e-07
1.803975325926826859e-07
1.831146443476067188e-07
1.858726806993511549e-07
1.886722580460533863e-07
1.915140020699169690e-07
1.943985478770464385e-07
1.973265401393880095e-07
2.002986332388086621e-07
2.033154914133448244e-07
2.063777889056541077e-07
2.094862101137030241e-07
2.126414497437239838e-07
2.158442129654765935e-07
2.190952155698466594e-07
2.223951841288212768e-07
2.257448561578693600e-07
2.291449802807698343e-07
2.325963163969267415e-07
2.360996358511960110e-07
2.396557216062768609e-07
2.432653684176968938e-07
2.469293830114334493e-07
2.506485842642100470e-07
2.544238033865084949e-07
2.582558841083376672e-07
2.621456828677999268e-07
2.660940690024979655e-07
2.701019249438246804e-07
2.741701464141789143e-07
2.782996426271522160e-07
2.824913364907304035e-07
2.867461648135558278e-07
2.910650785142962349e-07
2.954490428341672390e-07
2.998990375526556258e-07
3.044160572064919808e-07
3.090011113119212404e-07
3.136552245903212992e-07
3.183794371972196495e-07
3.231748049547593493e-07
3.280423995876666794e-07
3.329833089627724723e-07
3.379986373321414856e-07
3.430895055798634443e-07
3.482570514725611827e-07
3.535024299136722112e-07
3.588268132015599312e-07
3.642313912915116197e-07
3.697173720616875573e-07
3.752859815830640233e-07
3.809384643934576122e-07
3.866075611842578157e-07
3.920811997821256688e-07
3.976323348454237871e-07
4.032620635788794603e-07
4.089714987215852731e-07
4.147617687669343857e-07
4.206340181856689261e-07
4.265894076520957027e-07
4.326291142734911550e-07
4.387543318227675400e-07
4.449662709744238063e-07
4.512661595438418780e-07
4.576552427299659350e-07
4.641347833614266296e-07
4.707060621461416315e-07
4.773703779244498364e-07
4.841290479258384230e-07
4.909834080292956876e-07
4.979348130273500601e-07
5.049846368938565000e-07
5.121342730555640473e-07
5.193851346675341966e-07
5.267386548924530822e-07
5.341962871839079887e-07
5.417595055736652459e-07
5.494298049630155748e-07
5.572087014182550730e-07
5.650977324703331785e-07
5.730984574187597263e-07
5.812124576398024392e-07
5.894413368990550028e-07
5.977867216684227344e-07
6.062502614476090680e-07
6.148336290901421355e-07
6.235385211340177832e-07
6.323666581370339869e-07
6.413197850168620857e-07
6.503996713959392232e-07
6.596081119512356734e-07
6.689469267689904392e-07
6.784179617044472040e-07
6.880230887467050919e-07
6.977642063887211873e-07
7.076432400025507896e-07
7.176621422199137049e-07
7.278228933181361261e-07
7.381275016115557698e-07
7.485780038484822792e-07
7.591764656137648786e-07
7.699249817370590775e-07
7.808256767068869746e-07
7.918807050905459004e-07
8.030922519599700070e-07
8.144625333236127810e-07
8.259937965644593206e-07
8.376883208842268251e-07
8.482560105397686542e-07
8.583940266377095515e-07
8.686532082436162342e-07
8.790350034791112632e-07
8.895408777731867768e-07
9.001723140690552308e-07
9.109308130334724154e-07
9.218178932685623956e-07
9.328350915261731750e-07
9.439839629247957984e-07
9.552660811690742101e-07
9.666830387719405980e-07
9.782364472794050201e-07
9.899279374980228202e-07
1.001759159725109607e-06
1.013731783981659856e-06
1.025847500248097778e-06
1.038108018702814927e-06
1.050515069963570353e-06
1.063070405331772578e-06
1.075775797039684038e-06
1.088633038500577027e-06
1.101643944561880705e-06
1.114810351761354153e-06
1.128134118586320163e-06
1.141617125735997491e-06
1.155261276386969020e-06
1.169068496461821232e-06
1.183040734900996887e-06
1.197179963937893750e-06
1.211488179377253403e-06
1.225967400876876145e-06
1.240619672232703908e-06
1.255447061667308664e-06
1.270451662121830381e-06
1.285635591551405807e-06
1.301000993224113078e-06
1.316550036023529773e-06
1.332284914754840876e-06
1.348207850454684702e-06
1.364321090704621153e-06
1.380626909948415650e-06
1.397127609813071823e-06
1.413825519433717767e-06
1.430722995782370877e-06
1.447822424000635019e-06
1.465126217736370931e-06
1.482636819484391509e-06
1.500356700931229627e-06
1.518288363304025922e-06
1.536434337723585899e-06
1.554797185561656938e-06
1.573379498802475629e-06
1.592183900408636665e-06
1.611213044691332215e-06
1.629788477529965293e-06
1.645807361728789796e-06
1.661983692525447634e-06
1.678319017432915724e-06
1.694814899174384606e-06
1.711472915832756364e-06
1.727699398057785361e-06
1.743777309435696695e-06
1.760004841305791356e-06
1.776383386031233840e-06
1.792914348932486900e-06
1.809462352349604815e-06
1.825250275868923092e-06
1.841175952201236453e-06
1.857240583267594566e-06
1.873445381476035174e-06
1.889791569813115747e-06
1.905577488917858760e-06
1.921018013343873272e-06
1.936583649341543691e-06
1.952275410665644529e-06
1.968094319285204556e-06
1.983957139692927621e-06
1.998699745758387401e-06
2.013551902796115989e-06
2.028514424869488589e-06
2.043588132091098338e-06
2.058773850667721467e-06
2.073257685641191915e-06
2.087115773485252718e-06
2.101066491685893171e-06
2.115110459403775328e-06
2.129248299938173119e-06
2.143480640754618654e-06
2.156059923552514069e-06
2.168706086530652521e-06
2.181426424366512974e-06
2.194221372125623580e-06
2.207091367425334347e-06
2.219139290894444422e-06
2.230203565481178626e-06
2.241323004776420522e-06
2.252497883822618576e-06
2.263728479033519314e-06
2.275015068201043537e-06
2.284319520018586406e-06
2.293504316694443908e-06
2.302726043619878741e-06
2.311984849284105062e-06
2.321280882773402505e-06
2.329626730332840200e-06
2.336482871834564417e-06
2.343359191107985019e-06
2.350255747536712958e-06
2.357172600679130885e-06
2.364109810268898402e-06
2.368703340028567583e-06
2.372922939897662717e-06
2.377150056547249319e-06
2.381384703367693052e-06
2.385626893773209910e-06
2.388897452482113980e-06
2.390155443795644990e-06
2.391414097566304083e-06
2.392673414142940086e-06
2.393933393874586052e-06
2.395194037110459266e-06
2.393820154928482266e-06
2.391760686307469596e-06
2.389702989503359818e-06
2.387647062991800254e-06
2.385592905249765947e-06
2.382618890555643853e-06
2.377021594753165654e-06
2.371437448229581258e-06
2.365866420094346585e-06
2.360308479529483292e-06
2.354763595789408940e-06
2.346554609706005874e-06
2.337365706708032894e-06
2.328212786652015902e-06
2.319095708631885787e-06
2.310014332293363735e-06
2.300244126112174473e-06
2.287476123888409247e-06
2.274778993220812746e-06
2.262152340721493806e-06
2.249595775186145284e-06
2.237108907581919633e-06
2.222214917915157994e-06
2.206141876205659397e-06
2.190185089079690368e-06
2.174343715680340625e-06
2.158616921232527316e-06
2.142562496838527404e-06
2.123536632215989570e-06
2.104679716469000925e-06
2.085990249338671417e-06
2.067466743888345564e-06
2.049107726385304137e-06
2.029063729367284722e-06
2.007946365589461478e-06
1.987048779557639707e-06
1.966368683947590514e-06
1.945903815240296732e-06
1.925502478598529487e-06
1.902843215820066356e-06
1.880450606652991895e-06
1.858321513124596921e-06
1.836452834189726401e-06
1.814841505296273567e-06
1.792508768442401106e-06
1.769570924978102349e-06
1.746926605691795108e-06
1.724572054500511375e-06
1.702503563386010185e-06
1.680717471779726666e-06
1.658030152975726422e-06
1.635635872960305348e-06
1.613544062581222837e-06
1.591750636514867733e-06
1.570251564616284315e-06
1.548840045649194422e-06
1.527480849799521466e-06
1.506416206798369436e-06
1.485642054630421311e-06
1.465154387297374414e-06
1.444949254045428361e-06
1.425002620974283226e-06
1.405329638635962139e-06
1.385928253155356046e-06
1.366794714981327982e-06
1.347925326327464221e-06
1.329335808890506494e-06
1.311032879317400155e-06
1.292981953210022685e-06
1.275179560864443133e-06
1.257622280349261509e-06
1.240306736847871813e-06
1.223071810670655496e-06
1.206049669900160171e-06
1.189264435314473943e-06
1.172712809764240555e-06
1.156391541988291969e-06
1.140065032837794460e-06
1.123481606704612088e-06
1.107139403672212181e-06
1.091034914900869972e-06
1.075164682590573490e-06
1.059525299238585417e-06
1.043232557577157096e-06
1.026954152098330567e-06
1.010929751810394918e-06
9.951553932639190444e-07
9.796271748543885917e-07
9.640621741644209698e-07
9.479299084410023331e-07
9.320675941837289785e-07
9.164707141229674749e-07
9.011348265794307345e-07
8.860555641992776662e-07
8.705963740096958299e-07
8.551633034080246181e-07
8.400038150027725237e-07
8.251130589996162813e-07
8.104862715765846174e-07
7.960236733154046689e-07
7.814061738738060654e-07
7.670570977179578767e-07
7.529715157517007011e-07
7.391445893925909932e-07
7.255715689097885347e-07
7.118268713634361824e-07
6.981208589254370657e-07
6.846787516370030641e-07
6.714954680838044031e-07
6.585660246926224708e-07
6.457818758775600429e-07
6.324775550708910274e-07
6.194473282868934474e-07
6.066855486733611617e-07
5.941866857138655451e-07
5.819453228310095894e-07
5.693545353984227380e-07
5.566154384644397974e-07
5.441613741078798944e-07
5.319859648303571565e-07
5.200829758276427495e-07
5.084313034581939188e-07
4.967567691175954254e-07
4.853503039362762086e-07
4.742057525446054500e-07
4.633171009117560162e-07
4.526784731003085208e-07
4.424909114598486909e-07
4.327228287319400835e-07
4.231703785463244900e-07
4.138288007679171932e-07
4.046934403426465762e-07
3.957597449777714927e-07
3.875015947665989179e-07
3.794246028825344373e-07
3.715159659130724087e-07
3.637721747080634602e-07
3.561897932612587417e-07
3.487774458157326710e-07
3.415338343357035088e-07
3.344406623634566379e-07
3.274948054843849919e-07
3.206932041735316107e-07
3.140328624479200944e-07
3.073666984057487053e-07
3.008287438230439890e-07
2.944298571691272084e-07
2.881670803492945908e-07
2.820375181900679457e-07
2.759282328377685794e-07
2.697756448242199136e-07
2.637602458865237039e-07
2.578789770123583416e-07
2.521288473985995915e-07
2.465069329304033726e-07
2.408525506371683336e-07
2.352998548779334991e-07
2.298751728354434196e-07
2.245755532383908107e-07
2.193981128550698337e-07
2.144058179981742164e-07
2.096686905294954196e-07
2.050362261565480566e-07
2.005061124307685760e-07
1.960760879953217476e-07
1.917439414562678998e-07
1.876937865793298562e-07
1.837810732787628276e-07
1.799499254133198770e-07
1.761986426488094235e-07
1.725255600966468674e-07
1.689316298422078483e-07
1.654203682594690019e-07
1.619820886157186279e-07
1.586152739737275088e-07
1.553184389259643367e-07
1.520901289392492870e-07
1.488858517246005446e-07
1.457319441153841843e-07
1.426448469726577685e-07
1.396231450240082511e-07
1.366654529772955353e-07
1.337877261652793076e-07
1.310493590075293583e-07
1.283670407483259349e-07
1.257396241788230536e-07
1.231659855712447415e-07
1.206450241982744124e-07
1.182517918152285163e-07
1.159474308883770727e-07
1.136879748141262767e-07
1.114725485360717567e-07
1.093002940499459070e-07
1.071719443785818758e-07
1.050975964559016760e-07
1.030633982135251763e-07
1.010685725413006790e-07
9.911235737029761095e-08
9.719400538167677324e-08
9.534374850467682380e-08
9.355111178871245976e-08
9.179217991911529868e-08
9.006631918317684352e-08
8.837290778314563288e-08
8.671781125166803244e-08
8.523936719441491396e-08
8.378612899509198478e-08
8.235766692132597687e-08
8.095355856721060658e-08
7.957338872840044932e-08
7.821674927933086682e-08
7.688323905253234254e-08
7.557246372000370272e-08
7.428403567660486243e-08
7.301757392544134323e-08
7.177270396519981198e-08
7.054905767940525961e-08
6.934627322756746030e-08
6.816399493818126821e-08
6.700187320355265402e-08
6.585956437641751309e-08
6.473673066832263317e-08
6.363304004973906932e-08
6.254816615187904781e-08
6.148178817018688496e-08
6.043359076947401020e-08
5.940326399067311249e-08
5.839050315918085064e-08
5.739500879476272407e-08
5.641648652299626124e-08
5.545464698822109952e-08
5.450920576797549548e-08
5.357988328889041996e-08
5.266640474401707117e-08
5.176850001156590201e-08
5.088590357502903748e-08
5.001835444466500561e-08
4.916559608032305765e-08
4.832737631558177233e-08
4.750344728318206545e-08
4.669356534173135769e-08
4.589749100365692412e-08
4.511498886438767971e-08
4.434582753274366839e-08
4.358977956251200038e-08
4.284662138518969662e-08
4.209598951722453097e-08
4.135396519054745286e-08
4.062502049705384378e-08
3.990892488257166293e-08
3.920545185689820848e-08
3.851437892216447655e-08
3.783548750246257214e-08
3.716856287471326218e-08
3.651339410075245545e-08
3.586977396061481125e-08
3.523749888699297036e-08
3.461636890085244986e-08
3.400618754818099307e-08
3.340676183785368020e-08
3.281790218059214754e-08
3.223942232900089502e-08
3.167113931865981744e-08
3.111287341025513849e-08
3.056444803273105257e-08
3.002568972744245369e-08
2.949642809329303831e-08
2.897649573283975693e-08
2.846572819934766317e-08
2.796396394477773654e-08
2.747104426869177714e-08
2.698681326805800086e-08
2.651111778794107594e-08
2.604380737306166191e-08
2.558473422020945019e-08
2.513375313149564064e-08
2.469072146842861517e-08
2.425549910679989754e-08
2.382794839236484844e-08
2.340793409730454999e-08
2.299532337745564798e-08
2.258998573029335865e-08
2.219179295365583437e-08
2.180061910519561786e-08
2.141634046254584653e-08
2.103883548418905090e-08
2.066798477101507382e-08
2.024209153167900039e-08
1.978224743401697303e-08
1.933284971704751599e-08
1.889366106801591330e-08
1.846444956525403037e-08
1.804498855570998404e-08
1.763505653525963429e-08
1.723443703173724358e-08
1.684291849062353999e-08
1.646029416333031678e-08
1.608636199802303718e-08
1.572092453292369391e-08
1.536378879203732779e-08
1.501476618324770070e-08
1.467367239872757887e-08
1.434032731761174377e-08
1.401455491088069125e-08
1.369618314840526890e-08
1.338504390810313524e-08
1.308097288715867390e-08
1.278380951525989347e-08
1.249339686980633490e-08
1.220958159304309882e-08
1.193221381107760531e-08
1.166114705473579005e-08
1.139623818221648348e-08
1.113734730350261584e-08
1.088433770648972176e-08
1.063707578479269694e-08
1.039543096719240210e-08
1.015927564868513309e-08
9.928485123098496238e-09
9.702937517237816162e-09
9.482513726529072016e-09
9.267097352123324618e-09
9.056574639430078219e-09
8.850834418047326811e-09
8.649768043055718877e-09
8.453269337646714652e-09
8.261234537054024350e-09
8.073562233758649758e-09
7.872723926725178321e-09
7.646248291125507613e-09
7.426287708511011555e-09
7.212654759536204394e-09
7.005167416371303203e-09
6.803648887604028332e-09
6.607927467602695806e-09
6.417836390213151297e-09
6.233213686663982992e-09
6.053902047559802493e-09
5.879748688844302792e-09
5.710605221619220315e-09
5.546327525708321637e-09
5.386775626858586054e-09
5.231813577473845596e-09
5.081309340779483372e-09
4.935134678319280106e-09
4.793165040688755384e-09
4.655279461411791906e-09
4.521360453870046724e-09
4.391293911197391382e-09
4.264969009054283932e-09
4.142278111198774077e-09
4.023116677774237458e-09
3.907383176235136974e-09
3.794978994835445062e-09
3.685808358605583434e-09
3.579778247746495809e-09
3.476798318371339060e-09
3.376780825527212922e-09
3.279640548431255100e-09
3.185294717857569337e-09
3.093662945612870972e-09
3.004667156041182958e-09
2.918231519498680067e-09
2.834282387742413544e-09
2.752748231177642362e-09
2.673559577910442728e-09
2.596648954553588533e-09
2.521950828735236850e-09
2.449401553261465950e-09
2.377647086540340267e-09
2.299433117966388491e-09
2.223792039589100739e-09
2.150639214813700570e-09
2.079892791211320560e-09
2.011473608932390281e-09
1.945305112132769516e-09
1.881313263313653724e-09
1.819426460479226200e-09
1.759575457019497934e-09
1.701693284228641874e-09
1.645715176372093174e-09
1.591578498218676825e-09
1.539222674956534564e-09
1.488589124414540852e-09
1.439621191513327928e-09
1.392264084872552982e-09
1.346464815503559604e-09
1.302172137518718188e-09
1.259336490791195768e-09
1.217909945500959654e-09
1.177846148504945938e-09
1.139100271471460723e-09
1.101628960720676941e-09
1.065390288715174919e-09
1.030343707146250218e-09
9.964500015634058998e-10
9.636712474964185842e-10
9.319707680207288021e-10
9.013130927187644941e-10
8.716639179912550122e-10
8.429900686741060990e-10
8.152594609179446687e-10
7.884410662887250679e-10
7.625048770492825885e-10
7.374218725829682218e-10
7.131639869217815980e-10
6.897040773427121480e-10
6.670158939970909179e-10
6.450740505390164007e-10
6.238539957199732314e-10
6.033319859178475445e-10
5.823447411537512066e-10
5.619640034461907942e-10
5.422965450732757880e-10
5.233174028851666924e-10
5.050024873853336182e-10
4.873285521546749712e-10
4.702731643457425349e-10
4.538146762095811419e-10
4.379321976190739147e-10
4.226055695539080261e-10
4.078153385134952975e-10
3.935427318254079889e-10
3.797696338179292814e-10
3.664785628265353028e-10
3.536526490050890080e-10
3.412756129135865132e-10
3.293317448552977873e-10
3.178058849370454890e-10
3.066834038273363819e-10
2.959501841879135142e-10
2.855926027551560666e-10
2.755975130485998748e-10
2.659522286846143441e-10
2.566445072740569852e-10
2.476625348834845512e-10
2.389949110401756628e-10
2.306306342619544517e-10
2.225590880934278484e-10
2.147700276309269665e-10
2.072535665190453770e-10
2.000001644022640568e-10
1.930006148157490134e-10
1.862460334999384310e-10
1.797278471240893321e-10
1.734377824044818297e-10
1.673678556034541794e-10
1.615103623959552118e-10
1.558578680907376054e-10
1.504031981937904167e-10
1.451394293020297777e-10
1.400598803156868512e-10
1.350705115681745134e-10
1.302173711236888387e-10
1.255386060621088790e-10
1.210279510023862683e-10
1.166793656812560455e-10
1.124870268646607926e-10
1.084453205497984904e-10
1.045488344473541411e-10
1.007923507338520935e-10
9.717083906441306988e-11
9.367944983657234860e-11
9.031350769612546181e-11
8.706850527631743401e-11
8.394009716198197867e-11
8.092409407055030053e-11
7.801645724214512621e-11
7.521329303123417091e-11
7.251084769261118175e-11
6.990550235471884961e-11
6.739376817357940865e-11
6.497228166085226071e-11
6.263780017975085736e-11
6.038719760279612456e-11
5.821746012558722743e-11
5.612568223098649560e-11
5.410906279831306497e-11
5.216490135233256327e-11
5.029059444702532344e-11
4.848363217928511618e-11
4.674159482788241799e-11
4.506214961319199028e-11
4.344304757334470797e-11
4.188212055261969350e-11
4.037727829804565294e-11
3.892650566032174610e-11
3.752785989531139886e-11
3.617946806249449167e-11
3.487952451689366492e-11
3.362628849111665944e-11
3.241808176427832214e-11
3.125328641467713650e-11
3.012496042742524665e-11
2.903081756127518007e-11
2.797641412032473347e-11
2.696030676297399913e-11
2.598110456999550140e-11
2.503746714054746616e-11
2.412810275733794842e-11
2.325176661843167709e-11
2.240725913327728648e-11
2.159342428062361964e-11
2.080914802607667787e-11
2.005335679713070782e-11
1.932501601358680153e-11
1.862312867134651133e-11
1.794673397764267654e-11
1.729490603583883836e-11
1.666675257799656771e-11
1.606141374347648621e-11
1.547806090190034053e-11
1.491589551886358984e-11
1.437414806284546684e-11
1.385207695181995844e-11
1.334896753812600287e-11
1.286413113020790397e-11
1.239690404988543077e-11
1.194664672386482902e-11
1.151274280824572659e-11
1.109459834482612326e-11
1.069164094805094721e-11
1.030331902149007395e-11
9.929101002774650886e-12
9.568474635956990868e-12
9.220946270298488842e-12
8.886040184526035359e-12
8.563297935630974192e-12
8.252277731320354129e-12
7.952553825260274988e-12
7.663715934284609273e-12
7.385368676770424304e-12
7.117131031411726711e-12
6.858635815650903772e-12
6.609332700720116879e-12
6.368393031312236477e-12
6.136236687986335570e-12
5.912543479313289031e-12
5.697004886270416672e-12
5.489323636730146436e-12
5.289213295460365876e-12
5.096397869071426468e-12
4.910611425364155591e-12
4.731597726554760331e-12
4.559109875870099368e-12
4.392909977026069146e-12
4.232768806119692260e-12
4.078465495482108238e-12
3.929787229056537722e-12
3.786528948881153627e-12
3.648493072271810609e-12
3.515489219314879693e-12
3.387333950294103224e-12
3.263850512689435634e-12
3.144868597398887052e-12
3.030224103847235134e-12
2.919758913657454534e-12
2.813320672572890885e-12
2.710762580329457160e-12
2.611943188187695361e-12
2.516726203845921882e-12
2.424980303464987495e-12
2.336578950545689925e-12
2.251400221408860406e-12
2.169326637037488589e-12
2.090245001048945640e-12
2.014046243573885996e-12
1.940625270826372251e-12
1.869880820157927615e-12
1.801715320395470290e-12
