8.417969651922511037e-07
8.549873009750422386e-07
8.683843195629001868e-07
8.819912595225011007e-07
8.958114101664632082e-07
9.098481123485061920e-07
9.241047592710507298e-07
9.385847973054912351e-07
9.532917268253131127e-07
9.682291030522645902e-07
9.834005369157870518e-07
9.988096959259217715e-07
1.014460305059873253e-06
1.030356147662484978e-06
1.046501066360816669e-06
1.062898963993051017e-06
1.079553804551956245e-06
1.096469614143141898e-06
1.113650481958307104e-06
1.131100561263763394e-06
1.148824070404432590e-06
1.166825293823579186e-06
1.185108583098531317e-06
1.203678357992608435e-06
1.222539107523554060e-06
1.241695391048699118e-06
1.261151839367131596e-06
1.280913155839136122e-06
1.300984117523170958e-06
1.321369576330675234e-06
1.342074365326426491e-06
1.363103193660784337e-06
1.384461520592639312e-06
1.406154509002402635e-06
1.428187402667127786e-06
1.450565527528095951e-06
1.473294292978214830e-06
1.496379193169637612e-06
1.519825808341824022e-06
1.543639806170453213e-06
1.567826943137445766e-06
1.592393065922448666e-06
1.617344112816158056e-06
1.642686115155736421e-06
1.668425198782772703e-06
1.694567585524051543e-06
1.721119594695525704e-06
1.748087644629888754e-06
1.775478254228029614e-06
1.803298044534854567e-06
1.831553740339742454e-06
1.860252171802135793e-06
1.889400276102543516e-06
1.919005099119470330e-06
1.949073797132583346e-06
1.979613638552564264e-06
2.010632005678107280e-06
2.042136396480386474e-06
2.074134426415545384e-06
2.106633830265543963e-06
2.139642464007850836e-06
2.173168306714472946e-06
2.207219462480676687e-06
2.241804162383997232e-06
2.276930766473894361e-06
2.312607765792590963e-06
2.348843784427613859e-06
2.385647581596432523e-06
2.423028053763833921e-06
2.460994236792397287e-06
2.499555308126744342e-06
2.538720589011934672e-06
2.578499546746694491e-06
2.618901796971902738e-06
2.659937105994932061e-06
2.701615393150466018e-06
2.743946733198224038e-06
2.786941358758339965e-06
2.830609662784843105e-06
2.874962201077899079e-06
2.920009694835467356e-06
2.965763033244856995e-06
3.012233276114984027e-06
3.059431656549772179e-06
3.107369583663547804e-06
3.156058645338877091e-06
3.205509653273674466e-06
3.255735070151570159e-06
3.306747442232668065e-06
3.358559099897294916e-06
3.411182566723894812e-06
3.464630562516185209e-06
3.518916006377681964e-06
3.574052019834425626e-06
3.630051930006633211e-06
3.686929272830049619e-06
3.744697796327737336e-06
3.803371463933205218e-06
3.862964457865527314e-06
3.923491182557385997e-06
3.984966268136817840e-06
4.047404573963512640e-06
4.110821192220531271e-06
4.175231451562258050e-06
4.240650920819588822e-06
4.307095412763102677e-06
4.374580987925221891e-06
4.443123958482275734e-06
4.512740892197335497e-06
4.583448616424921053e-06
4.655264222178364121e-06
4.728205068260944660e-06
4.802288785461752425e-06
4.877533280817282518e-06
4.953956741939823727e-06
5.031577641413605262e-06
5.110414741259930931e-06
5.190487097472176608e-06
5.271814064621891015e-06
5.354415300537052720e-06
5.438310771053651373e-06
5.523520754841649457e-06
5.610065848306680635e-06
5.697966970568436771e-06
5.787245368517109885e-06
5.877922621949067257e-06
5.970020648782918436e-06
6.063561710357505578e-06
6.158568416812603163e-06
6.255063732554223597e-06
6.353070981805367267e-06
6.452613854243816235e-06
6.553716410728257386e-06
6.656403089114070777e-06
6.760698710160364620e-06
6.866628483529437647e-06
6.974218013880308725e-06
7.083493307057709620e-06
7.194480776378046940e-06
7.307207249013876554e-06
7.421699972478332134e-06
7.537984524670157067e-06
7.656082472413268438e-06
7.776030666096174479e-06
7.897858093606532063e-06
8.021594196986491952e-06
8.147268879548088960e-06
8.274912513099845845e-06
8.404555945286866058e-06
8.536230507045645255e-06
8.669968020175966472e-06
8.805800805031125807e-06
8.943761688328929753e-06
9.083884011084868561e-06
9.226201636669591690e-06
9.370748958992792762e-06
9.517560910815050696e-06
9.666672972190168132e-06
9.818121179039499609e-06
9.971942131860900383e-06
1.012817300457381715e-05
1.028685155350327188e-05
1.044801612650427006e-05
1.061170567222950168e-05
1.077795974954188634e-05
1.094681853707494268e-05
1.111832284294258968e-05
1.129251411460139513e-05
1.146943444886712484e-05
1.164912660208820464e-05
1.183163400047882436e-05
1.201700075061355071e-05
1.220527165008677273e-05
1.239649219833873493e-05
1.259070860765158686e-05
1.278796781431731604e-05
1.298831748998103868e-05
1.319180605316160996e-05
1.339848268095313524e-05
1.360839732090939112e-05
1.382160070311487170e-05
1.403814435244450622e-05
1.425808060101587864e-05
1.448146260083625110e-05
1.470834433664771864e-05
1.493878063897391709e-05
1.517282719737067951e-05
1.541054057388477143e-05
1.565197821672301376e-05
1.589719847413601845e-05
1.614626060851898486e-05
1.639922481073389523e-05
1.665615221465557762e-05
1.691710491194620348e-05
1.718214596706072356e-05
1.745133943248787064e-05
1.772475036422965609e-05
1.800171237738452528e-05
1.828268176540853428e-05
1.856803650274555458e-05
1.885784503560150021e-05
1.915217687848560862e-05
1.945110263088444344e-05
1.975469399419598729e-05
2.006302378892843230e-05
2.037616597216700912e-05
2.069419565531362498e-05
2.101718912210336963e-05
2.134522384690219903e-05
2.167837851329020124e-05
2.201673303293494397e-05
2.236036856475934908e-05
2.270936753440877298e-05
2.306381365402192113e-05
2.342379194231032988e-05
2.378938874495126402e-05
2.416069175529889212e-05
2.453779003541874037e-05
2.492077403745042932e-05
2.530973562530384349e-05
2.570476809669394470e-05
2.610596620551948756e-05
2.651342618459104120e-05
2.692724576871371111e-05
2.734752421813018544e-05
2.777436234232963174e-05
2.820786252422823108e-05
2.864812874472709930e-05
2.909526660765353125e-05
2.954938336509150079e-05
3.001058794310753196e-05
3.047899096787810112e-05
3.095470479222480750e-05
3.143784352256375299e-05
3.192852304627547048e-05
3.242686105950220055e-05
3.293297709537860177e-05
3.344699255270375498e-05
3.396903072506036710e-05
3.449921683038772703e-05
3.503767804101798870e-05
3.558454351417908104e-05
3.613994442297565636e-05
3.670401398785233245e-05
3.727688750854854581e-05
3.785870239655198211e-05
3.844959820805861356e-05
3.904971667744714964e-05
3.965920175127592417e-05
4.027819962281047218e-05
4.090685876708992152e-05
4.154532997654078442e-05
4.218520578242222703e-05
4.279996229384806176e-05
4.342367752815635512e-05
4.405648203901198434e-05
4.469850828261246248e-05
4.534989064541244486e-05
4.601076547225370003e-05
4.668127109490354714e-05
4.736154786101069074e-05
4.805173816348148218e-05
4.875198647028582317e-05
4.946243935469584894e-05
5.018324552596689820e-05
5.091455586046404269e-05
5.165652343324323630e-05
5.240930355009263341e-05
5.317305378004035822e-05
5.394793398833606354e-05
5.473410636991349592e-05
5.553173548334083658e-05
5.634098828526472021e-05
5.716203416535783861e-05
5.799504498177401190e-05
5.884019509712181333e-05
5.969766141496052878e-05
6.056762341682988936e-05
6.145026319981748014e-05
6.234576551467558875e-05
6.325431780449149166e-05
6.417611024392339588e-05
6.511133577900596629e-05
6.606019016753813047e-05
6.702287202005739633e-05
6.799958284141267633e-05
6.899052707294270651e-05
6.999591213526876079e-05
7.101594847171060544e-05
7.205084959233671173e-05
7.310083211865439190e-05
7.416611582895254345e-05
7.524692370430528245e-05
7.634348197524442117e-05
7.745602016911438319e-05
7.858477115811477376e-05
7.972997120804548607e-05
8.089186002775971022e-05
8.207068081934017277e-05
8.326668032900390597e-05
8.448010889875157928e-05
8.571122051876674643e-05
8.696027288058148785e-05
8.822752743101396446e-05
8.951324942689491821e-05
9.081770799058897414e-05
9.214117616632673600e-05
9.348393097735802938e-05
9.468957574054459581e-05
9.584250618399018512e-05
9.700947458881672427e-05
9.819065187978434444e-05
9.938621106281592002e-05
1.005963272503357679e-04
1.018211776869193364e-04
1.030609417752534779e-04
1.043158011024135519e-04
1.055859394664604358e-04
1.068715429033607363e-04
1.081727997142360427e-04
1.094899004929428211e-04
1.108230381539881130e-04
1.121724079607867847e-04
1.135382075542600298e-04
1.149206369817844210e-04
1.163198987264933134e-04
1.177361977369328379e-04
1.191697414570818184e-04
1.206207398567354271e-04
1.220894054622589312e-04
1.235759533877168722e-04
1.250806013663802109e-04
1.266035697826177692e-04
1.281450817041751100e-04
1.297053629148479459e-04
1.312846419475520400e-04
1.328831501177956439e-04
1.345011215575616292e-04
1.361387932495985520e-04
1.377964050621329308e-04
1.394741997840018418e-04
1.411724231602136934e-04
1.428913239279429521e-04
1.446311538529621542e-04
1.463921677665172756e-04
1.481746236026535324e-04
1.499787824359941079e-04
1.518049085199798002e-04
1.536532693255739286e-04
1.555241355804380275e-04
1.574177813085860802e-04
1.593344838705199214e-04
1.612745240038536150e-04
1.632381858644338000e-04
1.652257570679589325e-04
1.672375287321066386e-04
1.692737955191725939e-04
1.713348556792305250e-04
1.734210110938160161e-04
1.755325673201423335e-04
1.776698336358567521e-04
1.798331230843380887e-04
1.820227525205487769e-04
1.841566952844727538e-04
1.859806476286078104e-04
1.878226650349366304e-04
1.896829264261557240e-04
1.915616124970747920e-04
1.934589057321680890e-04
1.953035468492381709e-04
1.971294795451964288e-04
1.989724832583686571e-04
2.008327175891763574e-04
2.027103436301785813e-04
2.045890599082377426e-04
2.063753245403676315e-04
2.081771850276105385e-04
2.099947775371903088e-04
2.118282394252057681e-04
2.136777092470100068e-04
2.154591453256503699e-04
2.171982767395397480e-04
2.189514459798122146e-04
2.207187663562319290e-04
2.225003520931697113e-04
2.242862405110642441e-04
2.259372074407155402e-04
2.276003271078535020e-04
2.292756889685575552e-04
2.309633831373909992e-04
2.326635003922495595e-04
2.342787147415108587e-04
2.358181474882771499e-04
2.373676957642518147e-04
2.389274260380292619e-04
2.404974052149653672e-04
2.420777006400481966e-04
2.434586050610388957e-04
2.448465537319659941e-04
2.462424150478893727e-04
2.476462341185106230e-04
2.490580563107007580e-04
2.503711844057669614e-04
2.515664595065203956e-04
2.527674408652440924e-04
2.539741557236830445e-04
2.551866314536355477e-04
2.564048955575722803e-04
2.573861161072214039e-04
2.583523073764247102e-04
2.593221255917228210e-04
2.602955843681614592e-04
2.612726973718944453e-04
2.621356120577076135e-04
2.628200569689541658e-04
2.635062889889147153e-04
2.641943127837903895e-04
2.648841330319653877e-04
2.655757544240400485e-04
2.659890199396075863e-04
2.663575765265775068e-04
2.667266437886039771e-04
2.670962224332822750e-04
2.674663131691890441e-04
2.677212213452330025e-04
2.677381567506118432e-04
2.677550932272836949e-04
2.677720307753169706e-04
2.677889693947787825e-04
2.678059090857374896e-04
2.675129620862952027e-04
2.671396655714994490e-04
2.667668899671184874e-04
2.663946345462559102e-04
2.660228985830306110e-04
2.655434998093377181e-04
2.647567890503808039e-04
2.639724090350451056e-04
2.631903528581675498e-04
2.624106136350427116e-04
2.616331845013628032e-04
2.605491526800757240e-04
2.593533208841552204e-04
2.581629775485479541e-04
2.569780974830919570e-04
2.557986556132395934e-04
2.545417601098026294e-04
2.529436286198630799e-04
2.513555309422849104e-04
2.497774040801302681e-04
2.482091854319853539e-04
2.466508127894765159e-04
2.448233590840980379e-04
2.428656203004049129e-04
2.409235366452073407e-04
2.389969829317080321e-04
2.370858349741705045e-04
2.351417124088224628e-04
2.328758610155985632e-04
2.306318436155163599e-04
2.284094498138181388e-04
2.262084712431322304e-04
2.240287015439379362e-04
2.216747070406851062e-04
2.192114351679418549e-04
2.167755354225829221e-04
2.143667036427475436e-04
2.119846390464514934e-04
2.096141760563140341e-04
2.070244764481247838e-04
2.044667715465283439e-04
2.019406660696759033e-04
1.994457696192678095e-04
1.969816966202199947e-04
1.944611758789045871e-04
1.918945797765237089e-04
1.893618588963974774e-04
1.868625661363570469e-04
1.843962602953130555e-04
1.819625059953686825e-04
1.794757333206872265e-04
1.770219929397268035e-04
1.746017993884448473e-04
1.722146940242767841e-04
1.698602244750865528e-04
1.675352173668638079e-04
1.652388120047466240e-04
1.629738834728148569e-04
1.607400003181315982e-04
1.585367370016851050e-04
1.563636738173276115e-04
1.542455454748252323e-04
1.521582337277673403e-04
1.500991683090944183e-04
1.480679669783154439e-04
1.460642526675688636e-04
1.440916722541635503e-04
1.421520028813701814e-04
1.402384440895485765e-04
1.383506443948591706e-04
1.364882570449116534e-04
1.346509399550734043e-04
1.328009818869253116e-04
1.309701143567231483e-04
1.291644881753840673e-04
1.273837553517604521e-04
1.256275726923030398e-04
1.238547322560357925e-04
1.220212063631317723e-04
1.202148236979328573e-04
1.184351824363829902e-04
1.166818867029669816e-04
1.149545464826472451e-04
1.131159794847026728e-04
1.112701667198326790e-04
1.094544737026630185e-04
1.076684089428223270e-04
1.059114889700188357e-04
1.041448936290882059e-04
1.022959537625216876e-04
1.004798391119696442e-04
9.869596691385729278e-05
9.694376475072221788e-05
9.522267036753477543e-05
9.346496551343036745e-05
9.171385438134291703e-05
8.999555115947161334e-05
8.830944117582163484e-05
8.665492127457389540e-05
8.502739442342273964e-05
8.341305580024312464e-05
8.182936717178534525e-05
8.027574661418121873e-05
7.875162325202684339e-05
7.725643704861661037e-05
7.576797010791261572e-05
7.429676985771843569e-05
7.285413616636303349e-05
7.143951435185530191e-05
7.005236050256386264e-05
6.868315698844868204e-05
6.727412197391904956e-05
6.589399331371617932e-05
6.454217799395993676e-05
6.321809516645130172e-05
6.192117589909191503e-05
6.058526185213952334e-05
5.923229191935889588e-05
5.790953606147107520e-05
5.661631954779715309e-05
5.535198271551899880e-05
5.411433751293302471e-05
5.287517398284840317e-05
5.166438604276199883e-05
5.048132392039742211e-05
4.932535272260544286e-05
4.819585209464690502e-05
4.711544786274737503e-05
4.608063510804872518e-05
4.506855030110102305e-05
4.407869426018590789e-05
4.311057876728474788e-05
4.216372632727855051e-05
4.128273705615915671e-05
4.042098830455129784e-05
3.957722796562751250e-05
3.875108054364133874e-05
3.794217838106158703e-05
3.714517546612976912e-05
3.635889257262181777e-05
3.558925358457036244e-05
3.483590618655422875e-05
3.409850552090624081e-05
3.337671402984914977e-05
3.265844468819295755e-05
3.195454830508941428e-05
3.126582319308836787e-05
3.059194236163762263e-05
2.993258586790190545e-05
2.928046339093637866e-05
2.863141727747385299e-05
2.799675826068313543e-05
2.737616742863118412e-05
2.676933293855429023e-05
2.617594986015899189e-05
2.558271066728914287e-05
2.500060634892379671e-05
2.443174712572697446e-05
2.387583162122644960e-05
2.333256531641486148e-05
2.280828735002248182e-05
2.231005530229751262e-05
2.182270680622061968e-05
2.134600411775873470e-05
2.087971468624084988e-05
2.042361104091254060e-05
1.999364646712139463e-05
1.957723955449357760e-05
1.916950513275781539e-05
1.877026258027689326e-05
1.837933503721370925e-05
1.799710959777049929e-05
1.762452610469909464e-05
1.725965598685355712e-05
1.690233955879839173e-05
1.655242044097089091e-05
1.620974549124191595e-05
1.587246436840854982e-05
1.554152422403614795e-05
1.521748416629270912e-05
1.490020032869272430e-05
1.458953184436024113e-05
1.428712353583723564e-05
1.399909739383865463e-05
1.371687781313046319e-05
1.344034773435902807e-05
1.316939245806870202e-05
1.290389959712659537e-05
1.265098803804881842e-05
1.240696507733500007e-05
1.216764903794435627e-05
1.193294912879609074e-05
1.170277631006458948e-05
1.147734526089356011e-05
1.125866625720584529e-05
1.104415376638034518e-05
1.083372840343206636e-05
1.062731229590607126e-05
1.042482905505893884e-05
1.022953840540817622e-05
1.004031893724477708e-05
9.854599529955395505e-06
9.672315441649397420e-06
9.493403127990165887e-06
9.318443199898591113e-06
9.161173525838904870e-06
9.006558131023946614e-06
8.854552218525493305e-06
8.705111747464069273e-06
8.558193420249080968e-06
8.413754670034133645e-06
8.271753648383989405e-06
8.132149213149852981e-06
7.994900916549099097e-06
7.859968993446444588e-06
7.727314349832582532e-06
7.596898551497483193e-06
7.468683812894862671e-06
7.342632986194366769e-06
7.218709550518839167e-06
7.096877601362982561e-06
6.977101840190773398e-06
6.859347564208295434e-06
6.743580656309250282e-06
6.629767575190224375e-06
6.517875345632717224e-06
6.407871548949117155e-06
6.299724313590046124e-06
6.193402305910161533e-06
6.088874721089812115e-06
5.986111274209921216e-06
5.885082191477479329e-06
5.785758201599203006e-06
5.688110527300606464e-06
5.592110876988430129e-06
5.497731436553662243e-06
5.404944861312864869e-06
5.313724268085618079e-06
5.224043227405554801e-06
5.135875755863019492e-06
5.049196308576759587e-06
4.963979771792806561e-06
4.880201455608281645e-06
4.797837086817851919e-06
4.716862801881121526e-06
4.637255140008560916e-06
4.555552276555647840e-06
4.474513620905248634e-06
4.394916560765317123e-06
4.316735451613523390e-06
4.239945105117552381e-06
4.164520781020003952e-06
4.090438179167572284e-06
4.017673431682018602e-06
3.946203095270460495e-06
3.876004143672435872e-06
3.807053960241302963e-06
3.739330330657644049e-06
3.672811435772212292e-06
3.607475844576348553e-06
3.543302507297289837e-06
3.480270748616393640e-06
3.418360261007957357e-06
3.357551098196568929e-06
3.297823668730849981e-06
3.239158729671450585e-06
3.181537380391418178e-06
3.124941056486782418e-06
3.069351523795508156e-06
3.014750872522775189e-06
2.961121511470889449e-06
2.908446162371715249e-06
2.856707854319985767e-06
2.805889918305642265e-06
2.755975981843377542e-06
2.706949963697831006e-06
2.658796068702507093e-06
2.611498782670888562e-06
2.565042867398127689e-06
2.519413355751566643e-06
2.474595546848682683e-06
2.430575001320725977e-06
2.387337536660689719e-06
2.344869222653986240e-06
2.303156376890409896e-06
2.262185560355958234e-06
2.221943573103071039e-06
2.175518786302328007e-06
2.125279274136177272e-06
2.076199948955569995e-06
2.028254018425490892e-06
1.981415308929470684e-06
1.935658251281458690e-06
1.890957866767629142e-06
1.847289753510547280e-06
1.804630073148210841e-06
1.762955537820733489e-06
1.722243397457525888e-06
1.682471427358057336e-06
1.643617916059431227e-06
1.605661653484135929e-06
1.568581919361471370e-06
1.532358471916404261e-06
1.496971536819604648e-06
1.462401796392646063e-06
1.428630379062552060e-06
1.395638849059793355e-06
1.363409196354252101e-06
1.331923826823564563e-06
1.301165552648495527e-06
1.271117582930164817e-06
1.241763514523899525e-06
1.213087323084775235e-06
1.185073354319969661e-06
1.157706315443075399e-06
1.130971266825821345e-06
1.104853613842531153e-06
1.079339098902944466e-06
1.054413793669011157e-06
1.030064091451438667e-06
1.006276699781814664e-06
9.830386331562727193e-07
9.603372059467186743e-07
9.381600254757693167e-07
9.164949852515913911e-07
8.953302583590105674e-07
8.746542910031913703e-07
8.544557962024518720e-07
8.329023065899271084e-07
8.086922128569216343e-07
7.851858374759046061e-07
7.623627253621338923e-07
7.402030160018211797e-07
7.186874261696537299e-07
6.977972331486535771e-07
6.775142584378171664e-07
6.578208519332963842e-07
6.386998765694093179e-07
6.201346934060789889e-07
6.021091471497379144e-07
5.846075520951187880e-07
5.676146784756511008e-07
5.511157392106273710e-07
5.350963770375879940e-07
5.195426520187328653e-07
5.044410294104759346e-07
4.897783678856180918e-07
4.755419080978470437e-07
4.617192615786442587e-07
4.482983999569281930e-07
4.352676444920403631e-07
4.226156559110013219e-07
4.103314245411410005e-07
3.984042607295636276e-07
3.868237855410862723e-07
3.755799217265554378e-07
3.646628849537042702e-07
3.540631752928880170e-07
3.437715689503128234e-07
3.337791102415558129e-07
3.240771037983850398e-07
3.146571070021188273e-07
3.055109226369118102e-07
2.966305917565961425e-07
2.880083867588630291e-07
2.796368046607518021e-07
2.715085605696136079e-07
2.636165813438434027e-07
2.559539994378826949e-07
2.483841167097990578e-07
2.401767921435055731e-07
2.322406611520218033e-07
2.245667627207778809e-07
2.171464319328610813e-07
2.099712901850996097e-07
2.030332357274309896e-07
1.963244345148852469e-07
1.898373113618365115e-07
1.835645413885476371e-07
1.774990417503454961e-07
1.716339636400844398e-07
1.659626845548786912e-07
1.604788008183566002e-07
1.551761203500049702e-07
1.500486556734352007e-07
1.450906171556711816e-07
1.402964064698417558e-07
1.356606102738718521e-07
1.311779940980558591e-07
1.268434964346008979e-07
1.226522230224667750e-07
1.185994413210547630e-07
1.146805751665003663e-07
1.108911996045338904e-07
1.072270358940852627e-07
1.036839466759746633e-07
1.002579313012549817e-07
9.694512131390789669e-08
9.374177608281365817e-08
9.064427857804661368e-08
8.764913128673753205e-08
8.475295226388784976e-08
8.195247131367488826e-08
7.924452629693665778e-08
7.662605956067226012e-08
7.409411448551520063e-08
7.164583214729633408e-08
6.927844808891027302e-08
6.698928919885498158e-08
6.477577069290880082e-08
6.263539319554393599e-08
6.045269245217548913e-08
5.833380607234128144e-08
5.628918734393052055e-08
5.431623316179303342e-08
5.241243166045448020e-08
5.057535901613536209e-08
4.880267636086252477e-08
4.709212680473986714e-08
4.544153256259046970e-08
4.384879218131098667e-08
4.231187786440669064e-08
4.082883289030523397e-08
3.939776912115657750e-08
3.801686459895167305e-08
3.668436122589781610e-08
3.539856252609687934e-08
3.415783148567889443e-08
3.296058846863817763e-08
3.180530920572083261e-08
3.069052285380242778e-08
2.961481012328412989e-08
2.857680147112615857e-08
2.757517535721406636e-08
2.660865656184090430e-08
2.567601456216210431e-08
2.477606196555559335e-08
2.390765299789421982e-08
2.306968204480365090e-08
2.226108224405017310e-08
2.148082412726575972e-08
2.072791430928064506e-08
2.000139422339615991e-08
1.930033890098555719e-08
1.862385579387109680e-08
1.797108363797673486e-08
1.734119135681002266e-08
1.673337700337800983e-08
1.614686673918856606e-08
1.558091384903845103e-08
1.503479779033334273e-08
1.450782327572919886e-08
1.399067761934053239e-08
1.348787094609109263e-08
1.300313448770494510e-08
1.253581882427068920e-08
1.208529787517987433e-08
1.165096806034322865e-08
1.123224749155118755e-08
1.082857519289611745e-08
1.043941034921163830e-08
1.006423158152161332e-08
9.702536248529242598e-09
9.353839773209053433e-09
9.017674993600814031e-09
8.693591536934772843e-09
8.381155216249849559e-09
8.079947448697275749e-09
7.789564694748773730e-09
7.509617917559538644e-09
7.239732061760679840e-09
6.979545550983027419e-09
6.728709803439890506e-09
6.486888764918384882e-09
6.253758458555056801e-09
6.029006550791529318e-09
5.812331932929420065e-09
5.603444317723605209e-09
5.402063850473163692e-09
5.207920734089555397e-09
5.020754867639013986e-09
4.840315497875506024e-09
4.666360883297001089e-09
4.498657970275231225e-09
4.336982080824814680e-09
4.181116611593542902e-09
4.030852743670757275e-09
3.885989162824484840e-09
3.746331789793324932e-09
3.611693520270866009e-09
3.481893974235042688e-09
3.356759254286107963e-09
3.236121712669562219e-09
3.119289470144511147e-09
3.006029618999569482e-09
2.896882176787555812e-09
2.791697823982966047e-09
2.690332662778058391e-09
2.592648020223076969e-09
2.498510258514139404e-09
2.407790592169649621e-09
2.320364911844872700e-09
2.236113614543730606e-09
2.154921439995518380e-09
2.076677312972696993e-09
2.001274191334087965e-09
1.928608919585466883e-09
1.858582087757347314e-09
1.791097895406869442e-09
1.726064020557678192e-09
1.663391493398496570e-09
1.602994574567713213e-09
1.544790637857319478e-09
1.488700057175913465e-09
1.434646097615892182e-09
1.382554810476029487e-09
1.332354932095729802e-09
1.283977786362479072e-09
1.237357190759311528e-09
1.192429365823585014e-09
1.149132847893248342e-09
1.107408405021297040e-09
1.067198955943280368e-09
1.028449491987131336e-09
9.911070018183222551e-10
9.551203989175494129e-10
9.204404516916627453e-10
8.870197161221806976e-10
8.548124708593800754e-10
8.237746546730265621e-10
7.938638061742785014e-10
7.650390057262230019e-10
7.372608194636307879e-10
7.104912453453363851e-10
6.846749371728121173e-10
6.597301286308580076e-10
6.356941359946885317e-10
6.125338483126114592e-10
5.902173609664886647e-10
5.687139317213022898e-10
5.479939383759796166e-10
5.280288379571096505e-10
5.087911273993657913e-10
4.902543056584836251e-10
4.723928372045378413e-10
4.551821168453014826e-10
4.385984358311966496e-10
4.226189491951197744e-10
4.072216442822127859e-10
3.923853104261721066e-10
3.780895097303368179e-10
3.643145489133264280e-10
3.510414521804200808e-10
3.382519350833163526e-10
3.259283793322606746e-10
3.140538085258510116e-10
3.026118647650693709e-10
2.915867861193413446e-10
2.809633849135880740e-10
2.707270268063249408e-10
2.608636106300257012e-10
2.513595489659627229e-10
2.422017494267565880e-10
2.333775966208645081e-10
2.248749347741676536e-10
2.166820509846872549e-10
2.087876590874025753e-10
2.011808841069085350e-10
1.938512472765169507e-10
1.867886516031605980e-10
