2.224999999999999895e-02
1.198000000000000037e-01
6.844000000000000083e-01
8.309999999999999609e-01
9.645000000000000240e-01
1.780000000000000027e+00
2.100000000000000089e+00
2.279999999999999805e+00
2.258999999999999897e+00
3.563000000000000167e+00
3.729000000000000092e+00
0.000000000000000000e+00
0.000000000000000000e+00
0.000000000000000000e+00
0.000000000000000000e+00
0.000000000000000000e+00
0.000000000000000000e+00
0.000000000000000000e+00
0.000000000000000000e+00
1.000000000000000000e+00
3.000000000000000000e+00
