6.772580197491905517e-09
6.874619045952932509e-09
6.978195259242671206e-09
7.083332000015828514e-09
7.190052779906545113e-09
7.298381464786108455e-09
7.408342280100140452e-09
7.519959816286202838e-09
7.633259034272754083e-09
7.748265271061231352e-09
7.865004245392233559e-09
7.983502063496789885e-09
8.103785224934567449e-09
8.225880628520049648e-09
8.349815578337682721e-09
8.475617789848008890e-09
8.603315396085573517e-09
8.732936953950432725e-09
8.864511450594098564e-09
8.998068309902007892e-09
9.133637399073676317e-09
9.271249035301652249e-09
9.410933992551428341e-09
9.552723508443511399e-09
9.696649291238838575e-09
9.842643903785752383e-09
9.990544452279224511e-09
1.014066742926432109e-08
1.029304623007628683e-08
1.044771475186558134e-08
1.060470740113839974e-08
1.076405910141052851e-08
1.092580530097611995e-08
1.108998198079339186e-08
1.125662566248863236e-08
1.142577341648056763e-08
1.159746287022679509e-08
1.177173221659413492e-08
1.194862022235475262e-08
1.212816623680994871e-08
1.231041020054354281e-08
1.249539265430677771e-08
1.268315474803674208e-08
1.287373825001030513e-08
1.306718555613560151e-08
1.326353969938313770e-08
1.346284435935861428e-08
1.366514387201959155e-08
1.387048323953816585e-08
1.407890814031187492e-08
1.429046493912488879e-08
1.450520069746217610e-08
1.472316318397836647e-08
1.494440088512406502e-08
1.516896301593183261e-08
1.539689953096420083e-08
1.562826113542625129e-08
1.586309929644513645e-08
1.610146625451909972e-08
1.634341503513855907e-08
1.658899946058178194e-08
1.683827416188782833e-08
1.709129459100939899e-08
1.734811703314829869e-08
1.760879861927626069e-08
1.787339733884391177e-08
1.814197205268071348e-08
1.841458250608873492e-08
1.869128934213323163e-08
1.897215411513273055e-08
1.925723930435222419e-08
1.954660832790170416e-08
1.984032555684379926e-08
2.013845632951328770e-08
2.044106696605183505e-08
2.074822478316112109e-08
2.105999810907765776e-08
2.137645629877261006e-08
2.169766974938004128e-08
2.202370991585698059e-08
2.235464932687880027e-08
2.268989023323127777e-08
2.302993995533181264e-08
2.337508594772320783e-08
2.372540458738576594e-08
2.408097339594906873e-08
2.444187105684689903e-08
2.480817743272896249e-08
2.517997358313359475e-08
2.555734178242535501e-08
2.594036553800142020e-08
2.632912960877084949e-08
2.672372002391078225e-08
2.712422410190375504e-08
2.753073046986030981e-08
2.794332908313117821e-08
2.836211124521335661e-08
2.878716962795484947e-08
2.921859829206127084e-08
2.965649270791126214e-08
3.010094977668238061e-08
3.055206785179454237e-08
3.100994676067450423e-08
3.147468782684653590e-08
3.194639389235421589e-08
3.242516934051824145e-08
3.291112011903526183e-08
3.340435376342296947e-08
3.390497942081649799e-08
3.441310787412146742e-08
3.492885156652903679e-08
3.545232462639823145e-08
3.598364289251166640e-08
3.652292393970858968e-08
3.707028710490387502e-08
3.762585351349520703e-08
3.818974610616711452e-08
3.876208966609631225e-08
3.934301084656484925e-08
3.993263819898706584e-08
4.053110220135659300e-08
4.113853528711969382e-08
4.175507187448131971e-08
4.238084839615033330e-08
4.301600332953060818e-08
4.366067722736451043e-08
4.431501274883565729e-08
4.497915469113782181e-08
4.565325002151695183e-08
4.633744790979329116e-08
4.703189976137147772e-08
4.773675925074382671e-08
4.845218235549816076e-08
4.917832739083282100e-08
4.991535504459057841e-08
5.066342841281696442e-08
5.142227461140292992e-08
5.219120117857995809e-08
5.297162564370449056e-08
5.376371993692296614e-08
5.456765855928406229e-08
5.538361862118248977e-08
5.621177988137671839e-08
5.705232478659008994e-08
5.790543851170522491e-08
5.877130900055777769e-08
5.965012700734190182e-08
6.054208613863370517e-08
6.144738289604303154e-08
6.236621671950421607e-08
6.329879003121298787e-08
6.424530828022031945e-08
6.520597998769457196e-08
6.618101679285826244e-08
6.717063349961383939e-08
6.817504812386536219e-08
6.919448194154770440e-08
7.022915953737517921e-08
7.127930885431796475e-08
7.234516124381821417e-08
7.342695151675859558e-08
7.452491799519077949e-08
7.563930256483959657e-08
7.677035072839083329e-08
7.791831165957584732e-08
7.908343825806631698e-08
8.026598720518845543e-08
8.146621902047018903e-08
8.268439811903560695e-08
8.392079286985588016e-08
8.517567565487144647e-08
8.644932292899979498e-08
8.774201528103808788e-08
8.905403749547902941e-08
9.038567861524928598e-08
9.173723200538612767e-08
9.310899541766780232e-08
9.450127105620874639e-08
9.591436564403552754e-08
9.734859049066038035e-08
9.880426156066214205e-08
1.002816995432957113e-07
1.017812299231404062e-07
1.033031830518046251e-07
1.048478942207047572e-07
1.064157037349303331e-07
1.080069569882137335e-07
1.096220045390229174e-07
1.112612021877899947e-07
1.129249110552945574e-07
1.146134976622214341e-07
1.163273340099045157e-07
1.180634195037964574e-07
1.198243146390486945e-07
1.216114732155123247e-07
1.234252869477937238e-07
1.252661533928528790e-07
1.271344760371427239e-07
1.290306643850456777e-07
1.309551340486292005e-07
1.329083068387424134e-07
1.348906108574687651e-07
1.369024805919593627e-07
1.389443570096637737e-07
1.410166876549847180e-07
1.431199267473698298e-07
1.452545352808707189e-07
1.474209811251842608e-07
1.496197391282005991e-07
1.518512912200836156e-07
1.541161265189004127e-07
1.564147414378284732e-07
1.587476397939594515e-07
1.611153329187292938e-07
1.635183397699924231e-07
1.659571870457673062e-07
1.684324092996821199e-07
1.709445490581370112e-07
1.734941569392189460e-07
1.760817917733864609e-07
1.787080207259565566e-07
1.813734194214159412e-07
1.840785720695904528e-07
1.868240715936927765e-07
1.896105197602797982e-07
1.924385273111519664e-07
1.953087140972162348e-07
1.982217092143456475e-07
2.011781511412686530e-07
2.041786878795117582e-07
2.072239770954289280e-07
2.103146862643534375e-07
2.134514928168956553e-07
2.166350842874231814e-07
2.198661584647589932e-07
2.231454235451236735e-07
2.264735982873584861e-07
2.298514121704677864e-07
2.332796055535064427e-07
2.367589298378549911e-07
2.402901476319118244e-07
2.438740329182475475e-07
2.475113712232445010e-07
2.512029597892745247e-07
2.549496077494385989e-07
2.587521363049162208e-07
2.626113789049562527e-07
2.664688296005970398e-07
2.702090022999369756e-07
2.740016722907687509e-07
2.778475764282675986e-07
2.817474619101545237e-07
2.857020864218625563e-07
2.897122182837436135e-07
2.937786366003407452e-07
2.979021314117557802e-07
3.020835038471414906e-07
3.063235662803480776e-07
3.106231424877552675e-07
3.149830678083161701e-07
3.194041893058542434e-07
3.238873659336314725e-07
3.284334687012302714e-07
3.330433808437764250e-07
3.377179979935383824e-07
3.424582283539314878e-07
3.472649928759715670e-07
3.521392254371981963e-07
3.570818730231129186e-07
3.620938959111633760e-07
3.671762678573098334e-07
3.723299762852113112e-07
3.775560224780629303e-07
3.828554217731340223e-07
3.882292037590287621e-07
3.936784124757196688e-07
3.992041066173877501e-07
4.048073597381099481e-07
4.104892604604343855e-07
4.162509126868788804e-07
4.220934358144068357e-07
4.280179649519044836e-07
4.340256511407154952e-07
4.401176615782698549e-07
4.462951798448517327e-07
4.525594061335508773e-07
4.589115574834377097e-07
4.653528680160196651e-07
4.718845891750078972e-07
4.785079899694535857e-07
4.852243572202960931e-07
4.920349958103716739e-07
4.989412289379326592e-07
5.059443983737194151e-07
5.130458647216509317e-07
5.202470076831647476e-07
5.275492263252715379e-07
5.349539393523717982e-07
5.424625853818869302e-07
5.500766232237615855e-07
5.577975321638817370e-07
5.656268122514835455e-07
5.735659845905845744e-07
5.806839941866882503e-07
5.875877486307678792e-07
5.945735818404090202e-07
6.016424696503999551e-07
6.087953994972327297e-07
6.160333705570361169e-07
6.233573938851480113e-07
6.307684925573475853e-07
6.382677018127648883e-07
6.458560691984961579e-07
6.535346547159254794e-07
6.613045309687994859e-07
6.691667833130548866e-07
6.771225100084298477e-07
6.851728223718772224e-07
6.933188449328016565e-07
7.015617155901425890e-07
7.099025857713249613e-07
7.183426205930989153e-07
7.268829990242927273e-07
7.355249140504999415e-07
7.442695728407231500e-07
7.531181969160072411e-07
7.620720223200609514e-07
7.711322997919236854e-07
7.803002949406763309e-07
7.895772884222316463e-07
7.989645761182256080e-07
8.084634693170368207e-07
8.180752948969565457e-07
8.278013955115378270e-07
8.376431297771474318e-07
8.476018724627476061e-07
8.576790146819330550e-07
8.678759640872590417e-07
8.781941450668627215e-07
8.886349989434394403e-07
8.991999841755761127e-07
9.098905765614801166e-07
9.207082694451296422e-07
9.316545739248759895e-07
9.427310190645248150e-07
9.539391521069279820e-07
9.652805386901141824e-07
9.767567630659888196e-07
9.883694283216351308e-07
1.000120156603243334e-06
1.012010589342715023e-06
1.024042387486929575e-06
1.036217231729777182e-06
1.048536822746929485e-06
1.061002881433391243e-06
1.073617149143897804e-06
1.086381387936157985e-06
1.099297380816992317e-06
1.111775149566536980e-06
1.122666988109407606e-06
1.133665531813742701e-06
1.144771826048640132e-06
1.155986926424476622e-06
1.167311898893229692e-06
1.178308349935681841e-06
1.189238718008860847e-06
1.200270479699609540e-06
1.211404575567812487e-06
1.222641954898284253e-06
1.233850524997246454e-06
1.244587603289829200e-06
1.255418116603857990e-06
1.266342878019291553e-06
1.277362707691594325e-06
1.288478432913286525e-06
1.299171761527777483e-06
1.309679005259750597e-06
1.320271227879129150e-06
1.330949116665230784e-06
1.341713364455844110e-06
1.352453651074225576e-06
1.362473516759941383e-06
1.372567616197238870e-06
1.382736499358544876e-06
1.392980720290851832e-06
1.403300837145887811e-06
1.413092313471767741e-06
1.422525339609764884e-06
1.432021335435782999e-06
1.441580721300781125e-06
1.451203920361749352e-06
1.460826718257945665e-06
1.469378069787794457e-06
1.477979479009002127e-06
1.486631238948045765e-06
1.495333644346722740e-06
1.504086991672179361e-06
1.512203161089400549e-06
1.519725457887843155e-06
1.527285173566618746e-06
1.534882494262042068e-06
1.542517607036343510e-06
1.550190699882275481e-06
1.556415609172434960e-06
1.562645179732076139e-06
1.568899684216260897e-06
1.575179222423292841e-06
1.581483894550928481e-06
1.587038070116407568e-06
1.591671248933315997e-06
1.596317953793706799e-06
1.600978224185345840e-06
1.605652099711270426e-06
1.610339620090136379e-06
1.613314319169479469e-06
1.616141966996405993e-06
1.618974570827344466e-06
1.621812139348654820e-06
1.624654681261921347e-06
1.626691067320288485e-06
1.627434013135465457e-06
1.628177298270443595e-06
1.628920922880194777e-06
1.629664887119760971e-06
1.630409191144265463e-06
1.629214378461848382e-06
1.627682081692707150e-06
1.626151226068092224e-06
1.624621810232595247e-06
1.623093832832073116e-06
1.620770220370807074e-06
1.616739956687186404e-06
1.612719714797624429e-06
1.608709469781575607e-06
1.604709196780462480e-06
1.600718870997532524e-06
1.594700029690118352e-06
1.588143570276511535e-06
1.581614067130065848e-06
1.575111409422620475e-06
1.568635486781673853e-06
1.561510129193046011e-06
1.552397931403291620e-06
1.543338907875434075e-06
1.534332748310880221e-06
1.525379144221788361e-06
1.516477788920495169e-06
1.505685329190697055e-06
1.494205130377292403e-06
1.482812463109978773e-06
1.471506659998613440e-06
1.460287058741611310e-06
1.448687655541988855e-06
1.435109789370102225e-06
1.421659182134315745e-06
1.408334641096635778e-06
1.395134984698039481e-06
1.382059042453708058e-06
1.367597744809635079e-06
1.352479181351569222e-06
1.337527751074226220e-06
1.322741606348350982e-06
1.308118919969919574e-06
1.293443414500334226e-06
1.277294332430136899e-06
1.261346877156122998e-06
1.245598531298993368e-06
1.230046808909780772e-06
1.214689255077445576e-06
1.198740478200217346e-06
1.182443539054988709e-06
1.166368157645008356e-06
1.150511321881345112e-06
1.134870060624573670e-06
1.119407056124098589e-06
1.103465676071994523e-06
1.087751315848450763e-06
1.072260742483515403e-06
1.056990769047702858e-06
1.041938253996299304e-06
1.027040945472503410e-06
1.012301300991946821e-06
9.977731934714003668e-07
9.834535870245199862e-07
9.693394893346730629e-07
9.554279510296582813e-07
9.420423411132695921e-07
9.288510786670006492e-07
9.158445312779366553e-07
9.030201124118054803e-07
8.903752717531525345e-07
8.781139841540094551e-07
8.662751437027873745e-07
8.545959159507822485e-07
8.430741489800020357e-07
8.317077198848788674e-07
8.204945343811181267e-07
8.096712506232736878e-07
7.990135801009468677e-07
7.884961960725227672e-07
7.781172519524508721e-07
7.678749254617145672e-07
7.576457710831459949e-07
7.473552559588934247e-07
7.372045089235869956e-07
7.271916316156334218e-07
7.173147514574130758e-07
7.075720213050765462e-07
6.971648717899530031e-07
6.867657743361179971e-07
6.765217925977043137e-07
6.664306128272650668e-07
6.564899557898322496e-07
6.462953407850969391e-07
6.353792060132769710e-07
6.246474482450277641e-07
6.140969532938604369e-07
6.037246595728854615e-07
5.935275572063991921e-07
5.825653667813015824e-07
5.715408764479815339e-07
5.607250140112714521e-07
5.501138313885003641e-07
5.397034552106714223e-07
5.293085590735017937e-07
5.185582321302084440e-07
5.080262457510475586e-07
4.977081654102407032e-07
4.875996466478153360e-07
4.776964332403595489e-07
4.678189772396448488e-07
4.580751853797613325e-07
4.485343384289735562e-07
4.391922094254644079e-07
4.300446594471061469e-07
4.210745551845464074e-07
4.122311334434747006e-07
4.035734415384329522e-07
3.950975787652575143e-07
3.867997263425059858e-07
3.786761456909068207e-07
3.705602580801712850e-07
3.625290806805574117e-07
3.546719635289528180e-07
3.469851342058953820e-07
3.394649020518209376e-07
3.320854673271342080e-07
3.246858190265955690e-07
3.174510523615358220e-07
3.103774933798136653e-07
3.034615499936162336e-07
2.966997101553276943e-07
2.901602294124398593e-07
2.838170484798136665e-07
2.776125355666659348e-07
2.715436592570818514e-07
2.656074544048078814e-07
2.598146734566212269e-07
2.544722414732369416e-07
2.492396630986475437e-07
2.441146794710833155e-07
2.390950781765564504e-07
2.341786922937808739e-07
2.293458544389801660e-07
2.245959656375634335e-07
2.199444498530948856e-07
2.153892697219927726e-07
2.109284300756846364e-07
2.065599770667222815e-07
2.019541098675389612e-07
1.974417079344376927e-07
1.930301297539163324e-07
1.887171225503504469e-07
1.845004838834562602e-07
1.803261166334307926e-07
1.761811159602146028e-07
1.721313928369279903e-07
1.681747572008315919e-07
1.643090693302698503e-07
1.605322386875188168e-07
1.569539405628056266e-07
1.534669627329705127e-07
1.500574535817946454e-07
1.467236920211417623e-07
1.434639951995471999e-07
1.403238726714272863e-07
1.373308765782147074e-07
1.344017187004350732e-07
1.315350374199560978e-07
1.287295001608729192e-07
1.259838027700599877e-07
1.233542033237903903e-07
1.207904883391849288e-07
1.182800559695629321e-07
1.158217988230822419e-07
1.134146325232255810e-07
1.110429024426898442e-07
1.086878917322103804e-07
1.063828263610947755e-07
1.041266470828128428e-07
1.019183171154572064e-07
9.975682166531062815e-08
9.767117613819054486e-08
9.563796057790834494e-08
9.364707035533604600e-08
9.169762438622091568e-08
8.978875992779404159e-08
8.794166210122063478e-08
8.620274551431997637e-08
8.449821343669455769e-08
8.282738596541686411e-08
8.118959664163659426e-08
7.958419218474318120e-08
7.803101638102851768e-08
7.651670371377811193e-08
7.503177862803755027e-08
7.357567081229511086e-08
7.214782102281584269e-08
7.075210132765663627e-08
6.940491615633401710e-08
6.808338263141884202e-08
6.678701232193858020e-08
6.551532609709598831e-08
6.426785394918588794e-08
6.307550683669446991e-08
6.192307953766333510e-08
6.079170777581533216e-08
5.968100685387190329e-08
5.859059910320344017e-08
5.752905620269308159e-08
5.656586574280370186e-08
5.561880167057392446e-08
5.468759398708912945e-08
5.377197721393925000e-08
5.287169031753373167e-08
5.198647663468366604e-08
5.111608379942885776e-08
5.026026367109160700e-08
4.941877226353293459e-08
4.859136967559585106e-08
4.777782002271103279e-08
4.697789136964826905e-08
4.619135566439466803e-08
4.541798867313808864e-08
4.465756991634154408e-08
4.390988260588546260e-08
4.317471358326421964e-08
4.245185325881647372e-08
4.174109555197256391e-08
4.104223783250403326e-08
4.035508086275466498e-08
3.967942874084048449e-08
3.901508884479941787e-08
3.836187177767686208e-08
3.771959131353067638e-08
3.708806434433936233e-08
3.646711082780038282e-08
3.585655373600123596e-08
3.525621900495083662e-08
3.466593548495535662e-08
3.408553489182532863e-08
3.351485175889926322e-08
3.295372338987055101e-08
3.240198981240450763e-08
3.185949373253168453e-08
3.132608048980507132e-08
3.080159801320747806e-08
3.028589677779801993e-08
2.977882976208354968e-08
2.928025240610444323e-08
2.879002257022209250e-08
2.828609803974421933e-08
2.778781928751777247e-08
2.729831805259221890e-08
2.681743971306252262e-08
2.634503237079287368e-08
2.588094680343604360e-08
2.542503641729740148e-08
2.497715720102931351e-08
2.453716768014145033e-08
2.410492887231244373e-08
2.368030424348848335e-08
2.326315966475557867e-08
2.285336336997100410e-08
2.245078591414206531e-08
2.205530013253713881e-08
2.166678110051722885e-08
2.128510609407554791e-08
2.091015455107158148e-08
2.054180803314847681e-08
2.017995018832124543e-08
1.982446671422378182e-08
1.947524532200356128e-08
1.913217570085192683e-08
1.879514948315997277e-08
1.846406021028745843e-08
1.813880329893514029e-08
1.781927600810923296e-08
1.750537740666820876e-08
1.719700834144076871e-08
1.689407140590579349e-08
1.659647090942401387e-08
1.630411284701145470e-08
1.601690486964559980e-08
1.573475625509424557e-08
1.545757787925886763e-08
1.518528218802220034e-08
1.491778316959188978e-08
1.465499632733161248e-08
1.439683865307033610e-08
1.414322860088223087e-08
1.389408606132799894e-08
1.360049650540957638e-08
1.328662240494729498e-08
1.297999193348790433e-08
1.268043792158021973e-08
1.238779705773224165e-08
1.210190979937670036e-08
1.182262028589132866e-08
1.154977625362633648e-08
1.128322895289316201e-08
1.102283306686861256e-08
1.076844663237089201e-08
1.051993096246373700e-08
1.027715057084672242e-08
1.003997309799067963e-08
9.808269238977558450e-09
9.581912673005723043e-09
9.360779994522141575e-09
9.144750645943740455e-09
8.933706851931786834e-09
8.727533555182733055e-09
8.526118353701062706e-09
8.329351439519772221e-09
8.137125538834892934e-09
7.949335853521930831e-09
7.765880004001676121e-09
7.586657973424707435e-09
7.411572053144008157e-09
7.240526789445946141e-09
7.073428931510623328e-09
6.910187380573193990e-09
6.750713140258445216e-09
6.594919268061592465e-09
6.442720827948673180e-09
6.294034844051099349e-09
6.148780255428590748e-09
6.006877871876226850e-09
5.868250330751385948e-09
5.732822054796917454e-09
5.600519210937922320e-09
5.471269670029178224e-09
5.345002967531646569e-09
5.208093956561977034e-09
5.056072414295074613e-09
4.908488301442072920e-09
4.765212091756186262e-09
4.626118039794059429e-09
4.491084070556226332e-09
4.359991672348614896e-09
4.232725792771659085e-09
4.109174737745238215e-09
3.989230073481040289e-09
3.872786531316460709e-09
3.759741915326109790e-09
3.649997012630326120e-09
3.543455506321568492e-09
3.440023890932532855e-09
3.339611390371635704e-09
3.242129878253994333e-09
3.147493800557896334e-09
3.055620100538822423e-09
2.966428145835255519e-09
2.879839657702158008e-09
2.795778642310220922e-09
2.714171324050272533e-09
2.634946080784672417e-09
2.558033380988556796e-09
2.483365722725963615e-09
2.410877574407163279e-09
2.340505317275303100e-09
2.272187189571832168e-09
2.205863232331661040e-09
2.141475236760583523e-09
2.078966693148673184e-09
2.018282741274921885e-09
1.959370122259532914e-09
1.902177131821584860e-09
1.846653574901109865e-09
1.792750721605736591e-09
1.740421264443155684e-09
1.689619276802091732e-09
1.640300172645049538e-09
1.592420667377679523e-09
1.544775515509598980e-09
1.493616963082143371e-09
1.444152635776841166e-09
1.396326425697206523e-09
1.350084083079991018e-09
1.305373154759162130e-09
1.262142924667698230e-09
1.220344356309847334e-09
1.179930037138534573e-09
1.140854124774809298e-09
1.103072295008354715e-09
1.066541691520086858e-09
1.031220877269805264e-09
9.970697874936982129e-10
9.640496842584995186e-10
9.321231125206408886e-10
9.012538576405847572e-10
8.714069043042337353e-10
8.425483968046544998e-10
8.146456006392287555e-10
7.876668653785623339e-10
7.615815887650534881e-10
7.363601820004765520e-10
7.119740361830792661e-10
6.883954898562053940e-10
6.655977976316424010e-10
6.435550998520180998e-10
6.222423932579606618e-10
6.016355026266241631e-10
5.817110533494791630e-10
5.624464449182712887e-10
5.438198252890138411e-10
5.258100660949970314e-10
5.083967386806676821e-10
4.915600909291900705e-10
4.752810248574120046e-10
4.595410749528320198e-10
4.443223872279743744e-10
4.296076989684322285e-10
4.153803191515888617e-10
4.016241095138152497e-10
3.883234662446751982e-10
3.747438284046691144e-10
3.616079824014882312e-10
3.489325854761569456e-10
3.367014975678686567e-10
3.248991443712301359e-10
3.135104975049311641e-10
3.025210553755233520e-10
2.919168247120060912e-10
2.816843027476585885e-10
2.718104600264624353e-10
2.622827238122031112e-10
2.530889620791296067e-10
2.442174680637930702e-10
2.356569453583759788e-10
2.273964935265594703e-10
2.194255942235749397e-10
2.117340978028124745e-10
2.043122103918828505e-10
1.971504814217143819e-10
1.902397915927900382e-10
1.835713412631908129e-10
1.771366392436909242e-10
1.709274919855972324e-10
1.649359931476012635e-10
1.591545135283318655e-10
1.535756913518082397e-10
1.481924228934123146e-10
1.429978534344477869e-10
1.379853685337706745e-10
1.331485856053685166e-10
1.284813457911753012e-10
1.239777061187641643e-10
1.196319319339386246e-10
1.154384895985776094e-10
1.113920394444497365e-10
1.074874289740073396e-10
1.037196862995212641e-10
1.000840138121881335e-10
9.657578207315171649e-11
9.319052391866752657e-11
8.992392877189006768e-11
8.671634080592448050e-11
8.360323476783707929e-11
8.060188885609189574e-11
7.770829089581043479e-11
7.491857274870116800e-11
7.222900514216637487e-11
6.963599268403734800e-11
6.713606905628607280e-11
6.472589238127752893e-11
6.240224075437491474e-11
6.016200793692471048e-11
5.800219920386195413e-11
5.591992734038458527e-11
5.391240878235027178e-11
5.197695989522788260e-11
5.011099338663890080e-11
4.831201484768462192e-11
4.657761941844156974e-11
4.490548857316322033e-11
4.329338702089351947e-11
4.173915971734964711e-11
4.024072898407430677e-11
3.879609173101360580e-11
3.740331677880144498e-11
3.606054227717470937e-11
3.476597321606750051e-11
3.351787902605621634e-11
3.231459126494765960e-11
3.115450138741962754e-11
3.003605859473042001e-11
2.895776776162363408e-11
2.791818743765677975e-11
2.691592792028243065e-11
2.594964939710455388e-11
2.501806015482810886e-11
2.411991485250811253e-11
2.325401285678692506e-11
2.241919663689772579e-11
2.161435021728705133e-11
2.083839768578724219e-11
2.009030175534573542e-11
1.936551482733711633e-11
1.866345617327203498e-11
1.798684927497713159e-11
1.733477142910263860e-11
1.670633338309407568e-11
1.610067812249964075e-11
1.551697970224073193e-11
1.495444212025338749e-11
1.441229823196303966e-11
1.388980870411257663e-11
1.338626100651844023e-11
1.290096844037748429e-11
1.243326920180098498e-11
1.198252547929884800e-11
1.154812258398202241e-11
1.112946811129823173e-11
1.072599113315725440e-11
1.033714141934393944e-11
9.962388687157364637e-12
9.601221878253032788e-12
9.253148461701748018e-12
8.917693762314344292e-12
8.594400313317210411e-12
8.282827232494945167e-12
7.982549620949587684e-12
7.693157983657279914e-12
7.414257671030860896e-12
7.145468340727712969e-12
6.886423438968951214e-12
6.636769700661957375e-12
6.396166667645285846e-12
6.164286224398611848e-12
5.940812150584468975e-12
5.725439689811867736e-12
5.517875134033268212e-12
5.317835423008925447e-12
5.125047758291280586e-12
4.939249231204046787e-12
4.760186464307951573e-12
4.587615265864352655e-12
4.421300296825958067e-12
4.260874869920700867e-12
4.105908534148233244e-12
3.956578262788814772e-12
3.812679074406220573e-12
3.674013442658135104e-12
3.540391025157262674e-12
3.411628402193739489e-12
3.287548824960103268e-12
3.167981972933155879e-12
3.052763720079881793e-12
2.941735909566237156e-12
2.834746136659751715e-12
2.731647539527879487e-12
2.632298597644873414e-12
2.536562937530634286e-12
2.444309145554649020e-12
2.355410587548230823e-12
2.269745234977391729e-12
2.187195497437689749e-12
2.107648061241267290e-12
2.030993733874318892e-12
1.957127294111631827e-12
1.885947347582393147e-12
1.817356187588979333e-12
1.751259660987782330e-12
1.687567038947825327e-12
1.626190892409871554e-12
1.567046972075036790e-12
1.510054092758135273e-12
1.455134021947114034e-12
1.402211372415471072e-12
1.351213498740351406e-12
1.302070397584230081e-12
1.254714611603319100e-12
1.209081136850759734e-12
1.165107333547576086e-12
1.122732840098802591e-12
1.081899490236837494e-12
1.042551233178257103e-12
1.004634056684475456e-12
9.680959129206996448e-13
