4.947636435691331943e-09
5.016785447385855940e-09
5.086900897475838672e-09
5.157996293069369871e-09
5.230085330052100550e-09
5.303181895725806058e-09
5.377300071483476601e-09
5.452454135522141259e-09
5.528658565593260895e-09
5.605928041791913350e-09
5.684277449384624519e-09
5.763721881676945454e-09
5.844276642921113814e-09
5.925957251264114813e-09
6.008779441737303032e-09
6.092759169287418834e-09
6.177912611850363393e-09
6.264256173467531342e-09
6.350828190008556440e-09
6.438075858450463575e-09
6.526522135234564038e-09
6.616183486840573138e-09
6.707076605964574110e-09
6.799218414626993749e-09
6.892626067322839540e-09
6.987316954215659073e-09
7.083308704374927257e-09
7.180619189058365172e-09
7.279266525038891922e-09
7.379269077977740615e-09
7.480645465843456397e-09
7.583414562378325850e-09
7.687595500611962298e-09
7.793207676423631083e-09
7.900270752153036040e-09
8.008804660261202512e-09
8.118829607041146715e-09
8.230366076380038742e-09
8.343434833572530007e-09
8.458056929186960685e-09
8.574253702984344586e-09
8.692046787891238227e-09
8.811458114027306395e-09
8.932509912788239329e-09
9.055224720984608819e-09
9.179625385037546647e-09
9.305735065232436513e-09
9.433577240030475523e-09
9.563175710440078876e-09
9.694554604447727412e-09
9.827738381510302800e-09
9.962751837108508360e-09
1.009962010736348979e-08
1.023836867371624223e-08
1.037902336767184508e-08
1.052161037560853459e-08
1.066615624365297404e-08
1.081268788262247592e-08
1.096123257303512241e-08
1.111181797018871221e-08
1.126447210930948676e-08
1.141922341077158361e-08
1.157610068538819816e-08
1.173513313977543795e-08
1.189635038178985735e-08
1.205978242604070307e-08
1.222545969947787987e-08
1.239341304705668526e-08
1.256367373748036692e-08
1.273627346902157671e-08
1.291124437542378316e-08
1.308861903188378086e-08
1.326843046111637023e-08
1.345009415696873600e-08
1.363084814553095177e-08
1.381403126239515889e-08
1.399967615228668104e-08
1.418781589863886795e-08
1.437848402948884180e-08
1.457171452345245935e-08
1.476754181577957842e-08
1.496600080449070405e-08
1.516712685659610463e-08
1.537095581439848636e-08
1.557752400188039931e-08
1.578686823117745838e-08
1.599902580913857707e-08
1.621403454397432911e-08
1.643193275199471171e-08
1.665275926443739913e-08
1.687655343438779008e-08
1.710335514379206334e-08
1.733320481056445253e-08
1.756614339579000735e-08
1.780221241102439295e-08
1.804145392569116771e-08
1.828391057457942102e-08
1.852962556544123203e-08
1.877864268669183443e-08
1.903100631521301994e-08
1.928676142426146806e-08
1.954595359148335525e-08
1.980862900703663994e-08
2.007483448182254849e-08
2.034461745582765535e-08
2.061802600657805927e-08
2.089510885770721428e-08
2.117591538763885777e-08
2.146049563838666041e-08
2.174890032447211663e-08
2.204118084196229017e-08
2.233738927762900964e-08
2.263757841823114861e-08
2.294180175992167086e-08
2.325011351778107232e-08
2.356256863547894983e-08
2.387922279506541749e-08
2.420013242689409099e-08
2.452535471967845321e-08
2.485494763068333149e-08
2.518896989605336589e-08
2.552748104128022217e-08
2.587054139181075964e-08
2.621821208379702075e-08
2.657055507499164236e-08
2.692763315578924786e-08
2.728950996041566634e-08
2.765624997826883032e-08
2.802791856541070329e-08
2.839761734324968693e-08
2.876848770136040923e-08
2.914420159337972037e-08
2.952482227542990614e-08
2.991041382975257892e-08
3.030104117549773339e-08
3.069677007965370085e-08
3.109766716811974920e-08
3.150379993692368435e-08
3.191523676358522736e-08
3.233204691862849584e-08
3.275430057724450276e-08
3.318206883110600223e-08
3.361542370033668035e-08
3.405443814563658416e-08
3.449918608056619703e-08
3.494974238399034530e-08
3.540618291268523153e-08
3.586858451410981860e-08
3.633702503934405283e-08
3.681158335619605697e-08
3.729233936248052308e-08
3.777937399947049566e-08
3.827276926552477527e-08
3.877260822989367539e-08
3.927897504670429078e-08
3.979195496912923452e-08
4.031163436373994875e-08
4.083810072504763326e-08
4.137144269023403521e-08
4.191175005407460129e-08
4.245911378405648059e-08
4.301362603569438244e-08
4.357538016804558630e-08
4.414447075942843799e-08
4.472099362334572871e-08
4.530504582461606031e-08
4.589672569571595638e-08
4.649613285333522705e-08
4.710336821514910144e-08
4.771853401680837856e-08
4.834173382915246683e-08
4.897307257564672859e-08
4.961265655004766330e-08
5.026059343429877474e-08
5.091699231666017304e-08
5.158196371007496219e-08
5.225561957077533776e-08
5.293807331713226623e-08
5.362943984875022149e-08
5.432983556581242476e-08
5.503937838867813633e-08
5.575818777773600934e-08
5.648638475351677468e-08
5.722409191706853240e-08
5.796719457939792668e-08
5.869666485858087652e-08
5.943531493147437315e-08
6.018326031836046375e-08
6.094061799325103359e-08
6.170750640218083246e-08
6.248404548173256832e-08
6.327035667779391590e-08
6.406656296455043060e-08
6.487278886371892709e-08
6.568916046402080649e-08
6.651580544090263771e-08
6.735285307650269607e-08
6.820043427987104258e-08
6.905868160744168830e-08
6.992772928376478446e-08
7.080771322249739598e-08
7.169877104766044171e-08
7.260104211516192078e-08
7.351466753459084537e-08
7.443979019128686935e-08
7.537655476868558661e-08
7.632510777094718828e-08
7.728559754586773778e-08
7.825817430808096498e-08
7.924299016254966621e-08
8.024019912835531278e-08
8.124995716278433283e-08
8.227242218572013230e-08
8.330775410433958467e-08
8.435611483812271095e-08
8.541766834417463707e-08
8.649258064286880165e-08
8.758101984381006429e-08
8.868315617212736269e-08
8.979916199509519051e-08
9.092921184909034155e-08
9.207348246688950520e-08
9.323215280530776625e-08
9.440540407318778954e-08
9.559341975973824686e-08
9.679638566323195498e-08
9.801448992006196449e-08
9.924792303416655789e-08
1.004968779068212380e-07
1.017615498668089432e-07
1.030421367009665831e-07
1.043388386851193305e-07
1.056518586154008953e-07
1.069814018399709778e-07
1.083276762911298611e-07
1.096908925178370909e-07
1.110712637186415098e-07
1.124690057750224324e-07
1.138843372851539667e-07
1.153174795980906027e-07
1.167276760847188596e-07
1.181333399855976661e-07
1.195559312431114821e-07
1.209956537007265797e-07
1.224527136566440109e-07
1.239273198933594168e-07
1.254196837075788017e-07
1.269300189404967313e-07
1.284585420084369828e-07
1.300054719338621025e-07
1.315710303767590741e-07
1.331554416663988188e-07
1.347589328334823134e-07
1.363817336426708375e-07
1.380240766255095092e-07
1.396861971137456962e-07
1.413683332730517272e-07
1.430707261371494405e-07
1.447936196423499373e-07
1.465372606625064763e-07
1.483018990443882100e-07
1.500877876434824947e-07
1.518951823602257976e-07
1.537243421766707478e-07
1.555755291935977197e-07
1.574490086680702100e-07
1.593450490514427933e-07
1.612639220278293888e-07
1.632059025530321003e-07
1.651712688939385977e-07
1.671603026683970666e-07
1.691732888855684346e-07
1.712105159867641588e-07
1.732722758867792897e-07
1.753588640157199109e-07
1.774705793613343519e-07
1.796077245118573322e-07
1.817706056993668779e-07
1.839595328436632489e-07
1.861748195966796440e-07
1.884167833874243924e-07
1.906857454674642677e-07
1.929820309569589808e-07
1.953059688912466428e-07
1.976578922679900683e-07
2.000381380948945092e-07
2.024470474379963940e-07
2.048849654705335553e-07
2.073522415224075340e-07
2.098492291302380907e-07
2.123762860880201439e-07
2.149337744983952829e-07
2.175220608245339388e-07
2.201415159426491509e-07
2.227925151951381694e-07
2.254423181770149869e-07
2.279419623160633414e-07
2.304693218409031257e-07
2.330247040523197383e-07
2.356084196583689437e-07
2.382207828121538803e-07
2.408621111500232815e-07
2.435327258301932401e-07
2.462329515717948449e-07
2.489631166943595478e-07
2.517235531577374445e-07
2.545145966024606705e-07
2.573365863905544549e-07
2.601898656467976830e-07
2.630747813004467334e-07
2.659916841274162370e-07
2.689409287929304146e-07
2.719228738946470598e-07
2.749378820062574480e-07
2.779863197215744548e-07
2.810685576991047524e-07
2.841849707071172627e-07
2.873359376692119418e-07
2.905218417103904836e-07
2.937430702036439799e-07
2.970000148170516044e-07
3.002930715614015993e-07
3.036226408383458926e-07
3.069891274890822047e-07
3.103929408435790508e-07
3.138344947703470791e-07
3.173142077267581216e-07
3.208325028099295872e-07
3.243898078081658310e-07
3.279865552529736005e-07
3.316231824716538882e-07
3.353001316404739477e-07
3.390178498384351991e-07
3.427767891016308264e-07
3.465774064782093753e-07
3.504201640839476849e-07
3.543055291584367006e-07
3.582339741218970559e-07
3.622059766326177533e-07
3.662220196450353074e-07
3.702825914684565277e-07
3.743881858264289104e-07
3.785393019167770105e-07
3.827364444722973817e-07
3.869801238221264839e-07
3.912708559537960110e-07
3.956091625759689155e-07
3.999955711818740238e-07
4.044306151134450118e-07
4.089148336261657534e-07
4.134487719546432175e-07
4.175606676114617811e-07
4.214631799066898559e-07
4.254021649911332619e-07
4.293779637386314904e-07
4.333909202088255908e-07
4.374413816769275672e-07
4.415296986637761251e-07
4.456562249661688152e-07
4.498213176874825392e-07
4.540253372685712999e-07
4.582686475189619483e-07
4.625516156483355926e-07
4.668746122983095445e-07
4.712380115745051400e-07
4.756421910789299146e-07
4.800875319426481936e-07
4.845744188587674666e-07
4.891032401157277882e-07
4.936743876309031518e-07
4.982882569845211353e-07
5.029452474538899145e-07
5.076457620479542428e-07
5.123902075421738326e-07
5.171789945137197979e-07
5.220125373770075805e-07
5.268912544195631834e-07
5.318155678382154070e-07
5.367859037756353676e-07
5.418026923572129237e-07
5.468663677282828217e-07
5.519773680916891244e-07
5.571361357457089935e-07
5.623431171223328617e-07
5.675987628258902996e-07
5.729035276720500595e-07
5.782578707271760850e-07
5.836622553480594972e-07
5.891171492220097226e-07
5.946230244073321866e-07
6.001803573741766882e-07
6.057896290457761530e-07
6.114513248400565964e-07
6.171659347116493232e-07
6.229339531942933965e-07
6.287558794436254130e-07
6.346322172803798775e-07
6.405634752339870474e-07
6.465501665865851879e-07
6.525928094174316746e-07
6.586919266477406822e-07
6.648480460859397314e-07
6.710617004733375761e-07
6.773334275302309599e-07
6.836637700024420880e-07
6.900532757082789814e-07
6.963307966957885619e-07
7.017264981287541693e-07
7.071640095665218648e-07
7.126436549848570936e-07
7.181657608699347624e-07
7.237306562377978099e-07
7.291566519586625991e-07
7.345118383077000451e-07
7.399063550540614268e-07
7.453404910542033424e-07
7.508145372860473456e-07
7.562995823261069784e-07
7.615200508963121877e-07
7.667765545149698611e-07
7.720693419192749539e-07
7.773986635633673111e-07
7.827647716301881170e-07
7.879598816962220808e-07
7.930210699009454858e-07
7.981147669003897976e-07
8.032411815035753617e-07
8.084005238607284681e-07
8.135842237845959016e-07
8.183769684113119593e-07
8.231979466251421581e-07
8.280473247473725203e-07
8.329252700790660545e-07
8.378319509068469316e-07
8.425289141951433075e-07
8.469990914662314838e-07
8.514929860062462217e-07
8.560107236510986382e-07
8.605524309043503831e-07
8.651182349407431203e-07
8.691729156345838290e-07
8.732199438755686254e-07
8.772858158210571488e-07
8.813706192107843399e-07
8.854744421930225765e-07
8.893344754857807179e-07
8.928452520248858144e-07
8.963698878624277042e-07
8.999084377099944092e-07
9.034609564951540124e-07
9.070274993623091018e-07
9.099679604783022468e-07
9.128346371757301548e-07
9.157103447793485719e-07
9.185951117392674137e-07
9.214889665952210464e-07
9.241049119350411496e-07
9.261970188442051321e-07
9.282938621326061212e-07
9.303954525230689302e-07
9.325018007626886193e-07
9.346129176228928582e-07
9.359837716540845745e-07
9.371901365767389172e-07
9.383980563514866193e-07
9.396075329823356361e-07
9.408185684758768443e-07
9.417390002338484720e-07
9.419222319534023915e-07
9.421054993238776468e-07
9.422888023522108027e-07
9.424721410453415999e-07
9.426555154102053325e-07
9.419736477065715430e-07
9.410040023647700609e-07
9.400353551528943477e-07
9.390677050434969323e-07
9.381010510101822527e-07
9.368603944643003550e-07
9.346254190713280134e-07
9.323957754386016914e-07
9.301714508466670186e-07
9.279524326064133090e-07
9.257387080590008227e-07
9.225941782045874873e-07
9.190260855717023242e-07
9.154717923810158742e-07
9.119312452637930097e-07
9.084043910576918391e-07
9.046696071204013569e-07
8.996848884335268842e-07
8.947276354868410432e-07
8.897976969444482415e-07
8.848949223043066369e-07
8.800191618936385945e-07
8.742194000270745575e-07
8.678659838433287019e-07
8.615587413056979817e-07
8.552973368457994160e-07
8.490814373340034629e-07
8.427845428142334414e-07
8.351100997905700024e-07
8.275055406728533246e-07
8.199702290943406105e-07
8.125035344830798945e-07
8.051048320091428551e-07
7.969554292378890439e-07
7.882183359869339333e-07
7.795770282663552432e-07
7.710304559708659338e-07
7.625775805075718935e-07
7.541996320847468695e-07
7.445945375572506074e-07
7.351117685215186925e-07
7.257497671036639144e-07
7.165069952700709561e-07
7.073819345747258305e-07
6.978500676767715396e-07
6.878865329677286510e-07
6.780652523451958549e-07
6.683841947804547551e-07
6.588413582427427466e-07
6.494347692852347458e-07
6.394808825025504472e-07
6.296408773273580347e-07
6.199522851255588898e-07
6.104127760316595333e-07
6.010200560309469402e-07
5.916584752565360172e-07
5.822832144754268967e-07
5.730565115505647127e-07
5.639760124741848572e-07
5.550394005395001323e-07
5.462443957496303600e-07
5.377188037018086975e-07
5.293440939897837523e-07
5.210998163219395895e-07
5.129839392824130401e-07
5.049944630936594646e-07
4.973032038557028173e-07
4.900555792282560952e-07
4.829135804289421340e-07
4.758756680822908977e-07
4.689403252474664228e-07
4.621060570913083423e-07
4.559152625985643429e-07
4.499332004052719866e-07
4.440296288242053698e-07
4.382035179803801720e-07
4.324538515117972430e-07
4.269251972305836165e-07
4.218437158304402605e-07
4.168227168131299788e-07
4.118614802864904238e-07
4.069592949268837151e-07
4.021154578772061017e-07
3.973546944998057421e-07
3.926590040359408358e-07
3.880188043193536613e-07
3.834334395949322458e-07
3.789022618568671925e-07
3.742802926099177080e-07
3.691747493862496558e-07
3.641388506833416474e-07
3.591716464829371002e-07
3.542721997259424850e-07
3.494395861356515503e-07
3.437415594978839251e-07
3.376960669094917635e-07
3.317568983300140134e-07
3.259221838051489420e-07
3.201900862680783622e-07
3.143289754800035892e-07
3.072053702215616861e-07
3.002432064967887709e-07
2.934388255728034747e-07
2.867886516342126561e-07
2.802891899039563672e-07
2.732568525253824712e-07
2.659730162729642293e-07
2.588833353365484514e-07
2.519826343819548265e-07
2.452658760268435271e-07
2.387263995676402226e-07
2.323397094923381168e-07
2.261238836791864795e-07
2.200743509660136420e-07
2.141866624837641030e-07
2.084564883847761453e-07
2.034009996386983174e-07
1.989031389100506521e-07
1.945047405791804202e-07
1.902036052074714264e-07
1.859975819930844141e-07
1.818907689425828193e-07
1.789123320445689092e-07
1.759826666505025904e-07
1.731009741335601760e-07
1.702664689443259849e-07
1.674783783966503957e-07
1.647653866885813565e-07
1.621287520703148610e-07
1.595343098217563065e-07
1.569813847655223956e-07
1.544693125286605777e-07
1.519974393697508046e-07
1.486259050349352880e-07
1.452688526787555796e-07
1.419876269459328654e-07
1.387805151206076363e-07
1.356458431724845041e-07
1.322486820726585588e-07
1.284594469931133104e-07
1.247787823905136730e-07
1.212035774659208542e-07
1.177308105520856024e-07
1.143575465596164619e-07
1.113691012381018667e-07
1.085005438556549186e-07
1.057058725095042865e-07
1.029831841014614136e-07
1.003306245518378750e-07
9.797962532560353875e-08
9.613395731929975858e-08
9.432305664730810546e-08
9.254626838819600017e-08
9.080294995745832591e-08
8.909247087512312627e-08
8.728052711115289503e-08
8.547331690668016891e-08
8.370352637451292507e-08
8.197038071165817044e-08
8.027312115801278771e-08
7.849457957013738437e-08
7.644706683494274052e-08
7.445296299019290348e-08
7.251087487748212681e-08
7.061944567861523386e-08
6.877735396768171736e-08
6.714490281489662171e-08
6.560808932321226751e-08
6.410645044060795369e-08
6.263918109013022562e-08
6.120549462143812593e-08
5.983357192396088702e-08
5.860471709858132751e-08
5.740110034830399554e-08
5.622220333652697144e-08
5.506751837218349014e-08
5.393654819110632618e-08
5.273512158071928129e-08
5.151491761215327696e-08
5.032294715628773623e-08
4.915855693608030446e-08
4.802110879024510398e-08
4.692118494496647260e-08
4.591739058327103536e-08
4.493507059656757537e-08
4.397376557922573474e-08
4.303302595377262827e-08
4.211241176063674021e-08
4.122243882911387009e-08
4.035841899526981832e-08
3.951250896507827766e-08
3.868432915814603402e-08
3.787350795006198231e-08
3.708021487709275744e-08
3.631090757875235424e-08
3.555756118358467246e-08
3.481984454897533434e-08
3.409743340256214898e-08
3.339001019969724179e-08
3.271156533216322812e-08
3.205921827055822449e-08
3.141988057382045931e-08
3.079329280401541648e-08
3.017920069702319327e-08
2.957735505936024572e-08
2.903887262133290387e-08
2.851026761962777945e-08
2.799128500414512828e-08
2.748174961514125700e-08
2.698148948136809161e-08
2.649033576203163115e-08
2.600812268980745213e-08
2.553468751489322281e-08
2.506987045007941733e-08
2.461351461682042860e-08
2.416546599228686966e-08
2.372557335738219553e-08
2.329368824570534846e-08
2.286966489344221437e-08
2.245336019016970119e-08
2.204463363055487942e-08
2.164334726693387242e-08
2.124936566275345958e-08
2.086255584686064887e-08
2.048278726862385372e-08
2.010993175387148981e-08
1.974386346163221244e-08
1.938445884166309303e-08
1.903159659275044856e-08
1.868515762177016503e-08
1.834502500349285734e-08
1.801108394112089879e-08
1.768322172754401569e-08
1.736132770729980206e-08
1.704529323922683918e-08
1.673501165979783379e-08
1.643037824711968549e-08
1.613129018558956464e-08
1.583764653119386507e-08
1.554934817743902363e-08
1.526629782190247685e-08
1.498839993339253194e-08
1.471556071970599303e-08
1.444768809597274503e-08
1.418469165357655140e-08
1.392648262964163682e-08
1.367495467797497002e-08
1.342855074898482827e-08
1.318658668086819900e-08
1.294898247342111699e-08
1.271565956793361087e-08
1.248654082121581500e-08
1.226155048009250711e-08
1.204061415635668648e-08
1.182365880217485234e-08
1.161061268593530196e-08
1.140140536853151089e-08
1.119596768007319201e-08
1.099423169701652343e-08
1.079613071970681361e-08
1.060159925032569910e-08
1.041057297123558590e-08
1.022298872371463751e-08
1.003878448707447465e-08
9.857899358154490249e-09
9.680273531185528819e-09
9.505848278016289367e-09
9.334565928696359034e-09
9.166369852408583278e-09
9.001204438745582904e-09
8.839015079323252882e-09
8.679748149725601615e-09
8.523350991775074178e-09
8.369771896122332719e-09
8.218960085149589601e-09
8.070865696182030568e-09
7.925439765001853681e-09
7.782634209659411665e-09
7.642401814575718711e-09
7.504696214931864863e-09
7.369471881339391412e-09
7.236684104786913994e-09
7.106288981858122155e-09
6.978243400216115343e-09
6.852505024349175962e-09
6.729032281573389444e-09
6.607784348287595766e-09
6.473062266591868596e-09
6.328122060032127216e-09
6.186427251494587629e-09
6.047905172334923087e-09
5.912484781053335547e-09
5.780096626860838829e-09
5.650672814061094705e-09
5.524146967229910000e-09
5.400454197174402720e-09
5.279531067654284400e-09
5.161315562848508305e-09
5.045747055550162463e-09
4.932766276073635528e-09
4.822315281857960995e-09
4.714337427750790454e-09
4.608777336957738504e-09
4.505580872642215069e-09
4.404695110161173487e-09
4.306068309922532797e-09
4.209649890850376785e-09
4.115390404444216765e-09
4.023241509419269332e-09
3.933155946914403361e-09
3.845087516255293108e-09
3.758991051260271274e-09
3.674822397076640186e-09
3.592538387535807601e-09
3.512096823015311354e-09
3.433456448796623804e-09
3.356576933907533982e-09
3.281418850438275105e-09
3.207943653320796303e-09
3.136113660560796203e-09
3.065892033912388722e-09
2.997242759985503838e-09
2.930130631776251879e-09
2.864521230610969919e-09
2.800380908494446418e-09
2.737676770853446373e-09
2.676376659666635280e-09
2.616449136972188387e-09
2.552776496449363688e-09
2.479785452592892727e-09
2.408881427514081157e-09
2.340004747489312091e-09
2.273097445034159696e-09
2.208103210117279203e-09
2.144967342769136435e-09
2.083636707045827508e-09
2.024059686309210065e-09
1.966186139785651013e-09
1.909967360366970405e-09
1.855356033617888222e-09
1.802306197955607588e-09
1.750773205967972390e-09
1.700713686837611498e-09
1.652085509840555442e-09
1.604847748888456408e-09
1.558960648084682691e-09
1.514385588265260580e-09
1.471085054496471307e-09
1.429022604501848071e-09
1.388162837991869268e-09
1.348471366870634191e-09
1.309914786294412127e-09
1.272460646557681851e-09
1.236077425783082520e-09
1.200734503392181289e-09
1.166402134334812498e-09
1.133051424055272649e-09
1.100654304174278086e-09
1.069183508866291011e-09
1.038612551912236829e-09
1.008915704408371953e-09
9.800679731125176511e-10
9.520450794094154164e-10
9.248234388775616496e-10
8.983801414402439279e-10
8.726929320841356672e-10
8.477401921291984958e-10
8.235009210341142805e-10
7.999547187219850141e-10
7.767764299286825546e-10
7.510546411109862778e-10
7.261845908302625260e-10
7.021380750397258903e-10
6.788878236273680637e-10
6.564074694901398402e-10
6.346715186321408347e-10
6.136553212529781046e-10
5.933350437935140557e-10
5.736876419072406196e-10
5.546908343266926333e-10
5.363230775952314155e-10
5.185635416355392137e-10
5.013920861271259655e-10
4.847892376660698492e-10
4.687361676810762622e-10
4.532146710808068020e-10
4.382071456082683277e-10
4.236965718788686597e-10
4.096664940794567444e-10
3.961010013065037210e-10
3.829847095222391384e-10
3.703027441082769447e-10
3.580407229969516545e-10
3.461847403612421390e-10
3.347213508447793705e-10
3.236375543140402601e-10
3.129207811154691358e-10
3.025588778207750596e-10
2.925400934442464735e-10
2.828530661164825498e-10
2.734868101993801615e-10
2.644307038277956054e-10
2.556744768637552626e-10
2.472081992495291318e-10
2.390222697463860081e-10
2.311074050462464388e-10
2.234546292438827956e-10
2.160552636577323673e-10
2.089009169877824162e-10
2.019834757993628189e-10
1.952950953220451996e-10
1.884400777252702647e-10
1.817625914950886936e-10
1.753217259609521343e-10
1.691090963277652445e-10
1.631166149206337445e-10
1.573364806562313636e-10
1.517611688872619233e-10
1.463834216067790040e-10
1.411962379996308971e-10
1.361928653287145086e-10
1.313667901441806079e-10
1.267117298041514689e-10
1.222216242958987638e-10
1.178906283468515328e-10
1.137131038151469202e-10
1.096836123498337132e-10
1.057969083111611105e-10
1.020479319417418836e-10
9.843180277970120414e-11
9.494381330523425494e-11
9.157942281229994141e-11
8.833425149747706886e-11
8.520407475828140471e-11
8.218481769353252669e-11
7.927254979859622906e-11
7.646347984860765223e-11
7.375395096301052849e-11
7.114043584498423906e-11
6.861953218957067358e-11
6.618795825451086349e-11
6.384254858803492334e-11
6.158024990803824494e-11
5.939811712728466730e-11
5.729330951945480744e-11
5.526308702105669355e-11
5.330480666437784683e-11
5.141591913683794087e-11
4.959396546226501404e-11
4.783657379976942277e-11
4.614145635605490784e-11
4.450640640714058163e-11
4.290067080760928742e-11
4.133647026537843708e-11
3.982930200936226673e-11
3.837708658645850333e-11
3.697782036246407526e-11
3.562957275764507907e-11
3.433048358309825793e-11
3.307876047423217583e-11
3.187267641782747673e-11
3.071056736926029569e-11
2.959082995660662755e-11
2.851191926845544790e-11
2.747234672238095866e-11
2.647067801113356075e-11
2.550553112371254398e-11
2.457557443859401644e-11
2.367952488648153231e-11
2.281614618004318215e-11
2.198424710819660428e-11
2.118267989258368352e-11
2.041033860397119925e-11
1.966615763639098398e-11
1.894911023691332251e-11
1.825820708902778759e-11
1.759249494767455773e-11
1.695105532404352193e-11
1.633300321832793636e-11
1.573748589868178256e-11
1.516368172469885542e-11
1.461079901378829719e-11
1.407807494888288455e-11
1.356477452597426887e-11
1.307018954002092642e-11
1.259363760783204964e-11
1.213446122657747410e-11
1.169202686662501443e-11
1.126572409745459292e-11
1.085496474544143182e-11
1.045918208234824186e-11
1.007783004340529299e-11
9.710382473899909445e-12
9.354692009683738344e-12
9.009646032245576911e-12
8.677327007915334123e-12
8.357265505527336185e-12
8.049009408792153529e-12
7.752123277641059421e-12
7.466187733126545471e-12
7.190798865011309197e-12
6.925567661207875026e-12
6.670119458263096437e-12
6.424093412111844987e-12
6.187141988351275646e-12
5.958930471316916331e-12
5.739136491265711982e-12
5.527449568999360011e-12
5.323570677283736306e-12
5.127211818445538526e-12
4.938095617549060399e-12
4.755954930578679081e-12
4.580532467073240359e-12
4.411580426679811077e-12
4.248860149112676145e-12
4.092141777024010979e-12
3.941203931309032601e-12
3.795833398387823710e-12
3.655824829021420564e-12
3.520980448237282623e-12
3.391109775953785238e-12
3.266029357909801917e-12
3.145562506518527354e-12
3.029539051280143878e-12
2.917795098400260106e-12
2.810172799274912308e-12
2.706520127514880018e-12
