8.100011591057565386e-10
8.210088331848106914e-10
8.321660982703325925e-10
8.434749872594679978e-10
8.549375606758282062e-10
8.665559070449256267e-10
8.783321432747113946e-10
8.902684150412840044e-10
9.023668971798398895e-10
9.146297940809369830e-10
9.270593400921432243e-10
9.396577999251432167e-10
9.524274690683817224e-10
9.653706742052948653e-10
9.784897736382639769e-10
9.917475417978466774e-10
1.005142593948724150e-09
1.018718566560270145e-09
1.032477903237228080e-09
1.046423080588935909e-09
1.060556608675086512e-09
1.074881031457528999e-09
1.089398927258173966e-09
1.104112909223059611e-09
1.119025625792731500e-09
1.134139761178934350e-09
1.149458035847743199e-09
1.164983207009260535e-09
1.180718069113881236e-09
1.196665454355288072e-09
1.212726798974079135e-09
1.229000902250845790e-09
1.245493394729280261e-09
1.262207207068141975e-09
1.279145309253967943e-09
1.296310711128823503e-09
1.313706462925135592e-09
1.331335655807730759e-09
1.349201422423090745e-09
1.367306937456035932e-09
1.385655418193849290e-09
1.404250125097972123e-09
1.423094362383399214e-09
1.442191478605792389e-09
1.461479425433454662e-09
1.480947498823600864e-09
1.500674902502575862e-09
1.520665090956994749e-09
1.540921564689968914e-09
1.561447870834132283e-09
1.582247603772734017e-09
1.603324405769104757e-09
1.624681967604406059e-09
1.646324029223979599e-09
1.668254380392199389e-09
1.690476861356155180e-09
1.712995363518068823e-09
1.735813830116775079e-09
1.758936256918172586e-09
1.782202078179506445e-09
1.805766257105506592e-09
1.829642000323383694e-09
1.853833427319240992e-09
1.878344712046825381e-09
1.903180083647673337e-09
1.928343827180776859e-09
1.953840284361976852e-09
1.979673854313013223e-09
2.005848994320605364e-09
2.032370220605443921e-09
2.059242109101475582e-09
2.086469296245364248e-09
2.114056479776521102e-09
2.141904720146537270e-09
2.169982461991690220e-09
2.198428268568989714e-09
2.227246964755318900e-09
2.256443438675737747e-09
2.286022642532654677e-09
2.315989593445772646e-09
2.346349374303047059e-09
2.377107134622895008e-09
2.408268091427559023e-09
2.439837530128079904e-09
2.471820805420709869e-09
2.504223342195226764e-09
2.537050636455054205e-09
2.570308256249444911e-09
2.603720066961942918e-09
2.637541416037044367e-09
2.671802091777010832e-09
2.706507800870774805e-09
2.741664324135022563e-09
2.777277517477073762e-09
2.813353312870325483e-09
2.849897719342256613e-09
2.886916823975373873e-09
2.924416792921106535e-09
2.962403872426873160e-09
3.000884389876542048e-09
3.039864754844294491e-09
3.079351460162293675e-09
3.119190118265568495e-09
3.159306421091141078e-09
3.199938664815272540e-09
3.241093485019809876e-09
3.282777602627653129e-09
3.324997825000390972e-09
3.367761047049919783e-09
3.411074252364492471e-09
3.454944514349182995e-09
3.499378997381032504e-09
3.544384957979050407e-09
3.589969745989265167e-09
3.636140805785014653e-09
3.682905677482673338e-09
3.730271998173001217e-09
3.777772852764386687e-09
3.825821263213658467e-09
3.874480787627887589e-09
3.923759198590457205e-09
3.973664367542074928e-09
4.024204266037982313e-09
4.075386967021414299e-09
4.127220646112990975e-09
4.179713582916774557e-09
4.232874162342672282e-09
4.286710875945926366e-09
4.341232323283366785e-09
4.396447213287194487e-09
4.452364365655951769e-09
4.508733132070958835e-09
4.565386959516547459e-09
4.622752662353766262e-09
4.680839185548862593e-09
4.739655586464731959e-09
4.799211036273238765e-09
4.859514821385289163e-09
4.920576344898768534e-09
4.982405128064872976e-09
5.045010811772672686e-09
5.108403158052418420e-09
5.172592051597747385e-09
5.237587501306908490e-09
5.303399641843561168e-09
5.370038735216979863e-09
5.436724467862819735e-09
5.504115336134409363e-09
5.572341547295498131e-09
5.641413455831210685e-09
5.711341544575598033e-09
5.782136426302558156e-09
5.853808845336603983e-09
5.926369679183351361e-09
5.999829940180463195e-09
6.074200777168930652e-09
6.149493477185101710e-09
6.225719467173656403e-09
6.302890315721935729e-09
6.381017734815525795e-09
6.459710127378338088e-09
6.538626118360423259e-09
6.618506198056999226e-09
6.699362144398468318e-09
6.781205879202036487e-09
6.864049469929557307e-09
6.947905131466709789e-09
7.032785227924186653e-09
7.118702274460615930e-09
7.205668939127887587e-09
7.293698044739022478e-09
7.382802570758718446e-09
7.472995655217289100e-09
7.564290596647677613e-09
7.656700856046296644e-09
7.748903661839446360e-09
7.841959564075038474e-09
7.936132966452429737e-09
8.031437288932488526e-09
8.127886112635218742e-09
8.225493181775063003e-09
8.324272405619626626e-09
8.424237860471584184e-09
8.525403791674726490e-09
8.627784615643886635e-09
8.731394921919461417e-09
8.836249475246250223e-09
8.942363217677605639e-09
9.049751270704688991e-09
9.157773559207608581e-09
9.265719701389180395e-09
9.374938245594732759e-09
9.485444190108388500e-09
9.597252710004725681e-09
9.710379159232662291e-09
9.824839072723928042e-09
9.940648168526368135e-09
1.005782234996238338e-08
1.017637770781291864e-08
1.029633052252697969e-08
1.041769726645740315e-08
1.054049460612288445e-08
1.066473940449668072e-08
1.079044872332229626e-08
1.091546003846922539e-08
1.104141439585797661e-08
1.116882215054645637e-08
1.129770007340114880e-08
1.142806512880889655e-08
1.155993447690993769e-08
1.169332547585673577e-08
1.182825568409884128e-08
1.196474286269415011e-08
1.210280497764680875e-08
1.224246020227208067e-08
1.238372691958863205e-08
1.252662372473818230e-08
1.267116942743318777e-08
1.281633955632847461e-08
1.296071330641352402e-08
1.310671340071505873e-08
1.325435815970688668e-08
1.340366611023966704e-08
1.355465598786568639e-08
1.370734673918981359e-08
1.386175752424708816e-08
1.401790771890679171e-08
1.417581691730391056e-08
1.433550493429778460e-08
1.449699180795865845e-08
1.466029780208192845e-08
1.482544340873101657e-08
1.499244935080873414e-08
1.515775218865192198e-08
1.532389651477973946e-08
1.549186195110654153e-08
1.566166845884577939e-08
1.583333621800599299e-08
1.600688562978917493e-08
1.618233731901506139e-08
1.635971213657235294e-08
1.653903116189662331e-08
1.672031570547541938e-08
1.690358731138080035e-08
1.708886775982978929e-08
1.727617906977255841e-08
1.746554350150933075e-08
1.765536193187663855e-08
1.784289207553703340e-08
1.803241411009819470e-08
1.822394919284860534e-08
1.841751870580343332e-08
1.861314425809139784e-08
1.881084768836712570e-08
1.901065106724910408e-08
1.921257669978359345e-08
1.941664712793446775e-08
1.962288513309994110e-08
1.983131373865560564e-08
2.004195621252468345e-08
2.025483606977557555e-08
2.046997707524682363e-08
2.068153946720794658e-08
2.089342087962269748e-08
2.110747300727835583e-08
2.132371808905182192e-08
2.154217859165638396e-08
2.176287721197563797e-08
2.198583687942174327e-08
2.221108075831758356e-08
2.243863225030358126e-08
2.266851499676875156e-08
2.290075288130703506e-08
2.313537003219882974e-08
2.337239082491750697e-08
2.361183988466207647e-08
2.385131014689701232e-08
2.408572041020671223e-08
2.432243445352709287e-08
2.456147491836817238e-08
2.480286466876049055e-08
2.504662679344168796e-08
2.529278460806531312e-08
2.554136165743055403e-08
2.579238171773468403e-08
2.604586879884682251e-08
2.630184714660487650e-08
2.656034124513421727e-08
2.682137581918999111e-08
2.708497583652159195e-08
2.735116651026124135e-08
2.761068825634040451e-08
2.786927046373430899e-08
2.813027436947059254e-08
2.839372265346565295e-08
2.865963820804003378e-08
2.892804413990757865e-08
2.919896377218323682e-08
2.947242064640996341e-08
2.974843852460399953e-08
3.002704139131990226e-08
3.030825345573464933e-08
3.059209915375117929e-08
3.087860315012205528e-08
3.116779034059228968e-08
3.145620394998390164e-08
3.173485494704158378e-08
3.201597434042218939e-08
3.229958399611735759e-08
3.258570597381623002e-08
3.287436252862087123e-08
3.316557611277747831e-08
3.345936937742296942e-08
3.375576517434635575e-08
3.405478655776676951e-08
3.435645678612607025e-08
3.466079932389850424e-08
3.496783784341527301e-08
3.527759622670634694e-08
3.559009856735750557e-08
3.589151271847185949e-08
3.618969062506062030e-08
3.649034572074628255e-08
3.679349858540989133e-08
3.709916996990485467e-08
3.740738079747792731e-08
3.771815216520074940e-08
3.803150534541458681e-08
3.834746178718581178e-08
3.866604311777469105e-08
3.898727114411516569e-08
3.931116785430817682e-08
3.963775541912608874e-08
3.996705619353096241e-08
4.029445681491449333e-08
4.060509017717466330e-08
4.091811823819432775e-08
4.123355945890796413e-08
4.155143244256687132e-08
4.187175593583663317e-08
4.219454882990219872e-08
4.251983016158234592e-08
4.284761911445219223e-08
4.317793501997493647e-08
4.351079735864136965e-08
4.384622576111912657e-08
4.418424000941022257e-08
4.452486003801805975e-08
4.486810593512253962e-08
4.519187855931032686e-08
4.550752574101978958e-08
4.582537759194189399e-08
4.614544951080857381e-08
4.646775700390574325e-08
4.679231568582452256e-08
4.711914128021767817e-08
4.744824962056152222e-08
4.777965665092255017e-08
4.811337842673048405e-08
4.844943111555568997e-08
4.878783099789254455e-08
4.912859446794815500e-08
4.947173803443661127e-08
4.981103109628955577e-08
5.012130371363996525e-08
5.043350901728423585e-08
5.074765904591372467e-08
5.106376591320883329e-08
5.138184180830590150e-08
5.170189899626764154e-08
5.202394981855545816e-08
5.234800669350574590e-08
5.267408211680853545e-08
5.300218866198975979e-08
5.333233898089545932e-08
5.366454580418003009e-08
5.399882194179706624e-08
5.433518028349315367e-08
5.464480827697138511e-08
5.494085302279937232e-08
5.523850162623608697e-08
5.553776277637081279e-08
5.583864520936701376e-08
5.614115770871723153e-08
5.644530910549997464e-08
5.675110827863683268e-08
5.705856415515211840e-08
5.736768571043334353e-08
5.767848196849328290e-08
5.799096200223321633e-08
5.830513493370833453e-08
5.862100993439326408e-08
5.893130192777438442e-08
5.919837367461854535e-08
5.946665576835186977e-08
5.973615369416553519e-08
6.000687296210916411e-08
6.027881910720345295e-08
6.055199768955336343e-08
6.082641429446177721e-08
6.110207453254371297e-08
6.137898403984101997e-08
6.165714847793761423e-08
6.193657353407525737e-08
6.221726492126979861e-08
6.249922837842799918e-08
6.278246967046489929e-08
6.302936303865147131e-08
6.325477449954885789e-08
6.348099209784414590e-08
6.370801871652064454e-08
6.393585724887215832e-08
6.416451059853962123e-08
6.439398167954865739e-08
6.462427341634589753e-08
6.485538874383676468e-08
6.508733060742265089e-08
6.532010196303894113e-08
6.555370577719193862e-08
6.578814502699715334e-08
6.602342270021702150e-08
6.625187566008729634e-08
6.642124499714580172e-08
6.659104731775472449e-08
6.676128372881293495e-08
6.693195534004908164e-08
6.710306326402914851e-08
6.727460861616292672e-08
6.744659251471169093e-08
6.761901608079591520e-08
6.779188043840174488e-08
6.796518671438885811e-08
6.813893603849754654e-08
6.831312954335666940e-08
6.848776836449015194e-08
6.866285364032482040e-08
6.879395673913021387e-08
6.889570950781883080e-08
6.899761277847631295e-08
6.909966677370931131e-08
6.920187171645373445e-08
6.930422782997522501e-08
6.940673533786967581e-08
6.950939446406365339e-08
6.961220543281499361e-08
6.971516846871317217e-08
6.981828379667990022e-08
6.992155164196954786e-08
7.002497223016966032e-08
7.012854578720144762e-08
7.022540918434333704e-08
7.025047285096216301e-08
7.027554546288142059e-08
7.030062702329373580e-08
7.032571753539300518e-08
7.035081700237380025e-08
7.037592542743232042e-08
7.040104281376571804e-08
7.042616916457242921e-08
7.045130448305163120e-08
7.047644877240406299e-08
7.050160203583144296e-08
7.052676427653665413e-08
7.055193549772385009e-08
7.057711570259792559e-08
7.055522953298629277e-08
7.049842237765654407e-08
7.044166096029558622e-08
7.038494524407803982e-08
7.032827519220757602e-08
7.027165076791796212e-08
7.021507193447253217e-08
7.015853865516378990e-08
7.010205089331434844e-08
7.004560861227579207e-08
6.998921177542978799e-08
6.993286034618690840e-08
6.987655428798759662e-08
6.982029356430178334e-08
6.975889035968329732e-08
6.961714702758843004e-08
6.947569170426333077e-08
6.933452380450197570e-08
6.919364274428745612e-08
6.905304794078946388e-08
6.891273881236198845e-08
6.877271477854086850e-08
6.863297526004138312e-08
6.849351967875585634e-08
6.835434745775126161e-08
6.821545802126687918e-08
6.807685079471184772e-08
6.793852520466283492e-08
6.780048067886162874e-08
6.761229746659573776e-08
6.738306215883244373e-08
6.715460405918490614e-08
6.692692053257727476e-08
6.670000895286775288e-08
6.647386670281793210e-08
6.624849117406347704e-08
6.602387976708307631e-08
6.580002989116929922e-08
6.557693896439834091e-08
6.535460441359987318e-08
6.513302367432813958e-08
6.491219419083195183e-08
6.469211341602487168e-08
6.446910000094797402e-08
6.414245860978088483e-08
6.381747219128165194e-08
6.349413236030817688e-08
6.317243077420237065e-08
6.285235913257592059e-08
6.253390917709497195e-08
6.221707269126821086e-08
6.190184150023372960e-08
6.158820747054906838e-08
6.127616250998092614e-08
6.096569856729603606e-08
6.065680763205427775e-08
6.034948173440102188e-08
6.004371294486246576e-08
5.966845667363650351e-08
5.923060890989341649e-08
5.879597407765387380e-08
5.836452860039253902e-08
5.793624907458921849e-08
5.751111226845862288e-08
5.708909512069058439e-08
5.667017473919938612e-08
5.625432839988135001e-08
5.584153354538251641e-08
5.543176778387534324e-08
5.502500888784343864e-08
5.462123479287615375e-08
5.422042359647204275e-08
5.382130753285690408e-08
5.325636199942096048e-08
5.269734652362165606e-08
5.214419885948749192e-08
5.159685741442358103e-08
5.105526124235335478e-08
5.051935003693225414e-08
4.998906412483280314e-08
4.946434445909954942e-08
4.894513261257490402e-08
4.843137077139288275e-08
4.792300172854168234e-08
4.741996887749380731e-08
4.692221620590260301e-08
4.642968828936587631e-08
4.585593255787232551e-08
4.520201194871434597e-08
4.455741646150306257e-08
4.392201311694694257e-08
4.329567083208269669e-08
4.267826039323297804e-08
4.206965442934971928e-08
4.146972738573801250e-08
4.087835549815341159e-08
4.029541676727071146e-08
3.972079093351466840e-08
3.915435945225104036e-08
3.859600546933087299e-08
3.804561379698363758e-08
3.750307089005409892e-08
3.687319846656854341e-08
3.625206099855996679e-08
3.564138673337101744e-08
3.504099941595530060e-08
3.445072576032300858e-08
3.387039539952650381e-08
3.329984083648830260e-08
3.273889739565774839e-08
3.218740317548130631e-08
3.164519900167424371e-08
3.111212838127908509e-08
3.058803745749805000e-08
3.007277496528625893e-08
2.956619218769333249e-08
2.908619555095408516e-08
2.863424899939925857e-08
2.818932487486161177e-08
2.775131406160368947e-08
2.732010913934826622e-08
2.689560435693359684e-08
2.647769560637860097e-08
2.606628039735073240e-08
2.566125783203088185e-08
2.526252858036822267e-08
2.486999485572044316e-08
2.448356039087134550e-08
2.410313041442245915e-08
2.372861162755013591e-08
2.335991218112487715e-08
2.304105644069703709e-08
2.272865341810593468e-08
2.242048612354124858e-08
2.211649712672664461e-08
2.181662977605633787e-08
2.152082818803749209e-08
2.122903723687560549e-08
2.094120254420131461e-08
2.065727046893649552e-08
2.037718809729752798e-08
2.010090323293435297e-08
1.982836438720293785e-08
1.955952076957007723e-08
1.929432227814785269e-08
1.896321815246328268e-08
1.855145567026259542e-08
1.814863409357619816e-08
1.775455928186219165e-08
1.736904131009694688e-08
1.699189437724033089e-08
1.662293671668866403e-08
1.626199050867174026e-08
1.590888179455269382e-08
1.556344039298808579e-08
1.522549981790867154e-08
1.489489719828140888e-08
1.457147319961310832e-08
1.425507194715930779e-08
1.394554095079992801e-08
1.360932828534316528e-08
1.327867141068372132e-08
1.295604828805581721e-08
1.264126372668410559e-08
1.233412727821494689e-08
1.203445312149273239e-08
1.174205995013585146e-08
1.145677086284441277e-08
1.117841325637258235e-08
1.090681872110190494e-08
1.064182293915132368e-08
1.038326558496299932e-08
1.013099022830341738e-08
9.884844239621215620e-09
9.667420358278872530e-09
9.486344713018671808e-09
9.308660705660994368e-09
9.134304809122161509e-09
8.963214686212759887e-09
8.795329167350244252e-09
8.630588228689230005e-09
8.468932970660993648e-09
8.310305596915499188e-09
8.154649393657309732e-09
8.001908709368935609e-09
7.852028934913760772e-09
7.704956484011863887e-09
7.560638774081196813e-09
7.419024207437919956e-09
7.235420739075874036e-09
7.051578996096547774e-09
6.872408410148787873e-09
6.697790293780795395e-09
6.527608975219913872e-09
6.361751721748680586e-09
6.200108665027505156e-09
6.042572728314934360e-09
5.889039555537137948e-09
5.739407442159523223e-09
5.593577267815039709e-09
5.451452430644064433e-09
5.312938783302757653e-09
5.177944570597223056e-09
5.050256447079591281e-09
4.931700946402641697e-09
4.815928553254596185e-09
4.702873933783603372e-09
4.592473287859452138e-09
4.484664313069163985e-09
4.379386169557973923e-09
4.276579445695487710e-09
4.176186124547930735e-09
4.078149551137460079e-09
3.982414400469979477e-09
3.888926646313686866e-09
3.797633530710366636e-09
3.708483534202507860e-09
3.621426346759329749e-09
3.537131460310301562e-09
3.454899796951797742e-09
3.374579865326926864e-09
3.296127221263295764e-09
3.219498453832101771e-09
3.144651161327014931e-09
3.071543927801833547e-09
3.000136300153270365e-09
2.930388765736715208e-09
2.862262730502383968e-09
2.795720497639583970e-09
2.730725246717753817e-09
2.667241013312133883e-09
2.605232669103339330e-09
2.544729256909170336e-09
2.485740613159967426e-09
2.428119368351888509e-09
2.371833825199758376e-09
2.316853021184097599e-09
2.263146711518804947e-09
2.210685352513520341e-09
2.159440085321750931e-09
2.109382720065726663e-09
2.060485720329167163e-09
2.012722188009635621e-09
1.966065848521951842e-09
1.920491036344557283e-09
1.875972680901084684e-09
1.832486292769044138e-09
1.790882411669041929e-09
1.750376958724079913e-09
1.710787641706062780e-09
1.672093739823706383e-09
1.634275000940182505e-09
1.597311630973290860e-09
1.561184283535369751e-09
1.525874049807498604e-09
1.491362448642782382e-09
1.457631416893413586e-09
1.424663299956551653e-09
1.392440842533992968e-09
1.360947179600903129e-09
1.330165827578724477e-09
1.300362035141304278e-09
1.271774323557098582e-09
1.243815096373038670e-09
1.216470536720985085e-09
1.189727131488699304e-09
1.163571664641954891e-09
1.137991210693437635e-09
1.112973128315229567e-09
1.088505054091738723e-09
1.064574896409968195e-09
1.041170829484062440e-09
1.018281287511280800e-09
9.958949589564044651e-10
9.740007809618035413e-10
9.525879338804124047e-10
9.320838704670150319e-10
9.121147353937310094e-10
8.925734227173469225e-10
8.734507666926922719e-10
8.547377979432054901e-10
8.364257392538726673e-10
8.185060014543510894e-10
8.009701793902421069e-10
7.838100479807131798e-10
7.670175583605626559e-10
7.505848341049563918e-10
7.345041675350120756e-10
7.187680161025825791e-10
7.033689988524288790e-10
6.883795471096244716e-10
6.738851235587275663e-10
6.596958925646882747e-10
6.458054280356847666e-10
6.322074391867676195e-10
6.188957676908950028e-10
6.058643848898855167e-10
5.931073890641522439e-10
5.806190027598836662e-10
5.683935701725308706e-10
5.564255545853752633e-10
5.447095358620293910e-10
5.332402079917471438e-10
5.220123766863961433e-10
5.110209570280517236e-10
5.003035114235526478e-10
4.898216322002294910e-10
4.795593592549808482e-10
4.695120916077437756e-10
4.596753246737717718e-10
4.500446482440529953e-10
4.406157445080496776e-10
4.313843861178445439e-10
4.223464342928640104e-10
4.134978369642910060e-10
4.048346269583637103e-10
3.963529202177427454e-10
3.880489140601352553e-10
3.799188854733949097e-10
3.719386839207608537e-10
3.640747132307905151e-10
3.563770119763124637e-10
3.488420646908668924e-10
3.414664302361777251e-10
3.342467402306116616e-10
3.271796975108723048e-10
3.202620746262169109e-10
3.134907123645120960e-10
3.068625183094466970e-10
3.003744654282624269e-10
2.940235906893320500e-10
2.878069937089723948e-10
2.817218354268669075e-10
2.757653368094950941e-10
2.698277781341314048e-10
2.639863644818667043e-10
2.582714096904839073e-10
2.526801760933051959e-10
2.472099852905096080e-10
2.418582168660813495e-10
2.366223071325350912e-10
2.314997479028205326e-10
2.264880852888136369e-10
2.215849185258146829e-10
2.167878988224949414e-10
2.120947282357438413e-10
2.075031585698743294e-10
2.030109902996542887e-10
1.985740231821932457e-10
1.941134336968759106e-10
1.897530429094422015e-10
1.854906000458437273e-10
1.813239048914090468e-10
1.772508066551238610e-10
1.732692028594227473e-10
1.693770382549162014e-10
1.655723037595033263e-10
1.618530354213082789e-10
1.582173134049159126e-10
1.546632610003789530e-10
1.511890436544861032e-10
1.477928680237907118e-10
1.444729810489114756e-10
1.411087642993237591e-10
1.377823006001030145e-10
1.345342541473028110e-10
1.313627763518235917e-10
1.282660622027557475e-10
1.252423492400764072e-10
1.222899165515687905e-10
1.194070837933802621e-10
1.165922102336770537e-10
1.138436938188382995e-10
1.111599702616655613e-10
1.085395121510869657e-10
1.059808280828464860e-10
1.034824618106911740e-10
1.010103743403653621e-10
9.848937344280232585e-11
9.603129128568566130e-11
9.363455755307373189e-11
9.129764112071947459e-11
8.901904907793415938e-11
8.679732577385567809e-11
8.463105188752557275e-11
8.251884352117302973e-11
8.045935131612722658e-11
7.845125959079797884e-11
7.649328550016719280e-11
7.458417821625916949e-11
7.272271812906440997e-11
7.090771606740655110e-11
6.913801253925476675e-11
6.741247699099638927e-11
6.573000708519646201e-11
6.408952799638310825e-11
6.248999172440724408e-11
6.093037642494183551e-11
5.940968575668887267e-11
5.792694824487767261e-11
5.648121666065124085e-11
5.507156741593941849e-11
5.369709997343726504e-11
5.235693627130681015e-11
5.105022016223810509e-11
4.977611686650995710e-11
4.853381243870101795e-11
4.732251324771062208e-11
4.614144546975721625e-11
4.498985459403040354e-11
4.386700494068109713e-11
4.277217919084059914e-11
4.170467792837113620e-11
4.066381919305223159e-11
3.964893804491793093e-11
3.865938613946875157e-11
3.769453131348390638e-11
3.675375718117246442e-11
3.583646274040211120e-11
3.494206198875639141e-11
3.406998354917420579e-11
3.321967030493248741e-11
3.239057904373896711e-11
3.158218011070757908e-11
3.079395706999487401e-11
3.002540637488137766e-11
2.927603704608637551e-11
2.854537035811253727e-11
2.783293953341739847e-11
2.713828944421824901e-11
2.646097632173980868e-11
2.580056747271683565e-11
2.515664100297438305e-11
2.452878554790528787e-11
2.391660000967499050e-11
2.331969330098504352e-11
2.273768409523175739e-11
2.217020058290031773e-11
2.161688023403878996e-11
2.107736956666026898e-11
2.055132392092528605e-11
2.003840723895970363e-11
1.953829185016875676e-11
1.905065826190830064e-11
1.857519495538085408e-11
1.811159818662595429e-11
1.765957179247627077e-11
1.721882700135810893e-11
1.678908224881282727e-11
1.637006299762287511e-11
1.596150156242701372e-11
1.556313693871278987e-11
1.517471463607696412e-11
1.479598651564740067e-11
1.442671063156257551e-11
1.406665107640738103e-11
1.371557783050661521e-11
1.337326661497946549e-11
1.303949874846201195e-11
1.271406100740501518e-11
1.239674548985890533e-11
1.208734948265788088e-11
1.178567533191907426e-11
1.149153031677401778e-11
1.120472652625105380e-11
1.092508073923074674e-11
1.065241430739728831e-11
1.038655304111119443e-11
1.012732709813036802e-11
9.874570875108446387e-12
9.628122901801111903e-12
9.387825737912824476e-12
9.153525872517848395e-12
8.925073625991895101e-12
8.702323054390950719e-12
8.485131856216802386e-12
8.273361281509455954e-12
8.066876043208406718e-12
7.865544230726138445e-12
7.669237225678652577e-12
7.477829619719178440e-12
7.291199134422588610e-12
7.109226543169208355e-12
6.931795594978479622e-12
6.758792940243431138e-12
6.590108058318511298e-12
6.425633186914964170e-12
6.265263253258059820e-12
6.108895806962788313e-12
5.956430954584571036e-12
5.807771295803568909e-12
5.662821861201675165e-12
5.521490051592450070e-12
5.383685578865261445e-12
5.249320408305817386e-12
5.118308702356256574e-12
4.990566765778892207e-12
4.866012992188438195e-12
4.744567811918867852e-12
4.626153641191294405e-12
4.510694832550415367e-12
4.398117626538155765e-12
4.288350104573238921e-12
4.181322143006983828e-12
4.076965368325589397e-12
3.975213113470564941e-12
3.876000375249290202e-12
3.779263772808511338e-12
3.684941507144257073e-12
3.592973321622290452e-12
3.503300463483894676e-12
3.415865646312395687e-12
3.330613013436377545e-12
3.247488102246396808e-12
3.166437809402213791e-12
3.087410356908239143e-12
3.010355259035985497e-12
2.935223290071678642e-12
2.861966452869149607e-12
2.790537948187376637e-12
2.720892144793369957e-12
2.652984550311213853e-12
2.586771782798652058e-12
2.522211543033060486e-12
2.459262587489102505e-12
2.397884701990803776e-12
2.338038676021213884e-12
2.279686277673252883e-12
2.222790229225684664e-12
2.167314183328753520e-12
2.113222699784074457e-12
2.060481222904136395e-12
2.009056059436778609e-12
1.958914357040665588e-12
1.910024083298009236e-12
