7.589508884085711770e-10
7.691551603512460210e-10
7.794966311133312630e-10
7.899771453649957153e-10
8.005985725784260341e-10
8.113628073613092362e-10
8.222717697947650341e-10
8.333274057758554781e-10
8.445316873646832800e-10
8.558866131361595705e-10
8.673942085364985810e-10
8.790565262445224836e-10
8.908756465377887976e-10
9.028536776636764337e-10
9.149927562154425766e-10
9.272551889066627946e-10
9.396393572498948650e-10
9.521889251804122952e-10
9.649061017301596394e-10
9.777931254343156834e-10
9.908522647253144159e-10
1.004085818332169777e-09
1.017496115685090850e-09
1.031085517325528730e-09
1.044856415321671622e-09
1.058811233689533125e-09
1.072952428819621714e-09
1.087282489909334925e-09
1.101803939401100593e-09
1.116519333426415466e-09
1.131318099137396610e-09
1.146309875851358384e-09
1.161500317617366784e-09
1.176892057065531004e-09
1.192487761712544110e-09
1.208290134423948168e-09
1.224301913882602813e-09
1.240525875063286125e-09
1.256964829713637081e-09
1.273621626841468542e-09
1.290499153208490057e-09
1.307600333830647500e-09
1.324928132485011692e-09
1.342485552223467909e-09
1.360209992397448958e-09
1.378090385280153979e-09
1.396205821613087054e-09
1.414559391117131298e-09
1.433154224128550605e-09
1.451993492132868773e-09
1.471080408305794950e-09
1.490418228061255200e-09
1.510010249606632933e-09
1.529859814505277577e-09
1.549970308246470273e-09
1.570345160822819105e-09
1.590987847315275349e-09
1.611901888485841266e-09
1.633090851378035394e-09
1.654377309369502712e-09
1.675930906250850756e-09
1.697765308203625114e-09
1.719884173618978279e-09
1.742291208550399892e-09
1.764990167334664064e-09
1.787984853220903743e-09
1.811279119007809659e-09
1.834876867689200743e-09
1.858782053107970366e-09
1.882998680618552969e-09
1.907530807758056422e-09
1.932382544926065733e-09
1.957558056073376168e-09
1.982952836790295100e-09
2.008533092268952495e-09
2.034443335157394196e-09
2.060687822320486932e-09
2.087270865536997792e-09
2.114196832207996251e-09
2.141470146074387027e-09
2.169095287943697026e-09
2.197076796426241685e-09
2.225419268680793550e-09
2.254127361169825061e-09
2.283205790424587755e-09
2.312659333819966254e-09
2.342492830359376719e-09
2.372711181469778821e-09
2.403022542661897800e-09
2.433695028123576318e-09
2.464759021092027977e-09
2.496219518818878958e-09
2.528081582341310971e-09
2.560350337296229079e-09
2.593030974744819320e-09
2.626128752007632614e-09
2.659648993510317802e-09
2.693597091640203560e-09
2.727978507613702327e-09
2.762798772354899776e-09
2.798063487385299650e-09
2.833778325724939428e-09
2.869775891893543066e-09
2.905975050482965533e-09
2.942630822805275239e-09
2.979748968555173897e-09
3.017335320079713826e-09
3.055395783294826472e-09
3.093936338613216401e-09
3.132963041884160066e-09
3.172482025344953768e-09
3.212499498584572859e-09
3.253021749519273380e-09
3.294055145380714716e-09
3.335606133716330328e-09
3.377681243402535491e-09
3.420287085670493709e-09
3.462920821251222143e-09
3.506024474861070091e-09
3.549664648088422989e-09
3.593848019098056138e-09
3.638581349179111418e-09
3.683871483779879558e-09
3.729725353555242403e-09
3.776149975427298784e-09
3.823152453659199219e-09
3.870739980942184907e-09
3.918919839496397201e-09
3.967699402185151106e-09
4.017086133643232799e-09
4.067087591419249282e-09
4.117430649970337012e-09
4.167933409700799457e-09
4.219055616109838687e-09
4.270804867083006463e-09
4.323188853698430278e-09
4.376215361369985237e-09
4.429892271004303010e-09
4.484227560172088537e-09
4.539229304293685731e-09
4.594905677839375284e-09
4.651264955544206025e-09
4.708315513637842093e-09
4.766065831089376288e-09
4.824524490867606736e-09
4.883700181216580823e-09
4.942782402858415361e-09
5.002452011972793385e-09
5.062841956712264267e-09
5.123960933018058175e-09
5.185817741809341009e-09
5.248421290250666037e-09
5.311780593034404105e-09
5.375904773678997822e-09
5.440803065842544225e-09
5.506484814652587698e-09
5.572959478051600381e-09
5.640236628159058299e-09
5.708325952649721125e-09
5.777237256148554830e-09
5.846528617404754874e-09
5.915814912156537839e-09
5.985922307933318704e-09
6.056860535474739338e-09
6.128639440837838040e-09
6.201268986763807516e-09
6.274759254060700062e-09
6.349120443002645758e-09
6.424362874745625024e-09
6.500496992760047007e-09
6.577533364280175157e-09
6.655482681770987283e-09
6.734355764412164047e-09
6.814163559599789038e-09
6.894917144465822486e-09
6.975220591101447826e-09
7.056188588327796010e-09
7.138096457847704107e-09
7.220955109649762820e-09
7.304775580365138859e-09
7.389569034737728836e-09
7.475346767111105753e-09
7.562120202932992616e-09
7.649900900277206937e-09
7.738700551382993390e-09
7.828530984212498205e-09
7.919404164026331507e-09
8.011332194977100993e-09
8.104327321721911199e-09
8.197682071303150350e-09
8.290612933634750516e-09
8.384597282195542134e-09
8.479647059554589202e-09
8.575774343664604034e-09
8.672991349396964517e-09
8.771310430093582698e-09
8.870744079136911781e-09
8.971304931537201501e-09
9.073005765538312119e-09
9.175859504241149014e-09
9.279879217246092661e-09
9.385078122313457828e-09
9.491469587043361741e-09
9.599067130574048309e-09
9.705522311430253961e-09
9.812610857959519753e-09
9.920880995384090727e-09
1.003034576111175343e-08
1.014101833640203218e-08
1.025291204795352388e-08
1.036604036950858865e-08
1.048041692347589277e-08
1.059605548257062344e-08
1.071296997147302725e-08
1.083117446850513512e-08
1.095068320732601097e-08
1.107151057864570646e-08
1.119367113195810334e-08
1.131604315551006007e-08
1.143707587743786411e-08
1.155940312604570289e-08
1.168303874717046269e-08
1.180799673473957521e-08
1.193429123235504695e-08
1.206193653489418601e-08
1.219094709012769149e-08
1.232133750035492004e-08
1.245312252405665891e-08
1.258631707756568339e-08
1.272093623675494473e-08
1.285699523874406195e-08
1.299450948362390576e-08
1.313349453619980060e-08
1.327003590365776015e-08
1.340692176779674083e-08
1.354521966577927046e-08
1.368494416331370623e-08
1.382610997635966400e-08
1.396873197267791647e-08
1.411282517339629415e-08
1.425840475459171615e-08
1.440548604888856460e-08
1.455408454707353142e-08
1.470421589972712785e-08
1.485589591887202547e-08
1.500914057963839410e-08
1.516396602194642356e-08
1.531861355148027755e-08
1.547007878951666119e-08
1.562304166428478172e-08
1.577751698390697184e-08
1.593351970292328907e-08
1.609106492373914470e-08
1.625016789808750434e-08
1.641084402850517702e-08
1.657310886982404648e-08
1.673697813067685086e-08
1.690246767501804364e-08
1.706959352365935847e-08
1.723837185582089527e-08
1.740881901069734365e-08
1.758095148903990303e-08
1.774832954997209374e-08
1.791524661400085025e-08
1.808373347682027611e-08
1.825380490185945723e-08
1.842547579139265701e-08
1.859876118784491173e-08
1.877367627511023556e-08
1.895023637988204788e-08
1.912845697299616717e-08
1.930835367078636486e-08
1.948994223645290918e-08
1.967323858144352330e-08
1.985825876684778688e-08
2.004501900480442176e-08
2.023084274251841901e-08
2.041010448405922111e-08
2.059095463061054745e-08
2.077340725673438681e-08
2.095747656170463134e-08
2.114317687061243139e-08
2.133052263548091736e-08
2.151952843638977819e-08
2.171020898261025904e-08
2.190257911374954585e-08
2.209665380090601234e-08
2.229244814783397309e-08
2.248997739211944133e-08
2.268925690636585267e-08
2.289030219939033368e-08
2.308282373933122119e-08
2.327319303227807444e-08
2.346513234404525616e-08
2.365865462293476308e-08
2.385377292403618624e-08
2.405050041010735067e-08
2.424885035246248564e-08
2.444883613186722090e-08
2.465047123944145096e-08
2.485376927756939593e-08
2.505874396081718301e-08
2.526540911685823334e-08
2.547377868740578567e-08
2.568386672915359928e-08
2.589178482128297540e-08
2.608746986276343224e-08
2.628463385348294657e-08
2.648328797105036481e-08
2.668344347755277874e-08
2.688511172019375158e-08
2.708830413193696708e-08
2.729303223215415017e-08
2.749930762727818228e-08
2.770714201146109708e-08
2.791654716723702933e-08
2.812753496619021286e-08
2.834011736962804419e-08
2.855430642925896366e-08
2.877011428787604411e-08
2.897178677469747927e-08
2.916829633783841132e-08
2.936613878419803552e-08
2.956532315444400797e-08
2.976585855056511695e-08
2.996775413628703384e-08
3.017101913749088637e-08
3.037566284263525636e-08
3.058169460318016608e-08
3.078912383401485301e-08
3.099796001388755303e-08
3.120821268583904898e-08
3.141989145763856173e-08
3.163300600222261911e-08
3.184222747477517974e-08
3.203047359124624044e-08
3.221983258841626484e-08
3.241031104545643364e-08
3.260191558043319739e-08
3.279465285053767686e-08
3.298852955231751180e-08
3.318355242190897452e-08
3.337972823527155820e-08
3.357706380842294922e-08
3.377556599767600442e-08
3.397524169987723063e-08
3.417609785264588611e-08
3.437814143461559679e-08
3.458137946567627015e-08
3.476237758402950326e-08
3.493325926056793373e-08
3.510498094142736688e-08
3.527754675582312346e-08
3.545096085326880192e-08
3.562522740367552021e-08
3.580035059745275244e-08
3.597633464560857652e-08
3.615318377985115271e-08
3.633090225269069841e-08
3.650949433754124464e-08
3.668896432882394758e-08
3.686931654206988394e-08
3.705055531402400445e-08
3.722579288098670481e-08
3.736735514919798180e-08
3.750945575049051886e-08
3.765209673203753361e-08
3.779528014879748230e-08
3.793900806354330893e-08
3.808328254689230976e-08
3.822810567733597140e-08
3.837347954126965663e-08
3.851940623302309762e-08
3.866588785489026706e-08
3.881292651715975222e-08
3.896052433814521508e-08
3.910868344421560755e-08
3.925740596982627349e-08
3.937371953137228783e-08
3.947287289313392413e-08
3.957227594908927054e-08
3.967192932803377146e-08
3.977183366034643247e-08
3.987198957799371142e-08
3.997239771453352191e-08
4.007305870511924355e-08
4.017397318650374529e-08
4.027514179704339563e-08
4.037656517670212573e-08
4.047824396705545282e-08
4.058017881129454990e-08
4.068237035423032874e-08
4.077653151269252699e-08
4.082010335356838099e-08
4.086372175321837214e-08
4.090738676139288132e-08
4.095109842789554002e-08
4.099485680258311118e-08
4.103866193536587300e-08
4.108251387620720871e-08
4.112641267512385797e-08
4.117035838218629410e-08
4.121435104751820130e-08
4.125839072129694449e-08
4.130247745375340385e-08
4.134661129517237850e-08
4.139079229589216300e-08
4.139240941731198278e-08
4.136871006649103246e-08
4.134502428480599259e-08
4.132135206448783065e-08
4.129769339777192796e-08
4.127404827689813263e-08
4.125041669411073305e-08
4.122679864165845793e-08
4.120319411179446967e-08
4.117960309677637097e-08
4.115602558886619160e-08
4.113246158033039502e-08
4.110891106343988499e-08
4.108537403046995927e-08
4.105317668121800275e-08
4.095357525380356678e-08
4.085421547502994248e-08
4.075509675861966888e-08
4.065621851971773792e-08
4.055758017488810037e-08
4.045918114211023140e-08
4.036102084077564983e-08
4.026309869168453658e-08
4.016541411704231347e-08
4.006796654045612272e-08
3.997075538693177634e-08
3.987378008286986503e-08
3.977704005606270760e-08
3.968053473569088997e-08
3.953489066221356861e-08
3.935708682883690666e-08
3.918008264869405865e-08
3.900387452543218186e-08
3.882845887887293800e-08
3.865383214493915201e-08
3.847999077558299963e-08
3.830693123871328822e-08
3.813465001812435237e-08
3.796314361342394357e-08
3.779240853996276767e-08
3.762244132876304955e-08
3.745323852644865956e-08
3.728479669517433987e-08
3.710972950015962359e-08
3.685861958937711881e-08
3.660920886067287158e-08
3.636148581621407987e-08
3.611543903597037951e-08
3.587105717718717506e-08
3.562832897386251750e-08
3.538724323622818407e-08
3.514778885023361019e-08
3.490995477703330224e-08
3.467373005247839935e-08
3.443910378661098813e-08
3.420606516316189157e-08
3.397460343905251438e-08
3.374470794389901768e-08
3.346937053364037087e-08
3.316170565870821245e-08
3.285686897187035571e-08
3.255483447520332011e-08
3.225557640976753239e-08
3.195906925341091060e-08
3.166528771859191002e-08
3.137420675022295077e-08
3.108580152353370448e-08
3.080004744195362434e-08
3.051692013501461876e-08
3.023639545627239285e-08
2.995844948124716569e-08
2.968305850538333672e-08
2.940586352504245620e-08
2.906467937449316740e-08
2.872745384343780712e-08
2.839414100164112762e-08
2.806469545177758454e-08
2.773907232324797000e-08
2.741722726606837424e-08
2.709911644482952715e-08
2.678469653272622849e-08
2.647392470565656561e-08
2.616675863638901630e-08
2.586315648879754257e-08
2.556307691216353378e-08
2.526647903554361994e-08
2.497332246220333840e-08
2.465358467988037866e-08
2.431347676994960419e-08
2.397806081017128833e-08
2.364727207286463015e-08
2.332104672329792329e-08
2.299932180736990432e-08
2.268203523946103710e-08
2.236912579045239390e-08
2.206053307590982368e-08
2.175619754443112796e-08
2.145606046615398100e-08
2.116006392142240067e-08
2.086815078960961930e-08
2.058026473809486310e-08
2.029514141126610018e-08
1.998002455674527206e-08
1.966980043147377829e-08
1.936439306744435001e-08
1.906372767618319581e-08
1.876773063043575316e-08
1.847632944613679136e-08
1.818945276466040606e-08
1.790703033534567659e-08
1.762899299829359222e-08
1.735527266743110487e-08
1.708580231383814909e-08
1.682051594933352330e-08
1.655934861031563528e-08
1.630223634185415138e-08
1.603944285023364074e-08
1.577212582855526499e-08
1.550926397347751399e-08
1.525078303417525721e-08
1.499660999730449960e-08
1.474667306637842309e-08
1.450090164148687174e-08
1.425922629935384440e-08
1.402157877372762159e-08
1.378789193609743673e-08
1.355809977673155339e-08
1.333213738603159687e-08
1.310994093619739444e-08
1.289144766319741258e-08
1.267649924347968428e-08
1.245215900116819144e-08
1.223178898307662964e-08
1.201531892682053012e-08
1.180267981347229598e-08
1.159380384555542354e-08
1.138862442542792708e-08
1.118707613404856781e-08
1.098909471011873541e-08
1.079461702959346709e-08
1.060358108555518054e-08
1.041592596844336734e-08
1.023159184663437745e-08
1.005051994736477972e-08
9.872652537992409043e-09
9.690533411323231444e-09
9.504338538225623129e-09
9.321721231944687396e-09
9.142612752755591093e-09
8.966945681705530334e-09
8.794653895236165135e-09
8.625672540293673722e-09
8.459938009917406920e-09
8.297387919297049368e-09
8.137961082290335050e-09
7.981597488391627545e-09
7.828238280143013776e-09
7.677825730979763538e-09
7.530303223500981365e-09
7.385615228158233593e-09
7.231055443443327899e-09
7.079485687700849372e-09
6.931092977278479354e-09
6.785810718303839748e-09
6.643573712775053050e-09
6.504318129302057959e-09
6.367981474460944408e-09
6.234502564749130264e-09
6.103821499127967776e-09
5.975879632141286937e-09
5.850619547597003167e-09
5.727985032800777900e-09
5.607921053329369840e-09
5.490373728333156004e-09
5.373969495225107409e-09
5.258559928400375781e-09
5.145628858732428463e-09
5.035123058847463055e-09
4.926990444464905526e-09
4.821180049848688098e-09
4.717642003785798530e-09
4.616327506080714647e-09
4.517188804554543948e-09
4.420179172538122393e-09
4.325252886848635820e-09
4.232365206238940345e-09
4.141472350309984791e-09
4.052531478875815061e-09
3.965500671771997778e-09
3.882368413257749363e-09
3.801074773007690681e-09
3.721483355535495232e-09
3.643558517679207276e-09
3.567265362615707055e-09
3.492569724233057556e-09
3.419438151829844864e-09
3.347837895135265249e-09
3.277736889642520556e-09
3.209103742249546343e-09
3.141907717200330431e-09
3.076118722320618821e-09
3.011707295541825408e-09
2.948644591707180263e-09
2.886753689421199269e-09
2.825977115293440116e-09
2.766480107197325161e-09
2.708235725654069525e-09
2.651217598358043518e-09
2.595399908235774884e-09
2.540757381756247682e-09
2.487265277487413969e-09
2.434899374893582124e-09
2.383635963368661245e-09
2.333451831500342807e-09
2.284324256560213036e-09
2.236230994215234136e-09
2.189150268455785935e-09
2.143060761735761913e-09
2.099569152614373971e-09
2.057085118155578057e-09
2.015460733011809001e-09
1.974678602485170283e-09
1.934721683853285797e-09
1.895573279247192883e-09
1.857217028673386891e-09
1.819636903176992262e-09
1.782817198143308110e-09
1.746742526734966343e-09
1.711397813461746386e-09
1.676768287880613576e-09
1.642839478423190519e-09
1.609597206348134788e-09
1.577472294825243331e-09
1.546605555442101410e-09
1.516342792181559182e-09
1.486672186913046772e-09
1.457582152753876691e-09
1.429061329544390734e-09
1.401098579411610231e-09
1.373682982419727866e-09
1.346803832305649783e-09
1.320450632298033100e-09
1.294613091018131382e-09
1.269281118460801972e-09
1.244444822054201165e-09
1.220094502796579633e-09
1.196220651468624468e-09
1.173608892491567950e-09
1.151510547398472158e-09
1.129828300767975875e-09
1.108554317717881145e-09
1.087680910892065727e-09
1.067200537682697688e-09
1.047105797504666809e-09
1.027389429121406028e-09
1.008044308021037525e-09
9.890634438419300165e-10
9.704399778467309145e-10
9.521671804439559841e-10
9.342384487562679752e-10
9.166473042345047508e-10
8.995352755185576866e-10
8.829722219872457591e-10
8.667141423127100713e-10
8.507554210416682710e-10
8.350905461176239978e-10
8.197141069770187818e-10
8.046207926804758409e-10
7.898053900784037188e-10
7.752627820104254065e-10
7.609879455379287065e-10
7.469759502091610868e-10
7.332219563562967209e-10
7.197212134238289600e-10
7.064690583277571895e-10
6.934609138449851122e-10
6.807047333380685590e-10
6.681849620237162196e-10
6.558954589388722580e-10
6.438319889057374628e-10
6.319903946414572277e-10
6.203665953254494861e-10
6.089565851930818649e-10
5.977564321552156025e-10
5.867622764431388460e-10
5.759703292784223817e-10
5.653768715672406820e-10
5.549782526187070372e-10
5.447708888867814752e-10
5.347512627353160597e-10
5.248327325600913200e-10
5.149535415657156047e-10
5.052603115616677856e-10
4.957495421105168886e-10
4.864177986653358959e-10
4.772617113293989077e-10
4.682779736392466737e-10
4.594633413706454334e-10
4.508146313670350399e-10
4.423287203900094520e-10
4.340025439914531779e-10
4.258330954069071016e-10
4.178174244697492756e-10
4.099526365458326143e-10
4.022358914881654835e-10
3.943740994874179064e-10
3.866147570037385424e-10
3.790080802145271673e-10
3.715510654098311452e-10
3.642407679779294298e-10
3.570743012425805978e-10
3.500488353231330675e-10
3.431615960170641652e-10
3.364098637045117535e-10
3.297909722743597032e-10
3.233023080714395299e-10
3.169413088644661393e-10
3.107054628342580570e-10
3.045923075818857326e-10
2.984750225191580640e-10
2.922378126576541537e-10
2.861309412965998439e-10
2.801516847622545079e-10
2.742973762972843787e-10
2.685654048713808464e-10
2.629532140167338779e-10
2.574583006878514827e-10
2.520782141451886927e-10
2.468105548621227332e-10
2.416529734547523299e-10
2.366031696340759218e-10
2.316588911800564793e-10
2.268179329371249038e-10
2.220781358306843297e-10
2.171644491450009929e-10
2.123012660683077998e-10
2.075469891672365944e-10
2.028991795956847764e-10
1.983554531230989309e-10
1.939134789114076422e-10
1.895709783193563465e-10
1.853257237336055353e-10
1.811755374260142396e-10
1.771182904365088830e-10
1.731519014809734955e-10
1.692743358835887491e-10
1.654836045330909112e-10
1.617777628623938688e-10
1.580712068603934795e-10
1.542655539474720987e-10
1.505515242617107311e-10
1.469269119225561760e-10
1.433895641572641878e-10
1.399373800223029833e-10
1.365683091555334001e-10
1.332803505584340381e-10
1.300715514076451460e-10
1.269400058951224876e-10
1.238838540962203159e-10
1.209012808650208229e-10
1.179905147562616597e-10
1.151498269732186267e-10
1.123775303409163758e-10
1.095135072498174826e-10
1.066824917234229769e-10
1.039246603102206244e-10
1.012381211398294398e-10
9.862103124829647019e-11
9.607159531382206931e-11
9.358806442517532341e-11
9.116873488193925795e-11
8.881194702577292610e-11
8.651608410188955213e-11
8.427957114996132766e-11
8.210087392369890221e-11
7.997849783836014880e-11
7.791098694546540402e-11
7.585814709707005214e-11
7.376282080462627796e-11
7.172537085691033372e-11
6.974419861446904007e-11
6.781774959488887489e-11
6.594451225310825977e-11
6.412301679541553615e-11
6.235183402620921324e-11
6.062957422661211416e-11
5.895488606405878307e-11
5.732645553200344008e-11
5.574300491891226238e-11
5.420329180573853762e-11
5.270610809108467683e-11
5.125027904329213580e-11
4.976825046011305480e-11
4.830956482417927764e-11
4.689363262572457617e-11
4.551920078021049771e-11
4.418505293045868553e-11
4.289000837018666428e-11
4.163292099909629432e-11
4.041267830858799354e-11
3.922820039720160096e-11
3.807843901491667369e-11
3.696237663546156519e-11
3.587902555581423748e-11
3.482742702209633863e-11
3.380665038108543222e-11
3.280263907797328611e-11
3.179103823590631983e-11
3.081063416008837949e-11
2.986046477320231853e-11
2.893959766744039988e-11
2.804712918952698852e-11
2.718218355395651678e-11
2.634391198357945280e-11
2.553149187669171740e-11
2.474412599980916081e-11
2.398104170533767809e-11
2.324149017336803107e-11
2.252474567685410318e-11
2.183010486945170910e-11
2.115688609532023548e-11
2.048370905404147565e-11
1.982494159007556643e-11
1.918736045376319054e-11
1.857028428103591790e-11
1.797305362087226021e-11
1.739503023056196463e-11
1.683559639363502070e-11
1.629415425972609145e-11
1.577012520567002465e-11
1.526294921714388410e-11
1.477208429019669710e-11
1.429700585202568162e-11
1.383720620038067958e-11
1.339219396099814815e-11
1.295814010286160590e-11
1.252714909477364820e-11
1.211049295631802421e-11
1.170769490611540581e-11
1.131829402065510714e-11
1.094184470685884759e-11
1.057791619218647097e-11
1.022609203170115499e-11
9.885969631529753978e-12
9.557159788172717073e-12
9.239286243137297825e-12
8.931985252382956161e-12
8.634905170087722148e-12
8.347706046258390188e-12
8.070059237724167573e-12
7.801647032069083780e-12
7.542162284072314147e-12
7.291308064240452683e-12
7.048797319029995671e-12
6.814352542370609275e-12
6.587705458113936006e-12
6.368596713043924027e-12
6.156775580097977340e-12
5.951999671458785976e-12
5.754034661188930982e-12
5.562654017090846568e-12
5.377638741484969433e-12
5.198777120609791955e-12
5.025864482356913583e-12
4.858702962063880715e-12
4.697101276096816630e-12
4.540874502963754601e-12
4.389843871708188727e-12
4.243836557340733816e-12
4.102685483074690735e-12
3.966229129139459428e-12
3.834311347952779297e-12
3.706781185440311755e-12
3.583492708298333717e-12
3.464304837001566789e-12
3.349081184365370374e-12
3.237689899477236043e-12
3.130003516819300677e-12
3.025898810408946766e-12
2.925256652790793975e-12
2.827961878718711482e-12
2.733903153371689650e-12
2.642972844952934092e-12
2.555066901526402043e-12
2.470084731949623563e-12
2.387929090766939916e-12
2.308505966931064286e-12
2.231724476225853662e-12
2.157496757267116701e-12
2.085737870962460285e-12
2.016365703315127609e-12
1.949300871460604306e-12
1.884466632828471262e-12
1.821788797325565711e-12
1.761195642439911828e-12
1.702617831168388443e-12
1.645988332674098844e-12
1.591242345582667047e-12
1.538317223829786079e-12
1.487152404975029681e-12
1.437689340900033746e-12
1.389871430811605617e-12
1.343643956473227269e-12
1.298954019590716336e-12
1.255750481280486383e-12
1.213983903551133497e-12
1.173606492731311202e-12
1.134572044779232250e-12
1.096835892411206010e-12
1.060354853988654002e-12
1.025087184105180104e-12
9.909925258171460440e-13
9.580318644630336600e-13
9.261674830188072373e-13
8.953629189381670319e-13
8.655829224282848789e-13
8.367934161133544933e-13
8.089614560396694886e-13
7.820551939777364482e-13
7.560438409782103355e-13
7.308976321399580790e-13
7.065877925499713210e-13
6.830865043561120012e-13
6.603668749350112463e-13
6.384029061187419742e-13
6.171694644449914941e-13
5.966422523967508333e-13
5.767977805985496853e-13
5.576133409374777695e-13
5.390669805781823427e-13
5.211374768421472743e-13
5.038043129225033990e-13
4.870476544065501435e-13
4.708483265791563513e-13
4.551877924810518691e-13
4.400481316969076607e-13
4.254120198489280290e-13
4.112627087724924819e-13
3.975840073511598038e-13
3.843602629891054642e-13
3.715763436997898013e-13
3.592176207903620961e-13
3.472699521219853631e-13
3.357196659269272508e-13
3.245535451638998022e-13
3.137588123937378754e-13
3.033231151581283825e-13
2.932345118446395867e-13
2.834814580218774704e-13
2.740527932291501830e-13
2.649377282055000430e-13
2.561258325435133834e-13
2.476070227537556969e-13
2.393715507261973341e-13
2.314099925754048094e-13
2.237132378567491938e-13
2.162724791412905776e-13
2.090792019373959819e-13
2.021251749475708750e-13
1.954024406493547243e-13
1.889033061894861372e-13
1.826203345809467927e-13
1.765463361927814173e-13
1.706743605229737507e-13
1.649976882449582656e-13
1.595098235186637078e-13
1.542044865572993586e-13
1.490756064413682600e-13
1.441173141716851754e-13
1.393239359534593061e-13
1.346899867037438179e-13
1.302101637748359526e-13
1.258793408864317481e-13
1.216925622596047486e-13
1.176450369458843814e-13
1.137321333449536767e-13
1.099493739046918072e-13
1.062924299974903355e-13
1.027571169669867933e-13
9.933938933954482933e-14
9.603533619500152542e-14
9.284117669138501241e-14
8.975325573848100112e-14
8.676803981529756402e-14
8.388211292664224319e-14
8.109217269418421603e-14
7.839502657752885377e-14
7.578758822098030175e-14
7.326687392181154745e-14
7.082999921600083783e-14
6.847417557752728701e-14
6.619670722744878528e-14
6.399498804911075511e-14
