7.335787187325240198e-10
7.433846674010912537e-10
7.533216948848324112e-10
7.633915533503587573e-10
7.735960183859656385e-10
7.839368893147291337e-10
7.944159895117687994e-10
8.050351667257710168e-10
8.157962934047780044e-10
8.267012670263600620e-10
8.377520104322026836e-10
8.489504721671353203e-10
8.602986268227225611e-10
8.717984753854483379e-10
8.834520455895233455e-10
8.952204480393671655e-10
9.071018583769096286e-10
9.191409593837372380e-10
9.313398439382640982e-10
9.437006326956793277e-10
9.562254744566247665e-10
9.689165465407275106e-10
9.817760551651091782e-10
9.948062358279183334e-10
1.008009353696934769e-09
1.021387704003369721e-09
1.034943612440852925e-09
1.048679435569736164e-09
1.062597561226761291e-09
1.076700408940145869e-09
1.090874365242949650e-09
1.105231693545234066e-09
1.119777982998813373e-09
1.134515720578707228e-09
1.149447425991748405e-09
1.164575652107414854e-09
1.179902985394258671e-09
1.195432046362134845e-09
1.211165490010216958e-09
1.227106006280943569e-09
1.243256320519886170e-09
1.259619193941715124e-09
1.276197424102300383e-09
1.292993845376977394e-09
1.309943843950127470e-09
1.327035801423444560e-09
1.344350772281357235e-09
1.361891666370194712e-09
1.379661431503539245e-09
1.397663053957617362e-09
1.415899558973155716e-09
1.434374011263782832e-09
1.453089515531067329e-09
1.472049216986273667e-09
1.491256301878927254e-09
1.510713998032275545e-09
1.530425575385736130e-09
1.550394346544422179e-09
1.570623667335838719e-09
1.590930832732451961e-09
1.611489950772387103e-09
1.632314748077500927e-09
1.653408657940587049e-09
1.674775158021850327e-09
1.696417770922246219e-09
1.718340064764237874e-09
1.740545653780048113e-09
1.763038198907551653e-09
1.785821408393794766e-09
1.808899038406385774e-09
1.832274893652751405e-09
1.855952828007394468e-09
1.879936745147294707e-09
1.904118795633975153e-09
1.928463878662230257e-09
1.953120225393672668e-09
1.978091815485845422e-09
2.003382679478112840e-09
2.028996899442274473e-09
2.054938609641365248e-09
2.081211997197014028e-09
2.107821302765197235e-09
2.134770821220771340e-09
2.162064902350617953e-09
2.189707951555789470e-09
2.217704430562494386e-09
2.246058858142311871e-09
2.274775810841473079e-09
2.303554310471663287e-09
2.332670016910457310e-09
2.362153730457907775e-09
2.392010102528948722e-09
2.422243843329964289e-09
2.452859722601823556e-09
2.483862570372393625e-09
2.515257277718565704e-09
2.547048797537822293e-09
2.579242145329657343e-09
2.611842399986810077e-09
2.644854704596568084e-09
2.678284267252084266e-09
2.712136361874051319e-09
2.746238066458273701e-09
2.780505343082289068e-09
2.815200203265635046e-09
2.850327982352063791e-09
2.885894082259197991e-09
2.921903972309233204e-09
2.958363190070007243e-09
2.995277342206559871e-09
3.032652105343322177e-09
3.070493226937060960e-09
3.108806526160719552e-09
3.147597894798282907e-09
3.186873298150812920e-09
3.226638775953784284e-09
3.266900443305871422e-09
3.307140121325268591e-09
3.347812155957808589e-09
3.388984385423473054e-09
3.430662961243189774e-09
3.472854110590769874e-09
3.515564137223419840e-09
3.558799422423468026e-09
3.602566425951902902e-09
3.646871687013407863e-09
3.691721825233496449e-09
3.737123541647429934e-09
3.783083619701533099e-09
3.829608926266586442e-09
3.876706412663921389e-09
3.924094002164958595e-09
3.971583704981672482e-09
4.019648132020667834e-09
4.068294238640973776e-09
4.117529064375870121e-09
4.167359733951686018e-09
4.217793458318767272e-09
4.268837535694910912e-09
4.320499352621604526e-09
4.372786385032789107e-09
4.425706199336831974e-09
4.479266453511316029e-09
4.533474898211358380e-09
4.588339377891058802e-09
4.643867831938790239e-09
4.699224094724782921e-09
4.755108992241008035e-09
4.811658493467834780e-09
4.868880502116534741e-09
4.926783015892134256e-09
4.985374127611383751e-09
5.044662026333718779e-09
5.104654998505874504e-09
5.165361429120116400e-09
5.226789802886029269e-09
5.288948705416562720e-09
5.351846824427864091e-09
5.415492950953587035e-09
5.479895980573650943e-09
5.544600114890156058e-09
5.609208301261081703e-09
5.674569331418714728e-09
5.740691977839074696e-09
5.807585115219037897e-09
5.875257721667528713e-09
5.943718879910385114e-09
6.012977778509468190e-09
6.083043713095989278e-09
6.153926087617983521e-09
6.225634415602534548e-09
6.298178321432722959e-09
6.371567541639211777e-09
6.445811926207119029e-09
6.520921439898121191e-09
6.595459841542695980e-09
6.670572064780037423e-09
6.746539701622373797e-09
6.823372493925346627e-09
6.901080294489465870e-09
6.979673068323605141e-09
7.059160893922882431e-09
7.139553964561095902e-09
7.220862589597880187e-09
7.303097195800740358e-09
7.386268328682156298e-09
7.470386653851900582e-09
7.555462958384767558e-09
7.641508152203871618e-09
7.727794557886809438e-09
7.813517141823548404e-09
7.900190625961049439e-09
7.987825558408757394e-09
8.076432604283656956e-09
8.166022547008459831e-09
8.256606289623721644e-09
8.348194856114826583e-09
8.440799392753704134e-09
8.534431169455124040e-09
8.629101581148330505e-09
8.724822149163911407e-09
8.821604522635685799e-09
8.919460479918683386e-09
9.018401930022312696e-09
9.116022626186322303e-09
9.214139929889200902e-09
9.313313286838181045e-09
9.413554063514165905e-09
9.514873748737460789e-09
9.617283954984391561e-09
9.720796419718453312e-09
9.825423006735426805e-09
9.931175707523140980e-09
1.003806664263585174e-08
1.014610806308340907e-08
1.025531235173536138e-08
1.036569202474019398e-08
1.047725973295982894e-08
1.058886826941398183e-08
1.069893387546141498e-08
1.081014355444715702e-08
1.092250919839581587e-08
1.103604282294305943e-08
1.115075656862079946e-08
1.126666270215517864e-08
1.138377361777839788e-08
1.150210183855405494e-08
1.162166001771627536e-08
1.174246094002276820e-08
1.186451752312194053e-08
1.198784281893422781e-08
1.211245001504774781e-08
1.223835243612860380e-08
1.236156936750293594e-08
1.248493469411326295e-08
1.260953117538989566e-08
1.273537109794413066e-08
1.286246687100445375e-08
1.299083102764037522e-08
1.312047622599826576e-08
1.325141525054950421e-08
1.338366101335135558e-08
1.351722655532003837e-08
1.365212504751688131e-08
1.378836979244707127e-08
1.392597422537133352e-08
1.406495191563100549e-08
1.420352208823066169e-08
1.433864754476882828e-08
1.447505851970805227e-08
1.461276724285024880e-08
1.475178606034565294e-08
1.489212743579993472e-08
1.503380395139137440e-08
1.517682830899915005e-08
1.532121333134186565e-08
1.546697196312740822e-08
1.561411727221324238e-08
1.576266245077825059e-08
1.591262081650522099e-08
1.606400581377506453e-08
1.621683101487193445e-08
1.636462957605912562e-08
1.651171384424085242e-08
1.666012009663526603e-08
1.680986021515394030e-08
1.696094618850219431e-08
1.711339011313921418e-08
1.726720419424627454e-08
1.742240074670418815e-08
1.757899219607901065e-08
1.773699107961715210e-08
1.789641004724886289e-08
1.805726186260132810e-08
1.821955940402025878e-08
1.838331566560129018e-08
1.854586198298305362e-08
1.870159887351371037e-08
1.885864354790985193e-08
1.901700698814640561e-08
1.917670026841837228e-08
1.933773455591507734e-08
1.950012111160116488e-08
1.966387129100390817e-08
1.982899654500752144e-08
1.999550842065375159e-08
2.016341856194939509e-08
2.033273871068059105e-08
2.050348070723374184e-08
2.067565649142375899e-08
2.084927810332882088e-08
2.101421054458330922e-08
2.117673601743020116e-08
2.134051847441490597e-08
2.150556763714665499e-08
2.167189330242219445e-08
2.183950534280747862e-08
2.200841370722362151e-08
2.217862842153739122e-08
2.235015958915648559e-08
2.252301739162898994e-08
2.269721208924787408e-08
2.287275402165999242e-08
2.304965360847973950e-08
2.322792134990773480e-08
2.340375606840759575e-08
2.356733700757283529e-08
2.373206129841114325e-08
2.389793693239800907e-08
2.406497195686526251e-08
2.423317447539189662e-08
2.440255264819679660e-08
2.457311469253498903e-08
2.474486888309613781e-08
2.491782355240583928e-08
2.509198709123020945e-08
2.526736794898256242e-08
2.544397463413373825e-08
2.562181571462445915e-08
2.580089981828141784e-08
2.596593092559640444e-08
2.612563770084468091e-08
2.628632677301636211e-08
2.644800418385405748e-08
2.661067601226104194e-08
2.677434837452966695e-08
2.693902742457115130e-08
2.710471935414730084e-08
2.727143039310308852e-08
2.743916680960099798e-08
2.760793491035647883e-08
2.777774104087540705e-08
2.794859158569245200e-08
2.812049296861123339e-08
2.828831315867072687e-08
2.843562833748341777e-08
2.858371067981644083e-08
2.873256418077666996e-08
2.888219285627586521e-08
2.903260074313923522e-08
2.918379189921430743e-08
2.933577040348032773e-08
2.948854035615854671e-08
2.964210587882249947e-08
2.979647111450941685e-08
2.995164022783195772e-08
3.010761740509048385e-08
3.026440685438628108e-08
3.042201280573469444e-08
3.055816144462566934e-08
3.068441304587734389e-08
3.081118625792184691e-08
3.093848323580368961e-08
3.106630614347096999e-08
3.119465715381219236e-08
3.132353844869318604e-08
3.145295221899418953e-08
3.158290066464711995e-08
3.171338599467294175e-08
3.184441042721922734e-08
3.197597618959786990e-08
3.210808551832295501e-08
3.224074065914873820e-08
3.236747943050826581e-08
3.246238055760982786e-08
3.255755993387028969e-08
3.265301837511335198e-08
3.274875669955475630e-08
3.284477572780924667e-08
3.294107628289761712e-08
3.303765919025373285e-08
3.313452527773155788e-08
3.323167537561252697e-08
3.332911031661224239e-08
3.342683093588788552e-08
3.352483807104532395e-08
3.362313256214625836e-08
3.372171525171544871e-08
3.379014347047381904e-08
3.384256516282574333e-08
3.389506818166949102e-08
3.394765265317423936e-08
3.400031870370484343e-08
3.405306645982218688e-08
3.410589604828350619e-08
3.415880759604268182e-08
3.421180123025056250e-08
3.426487707825530268e-08
3.431803526760244195e-08
3.437127592603558006e-08
3.442459918149644301e-08
3.447800516212524049e-08
3.452397669286686704e-08
3.452397278566999246e-08
3.452396887847356125e-08
3.452396497127756679e-08
3.452396106408208848e-08
3.452395715688698076e-08
3.452395324969230979e-08
3.452394934249808880e-08
3.452394543530430456e-08
3.452394152811103649e-08
3.452393762091813899e-08
3.452393371372568486e-08
3.452392980653367410e-08
3.452392589934210009e-08
3.452392199215104225e-08
3.448611879277756849e-08
3.442592594357891991e-08
3.436583815633626173e-08
3.430585524767207615e-08
3.424597703452893117e-08
3.418620333416890491e-08
3.412653396417303632e-08
3.406696874244067668e-08
3.400750748718923815e-08
3.394815001695321437e-08
3.388889615058390256e-08
3.382974570724877480e-08
3.377069850643093548e-08
3.371175436792857200e-08
3.364541405483901153e-08
3.352097932858137439e-08
3.339700481366401729e-08
3.327348880803424634e-08
3.315042961593407313e-08
3.302782554787711325e-08
3.290567492062560389e-08
3.278397605716685240e-08
3.266272728669069056e-08
3.254192694456605554e-08
3.242157337231864275e-08
3.230166491760761241e-08
3.218219993420342114e-08
3.206317678196471385e-08
3.194459382681632070e-08
3.178516604241645502e-08
3.159923374923146797e-08
3.141438909603561040e-08
3.123062572050890270e-08
3.104793729754872902e-08
3.086631753905216307e-08
3.068576019369951146e-08
3.050625904673915412e-08
3.032780791977363538e-08
3.015040067054698591e-08
2.997403119273334169e-08
2.979869341572673092e-08
2.962438130443214810e-08
2.945108885905781582e-08
2.927288394609446545e-08
2.903414426183438793e-08
2.879735165723156709e-08
2.856249025256661525e-08
2.832954429762968241e-08
2.809849817066444774e-08
2.786933637732014125e-08
2.764204354961265128e-08
2.741660444489409572e-08
2.719300394483025466e-08
2.697122705438697639e-08
2.675125890082444159e-08
2.653308473270000368e-08
2.631668991887859961e-08
2.610205994755178641e-08
2.585346351220756504e-08
2.558099495906154204e-08
2.531139794041681922e-08
2.504464219329333741e-08
2.478069777365123855e-08
2.451953505302978595e-08
2.426112471522117184e-08
2.400543775297991349e-08
2.375244546476665666e-08
2.350211945152634358e-08
2.325443161350035811e-08
2.300935414707224120e-08
2.276685954164666898e-08
2.252692057656130628e-08
2.228643238378732025e-08
2.200130584216630048e-08
2.171982713180583049e-08
2.144194958334709553e-08
2.116762712450614872e-08
2.089681427243547049e-08
2.062946612618251994e-08
2.036553835924547655e-08
2.010498721222352875e-08
1.984776948556189106e-08
1.959384253238892628e-08
1.934316425144558429e-08
1.909569308010484465e-08
1.885138798748048821e-08
1.861020846762442992e-08
1.835192785684098763e-08
1.808077699380229628e-08
1.781363240144540069e-08
1.755043488687445320e-08
1.729112613177238910e-08
1.703564867947886330e-08
1.678394592225912678e-08
1.653596208876131817e-08
1.629164223165860384e-08
1.605093221547438617e-08
1.581377870458705643e-08
1.558012915141200908e-08
1.534993178475854861e-08
1.512313559835839328e-08
1.489899523155421570e-08
1.465867331382240064e-08
1.442222780676423623e-08
1.418959618358295002e-08
1.396071692604371623e-08
1.373552950820545494e-08
1.351397438041516680e-08
1.329599295356016780e-08
1.308152758357461261e-08
1.287052155619578835e-08
1.266291907196629449e-08
1.245866523147829542e-08
1.225770602085536422e-08
1.205998829746916121e-08
1.186545977588585049e-08
1.166730065821235854e-08
1.146632522384150354e-08
1.126881169779062148e-08
1.107470044685506548e-08
1.088393286504363700e-08
1.069645135588444979e-08
1.051219931503533519e-08
1.033112111319392175e-08
1.015316207930197938e-08
9.978268484039278407e-09
9.806387523601590090e-09
9.637467303758148476e-09
9.471456824183782536e-09
9.308305963061053284e-09
9.147885074266601420e-09
8.979438457519561960e-09
8.814093570020668856e-09
8.651793297388399499e-09
8.492481576929708255e-09
8.336103378274315490e-09
8.182604684365936630e-09
8.031932472803372208e-09
7.884034697525170699e-09
7.738860270831703280e-09
7.596359045737968567e-09
7.456481798651661311e-09
7.319180212370012512e-09
7.184406859389903510e-09
7.052115185525004710e-09
6.916779914402274231e-09
6.778540090238169939e-09
6.643063148401044762e-09
6.510293869500927957e-09
6.380178137771150851e-09
6.252662919010953765e-09
6.127696238969347480e-09
6.005227162160595054e-09
5.885205771103488058e-09
5.767583145975156091e-09
5.652311344671904590e-09
5.539343383268185414e-09
5.428633216866482232e-09
5.320135720829571738e-09
5.213806672388241307e-09
5.103450824684436020e-09
4.995311903615445546e-09
4.889464378437525574e-09
4.785859695909366632e-09
4.684450331602381104e-09
4.585189768100805693e-09
4.488032473663730483e-09
4.392933881339271549e-09
4.299850368521291807e-09
4.208739236939327107e-09
4.119558693072408474e-09
4.032267828978154657e-09
3.946826603527753113e-09
3.863195824038804104e-09
3.781494704114528495e-09
3.701697276387931837e-09
3.623583740870638330e-09
3.547118563923866734e-09
3.472266961742748934e-09
3.398994884533269348e-09
3.327269001023106530e-09
3.257056683299324455e-09
3.188325991966023456e-09
3.121045661615193596e-09
3.055185086604176175e-09
2.990714307133188735e-09
2.927603995616768834e-09
2.865825443342680874e-09
2.805350547412414234e-09
2.747061552603473948e-09
2.690026641825141337e-09
2.634175898560059326e-09
2.579484736941787431e-09
2.525929081559360586e-09
2.473485356859209603e-09
2.422130476766961534e-09
2.371841834524868652e-09
2.322597292740135400e-09
2.274375173639860581e-09
2.227154249528407600e-09
2.180913733442755839e-09
2.135633270002007034e-09
2.091292926446785032e-09
2.048091696575134600e-09
2.006054549941165453e-09
1.964880217066990935e-09
1.924550988672984338e-09
1.885049518963066807e-09
1.846358818164138120e-09
1.808462245218757581e-09
1.771343500627690379e-09
1.734986619439437753e-09
1.699375964383655002e-09
1.664496219145436096e-09
1.630332381777748808e-09
1.596869758248975952e-09
1.564093956122963300e-09
1.531990878368775215e-09
1.501770914727873003e-09
1.472241108296994203e-09
1.443291955985390909e-09
1.414912040203617969e-09
1.387090167869972231e-09
1.359815365995947683e-09
1.333076877358437043e-09
1.306864156257090959e-09
1.281166864355071084e-09
1.255974866601589187e-09
1.231278227234649275e-09
1.207067205862335900e-09
1.183332253621211000e-09
1.160064009410220947e-09
1.137573871639421418e-09
1.115964785548417495e-09
1.094766180581615791e-09
1.073970259335987882e-09
1.053569372526133075e-09
1.033556016170688897e-09
1.013922828832168567e-09
9.946625889092102796e-10
9.757682119803038049e-10
9.572327481979339511e-10
9.390493797322649081e-10
9.212114182633626185e-10
9.037123025210362831e-10
8.865455958714500017e-10
8.697049839495379894e-10
8.536147958923430789e-10
8.378688736198307182e-10
8.224134032811506639e-10
8.072430271510165211e-10
7.923524863336445503e-10
7.777366189397351756e-10
7.633903582970675963e-10
7.493087311941008706e-10
7.354868561560038909e-10
7.219199417524402025e-10
7.086032849366160098e-10
6.955322694149191839e-10
6.827023640466753977e-10
6.701091212733942849e-10
6.577962727763251988e-10
6.457843287009965712e-10
6.339917333912995319e-10
6.224144813439855080e-10
6.110486401998573980e-10
5.998903494080813321e-10
5.889358189149177346e-10
5.781813278763712446e-10
5.676232233943597590e-10
5.572579192759731894e-10
5.470818948153547803e-10
5.370916935978724644e-10
5.272839223260922166e-10
5.176552496672047511e-10
5.082024051214957964e-10
4.988114003952368112e-10
4.895782707797608560e-10
4.805160488107994428e-10
4.716215709430720646e-10
4.628917321893438994e-10
4.543234850365141853e-10
4.459138383817403051e-10
4.376598564882817025e-10
4.295586579606517437e-10
4.216074147387504283e-10
4.138033511106052511e-10
4.061437427434044397e-10
3.986259157324495089e-10
3.912472456677132175e-10
3.839080785468152509e-10
3.765378637371176399e-10
3.693091413037881068e-10
3.622191948955295165e-10
3.552653603091838940e-10
3.484450244886028112e-10
3.417556245427282168e-10
3.351946467825385164e-10
3.287596257764703510e-10
3.224481434239742949e-10
3.162578280468688436e-10
3.101863534981257854e-10
3.042314382877659073e-10
2.983908447255464678e-10
2.926623780800948293e-10
2.867761128458312560e-10
2.809610332927883845e-10
2.752638685474771121e-10
2.696822276018703841e-10
2.642137679314174362e-10
2.588561945119173030e-10
2.536072588563386492e-10
2.484647580711649921e-10
2.434265339318748352e-10
2.384904719771738828e-10
2.336545006215834775e-10
2.289165902860338396e-10
2.242747525460805953e-10
2.197270392973987823e-10
2.151686452048433477e-10
2.105041678677557134e-10
2.059408081856474694e-10
2.014763741058169498e-10
1.971087210954043074e-10
1.928357511112481534e-10
1.886554115920660183e-10
1.845656944724904236e-10
1.805646352184743891e-10
1.766503118836118923e-10
1.728208441859084291e-10
1.690743926045721374e-10
1.654091574963855266e-10
1.618233782312223022e-10
1.583153323463216743e-10
1.546734375442933290e-10
1.510705938049252936e-10
1.475516719283960726e-10
1.441147171035686054e-10
1.407578200531698213e-10
1.374791159731597793e-10
1.342767834968035238e-10
1.311490436828790105e-10
1.280941590274471167e-10
1.251104324986467672e-10
1.221962065939674781e-10
1.193498624194835720e-10
1.165698187905357386e-10
1.138545313533603759e-10
1.111412165554739546e-10
1.083579832868292654e-10
1.056444486202673070e-10
1.029988671414939015e-10
1.004195371454268415e-10
9.790479954161852050e-11
9.545303678708530577e-11
9.306267184586318169e-11
9.073216717461867730e-11
8.846002373366053322e-11
8.624478002272153746e-11
8.408501114088307504e-11
8.197932787004309897e-11
7.992637578133608853e-11
7.792483436392882462e-11
7.586314468299944123e-11
7.382820701795655063e-11
7.184785410968707479e-11
6.992062178770461251e-11
6.804508515613543290e-11
6.621985754022432330e-11
6.444358946110032614e-11
6.271496763804081572e-11
6.103271401749989548e-11
5.939558482818202447e-11
5.780236966146061284e-11
5.625189057646694955e-11
5.474300122917924562e-11
5.327458602487635671e-11
5.181976548862057210e-11
5.034049243040651053e-11
4.890344744405141316e-11
4.750742506580177101e-11
4.615125424367798995e-11
4.483379735513932318e-11
4.355394925278846885e-11
4.231063633732148070e-11
4.110281565693981336e-11
3.992947403247040443e-11
3.878962720746201628e-11
3.768231902254253321e-11
3.660662061334560692e-11
3.556162963133359673e-11
3.454646948686394579e-11
3.351801947890330930e-11
3.250777699985388199e-11
3.152798351159622150e-11
3.057772127303431172e-11
2.965610020404483740e-11
2.876225705176892108e-11
2.789535458202936438e-11
2.705458079512200372e-11
2.623914816524033656e-11
2.544829290282587199e-11
2.468127423915139655e-11
2.393737373246554610e-11
2.321589459505292374e-11
2.251616104057421457e-11
2.182947698344900036e-11
2.114088490146450175e-11
2.047401386463969786e-11
1.982817870128133154e-11
1.920271585284800993e-11
1.859698269218205323e-11
1.801035686324677912e-11
1.744223564169156823e-11
1.689203531558735400e-11
1.635919058569590841e-11
1.584315398465742036e-11
1.534339531449928136e-11
1.485940110188785971e-11
1.439067407056459015e-11
1.393673263042267543e-11
1.348486406177500636e-11
1.304350552787984977e-11
1.261659262388122122e-11
1.220365254545551724e-11
1.180422796312718679e-11
1.141787651577823412e-11
1.104417032073510116e-11
1.068269549989015051e-11
1.033305172133359915e-11
9.994851755987349932e-12
9.667721048750404873e-12
9.351297303680617285e-12
9.045230082753258256e-12
8.749180417752530975e-12
8.460890551380688260e-12
8.175769669218940744e-12
7.900256985739270115e-12
7.634028717284639653e-12
7.376771991281387726e-12
7.128184478550000073e-12
6.887974038006694665e-12
6.655858373337924090e-12
6.431564701244523118e-12
6.214829430865716808e-12
6.005397854005990277e-12
5.803023845801045667e-12
5.607469575470666872e-12
5.418505226819180770e-12
5.235908728154340703e-12
5.059465491307819592e-12
4.888968159450355998e-12
4.724216363404996739e-12
4.565016486172584600e-12
4.411181435392020493e-12
4.262530423468800896e-12
4.118888755112461788e-12
3.980087622034085045e-12
3.845963904562056712e-12
3.716359979943030316e-12
3.591123537103224495e-12
3.470107397651615416e-12
3.353169342915419760e-12
3.240171946804008606e-12
3.130982414305240335e-12
3.025472425424241689e-12
2.923517984381125695e-12
2.824999273890731981e-12
2.729800514352767678e-12
2.637809827787185019e-12
2.548919106354690144e-12
2.463023885307989918e-12
2.380023220224361221e-12
2.299819568375325696e-12
2.222318674094056494e-12
2.147429458005707166e-12
2.075063909990584520e-12
2.005136985754225981e-12
1.937566506883058928e-12
1.872273064267927114e-12
1.809179924782197981e-12
1.748212941104695145e-12
1.689300464581403865e-12
1.632373261023737168e-12
1.577364429344146979e-12
1.524209322933773551e-12
1.472845473689432630e-12
1.423212518600829196e-12
1.375252128811742811e-12
1.328907941071642959e-12
1.284125491497440301e-12
1.240852151567237597e-12
1.199037066271118461e-12
1.158631094346091378e-12
1.119586750525087851e-12
1.081858149732091163e-12
1.045400953157771593e-12
1.010172316152367980e-12
9.761308378744455192e-13
9.432365126364718095e-13
9.114506828899573653e-13
8.807359937949536625e-13
8.510563493204825610e-13
8.223768698243217076e-13
7.946638510623148499e-13
7.678847245789963267e-13
7.420080194330184941e-13
7.170033252123481030e-13
6.928412562958449329e-13
6.694934173191497642e-13
6.469323698043147003e-13
6.251315999140253167e-13
6.040654872923953267e-13
5.837092749558407826e-13
5.640390401985520832e-13
5.450316664784400662e-13
5.266648162504743091e-13
5.089169047155135709e-13
4.917670744537549061e-13
4.751951709130030582e-13
4.591817187229623929e-13
4.437078988076966286e-13
4.287555262693796089e-13
4.143070290173142495e-13
4.003454271171543285e-13
3.868543128359942398e-13
3.738178313599543629e-13
3.612206621615257394e-13
3.490480009948193545e-13
3.372855424975665333e-13
3.259194633793800121e-13
3.149364061765851099e-13
3.043234635544558966e-13
2.940681631384724396e-13
2.841584528567310380e-13
2.745826867762907900e-13
2.653296114168401779e-13
2.563883525255455721e-13
2.477484022975943327e-13
2.393996070273708946e-13
2.313321551757829048e-13
2.235365658397021509e-13
2.160036776099610365e-13
2.087246378048336196e-13
2.016908920663206978e-13
1.948941743070360833e-13
1.883264969958646872e-13
1.819801417709854602e-13
1.758476503692149840e-13
1.699218158610315095e-13
1.641956741809560391e-13
1.586624959433558313e-13
1.533157785340440021e-13
1.481492384683758285e-13
1.431568040068762294e-13
1.383326080197018703e-13
1.336709810915676607e-13
1.291664448590276750e-13
1.248137055722757822e-13
1.206076478739134938e-13
1.165433287873544538e-13
1.126159719078242507e-13
1.088209617891059642e-13
1.051538385194477298e-13
1.016102924802593079e-13
9.818615928142516844e-14
9.487741486730174418e-14
9.168017078762543677e-14
8.859066962779282911e-14
8.560528059313047148e-14
8.272049524196737404e-14
7.993292336250430895e-14
7.723928898861851941e-14
7.463642654993767923e-14
7.212127715164607983e-14
6.969088497965998756e-14
6.734239382694190794e-14
6.507304373687506808e-14
6.288016775975017796e-14
6.076118881855458771e-14
5.871361668038129939e-14
5.673504502989644199e-14
5.482314864142833806e-14
5.297568064635093622e-14
5.119046989255602584e-14
4.946541839290569907e-14
4.779849885966771697e-14
4.618775232204110891e-14
4.463128582396311756e-14
4.312727019950106199e-14
4.167393792320755742e-14
4.026958103291798041e-14
3.891254912254586572e-14
