7.510895681870091969e-10
7.611704299558392274e-10
7.713865935292830979e-10
7.817398748808905337e-10
7.922321143575739773e-10
8.028651770067421844e-10
8.136409529078089841e-10
8.245613575081837038e-10
8.356283319637379859e-10
8.468438434838595273e-10
8.582098856811331707e-10
8.697284789257153154e-10
8.814016707044647200e-10
8.932315359848969056e-10
9.052201775840058962e-10
9.173295402479931870e-10
9.295579423512780225e-10
9.419493543778699756e-10
9.545059493210044479e-10
9.672299291408623782e-10
9.801235251507241046e-10
9.931889984082319989e-10
1.006428640111926789e-09
1.019844772003010839e-09
1.033439746772507744e-09
1.047215948473849268e-09
1.061175792940923944e-09
1.075321728211738105e-09
1.089656234957723231e-09
1.104181826918728324e-09
1.118787013543975862e-09
1.133582223722671228e-09
1.148573090663182551e-09
1.163762201795354574e-09
1.179152178766075654e-09
1.194745677891742256e-09
1.210545390616778601e-09
1.226554043978147182e-09
1.242774401076050098e-09
1.259209261550858234e-09
1.275861462066298273e-09
1.292733876799078475e-09
1.309829417934987768e-09
1.327151036171508886e-09
1.344635523235438715e-09
1.362271643905629377e-09
1.380139078375670383e-09
1.398240860536920689e-09
1.416580064072972342e-09
1.435159802981597719e-09
1.453983232103482344e-09
1.473053547657923388e-09
1.492373987785548037e-09
1.511947833098149549e-09
1.531778407235741693e-09
1.551869077430888660e-09
1.572223255080497183e-09
1.592844396325048719e-09
1.613736002635457629e-09
1.634719059111438519e-09
1.655964548684978392e-09
1.677486153487433764e-09
1.699287462027291767e-09
1.721372109450782175e-09
1.743743778148030604e-09
1.766406198367016567e-09
1.789363148835582901e-09
1.812618457391492408e-09
1.836176001620674427e-09
1.860039709503801720e-09
1.884213560071196870e-09
1.908701584066325430e-09
1.933507864617865074e-09
1.958526891302648433e-09
1.983724474600026359e-09
2.009246239406901229e-09
2.035096356506243090e-09
2.061279050340561680e-09
2.087798599702242417e-09
2.114659338432839919e-09
2.141865656131291443e-09
2.169421998871241286e-09
2.197332869927674703e-09
2.225602830512809214e-09
2.254236500521510063e-09
2.283238559286239769e-09
2.312613746341811417e-09
2.342366862199899784e-09
2.372203324765670033e-09
2.402393502655857633e-09
2.432967900073741785e-09
2.463931406842949040e-09
2.495288975018162878e-09
2.527045619677053598e-09
2.559206419722389162e-09
2.591776518694295946e-09
2.624761125592914263e-09
2.658165515711424245e-09
2.691995031479762213e-09
2.726255083319080464e-09
2.760951150506981085e-09
2.796088782053871214e-09
2.831498927969633471e-09
2.867099581148654788e-09
2.903147844070447582e-09
2.939649344566624935e-09
2.976609781227969445e-09
3.014034924294084170e-09
3.051930616554223336e-09
3.090302774259516213e-09
3.129157388046534538e-09
3.168500523872581497e-09
3.208338323962746935e-09
3.248677007768747829e-09
3.289522872939957676e-09
3.330882296306579306e-09
3.372761734875176190e-09
3.414653779602097873e-09
3.457004112996836752e-09
3.499879697516421254e-09
3.543287047601726675e-09
3.587232758489194439e-09
3.631723507212861733e-09
3.676766053618810432e-09
3.722367241392336410e-09
3.768533999097723016e-09
3.815273341230908639e-09
3.862592369285348219e-09
3.910498272830940071e-09
3.958998330606429974e-09
4.008099911625263137e-09
4.057527228067333872e-09
4.107096565514330063e-09
4.157271473565478268e-09
4.208059350257088814e-09
4.259467684004545934e-09
4.311504054706502898e-09
4.364176134862465886e-09
4.417491690704136354e-09
4.471458583340397746e-09
4.526084769916461891e-09
4.581378304787079110e-09
4.637347340704185119e-09
4.694000130018869730e-09
4.751345025898200068e-09
4.809390483556912350e-09
4.867318418106146096e-09
4.925815565127360428e-09
4.985015751464224359e-09
5.044927426490826249e-09
5.105559141128804363e-09
5.166919549067848556e-09
5.229017408000676794e-09
5.291861580873039890e-09
5.355461037148760244e-09
5.419824854089768202e-09
5.484962218051724974e-09
5.550882425795217230e-09
5.617594885812507650e-09
5.685109119670453555e-09
5.752979120786213592e-09
5.820816250517043934e-09
5.889453292097605687e-09
5.958899677810386320e-09
6.029164951159968833e-09
6.100258768184724317e-09
6.172190898783571601e-09
6.244971228058782561e-09
6.318609757674214334e-09
6.393116607229946187e-09
6.468502015652863598e-09
6.544776342603637881e-09
6.621950069900565416e-09
6.700033802959790830e-09
6.779038272252948137e-09
6.857555800955960175e-09
6.936709852022511688e-09
7.016777546956076556e-09
7.097769431586015148e-09
7.179696173468020924e-09
7.262568563289157015e-09
7.346397516289113813e-09
7.431194073697873698e-09
7.516969404189963205e-09
7.603734805355492827e-09
7.691501705188189595e-09
7.780281663590579582e-09
7.870086373896568510e-09
7.960927664411584215e-09
8.052092217411342429e-09
8.142790301132472974e-09
8.234510000375240488e-09
8.327262822530153377e-09
8.421060404606096508e-09
8.515914514690230543e-09
8.611837053424353822e-09
8.708840055498183403e-09
8.806935691159163162e-09
8.906136267739267148e-09
9.006454231199314363e-09
9.107902167690343296e-09
9.210492805132759274e-09
9.314239014813075939e-09
9.419153812998996976e-09
9.522872355375271229e-09
9.627182113065753791e-09
9.732634438370687927e-09
9.839241846521386027e-09
9.947016989836182130e-09
1.005597265922171675e-08
1.016612178569127818e-08
1.027747744189925066e-08
1.039005284369268020e-08
1.050386135167980259e-08
1.061891647281558980e-08
1.073523186200482273e-08
1.085282132372274645e-08
1.097169881365327496e-08
1.109073552104323647e-08
1.120837153179854111e-08
1.132725527143532240e-08
1.144739997422896632e-08
1.156881901482673547e-08
1.169152590973662800e-08
1.181553431883214490e-08
1.194085804687277696e-08
1.206751104504086999e-08
1.219550741249462995e-08
1.232486139793775768e-08
1.245558740120549001e-08
1.258769997486769397e-08
1.272121382584885868e-08
1.285614381706526109e-08
1.298855798499307700e-08
1.312125645557398007e-08
1.325531064894681131e-08
1.339073441594403565e-08
1.352754174890616360e-08
1.366574678312730066e-08
1.380536379831572663e-08
1.394640722006940381e-08
1.408889162136629507e-08
1.423283172407016181e-08
1.437824240045176398e-08
1.452513867472531332e-08
1.467353572460091767e-08
1.482344888285286084e-08
1.497311412798472726e-08
1.511951944253888273e-08
1.526735629070361463e-08
1.541663866984298074e-08
1.556738071418548936e-08
1.571959669616244109e-08
1.587330102775935013e-08
1.602850826188027273e-08
1.618523309372594311e-08
1.634349036218491253e-08
1.650329505123860158e-08
1.666466229138010359e-08
1.682760736104652388e-08
1.699214568806583783e-08
1.715829285111735762e-08
1.731960675347076229e-08
1.748038254547196738e-08
1.764265079949390352e-08
1.780642536987904588e-08
1.797172023957803189e-08
1.813854952134351783e-08
1.830692745893512287e-08
1.847686842833554340e-08
1.864838693897792361e-08
1.882149763498481989e-08
1.899621529641827252e-08
1.917255484054187153e-08
1.935053132309433363e-08
1.953015993957496735e-08
1.970876934046932731e-08
1.988074778622760177e-08
2.005422691349953794e-08
2.022921981721100401e-08
2.040573970655404874e-08
2.058379990598394859e-08
2.076341385622495012e-08
2.094459511528499565e-08
2.112735735947888609e-08
2.131171438446080088e-08
2.149768010626559926e-08
2.168526856235923048e-08
2.187449391269850103e-08
2.206537044079967290e-08
2.225791255481681592e-08
2.244189009189554882e-08
2.262363956224041162e-08
2.280686096163560708e-08
2.299156621074932360e-08
2.317776732679130910e-08
2.336547642429473211e-08
2.355470571590437896e-08
2.374546751317116414e-08
2.393777422735334068e-08
2.413163837022371265e-08
2.432707255488384558e-08
2.452408949658466275e-08
2.472270201355371836e-08
2.492292302782915780e-08
2.512089587196973291e-08
2.530664458644712420e-08
2.549376676248843286e-08
2.568227255573141665e-08
2.587217219690660950e-08
2.606347599239253179e-08
2.625619432477498684e-08
2.645033765341076134e-08
2.664591651499497532e-08
2.684294152413313377e-08
2.704142337391718182e-08
2.724137283650575875e-08
2.744280076370909737e-08
2.764571808757760604e-08
2.785013582099543695e-08
2.804046258255696136e-08
2.822558299648058159e-08
2.841192555741949758e-08
2.859949833386964328e-08
2.878830944759459482e-08
2.897836707397680466e-08
2.916967944237203854e-08
2.936225483646522528e-08
2.955610159462962853e-08
2.975122811028745778e-08
2.994764283227348046e-08
3.014535426520104273e-08
3.034437096982985712e-08
3.054470156343721805e-08
3.074108591472729208e-08
3.091667025404949886e-08
3.109325748117796863e-08
3.127085332432254822e-08
3.144946354441117464e-08
3.162909393527638117e-08
3.180975032384341145e-08
3.199143857031945855e-08
3.217416456838335404e-08
3.235793424537694449e-08
3.254275356249755324e-08
3.272862851499099141e-08
3.291556513234618357e-08
3.310356947849100443e-08
3.329264765198854558e-08
3.345976150838764938e-08
3.361684029612694474e-08
3.377465649933023620e-08
3.393321357983703460e-08
3.409251501573887854e-08
3.425256430145513723e-08
3.441336494781019637e-08
3.457492048211001535e-08
3.473723444821975653e-08
3.490031040664139461e-08
3.506415193459210026e-08
3.522876262608228628e-08
3.539414609199463975e-08
3.556030596016359089e-08
3.572049816815210536e-08
3.584763881776115110e-08
3.597523200150639255e-08
3.610327933010120220e-08
3.623178241999199578e-08
3.636074289337856106e-08
3.649016237823482998e-08
3.662004250832900897e-08
3.675038492324445694e-08
3.688119126840035158e-08
3.701246319507243504e-08
3.714420236041378612e-08
3.727641042747606222e-08
3.740908906523000686e-08
3.754223994858685043e-08
3.764373456529874848e-08
3.772845159352658092e-08
3.781335927698442033e-08
3.789845804474086264e-08
3.798374832683012796e-08
3.806923055425422446e-08
3.815490515898511895e-08
3.824077257396694041e-08
3.832683323311815720e-08
3.841308757133368138e-08
3.849953602448738995e-08
3.858617902943386523e-08
3.867301702401090291e-08
3.876005044704164944e-08
3.883924706424802863e-08
3.886937579388847153e-08
3.889952789525764548e-08
3.892970338648584735e-08
3.895990228571709859e-08
3.899012461110983344e-08
3.902037038083623720e-08
3.905063961308292118e-08
3.908093232605028747e-08
3.911124853795308477e-08
3.914158826702020325e-08
3.917195153149442973e-08
3.920233834963301676e-08
3.923274873970706057e-08
3.926318272000216947e-08
3.925260895505734364e-08
3.921766789606171290e-08
3.918275794016052016e-08
3.914787905966717004e-08
3.911303122691943921e-08
3.907821441427998596e-08
3.904342859413606560e-08
3.900867373889926579e-08
3.897394982100598960e-08
3.893925681291707173e-08
3.890459468711797037e-08
3.886996341611837017e-08
3.883536297245267859e-08
3.880079332867975452e-08
3.875796355637528563e-08
3.865074971295525752e-08
3.854383244879712183e-08
3.843721094349119593e-08
3.833088437889747491e-08
3.822485193913913323e-08
3.811911281059602645e-08
3.801366618189890750e-08
3.790851124392296813e-08
3.780364718978141332e-08
3.769907321481970412e-08
3.759478851660918507e-08
3.749079229494067847e-08
3.738708375181880003e-08
3.728366209145561936e-08
3.713376949013076699e-08
3.695352851310936165e-08
3.677416239501680700e-08
3.659566688943708916e-08
3.641803777056586092e-08
3.624127083310981020e-08
3.606536189218770948e-08
3.589030678323072390e-08
3.571610136188442022e-08
3.554274150391006094e-08
3.537022310508755291e-08
3.519854208111770101e-08
3.502769436752608319e-08
3.485767591956625704e-08
3.468156728019004525e-08
3.443437666672810426e-08
3.418894788827458004e-08
3.394526838746527235e-08
3.370332569643748567e-08
3.346310743619268991e-08
3.322460131596256917e-08
3.298779513258075490e-08
3.275267676985793394e-08
3.251923419796215133e-08
3.228745547280341433e-08
3.205732873542247880e-08
3.182884221138391038e-08
3.160198421017380432e-08
3.137674312460182660e-08
3.110969961690203508e-08
3.081300670263041435e-08
3.051914334590718516e-08
3.022808256126852607e-08
2.993979762061055203e-08
2.965426205073525805e-08
2.937144963091925672e-08
2.909133439050578268e-08
2.881389060652022206e-08
2.853909280130748944e-08
2.826691574019283387e-08
2.799733442916436666e-08
2.773032411257767486e-08
2.746586027088293080e-08
2.719998023633389750e-08
2.687621436845237776e-08
2.655630233929778764e-08
2.624019827598962761e-08
2.592785685168010027e-08
2.561923327905417147e-08
2.531428330390784295e-08
2.501296319880201936e-08
2.471522975679277037e-08
2.442104028523535418e-08
2.413035259966281297e-08
2.384312501773687054e-08
2.355931635327088074e-08
2.327888591032439648e-08
2.300179347736728804e-08
2.270126947087271819e-08
2.238286713052771094e-08
2.206893062194895466e-08
2.175939730849456826e-08
2.145420543204859075e-08
2.115329410069901427e-08
2.085660327658846960e-08
2.056407376393572112e-08
2.027564719722474857e-08
1.999126602955968522e-08
1.971087352118307441e-08
1.943441372815512871e-08
1.916183149119184403e-08
1.889307242465945091e-08
1.862701779678711902e-08
1.833480687774069021e-08
1.804718001085660380e-08
1.776406528392063998e-08
1.748539191283967110e-08
1.721109022394453619e-08
1.694109163657016314e-08
1.667532864590901794e-08
1.641373480613383088e-08
1.615624471378464343e-08
1.590279399141678755e-08
1.565331927150540020e-08
1.540775818060209557e-08
1.516604932374067165e-08
1.492813226908693757e-08
1.468522109356823380e-08
1.443836141561990566e-08
1.419565146754002650e-08
1.395702149205545870e-08
1.372240290451807848e-08
1.349172827319294451e-08
1.326493129987767944e-08
1.304194680084765151e-08
1.282271068812157606e-08
1.260715995104206115e-08
1.239523263816555513e-08
1.218686783945698613e-08
1.198200566878356309e-08
1.178058724670298350e-08
1.158246427697574349e-08
1.137553204305405618e-08
1.117229685912208680e-08
1.097269267370794647e-08
1.077665461541495431e-08
1.058411897183839672e-08
1.039502316885895502e-08
1.020930575030619876e-08
1.002690635798519150e-08
9.847765712060145758e-09
9.671825591788446880e-09
9.499028816598863423e-09
9.329319227508046317e-09
9.162641668868419720e-09
8.998941970443127515e-09
8.831348114935582988e-09
8.660024997776152205e-09
8.492025451388877488e-09
8.327285000396048033e-09
8.165740420205618675e-09
8.007329712746568073e-09
7.851992082675003723e-09
7.699667914042131533e-09
7.550298747414564162e-09
7.403827257438489502e-09
7.260197230839366305e-09
7.119353544848115785e-09
6.981242146045859991e-09
6.845810029619308206e-09
6.713005219018290437e-09
6.572129114416755381e-09
6.434003632386424909e-09
6.298781113528931391e-09
6.166400546689326950e-09
6.036802202975237511e-09
5.909927608807810623e-09
5.785719519538824563e-09
5.664121893622506407e-09
5.545079867330173331e-09
5.428539729996081013e-09
5.314448899783739054e-09
5.202755899961536379e-09
5.093410335676756200e-09
4.986362871218060158e-09
4.880702748417344123e-09
4.776319444056227673e-09
4.674168579323374203e-09
4.574202409162961841e-09
4.476374209639882639e-09
4.380638256101099884e-09
4.286949801804055590e-09
4.195265057002162264e-09
4.105541168477581022e-09
4.017736199511737879e-09
3.931809110284207117e-09
3.847719738690803983e-09
3.765428781571918447e-09
3.684897776342315691e-09
3.606089083013825469e-09
3.530657650443224426e-09
3.456883974128452092e-09
3.384651810997876662e-09
3.313928950878199073e-09
3.244683856633079022e-09
3.176885650099822953e-09
3.110504098320060723e-09
3.045509600058120645e-09
2.981873172601051258e-09
2.919566438834451586e-09
2.858561614588473881e-09
2.798831496248065083e-09
2.740349448622214247e-09
2.683089393066671265e-09
2.626989723335419123e-09
2.572018193354168558e-09
2.518196979676635700e-09
2.465502011159113174e-09
2.413909720362782376e-09
2.363397033013362445e-09
2.313941357681308759e-09
2.265520575677961394e-09
2.218113031163123433e-09
2.171697521459646603e-09
2.126253287570686086e-09
2.081760004895403815e-09
2.038197774138901226e-09
1.995547112412459796e-09
1.953788944519926175e-09
1.914407584337641850e-09
1.875935414337511030e-09
1.838236385792007836e-09
1.801294961555486941e-09
1.765095916718683137e-09
1.729624332333978528e-09
1.694865589266765765e-09
1.660805362170342208e-09
1.627429613581952773e-09
1.594724588137412005e-09
1.562676806902022575e-09
1.531273061815414749e-09
1.500500410248028768e-09
1.470346169666960225e-09
1.441204739449582200e-09
1.413205400965863548e-09
1.385750026107899764e-09
1.358828046896510727e-09
1.332429100664371452e-09
1.306543026067290518e-09
1.281159859172919214e-09
1.256269829625531111e-09
1.231863356885230103e-09
1.207931046540280597e-09
1.184463686691049413e-09
1.161452244404229293e-09
1.138887862235894594e-09
1.116761854822184985e-09
1.095065705536122865e-09
1.074474921642998151e-09
1.054345291618416393e-09
1.034592777892004881e-09
1.015210315420735192e-09
9.961909715208282480e-10
9.775279433880920421e-10
9.592145556647198212e-10
9.412442580516315935e-10
9.236106229656074663e-10
9.063073432402493553e-10
8.893282298700767504e-10
8.726672097968239961e-10
8.563183237372658639e-10
8.402757240517009135e-10
8.246504662271451285e-10
8.094970450030286344e-10
7.946220765103447707e-10
7.800204440218183712e-10
7.656871248329505480e-10
7.516171885342933707e-10
7.378057953154733913e-10
7.242481943003935712e-10
7.109397219129975670e-10
6.978758002730937603e-10
6.850519356216423228e-10
6.724637167749779904e-10
6.601068136074520747e-10
6.479769755619283339e-10
6.360700301876778573e-10
6.243557208520107788e-10
6.128534515741912646e-10
6.015630842524536470e-10
5.904807150972122222e-10
5.796025122369297013e-10
5.689247143931721855e-10
5.584436295801318334e-10
5.481556338280498790e-10
5.380571699301936165e-10
5.281447462129045906e-10
5.184149353283072955e-10
5.088643730692577634e-10
4.994897572061338552e-10
4.902878463450345382e-10
4.811683503400360572e-10
4.720670485292693501e-10
4.631378978888613355e-10
4.543776421785414629e-10
4.457830867498457606e-10
4.373510973810951886e-10
4.290785991344369139e-10
4.209625752344779993e-10
4.130000659681476476e-10
4.051881676053680023e-10
3.975240313401238415e-10
3.900048622515867501e-10
3.826279182848653395e-10
3.753905092510505941e-10
3.682899958461751149e-10
3.610402213730461709e-10
3.538831442521583350e-10
3.468679453760793808e-10
3.399918122228831110e-10
3.332519880246372612e-10
3.266457706621744999e-10
3.201705115817590543e-10
3.138236147332288576e-10
3.076025355291995753e-10
3.015047798248887974e-10
2.955279029181636590e-10
2.896695085694240446e-10
2.839272480408960001e-10
2.782988191549882962e-10
2.726643645516656503e-10
2.669145287482412566e-10
2.612859431559362898e-10
2.557760508993526917e-10
2.503823490214495150e-10
2.451023873465301281e-10
2.399337673672118166e-10
2.348741411548660129e-10
2.299212102930301601e-10
2.250727248333211880e-10
2.203264822733562331e-10
2.156803265562315471e-10
2.111321470910999122e-10
2.066798777943974584e-10
2.023214961512970886e-10
1.978020418392651915e-10
1.933295957412223282e-10
1.889582748586434206e-10
1.846857926778417462e-10
1.805099143848510994e-10
1.764284556964488510e-10
1.724392817176262722e-10
1.685403058248805677e-10
1.647294885747642494e-10
1.610048366371095906e-10
1.573644017523735911e-10
1.538062797125614915e-10
1.503286093651856398e-10
1.469295716397522598e-10
1.435307444045790369e-10
1.400420786837638952e-10
1.366382086529737960e-10
1.333170732637677300e-10
1.300766615636534934e-10
1.269150114784560605e-10
1.238302086242771028e-10
1.208203851483311247e-10
1.178837185979613928e-10
1.150184308171380250e-10
1.122227868697852677e-10
1.094950939892732462e-10
1.068337005534455560e-10
1.042369950845600864e-10
1.017034052735350603e-10
9.908800011289637534e-11
9.650368051295378219e-11
9.398676269513453537e-11
9.153548874983893550e-11
8.914814661560497553e-11
8.682306888333899404e-11
8.455863163173740959e-11
8.235325329307637487e-11
8.020539354858815641e-11
7.811355225264382049e-11
7.607626838499440248e-11
7.409211903034165834e-11
7.215971838451974630e-11
7.027771678659688449e-11
6.841010563232656315e-11
6.650573537354142478e-11
6.465437813160580372e-11
6.285455815360713195e-11
6.110484076798988464e-11
5.940383124095069867e-11
5.775017366466879707e-11
5.614254987648555705e-11
5.457967840817133823e-11
5.306031346444198592e-11
5.158324392991224001e-11
5.014729240368991402e-11
4.875131426084886211e-11
4.739419674002489801e-11
4.607485805641303467e-11
4.473338247326805706e-11
4.341367162432247856e-11
4.213289448949649409e-11
4.088990245801987215e-11
3.968358080509255489e-11
3.851284769219240104e-11
3.737665319687216324e-11
3.627397837118319596e-11
3.520383432787322592e-11
3.416526135354604871e-11
3.315732804798213705e-11
3.217913048885222695e-11
3.122979142107322174e-11
3.030845947007830119e-11
2.940275198523554545e-11
2.849124939754599166e-11
2.760800392564552656e-11
2.675213958234157660e-11
2.592280753655945856e-11
2.511918527148643586e-11
2.434047576881445736e-11
2.358590671827071865e-11
2.285472975165526813e-11
2.214621970062194727e-11
2.145967387746915614e-11
2.079441137822727225e-11
2.014977240734946163e-11
1.952511762333885750e-11
1.891982750466032743e-11
1.831522198188926089e-11
1.772382144116380015e-11
1.715151728921886764e-11
1.659769290155173811e-11
1.606175156453270910e-11
1.554311583248115730e-11
1.504122690550126276e-11
1.455554402740756884e-11
1.408554390309156776e-11
1.363072013470160273e-11
1.319058267602853089e-11
1.276465730450963836e-11
1.235248511028082387e-11
1.195362200172839233e-11
1.156472760725238071e-11
1.117893445270602691e-11
1.080601115235333912e-11
1.044552837471185649e-11
1.009707111056873981e-11
9.760238195197491743e-12
9.434641846513263407e-12
9.119907218635020150e-12
8.815671970340850337e-12
8.521585847918837278e-12
8.237310281934514703e-12
7.962517997449395386e-12
7.696892637242751515e-12
7.440128397602210613e-12
7.191929676264334102e-12
6.952010732099847096e-12
6.720095356151435005e-12
6.495916553645430276e-12
6.279216236611663179e-12
6.069744926757210673e-12
5.867261468252152000e-12
5.671532750096630831e-12
5.482333437749588917e-12
5.299445713710351787e-12
5.122659026753942126e-12
4.951769849532214346e-12
4.786581444260932473e-12
4.626903636223635358e-12
4.472552594831092389e-12
4.323350621984597601e-12
4.179125947499432877e-12
4.039712531352799816e-12
3.904949872528592907e-12
3.774682824239151197e-12
3.648761415311029022e-12
3.527040677529267766e-12
3.409380478741359348e-12
3.295645361528767728e-12
3.185704387260358501e-12
3.079430985347926160e-12
2.976702807530737952e-12
2.877401587020862845e-12
2.781413002347470395e-12
2.688626545743094361e-12
2.598935395920523338e-12
2.512236295093825070e-12
2.428429430101838835e-12
2.347418317497278328e-12
2.269109692469288371e-12
2.193413401471439184e-12
2.120242298431601718e-12
2.049512144424205962e-12
1.981141510689372566e-12
1.915051684887320317e-12
1.851166580479961011e-12
1.789412649135629845e-12
1.729718796055826880e-12
1.672016298126691037e-12
1.616238724800829266e-12
1.562321861618520934e-12
1.510203636280240445e-12
1.459824047185331011e-12
1.411125094354563875e-12
1.364050712657136888e-12
1.318546707265156183e-12
1.274560691261326527e-12
1.232042025328016722e-12
1.190941759448260291e-12
1.151212576551609652e-12
1.112808738039861021e-12
1.075686031130109061e-12
1.039801717954333489e-12
1.005114486357044916e-12
9.715844023342486592e-13
9.391728640590661838e-13
9.078425574409920119e-13
8.775574131677320271e-13
8.482825651800279871e-13
8.199843105317950921e-13
7.926300705892827072e-13
7.661883535246133048e-13
7.406287180605173058e-13
7.159217384245213895e-13
6.920389704722611798e-13
6.689529189408750169e-13
6.466370057948231154e-13
6.250655396276840590e-13
6.042136860846781345e-13
5.840574392718688069e-13
5.645735941191625094e-13
5.457397196652375776e-13
5.275341332337110182e-13
5.099358754707282593e-13
4.929246862153204155e-13
4.764809811746997720e-13
4.605858293776568684e-13
4.452209313801006849e-13
4.303685981976484817e-13
4.160117309410221930e-13
4.021338011307810364e-13
3.887188316687532335e-13
3.757513784442575137e-13
3.632165125539235502e-13
3.510998031146429514e-13
3.393873006498860171e-13
3.280655210302262236e-13
3.171214299496223311e-13
3.065424279195362548e-13
2.963163357636593396e-13
2.864313805965190987e-13
2.768761822698330113e-13
2.676397402710050784e-13
2.587114210586817150e-13
2.500809458207850897e-13
2.417383786409388727e-13
2.336741150596398287e-13
2.258788710170423494e-13
2.183436721645950346e-13
2.110598435332324556e-13
2.040189995462393327e-13
1.972130343652708934e-13
1.906341125584378744e-13
1.842746600796831308e-13
1.781273555490934334e-13
1.721851218240907366e-13
1.664411178518046497e-13
1.608887307932455562e-13
1.555215684102110515e-13
1.503334517061606331e-13
1.453184078125903421e-13
1.404706631127052207e-13
1.357846365944939100e-13
1.312549334255347815e-13
1.268763387421413070e-13
1.226438116457036255e-13
1.185524793993030624e-13
1.145976318179327041e-13
1.107747158458473280e-13
1.070793303148171622e-13
1.035072208772409566e-13
1.000542751082878647e-13
9.671651777142949566e-14
9.349010624191113309e-14
9.037132608289326281e-14
8.735658676917275666e-14
8.444241755355311754e-14
8.162546347111748089e-14
7.890248147679136655e-14
7.627033671175795815e-14
7.372599889442024435e-14
7.126653883176220364e-14
6.888912504708584228e-14
6.659102052024970543e-14
6.436957953664561622e-14
6.222224464129583842e-14
6.014654369455984033e-14
5.814008702605752305e-14
5.620056468354111674e-14
