4.312195071614473561e-09
4.371435237205136875e-09
4.431489233608379432e-09
4.492368241086562827e-09
4.554083593494441994e-09
4.616646780389260757e-09
4.680069449169749907e-09
4.744363407244503423e-09
4.809540624230241554e-09
4.875613234180085670e-09
4.942593537842628219e-09
5.010494004951950823e-09
5.079327276549091775e-09
5.149106167335515502e-09
5.219843668058704762e-09
5.291552947930730875e-09
5.364247357079948405e-09
5.437940429036389173e-09
5.511562702257910636e-09
5.585605293452422351e-09
5.660642576281019874e-09
5.736687913477695559e-09
5.813754847291969083e-09
5.891857101900594557e-09
5.971008585851535958e-09
6.051223394540913150e-09
6.132515812722985501e-09
6.214900317054065620e-09
6.298391578670623778e-09
6.383004465801784843e-09
6.468754046417160720e-09
6.555655590910248245e-09
6.643724574817649790e-09
6.732976681575046334e-09
6.823427805310210022e-09
6.915094053673287830e-09
7.007991750705350610e-09
7.102137439745487913e-09
7.197547886376691805e-09
7.294240081411582656e-09
7.392231243918239132e-09
7.491538824286418582e-09
7.592180507335259717e-09
7.694174215462556890e-09
7.797538111836532449e-09
7.902290603630128647e-09
8.008450345299241867e-09
8.116036241904504600e-09
8.225067452478049507e-09
8.335563393435310153e-09
8.447543742032855997e-09
8.561028439872337738e-09
8.676037696451815222e-09
8.792591992764800435e-09
8.910712084947316677e-09
9.030419007974294093e-09
9.151734079405609283e-09
9.274678903182124659e-09
9.399275373473052720e-09
9.525545678575017448e-09
9.653512304863137098e-09
9.783198040795549476e-09
9.914625980971722150e-09
1.004781953024493306e-08
1.018280240789037244e-08
1.031959865182912567e-08
1.045823262290883301e-08
1.059872900924184161e-08
1.074111283060181601e-08
1.088540944287923243e-08
1.103164454259671943e-08
1.117984417148528085e-08
1.133003472112166388e-08
1.148154756845167842e-08
1.163126560614807319e-08
1.178293594954870908e-08
1.193658405649169545e-08
1.209223571678235879e-08
1.224991705652209053e-08
1.240965454249351611e-08
1.257147498660308512e-08
1.273540555038137389e-08
1.290147374954206503e-08
1.306970745860060458e-08
1.324013491555283658e-08
1.341278472661479752e-08
1.358768587102415243e-08
1.376486770590451483e-08
1.394435997119293846e-08
1.412619279463180013e-08
1.431039669682563268e-08
1.449700259636416389e-08
1.468604181501192361e-08
1.487754608296549429e-08
1.507154754417960460e-08
1.526807876176235868e-08
1.546717272344102396e-08
1.566886284709886551e-08
1.587318298638454891e-08
1.608016743639434502e-08
1.628985093942848644e-08
1.650226869082282394e-08
1.671745634485624598e-08
1.693545002073526757e-08
1.715628630865666862e-08
1.738000227594900887e-08
1.760663547329458779e-08
1.783622394103220687e-08
1.806880621554213373e-08
1.830442133571462801e-08
1.854310884950248905e-08
1.878490882055922655e-08
1.902986183496359567e-08
1.927800900803218368e-08
1.952939199122050508e-08
1.978405297911406411e-08
2.004203471651093651e-08
2.030338050559633717e-08
2.056813421321095024e-08
2.083634027821380608e-08
2.110804371894159083e-08
2.138329014076478917e-08
2.166212574374262870e-08
2.194459733037757733e-08
2.223075231347139510e-08
2.252063872408323377e-08
2.281430521959150118e-08
2.311180109186126396e-08
2.341317627551770800e-08
2.371048244225825881e-08
2.400731114908048974e-08
2.430785581914422711e-08
2.461216297215087817e-08
2.492027971017651419e-08
2.523225372496233263e-08
2.554813330529691658e-08
2.586796734449038397e-08
2.619180534794238876e-08
2.651969744080479453e-08
2.685169437574026140e-08
2.718784754077804976e-08
2.752820896726788134e-08
2.787283133793390898e-08
2.822176799502898699e-08
2.857507294859127374e-08
2.893280088480417546e-08
2.929500717446090869e-08
2.966174788153512699e-08
3.003307977185851216e-08
3.040906032190760279e-08
3.078974772770006889e-08
3.117520091380257302e-08
3.156547954245142924e-08
3.196064402278736653e-08
3.236075552020604462e-08
3.276587596582521553e-08
3.317606806607111819e-08
3.359139531238421869e-08
3.401192199104675790e-08
3.443771319313330404e-08
3.486883482458589201e-08
3.530535361641499332e-08
3.574733713502887780e-08
3.619485379269155214e-08
3.664797285811202175e-08
3.710676446716598744e-08
3.757129963375186969e-08
3.804165026078259637e-08
3.851788915131518552e-08
3.900009001981923496e-08
3.948832750358723694e-08
3.998267717428698255e-08
4.048321554965898750e-08
4.099002010536023614e-08
4.150316928695632839e-08
4.202274252206330655e-08
4.254882023264233861e-08
4.308148384744746951e-08
4.362081581462961043e-08
4.416689961449825479e-08
4.471981977244296582e-08
4.527966187201668723e-08
4.584651256818238557e-08
4.642045960072647206e-08
4.699658734255342950e-08
4.755239686411363306e-08
4.811477971879705933e-08
4.868381364674068872e-08
4.925957730748250208e-08
4.984215029083473012e-08
5.043161312788624233e-08
5.102804730213402895e-08
5.163153526074735616e-08
5.224216042596462741e-08
5.286000720662513487e-08
5.348516100983715001e-08
5.411770825278400117e-08
5.475773637467018287e-08
5.540533384880779470e-08
5.606059019484689632e-08
5.672359599115005667e-08
5.739444288731326776e-08
5.807322361683504296e-08
5.876003200993522831e-08
5.945496300652553865e-08
6.015811266933328095e-08
6.086957819718091188e-08
6.158945793842146265e-08
6.231785140453407292e-08
6.305485928387963387e-08
6.380058345561935264e-08
6.455512700379782655e-08
6.531859423159269157e-08
6.609109067573275105e-08
6.687272312108713875e-08
6.766359961542580770e-08
6.846382948435585772e-08
6.927352334643387372e-08
7.009279312845713357e-08
7.092175208093560458e-08
7.176051479374696523e-08
7.260919721197676980e-08
7.346791665194578082e-08
7.433679181742761918e-08
7.521594281605670558e-08
7.610549117593173413e-08
7.700555986241481066e-08
7.791627329512932609e-08
7.883775736515897363e-08
7.977013945244990836e-08
8.071354844341975488e-08
8.166811474877221894e-08
8.263397032152650139e-08
8.361124867525584978e-08
8.460008490254435342e-08
8.560061569366117428e-08
8.661297935545566835e-08
8.763731583047607067e-08
8.867376671631399407e-08
8.972247528517872532e-08
9.073289355368740331e-08
9.172778196123944399e-08
9.273357934462941986e-08
9.375040532104544766e-08
9.477838081928109604e-08
9.581762809411711830e-08
9.686827074086093177e-08
9.793043371004553783e-08
9.900424332228961654e-08
1.000898272833207412e-07
1.011873146991620834e-07
1.022968360914889883e-07
1.034185234131485236e-07
1.045525100638554110e-07
1.056989309060549408e-07
1.068579222809619516e-07
1.080296220247767068e-07
1.092141694850765836e-07
1.104117055373885770e-07
1.116223726019432936e-07
1.128463146606126598e-07
1.140836772740333802e-07
1.153346075989180948e-07
1.165992544055564426e-07
1.178777680955079384e-07
1.191703007194888609e-07
1.204770059954553731e-07
1.217980393268847835e-07
1.231335578212573413e-07
1.244837203087406852e-07
1.258486873610791674e-07
1.272286213106902116e-07
1.286236862699702585e-07
1.300340481508121519e-07
1.314598746843367184e-07
1.329013354408406839e-07
1.343586018499632056e-07
1.358318472210736893e-07
1.373212467638829868e-07
1.388269776092807770e-07
1.403492188304012750e-07
1.418881514639200228e-07
1.434439585315841436e-07
1.450168250619787321e-07
1.466069381125318448e-07
1.482144867917608932e-07
1.498396622817627192e-07
1.514826578609510027e-07
1.531436689270406071e-07
1.548228930202893955e-07
1.565205298469868249e-07
1.582367813032079264e-07
1.599718514988229306e-07
1.617259467817716968e-07
1.634992757626044275e-07
1.652601425424182184e-07
1.668651756352742391e-07
1.684857970677600373e-07
1.701221582363377668e-07
1.717744120078563356e-07
1.734427127338331490e-07
1.751272162648710074e-07
1.768280799652201647e-07
1.785454627274768110e-07
1.802795249874275639e-07
1.820304287390382981e-07
1.837983375495848546e-07
1.855834165749363467e-07
1.873858325749810066e-07
1.892057539292060331e-07
1.910433506524284225e-07
1.928987944106748250e-07
1.947722585372215956e-07
1.966639180487845320e-07
1.985739496618699457e-07
2.005025318092844987e-07
2.024498446568013443e-07
2.044160701199942455e-07
2.064013918812290821e-07
2.084059954068243943e-07
2.104300679643786853e-07
2.124737986402618642e-07
2.145373783572827641e-07
2.166209998925219394e-07
2.187248578953420475e-07
2.208491489055728786e-07
2.229940713718694182e-07
2.251598256702519166e-07
2.273466141228260840e-07
2.295546410166806607e-07
2.317841126229753309e-07
2.340352372162070428e-07
2.363082250936681820e-07
2.386032885950937389e-07
2.409206421224943204e-07
2.432605021601894320e-07
2.456230872950276369e-07
2.480086182368080433e-07
2.504173178389004219e-07
2.528494111190602466e-07
2.553051252804537989e-07
2.577846897328793611e-07
2.602883361142002202e-07
2.628162983119852480e-07
2.653688124853551513e-07
2.679461170870479979e-07
2.705484528856915775e-07
2.731760629882973141e-07
2.758291928629728726e-07
2.785080903618492230e-07
2.812130057442394738e-07
2.835978711345616439e-07
2.858197262039099072e-07
2.880589884559335180e-07
2.903157942676684573e-07
2.925902810846001834e-07
2.948825874290351761e-07
2.971928529085341026e-07
2.995212182244208988e-07
3.018678251803437840e-07
3.042328166909176972e-07
3.066163367904253371e-07
3.090185306415898820e-07
3.114395445444155790e-07
3.138795259450982129e-07
3.163386234450044490e-07
3.188169868097224868e-07
3.213147669781829103e-07
3.238321160718514307e-07
3.263691874039934684e-07
3.289261354890112086e-07
3.315031160518540843e-07
3.341002860375027402e-07
3.367178036205275340e-07
3.393558282147216837e-07
3.420145204828099064e-07
3.446940423462334484e-07
3.473945569950113491e-07
3.501162288976798958e-07
3.528592238113056120e-07
3.556237087915882963e-07
3.584098522030248874e-07
3.612178237291714812e-07
3.640477943829736906e-07
3.668999365171826633e-07
3.697744238348517255e-07
3.726714313999154531e-07
3.755911356478513280e-07
3.785337143964255159e-07
3.814993468565219710e-07
3.844882136430572491e-07
3.875004967859801838e-07
3.905363797413581182e-07
3.935960474025498518e-07
3.966796861114660964e-07
3.997874836699182358e-07
4.029196293510560227e-07
4.060763139108945330e-07
4.092577295999321753e-07
4.124640701748595982e-07
4.156955309103562647e-07
4.189523086109920069e-07
4.222346016232015831e-07
4.255426098473733208e-07
4.288765347500198682e-07
4.322365793760484720e-07
4.355196602656739045e-07
4.382636820279757751e-07
4.410249926893086537e-07
4.438037011795757713e-07
4.465999171150042098e-07
4.494137508024620700e-07
4.521407185054141120e-07
4.548202576430911022e-07
4.575156766378490236e-07
4.602270695991030100e-07
4.629545311939923806e-07
4.656816157009836688e-07
4.682524567541667327e-07
4.708374903876394933e-07
4.734367949529360473e-07
4.760504492341347482e-07
4.786785324502493801e-07
4.812049619935213042e-07
4.836508208065333669e-07
4.861091113810716603e-07
4.885798969050420960e-07
4.910632408875202801e-07
4.935543173505625966e-07
4.958221402047768153e-07
4.981003834328318836e-07
5.003890949150961127e-07
5.026883227519422340e-07
5.049981152647553681e-07
5.071873405029143939e-07
5.092470794823472819e-07
5.113151832696619369e-07
5.133916858351874474e-07
5.154766212872097934e-07
5.175700238725321585e-07
5.193788895803994982e-07
5.211795030251770578e-07
5.229863589431146179e-07
5.247994789759861431e-07
5.266188848405946117e-07
5.283015266083488194e-07
5.297905431970722661e-07
5.312837565754873626e-07
5.327811785722377991e-07
5.342828210493023531e-07
5.357886959020966397e-07
5.369507320626864821e-07
5.380700325167229305e-07
5.391916662081165322e-07
5.403156380006141149e-07
5.414419527681058315e-07
5.424150161856130118e-07
5.431021148098995306e-07
5.437900838092767821e-07
5.444789242862843548e-07
5.451686373448589126e-07
5.458592240903316530e-07
5.461479329563653853e-07
5.463468696239852864e-07
5.465458787551168064e-07
5.467449603761574094e-07
5.469441145135095359e-07
5.469846906031862018e-07
5.466248157396774538e-07
5.462651776468113605e-07
5.459057761688118924e-07
5.455466111500052996e-07
5.451876824348169345e-07
5.443603545737583064e-07
5.433782724861126494e-07
5.423979621755961820e-07
5.414194204457428835e-07
5.404426441058502628e-07
5.393185073425566130e-07
5.376570192657724667e-07
5.360006497647323214e-07
5.343493830705478941e-07
5.327032034629106765e-07
5.310620952699452924e-07
5.289180178141915283e-07
5.265470695246606998e-07
5.241867493393027607e-07
5.218370096161671516e-07
5.194978029268662597e-07
5.170484010901899614e-07
5.139217815683695771e-07
5.108140688831501599e-07
5.077251487038727153e-07
5.046549073912421046e-07
5.016032319931448197e-07
4.980515545926324931e-07
4.942024538931557666e-07
4.903831002671659408e-07
4.865932638198251334e-07
4.828327164329958793e-07
4.790329472440153344e-07
4.744925775708167075e-07
4.699952424255944558e-07
4.655405339185211511e-07
4.611280480258312362e-07
4.567573845531770562e-07
4.519807714722433068e-07
4.468877245212260676e-07
4.418520674612893617e-07
4.368731536069362401e-07
4.319503435597045221e-07
4.270734008869234582e-07
4.215376224769419165e-07
4.160735995135434484e-07
4.106804018937275915e-07
4.053571115706016012e-07
4.001028223971132479e-07
3.946300330254250650e-07
3.889252270861266539e-07
3.833028903156238512e-07
3.777618305324676053e-07
3.723008727894903515e-07
3.669188591246595821e-07
3.612468747896735420e-07
3.556417010221983544e-07
3.501234981744898967e-07
3.446909167895652945e-07
3.393426283488666896e-07
3.340139463799696413e-07
3.286798026460072255e-07
3.234308442454200899e-07
3.182657107834792772e-07
3.131830635907194502e-07
3.081815853759883199e-07
3.033338732489190785e-07
2.985725386441319234e-07
2.938859411828623295e-07
2.892729077401180721e-07
2.847322836050740740e-07
2.803564295234043894e-07
2.762234520552395677e-07
2.721514023952279177e-07
2.681393823536648949e-07
2.641865069818423336e-07
2.602919043768466869e-07
2.567497928701661112e-07
2.533241166258675060e-07
2.499441473618918441e-07
2.466092752342550876e-07
2.433188985357979539e-07
2.401499213580873286e-07
2.372225954350244148e-07
2.343309523762801398e-07
2.314745572228369853e-07
2.286529803176443264e-07
2.258657972409887322e-07
2.231211023411553865e-07
2.204126764357805767e-07
2.177371276128862502e-07
2.150940567836330059e-07
2.124830697036467299e-07
2.098232190290708714e-07
2.068954016971662163e-07
2.040084383487656937e-07
2.011617589182610932e-07
1.983548012945874425e-07
1.955870112102291602e-07
1.923470577376501731e-07
1.889193059777322953e-07
1.855526390208044606e-07
1.822459682952849689e-07
1.789982246286567273e-07
1.756838197431753047e-07
1.716886272074634025e-07
1.677842885900049829e-07
1.639687377990189405e-07
1.602399557273271606e-07
1.565959691838851369e-07
1.526739127881557462e-07
1.486229663228530161e-07
1.446795049345032834e-07
1.408406766866851895e-07
1.371037053143301382e-07
1.334663851182599665e-07
1.299316626840892124e-07
1.264905538041892373e-07
1.231405792181078725e-07
1.198793253261006424e-07
1.167044424501767820e-07
1.139034798449462036e-07
1.114116276765140072e-07
1.089742894460036199e-07
1.065902725588195422e-07
1.042584105106096168e-07
1.019808901896039873e-07
1.003100623763070951e-07
9.866660896204257803e-08
9.705008145192818364e-08
9.546003869910328981e-08
9.389604678434062815e-08
9.236486782063930882e-08
9.086656916783506597e-08
8.939257519825036947e-08
8.794249165295320319e-08
8.651593066849152052e-08
8.511251067314843725e-08
8.321212004115864394e-08
8.132079458257744029e-08
7.947245699629785915e-08
7.766613021242609302e-08
7.590085936885664731e-08
7.400107798097503823e-08
7.189878334024197239e-08
6.985621273160450023e-08
6.787166945663602195e-08
6.594350501836952655e-08
6.407011775194492757e-08
6.242262606989916629e-08
6.084255392890073704e-08
5.930247734925473975e-08
5.780138394368697248e-08
5.633828695096677159e-08
5.503719387070166540e-08
5.400743296199535635e-08
5.299693916075805725e-08
5.200535197415392899e-08
5.103231765426640186e-08
5.007748907189912057e-08
4.905567977897075918e-08
4.803434010186628762e-08
4.703426472566902857e-08
4.605501092745035553e-08
4.509614520177663398e-08
4.409617369685866983e-08
4.295659398505288114e-08
4.184646449104808644e-08
4.076502413133277193e-08
3.971153149111662919e-08
3.868526431602980259e-08
3.777978216281684664e-08
3.692869444765009772e-08
3.609677969371915787e-08
3.528360598027624255e-08
3.448875111670976014e-08
3.372588651831564382e-08
3.303454583448883422e-08
3.235737681493707944e-08
3.169408895734652207e-08
3.104439771435612250e-08
3.040802437148857111e-08
2.973478019849273199e-08
2.905217324677906208e-08
2.838523657234407819e-08
2.773361044021946718e-08
2.709694337369874971e-08
2.648136558419959441e-08
2.592076137536598003e-08
2.537202502425161390e-08
2.483490529113208613e-08
2.430915625496833843e-08
2.379453720081128256e-08
2.329510726400294330e-08
2.280896354655212601e-08
2.233296512318973980e-08
2.186690027259062546e-08
2.141056169182472571e-08
2.096414815295452874e-08
2.053259409562791763e-08
2.010992372406022224e-08
1.969595416458520020e-08
1.929050630805263332e-08
1.889340473233455381e-08
1.851167367015335230e-08
1.814385109074250633e-08
1.778333705902621492e-08
1.742998635588960142e-08
1.708365664768736833e-08
1.674420842891002313e-08
1.643840338389814280e-08
1.613822204396006361e-08
1.584352230918415761e-08
1.555420408009335135e-08
1.527016908512505892e-08
1.499132084725155567e-08
1.471756465121018098e-08
1.444880751133167863e-08
1.418495813995611991e-08
1.392592691642573897e-08
1.367162585664354968e-08
1.342196858318843509e-08
1.317687029597552758e-08
1.293624774345253414e-08
1.270001919432203779e-08
1.246810440978005887e-08
1.224042461626180714e-08
1.201690247868489369e-08
1.179746207418121461e-08
1.158202886630865244e-08
1.137052967973344171e-08
1.116289267537501281e-08
1.095904732600481071e-08
1.075892439229050098e-08
1.056245589927774754e-08
1.036957511330144948e-08
1.018021651931850743e-08
9.994315798654716240e-09
9.811809807157786772e-09
9.632636553749558512e-09
9.456735179369544643e-09
9.284045936303296462e-09
9.114510167888238424e-09
8.948070288589727724e-09
8.784669764441481974e-09
8.624253093842786427e-09
8.466765788706424121e-09
8.312154355951004326e-09
8.160366279331270373e-09
8.011350001599888537e-09
7.865054906995473635e-09
7.721506820729678398e-09
7.580600834288205044e-09
7.442266172003531413e-09
7.306455911043732149e-09
7.173123984848598659e-09
7.042225167503959114e-09
6.913715058401141666e-09
6.787550067176382064e-09
6.663687398925057877e-09
6.542085039685774691e-09
6.422701742189208823e-09
6.305497011867281970e-09
6.190431093117376333e-09
6.077464955817345919e-09
5.966560282086601691e-09
5.857679453288669743e-09
5.750785537271175140e-09
5.645842275838430597e-09
5.542814072452758792e-09
5.441665980160219681e-09
5.342363689736674748e-09
5.244873518050168898e-09
5.149162396635686019e-09
5.055197860478385491e-09
4.962948037001565060e-09
4.872381635255462351e-09
4.783467935303551533e-09
4.696176777802324977e-09
4.610478553771326453e-09
4.526344194549861627e-09
4.443745161936895963e-09
4.362653438511069568e-09
4.283041518127167012e-09
4.204882396586112289e-09
4.128149562475214074e-09
4.052816988175481625e-09
3.978859121033215440e-09
3.906250874692527556e-09
3.834967620586122180e-09
3.764985179581332332e-09
3.696279813778611249e-09
3.620108788958776901e-09
3.538289678300312598e-09
3.458319784684540487e-09
3.380157313429955540e-09
3.303761414468563309e-09
3.229092160996387199e-09
3.156110528606567787e-09
3.084778374893950555e-09
3.015058419520763939e-09
2.946914224732779110e-09
2.880310176315835086e-09
2.815211464982767814e-09
2.751584068181067738e-09
2.689394732311598546e-09
2.628610955349309169e-09
2.569200969856681197e-09
2.511133726381106391e-09
2.454378877227496070e-09
2.398906760597699186e-09
2.344688385088289369e-09
2.291695414538823857e-09
2.239900153222498110e-09
2.189275531371524862e-09
2.139795091029645723e-09
2.091432972224448602e-09
2.044163899452069052e-09
1.997963168467569594e-09
1.952806633373661176e-09
1.908670694001370159e-09
1.865532283575869209e-09
1.823368856661085013e-09
1.782158377376763154e-09
1.741879307881882667e-09
1.702510597118284655e-09
1.664031669808784056e-09
1.626422415703900260e-09
1.589663179071633453e-09
1.553734748424779729e-09
1.518618346480452544e-09
1.484295620346475211e-09
1.450748631929601311e-09
1.415181278263709205e-09
1.374550543986769327e-09
1.335086343349898694e-09
1.296755184447084905e-09
1.259524536945762735e-09
1.223362804479434341e-09
1.188239297832935696e-09
1.154124208897548651e-09
1.120988585373878065e-09
1.088804306201047277e-09
1.057544057691316103e-09
1.027181310349907540e-09
9.976902963603320863e-10
9.690459877161226915e-10
9.412240749804411478e-10
9.142009466554897870e-10
8.879536691442588374e-10
8.624599672875654888e-10
8.376982054598877901e-10
8.136473692079662366e-10
7.902870474165555681e-10
7.675974149862278351e-10
7.455592160084712810e-10
7.241537474238912378e-10
7.033628431495459906e-10
6.831688586620287603e-10
6.635546560231772371e-10
6.445035893356768409e-10
6.259994906162838968e-10
6.080266560745971653e-10
5.905698327858001940e-10
5.736142057460379826e-10
5.571453852994166358e-10
5.411493949260176186e-10
5.256126593804915254e-10
5.105219931712223723e-10
4.958645893702617718e-10
4.816280087445161716e-10
4.678001691990152773e-10
4.543693355232405809e-10
4.413241094318631860e-10
4.284875606823489115e-10
4.142780964395339239e-10
4.005398451153521216e-10
3.872571803912579965e-10
3.744149941472044189e-10
3.619986792772071034e-10
3.499941130747613987e-10
3.383876411692248512e-10
3.271660619949132862e-10
3.163166117752237840e-10
3.058269500047144407e-10
2.956851454126244930e-10
2.858796623918770975e-10
2.763993478781114294e-10
2.672334186638361840e-10
2.583714491332807799e-10
2.498033594039611870e-10
2.415194038615096495e-10
2.335101600747107900e-10
2.257665180781222515e-10
2.182796700101231379e-10
2.110411000945739544e-10
2.040425749547011540e-10
1.972761342481993109e-10
1.907340816128868802e-10
1.844089759126213348e-10
1.782936227735203683e-10
1.723810664008502627e-10
1.666645816672898289e-10
1.611376664635583828e-10
1.557940343027125627e-10
1.506276071696978823e-10
1.456325086080262104e-10
1.408030570357061768e-10
1.361337592828331150e-10
1.316193043434902833e-10
1.272545573348379690e-10
1.230345536565390412e-10
1.189544933438684311e-10
1.150097356080775234e-10
1.111957935578197757e-10
1.075083290956189611e-10
1.037327293022563504e-10
1.000555230799995793e-10
9.650866959879102944e-11
9.308754800353846376e-11
8.978770124315954299e-11
8.660483026391949645e-11
8.353478840860459730e-11
8.057357601424016848e-11
7.771733520131641006e-11
7.496234484772400630e-11
7.230501574086280824e-11
6.974188590160077812e-11
6.726961607399354378e-11
6.488498537488823321e-11
6.258488709774357958e-11
6.036632466520108869e-11
5.822640772513054145e-11
5.616234838506769194e-11
5.417145758013755184e-11
5.225114156972973297e-11
5.039889855836155605e-11
4.861231543632984316e-11
4.688906463590062284e-11
4.522690109894640425e-11
4.362365935207337462e-11
4.207725068543473020e-11
4.058566043155163597e-11
3.914694534059458592e-11
3.775923104871118904e-11
3.642070963609713885e-11
3.512963727163014109e-11
3.388433194100035732e-11
3.268317125537512694e-11
3.152459033774425947e-11
3.040707978419189591e-11
2.932918369743886884e-11
2.828949779009428690e-11
2.728666755514363593e-11
2.631938650129156881e-11
2.538639445086022278e-11
2.448647589802457531e-11
2.360295013670968243e-11
2.274241981490428389e-11
2.191326321674162033e-11
2.111433650044166384e-11
2.034453752708462666e-11
1.960280434018359294e-11
1.888811370068967041e-11
1.819947967540842702e-11
1.753595227688143070e-11
1.689661615285504069e-11
1.628058932352968425e-11
1.568702196484725005e-11
1.511509523613777385e-11
1.456402015050919920e-11
1.403303648642017644e-11
1.352141173893629900e-11
1.302844010922148078e-11
1.255344153087105328e-11
1.209576073174388415e-11
1.165476632999822666e-11
1.122984996308510572e-11
1.082042544849736620e-11
1.042592797511640692e-11
1.004581332404171559e-11
9.679557117827421146e-12
9.326654097090887364e-12
8.986617423494926356e-12
8.658978008142512689e-12
8.343283864457256930e-12
8.039099484656776320e-12
7.746005238959100260e-12
7.463596796693175456e-12
7.191484568514701831e-12
6.929293168958301550e-12
6.676660898583978733e-12
6.433239245003933842e-12
6.198692402101266440e-12
5.972696806777028514e-12
5.754940692587334146e-12
5.545123659653730681e-12
5.342956260254277690e-12
5.147272087467910937e-12
4.957464717854782429e-12
4.774656558104129790e-12
4.598589510025165493e-12
4.429014992883643603e-12
4.265693592442616835e-12
4.108394722944656437e-12
3.956896301558855102e-12
3.810984434832519553e-12
3.670453116705139610e-12
3.535103937658208797e-12
3.404745804590097119e-12
3.279194671020919716e-12
3.158273277245900683e-12
3.041810900070814471e-12
2.929643111776009164e-12
2.821611547968592056e-12
2.717563683995384876e-12
2.617352619600483081e-12
2.520836871523760353e-12
2.427880173747358606e-12
2.338351285108114729e-12
2.252123804004393536e-12
2.169075989935665614e-12
2.089090591622825968e-12
2.012054681466670602e-12
1.937859496110770939e-12
1.866400282883605136e-12
1.797576151903273018e-12
1.731289933635784320e-12
1.667448041706043583e-12
1.605960340767652961e-12
1.546740019245061075e-12
1.489703466768448641e-12
