7.034634675249430706e-10
7.127962099922589657e-10
7.222527685296054976e-10
7.318347857858942291e-10
7.415439262027998292e-10
7.513818763038938185e-10
7.613503449875955464e-10
7.714510638240279773e-10
7.816857873557814920e-10
7.920562934026983041e-10
8.025643833706819363e-10
8.132118825646228520e-10
8.240006405054431354e-10
8.349325312513799553e-10
8.460094537235117423e-10
8.571898507338975606e-10
8.684715372139203860e-10
8.799017047448148606e-10
8.914823075222154843e-10
9.032153254614059657e-10
9.151027645358224151e-10
9.271466571200066663e-10
9.393490623370933738e-10
9.517120664108318197e-10
9.642377830222793242e-10
9.769283536711687454e-10
9.897859480420385741e-10
1.002812764375178977e-09
1.016011029842460896e-09
1.029383000928108167e-09
1.042815210446497502e-09
1.056419485608014393e-09
1.070201238332968672e-09
1.084162783943949271e-09
1.098306467968595062e-09
1.112634666533627506e-09
1.127149786764070970e-09
1.141854267187609221e-09
1.156750578144290048e-09
1.171841222201524878e-09
1.187128734574504977e-09
1.202615683552142801e-09
1.218304670928529408e-09
1.234198332440017312e-09
1.250227586346161824e-09
1.266379719082620427e-09
1.282740526939341510e-09
1.299312705864069029e-09
1.316098986634451155e-09
1.333102135308017840e-09
1.350324953677976157e-09
1.367770279734891436e-09
1.385440988134327619e-09
1.403339990670558712e-09
1.421470236756342427e-09
1.439834713908950007e-09
1.458436448242445188e-09
1.477278504966331008e-09
1.496363988890630631e-09
1.515505953860220952e-09
1.534881957178951209e-09
1.554505686020409126e-09
1.574380307597840650e-09
1.594509029617874743e-09
1.614895100798219743e-09
1.635541811391976555e-09
1.656452493718722514e-09
1.677630522702284669e-09
1.699079316415496940e-09
1.720802336631812750e-09
1.742803089384072560e-09
1.765085125530348555e-09
1.787652041327019711e-09
1.810392553737998559e-09
1.833270208028513365e-09
1.856436963743332817e-09
1.879896474213016028e-09
1.903652438934702058e-09
1.927708604155511093e-09
1.952068763463315599e-09
1.976736758384979052e-09
2.001716478992153655e-09
2.027011864514732786e-09
2.052626903962056186e-09
2.078565636751966762e-09
2.104832153347812858e-09
2.131430595903503962e-09
2.158365158916716216e-09
2.185314609484229557e-09
2.212571936169180482e-09
2.240169242212145713e-09
2.268110768159728542e-09
2.296400807450664239e-09
2.325043707075557384e-09
2.354043868244792992e-09
2.383405747064876189e-09
2.413133855223119798e-09
2.443232760680872153e-09
2.473707088375477862e-09
2.504561520930899168e-09
2.535800799377257197e-09
2.567429723879288980e-09
2.599265863979693337e-09
2.631220278040330903e-09
2.663567527859763733e-09
2.696312442815640377e-09
2.729459911656193032e-09
2.763014883230152886e-09
2.796982367225533659e-09
2.831367434917603055e-09
2.866175219926047084e-09
2.901410918981340907e-09
2.937079792700643009e-09
2.973187166373231727e-09
3.009738430755488276e-09
3.046739042875759192e-09
3.084194526849120147e-09
3.121588367568922538e-09
3.159372578540110110e-09
3.197614135717987394e-09
3.236318574895057052e-09
3.275491498870001686e-09
3.315138578258633098e-09
3.355265552314870283e-09
3.395878229761433912e-09
3.436982489630821830e-09
3.478584282116236789e-09
3.520689629433039629e-09
3.563304626690403672e-09
3.606435442773748519e-09
3.650088321237637681e-09
3.693966721542435916e-09
3.737872874910183616e-09
3.782300892834075971e-09
3.827256978148873667e-09
3.872747407415713782e-09
3.918778531798323173e-09
3.965356777949785880e-09
4.012488648909847142e-09
4.060180725012747430e-09
4.108439664805980225e-09
4.157272205979980162e-09
4.206685166308711757e-09
4.256685444601579758e-09
4.307280021666664425e-09
4.358475961285244514e-09
4.409380424008229531e-09
4.460739556640060748e-09
4.512696904950958637e-09
4.565259436776657477e-09
4.618434201112140032e-09
4.672228329056899858e-09
4.726649034771381291e-09
4.781703616444392816e-09
4.837399457271785808e-09
4.893744026446727868e-09
4.950744880161215880e-09
5.008409662619548456e-09
5.066746107063413642e-09
5.125762036808898785e-09
5.184982856644483052e-09
5.243995412857100562e-09
5.303679616765986015e-09
5.364043112687123947e-09
5.425093631939796612e-09
5.486838993836877164e-09
5.549287106686191343e-09
5.612445968803471279e-09
5.676323669536845972e-09
5.740928390302779960e-09
5.806268405634016856e-09
5.872352084239444211e-09
5.939187890075787064e-09
6.006784383431859744e-09
6.075150222024791112e-09
6.142781173404080864e-09
6.210874084991362557e-09
6.279721808524169478e-09
6.349332711115342534e-09
6.419715252627337354e-09
6.490877986700514848e-09
6.562829561792593730e-09
6.635578722229624022e-09
6.709134309268847964e-09
6.783505262173108373e-09
6.858700619297158463e-09
6.934729519186266067e-09
7.011601201686744966e-09
7.089325009068793840e-09
7.167144070543347503e-09
7.244222241012904252e-09
7.322129339198223946e-09
7.400874279700595715e-09
7.480466072992296073e-09
7.560913826447617440e-09
7.642226745384990808e-09
7.724414134120310086e-09
7.807485397031598755e-09
7.891450039635100700e-09
7.976317669672969780e-09
8.062097998212678888e-09
8.148800840758077369e-09
8.236436118372750269e-09
8.325013858815105348e-09
8.412027093137686333e-09
8.499367033364118311e-09
8.587613802001110224e-09
8.676776814417704009e-09
8.766865583740289562e-09
8.857889721867634751e-09
8.949858940496407403e-09
9.042783052157391070e-09
9.136671971262275479e-09
9.231535715161676783e-09
9.327384405213782121e-09
9.424228267864268649e-09
9.522077635737440794e-09
9.620942948738496399e-09
9.719627389629336255e-09
9.816481845768326555e-09
9.914301440312147960e-09
1.001309579070302840e-08
1.011287461021941515e-08
1.021364770893098623e-08
1.031542499466311824e-08
1.041821647397094280e-08
1.052203225312329772e-08
1.062688253909629335e-08
1.073277764057678028e-08
1.083972796897600790e-08
1.094774403945319586e-08
1.105683647194929148e-08
1.116701599223126045e-08
1.127415147762336903e-08
1.138118280301221444e-08
1.148923023188673904e-08
1.159830341064053190e-08
1.170841207724543465e-08
1.181956606212077754e-08
1.193177528901121335e-08
1.204504977587254673e-08
1.215939963576619273e-08
1.227483507776213707e-08
1.239136640785022947e-08
1.250900402986048491e-08
1.262775844639175933e-08
1.274764025974948624e-08
1.286680806446488540e-08
1.298212811363430837e-08
1.309848173023349333e-08
1.321587817771350262e-08
1.333432680255000139e-08
1.345383703498737109e-08
1.357441838978950157e-08
1.369608046699729834e-08
1.381883295269299572e-08
1.394268561977129934e-08
1.406764832871746030e-08
1.419373102839230768e-08
1.432094375682433345e-08
1.444929664200885491e-08
1.457879990271435525e-08
1.470281907943991594e-08
1.482578106340103108e-08
1.494977139773614707e-08
1.507479868270089525e-08
1.520087159047620675e-08
1.532799886576971577e-08
1.545618932642252643e-08
1.558545186402071754e-08
1.571579544451201568e-08
1.584722910882786486e-08
1.597976197351043926e-08
1.611340323134489054e-08
1.624816215199717354e-08
1.638404808265691449e-08
1.651834652619016511e-08
1.664537522483810461e-08
1.677338079427965531e-08
1.690237074680580200e-08
1.703235265247823047e-08
1.716333413957360282e-08
1.729532289503123761e-08
1.742832666490423096e-08
1.756235325481408493e-08
1.769741053040866453e-08
1.783350641782401925e-08
1.797064890414939421e-08
1.810884603789602653e-08
1.824810592946947203e-08
1.838843675164558819e-08
1.851964131243174329e-08
1.864805206427326965e-08
1.877735318547510557e-08
1.890755084964492402e-08
1.903865127319659427e-08
1.917066071564722916e-08
1.930358547991592625e-08
1.943743191262460022e-08
1.957220640440124055e-08
1.970791539018490946e-08
1.984456534953288410e-08
1.998216280693025034e-08
2.012071433210127342e-08
2.026022654032315417e-08
2.039691895045162448e-08
2.052104821467493621e-08
2.064593289074618672e-08
2.077157757586542737e-08
2.089798689520987686e-08
2.102516550210399955e-08
2.115311807819107261e-08
2.128184933360533886e-08
2.141136400714544671e-08
2.154166686644889257e-08
2.167276270816751556e-08
2.180465635814408068e-08
2.193735267158996712e-08
2.207085653326371687e-08
2.220517285765111195e-08
2.232501125019828926e-08
2.243912713741792110e-08
2.255382633613379411e-08
2.266911182798422018e-08
2.278498660984837357e-08
2.290145369392418479e-08
2.301851610780665480e-08
2.313617689456654634e-08
2.325443911282954515e-08
2.337330583685558322e-08
2.349278015661902240e-08
2.361286517788881483e-08
2.373356402230925894e-08
2.385487982748116897e-08
2.397181626485571349e-08
2.406842482006336893e-08
2.416542271635536488e-08
2.426281152281100564e-08
2.436059281483312662e-08
2.445876817417342586e-08
2.455733918895835815e-08
2.465630745371460885e-08
2.475567456939500452e-08
2.485544214340420511e-08
2.495561178962500504e-08
2.505618512844428349e-08
2.515716378677908043e-08
2.525854939810319878e-08
2.536034360247344584e-08
2.544091320392054636e-08
2.551154986694886459e-08
2.558238265258194578e-08
2.565341210535384925e-08
2.572463877131068412e-08
2.579606319801460950e-08
2.586768593454808292e-08
2.593950753151814842e-08
2.601152854106045003e-08
2.608374951684379119e-08
2.615617101407418133e-08
2.622879358949917029e-08
2.630161780141215295e-08
2.637464420965648199e-08
2.644163234771838828e-08
2.647761893229201595e-08
2.651365449395799398e-08
2.654973909937330883e-08
2.658587281528551334e-08
2.662205570853316011e-08
2.665828784604571883e-08
2.669456929484374169e-08
2.673090012203899909e-08
2.676728039483460196e-08
2.680371018052511767e-08
2.684018954649670233e-08
2.687671856022722652e-08
2.691329728928639111e-08
2.694992580133586621e-08
2.695831517873342152e-08
2.695173183651729693e-08
2.694515010198305032e-08
2.693856997473813153e-08
2.693199145438992425e-08
2.692541454054607025e-08
2.691883923281425430e-08
2.691226553080226045e-08
2.690569343411795877e-08
2.689912294236932520e-08
2.689255405516442833e-08
2.688598677211142609e-08
2.687942109281857897e-08
2.687285701689424673e-08
2.685943036943170992e-08
2.680405612157288297e-08
2.674879603500795905e-08
2.669364987437847087e-08
2.663861740481112561e-08
2.658369839191684217e-08
2.652889260178982465e-08
2.647419980100634150e-08
2.641961975662405711e-08
2.636515223618082082e-08
2.631079700769373389e-08
2.625655383965816680e-08
2.620242250104680962e-08
2.614840276130849414e-08
2.609449439036752217e-08
2.600728625777005356e-08
2.590059028457301694e-08
2.579433203604220400e-08
2.568850971639396550e-08
2.558312153721193965e-08
2.547816571741681036e-08
2.537364048323621773e-08
2.526954406817477441e-08
2.516587471298421760e-08
2.506263066563366697e-08
2.495981018128003143e-08
2.485741152223849863e-08
2.475543295795314028e-08
2.465387276496790125e-08
2.454640046959064089e-08
2.439038353522177087e-08
2.423535824457027811e-08
2.408131829474816702e-08
2.392825742292860641e-08
2.377616940609129684e-08
2.362504806076945256e-08
2.347488724279841146e-08
2.332568084706582649e-08
2.317742280726343867e-08
2.303010709564046153e-08
2.288372772275848078e-08
2.273827873724797212e-08
2.259375422556630126e-08
2.245014831175732865e-08
2.227477541582763166e-08
2.207922606798096642e-08
2.188539343990944302e-08
2.169326246059995183e-08
2.150281819134718025e-08
2.131404582459211222e-08
2.112693068277064238e-08
2.094145821717254334e-08
2.075761400680997850e-08
2.057538375729642752e-08
2.039475329973521362e-08
2.021570858961782147e-08
2.003823570573190622e-08
1.986232084907888143e-08
1.968369650546871632e-08
1.946258672760283101e-08
1.924396070749320005e-08
1.902779054473380951e-08
1.881404865232775114e-08
1.860270775316695018e-08
1.839374087655086654e-08
1.818712135474470879e-08
1.798282281957626753e-08
1.778081919907067000e-08
1.758108471412327443e-08
1.738359387520990983e-08
1.718832147913373679e-08
1.699524260580916923e-08
1.680433261508139807e-08
1.659367702018439726e-08
1.636962841277187480e-08
1.614860492019209682e-08
1.593056569720236702e-08
1.571547045005429350e-08
1.550327942904762477e-08
1.529395342118452847e-08
1.508745374292272499e-08
1.488374223302706532e-08
1.468278124551716294e-08
1.448453364271042427e-08
1.428896278835899905e-08
1.409603254087937149e-08
1.390570724667341945e-08
1.371643409824204890e-08
1.350652529490796449e-08
1.329982882106138324e-08
1.309629551696925309e-08
1.289587697521219023e-08
1.269852552917146667e-08
1.250419424169221372e-08
1.231283689392012830e-08
1.212440797430888779e-08
1.193886266779605333e-08
1.175615684514436119e-08
1.157624705244625008e-08
1.139909050078898382e-08
1.122464505607794094e-08
1.105286922901565734e-08
1.087661726235691696e-08
1.069739421671193989e-08
1.052112437786972602e-08
1.034775908339184985e-08
1.017725047269131154e-08
1.000955147381964521e-08
9.844615790471934591e-09
9.682397889205939588e-09
9.522852986871667374e-09
9.365937038248256528e-09
9.211606723884484894e-09
9.059819438139673528e-09
8.910533277421620098e-09
8.763707028618380415e-09
8.619017057722840031e-09
8.468784640242077488e-09
8.321170825220348481e-09
8.176129969520553341e-09
8.033617225580955579e-09
7.893588527548273165e-09
7.756000577652127856e-09
7.620810832817032694e-09
7.487977491507874375e-09
7.357459480804692576e-09
7.229216443702462329e-09
7.103208726632686536e-09
6.979397367202024127e-09
6.857744082145101754e-09
6.738211255486850328e-09
6.615818078629952062e-09
6.491181023583060529e-09
6.368892037256640925e-09
6.248906883795520558e-09
6.131182160714892936e-09
6.015675283200214674e-09
5.902344468703012199e-09
5.791148721826640912e-09
5.682047819497013024e-09
5.575002296412681661e-09
5.469973430768838385e-09
5.366923230250483553e-09
5.265814418289363898e-09
5.166610420579816818e-09
5.069207615471689340e-09
4.964566649343327903e-09
4.862085731219067677e-09
4.761720272372825217e-09
4.663426604499877056e-09
4.567161960717248122e-09
4.472884456955986906e-09
4.380553073737851304e-09
4.290127638327895940e-09
4.201568807255648687e-09
4.114838049197101717e-09
4.029897628209877240e-09
3.946710587314722186e-09
3.865240732415654760e-09
3.785452616552297641e-09
3.706140484809784621e-09
3.627315857508421158e-09
3.550167724094640534e-09
3.474660427796493962e-09
3.400759070213752097e-09
3.328429495188201557e-09
3.257638273017223464e-09
3.188352685003047255e-09
3.120540708330630533e-09
3.054171001267159965e-09
2.989212888676406082e-09
2.925636347840976210e-09
2.863411994586412625e-09
2.802511069700110304e-09
2.742905425639277212e-09
2.686438171785843233e-09
2.631169593359483792e-09
2.577038065393972879e-09
2.524020195144512048e-09
2.472093071129472234e-09
2.421234253229280885e-09
2.371421762989003545e-09
2.322634074120434792e-09
2.274850103199590742e-09
2.228049200555581780e-09
2.182211141346932691e-09
2.137316116821490979e-09
2.093344725756143983e-09
2.050277966072652259e-09
2.008021047515746854e-09
1.966550015150463080e-09
1.925935471081240818e-09
1.886159726522451502e-09
1.847205458009439811e-09
1.809055699853668886e-09
1.771693836753653641e-09
1.735103596558569909e-09
1.699269043181248882e-09
1.664174569657538481e-09
1.629804891349076742e-09
1.596145039286343045e-09
1.563180353649295747e-09
1.530896477382576781e-09
1.499279349942614569e-09
1.469519245629206881e-09
1.440406802640983802e-09
1.411871102243416335e-09
1.383900718668623284e-09
1.356484452503051042e-09
1.329611326203170939e-09
1.303270579700038551e-09
1.277451666090982409e-09
1.252144247416543400e-09
1.227338190521150488e-09
1.203023562995799596e-09
1.179190629201036434e-09
1.155829846368850077e-09
1.132931860781671150e-09
1.110853702246476428e-09
1.089661697637355721e-09
1.068873977641451439e-09
1.048482829630747065e-09
1.028480688112755505e-09
1.008860131923583005e-09
9.896138814745437137e-10
9.707347960512813925e-10
9.522158711644575646e-10
9.340502359509398685e-10
9.162311506245889882e-10
8.987520039756775991e-10
8.816063109179944156e-10
8.647877100827794823e-10
8.482899614585245624e-10
8.327316872971363310e-10
8.175068209815250726e-10
8.025603114978525561e-10
7.878870696371640820e-10
7.734820992367230687e-10
7.593404954788273721e-10
7.454574432207595460e-10
7.318282153552404219e-10
7.184481712008737762e-10
7.053127549220338709e-10
6.924174939776142560e-10
6.797579975981542445e-10
6.673299552908045637e-10
6.551291353716268799e-10
6.432715100181374840e-10
6.317954680640750902e-10
6.205241600938468108e-10
6.094539336282874787e-10
5.985812013488967475e-10
5.879024399353875976e-10
5.774141889239252145e-10
5.671130495857730328e-10
5.569956838259283240e-10
5.470588131014089072e-10
5.372992173588362252e-10
5.277137339909816404e-10
5.182992568119079567e-10
5.090527350504144850e-10
4.999711723614299621e-10
4.910666300345646952e-10
4.823223028610649733e-10
4.737336842066125619e-10
4.652980014001519442e-10
4.570125311430240784e-10
4.488745986298281412e-10
4.408815766848909800e-10
4.330308849141433732e-10
4.253199888720871663e-10
4.177463992435981512e-10
4.103076710402967329e-10
4.030014028112367831e-10
3.958252358676332476e-10
3.887768535214113732e-10
3.817864521364257363e-10
3.748169065519761900e-10
3.679745906410295064e-10
3.612571818146015698e-10
3.546623998827718948e-10
3.481880062806909334e-10
3.418318033087078218e-10
3.355916333863782682e-10
3.294653783200749094e-10
3.234509585839885841e-10
3.175463326142344737e-10
3.117494961158590550e-10
3.060584813824898885e-10
3.004713566284128125e-10
2.949862253328297865e-10
2.893667595212436251e-10
2.838212293413517579e-10
2.783819757255936135e-10
2.730469619511088121e-10
2.678141903275382215e-10
2.626817014489898988e-10
2.576475734603403814e-10
2.527099213376022368e-10
2.478668961820726481e-10
2.431166845280191198e-10
2.384575076636284053e-10
2.338876209649685355e-10
2.294053132427201384e-10
2.250089061014175474e-10
2.205911328788351128e-10
2.160767535700901105e-10
2.116547606609118765e-10
2.073232634712681541e-10
2.030804100137338887e-10
1.989243862016561983e-10
1.948534150735164184e-10
1.908657560331617629e-10
1.869597041056007239e-10
1.831335892080132437e-10
1.793857754356838975e-10
1.757146603625551834e-10
1.721186743560841862e-10
1.685962799061283543e-10
1.651459709675652404e-10
1.615406548667791910e-10
1.579743548818093694e-10
1.544867873719139107e-10
1.510762141763493058e-10
1.477409355073929257e-10
1.444792891031855581e-10
1.412896493992852080e-10
1.381704267185017978e-10
1.351200664786233175e-10
1.321370484176328388e-10
1.292198858360246715e-10
1.263671248558566827e-10
1.235773436961488695e-10
1.208491519642926581e-10
1.181082300451327763e-10
1.152875113125687813e-10
1.125341583695454404e-10
1.098465623532051845e-10
1.072231528243430368e-10
1.046623968497537031e-10
1.021627981064965171e-10
9.972289600754897671e-11
9.734126484834372101e-11
9.501651297369221403e-11
9.274728196459669334e-11
9.053224584448885637e-11
8.837011030442521266e-11
8.625961194678167141e-11
8.419951754701757937e-11
8.205766093650928610e-11
7.994245520288490173e-11
7.788177326685051031e-11
7.587420966488119639e-11
7.391839516218014503e-11
7.201299581880462908e-11
7.015671207987088801e-11
6.834827788920619092e-11
6.658645982585146662e-11
6.487005626282102465e-11
6.319789654754689367e-11
6.156884020345025730e-11
5.998177615209148933e-11
5.843562195537334756e-11
5.689566153133071776e-11
5.532254774682698838e-11
5.379292914125940400e-11
5.230560311211504534e-11
5.085940030775642629e-11
4.945318370806600661e-11
4.808584773050795520e-11
4.675631736090755628e-11
4.546354730826372146e-11
4.420652118292930247e-11
4.298425069751579359e-11
4.179577488989045799e-11
4.064015936765779667e-11
3.951649557353042333e-11
3.842390007101096504e-11
3.730852354763209278e-11
3.621220268268147327e-11
3.514809749727635255e-11
3.411526132512425616e-11
3.311277531797307598e-11
3.213974762817001186e-11
3.119531261524262009e-11
3.027863007579330765e-11
2.938888449602430547e-11
2.852528432622729518e-11
2.768706127659185829e-11
2.687346963370787125e-11
2.608378559715165178e-11
2.531730663556672964e-11
2.456248232245194231e-11
2.380318646221821742e-11
2.306736258644434856e-11
2.235428510964602218e-11
2.166325087624024051e-11
2.099357846717365832e-11
2.034460752798457819e-11
1.971569811763730557e-11
1.910623007748502333e-11
1.851560241974023775e-11
1.794323273484932279e-11
1.738855661718641684e-11
1.685102710850150736e-11
1.633011415857234062e-11
1.582530410252950415e-11
1.532050552775357314e-11
1.482724041787208246e-11
1.434985666831422193e-11
1.388784295646533617e-11
1.344070442245755982e-11
1.300796213912903756e-11
1.258915259904777033e-11
1.218382721805202396e-11
1.179155185477484802e-11
1.141190634563798694e-11
1.104448405481733361e-11
1.068889143869804927e-11
1.034474762435270347e-11
1.001168400159045738e-11
9.686691796198491995e-12
9.364726541019715548e-12
9.053462733530505282e-12
8.752544680124765230e-12
8.461628509703581960e-12
8.180381780719780402e-12
7.908483101283813407e-12
7.645621761896359796e-12
7.391497380388142083e-12
7.145819558661177652e-12
6.908307550839371706e-12
6.678689942448793054e-12
6.456704340261614998e-12
6.242097072448848729e-12
6.034622898699366374e-12
5.830370900178685593e-12
5.631791523815619786e-12
5.439975656908770726e-12
5.254692937871766570e-12
5.075720851113100146e-12
4.902844459805597176e-12
4.735856147757821306e-12
4.574555370076897667e-12
4.418748412323944846e-12
4.268248157872244221e-12
4.122873863189345573e-12
3.982450940772756649e-12
3.846810749478749262e-12
3.715790391992604188e-12
3.588696418670087000e-12
3.464193020268669607e-12
3.344009044411009457e-12
3.227994636463823110e-12
3.116005140732034354e-12
3.007900920091049263e-12
2.903547181876306052e-12
2.802813809813471284e-12
2.705575201779448791e-12
2.611710113191930171e-12
2.521101505832423730e-12
2.433636401913884760e-12
2.349205743211368914e-12
2.267704255079828577e-12
2.189030315189581995e-12
2.113085826815771152e-12
2.039776096523809613e-12
1.969009716098322647e-12
1.900698448568343102e-12
1.834757118186667690e-12
1.771103504226174597e-12
1.709658238460692531e-12
1.650344706202580199e-12
1.593088950773668358e-12
1.537819581290313509e-12
1.484467683647814750e-12
1.432966734592969902e-12
1.383252518777762479e-12
1.335263048690751462e-12
1.288938487366212719e-12
1.244221073774860228e-12
1.201055050802920657e-12
1.159386595729871360e-12
1.119163753118153641e-12
1.080336370031085011e-12
1.042856033498365351e-12
1.006676010151029636e-12
9.717511879507084744e-13
9.380380199404427309e-13
9.054944699469881709e-13
8.740799601668969208e-13
8.437553205709694108e-13
8.144827400640641544e-13
7.862257193392958333e-13
7.589490253678908543e-13
7.326186474679505572e-13
7.072017548972989424e-13
6.826666559176005673e-13
6.589827582786467813e-13
6.361205310735838660e-13
6.140514679175160545e-13
5.927480514035493589e-13
5.721837187919576233e-13
5.523328288897264033e-13
5.331706300791278624e-13
5.146732294555098297e-13
4.968175630357825168e-13
4.795813670004578167e-13
4.629431499334163483e-13
4.468821660247449248e-13
4.313783892032738867e-13
4.164124881665291643e-13
4.019658022769672097e-13
3.880203182944644360e-13
3.745586479160130086e-13
3.615640060946618187e-13
3.490201901106120716e-13
3.369115593684264958e-13
3.252230158951309909e-13
3.139399855148928648e-13
3.030483996768295026e-13
2.925346779132431173e-13
2.823857109064546447e-13
2.725888441430947575e-13
2.631318621354880253e-13
2.540029731904314686e-13
2.451907947064146506e-13
2.366843389809104141e-13
2.284729995100615391e-13
2.205465377636800264e-13
2.128950704190500801e-13
2.055090570376497553e-13
1.983792881693931355e-13
1.914968738695791404e-13
1.848532326142280163e-13
1.784400805999687605e-13
1.722494214151631764e-13
1.662735360693596819e-13
1.605049733686652757e-13
1.549365406250198580e-13
1.495612946877993693e-13
1.443725332865640226e-13
1.393637866741486514e-13
1.345288095596866536e-13
1.298615733214976515e-13
1.253562584901380997e-13
1.210072474922414081e-13
1.168091176460923641e-13
1.127566344002125419e-13
1.088447448065161528e-13
1.050685712199054904e-13
1.014234052164493441e-13
9.790470172255739596e-14
9.450807334783053862e-14
9.122928491452683484e-14
8.806424817681388022e-14
8.500901672323154897e-14
8.205978105600041627e-14
7.921286384104847779e-14
7.646471532282610349e-14
7.381190889819774645e-14
7.125113684389061440e-14
6.877920619217049472e-14
6.639303474960239471e-14
6.408964725393586700e-14
6.186617166431744573e-14
5.971983558021162114e-14
5.764796278455574427e-14
5.564796990684796042e-14
5.371736320200188786e-14
5.185373544095239256e-14
5.005476290913824316e-14
4.831820250911578124e-14
4.664188896369135596e-14
4.502373211608804868e-14
4.346171432377616273e-14
4.195388794272302578e-14
4.049837289891863309e-14
3.909335434415557342e-14
3.773708039313636165e-14
3.642785993908800684e-14
3.516406054515987884e-14
3.394410640897579578e-14
3.276647639780228298e-14
3.162970215188332495e-14
3.053236625357574739e-14
2.947310046000504234e-14
2.845058399703355187e-14
2.746354191241811921e-14
2.651074348610192499e-14
2.559100069565683890e-14
2.470316673496671957e-14
2.384613458430072054e-14
2.301883562999596018e-14
2.222023833202775300e-14
2.144934693780608346e-14
2.070520024059464062e-14
1.998687038100423613e-14
1.929346169006622865e-14
1.862410957244381584e-14
1.797797942838759238e-14
1.735426561309237289e-14
1.675219043215750586e-14
1.617100317189762670e-14
1.560997916329467426e-14
1.506841887842513369e-14
1.454564705823443438e-14
1.404101187057237086e-14
