7.849643211913766126e-10
7.955785861769020918e-10
8.063363769484300452e-10
8.172396342575129525e-10
8.282903250984931616e-10
8.394904430633439319e-10
8.508420087013419377e-10
8.623470698835698844e-10
8.740077021723641154e-10
8.858260091957554933e-10
8.978041230269724207e-10
9.099442045690763095e-10
9.222484439448014635e-10
9.347190608916473518e-10
9.473583051623516916e-10
9.601278228343055006e-10
9.730260281980507237e-10
9.860975060132849671e-10
9.993445839947251661e-10
1.012769621127235180e-09
1.026375008085921255e-09
1.040163167661828530e-09
1.054136555193398239e-09
1.068297659003699665e-09
1.082649000843541284e-09
1.097193136340532643e-09
1.111932655454181138e-09
1.126870182937095464e-09
1.142008378802410070e-09
1.157349938797441394e-09
1.172793370850419796e-09
1.188439986959749812e-09
1.204295349640946367e-09
1.220362243849621398e-09
1.236643491696366716e-09
1.253141952942480250e-09
1.269860525502256374e-09
1.286802145952002254e-09
1.303969790045840790e-09
1.321366473238393641e-09
1.338995251214439448e-09
1.356859220425636792e-09
1.374961518634408483e-09
1.393305325465087240e-09
1.411826649901737396e-09
1.430514248433502071e-09
1.449449204768654818e-09
1.468634793050890006e-09
1.488074330762000917e-09
1.507771179295523090e-09
1.527728744537970566e-09
1.547950477457766146e-09
1.568439874701965559e-09
1.589200479200883062e-09
1.610235880780723114e-09
1.631549716784284507e-09
1.653145672699984696e-09
1.675027482799044257e-09
1.697198930781273207e-09
1.719494199213836502e-09
1.742072679148436077e-09
1.764947634497951311e-09
1.788122958246848157e-09
1.811602594497922575e-09
1.835390539143528647e-09
1.859490840545622989e-09
1.883907600224726796e-09
1.908644973557978593e-09
1.933707170486270885e-09
1.959098456230751519e-09
1.984823152018695768e-09
2.010885635818915802e-09
2.037290343086826254e-09
2.063934952947016068e-09
2.090786580682443899e-09
2.117987545935031488e-09
2.145542393557770933e-09
2.173455727531853383e-09
2.201732211735867598e-09
2.230376570725087218e-09
2.259393590520898439e-09
2.288788119410412350e-09
2.318565068756565505e-09
2.348729413818760023e-09
2.379286194584093658e-09
2.410240516609490462e-09
2.441597551874789525e-09
2.473362539646842238e-09
2.505249831692784256e-09
2.537522632421453445e-09
2.570211173589936975e-09
2.603320810795199899e-09
2.636856968625343982e-09
2.670825141548420307e-09
2.705230894812596163e-09
2.740079865357914879e-09
2.775377762739903362e-09
2.811130370064974814e-09
2.847343544937883891e-09
2.884023220421487407e-09
2.921175406008765515e-09
2.958806188607365573e-09
2.996755239101233721e-09
3.034945114698386377e-09
3.073621672217070871e-09
3.112791113806129875e-09
3.152459720652991351e-09
3.192633853990914383e-09
3.233319956119074105e-09
3.274524551435644520e-09
3.316254247484046322e-09
3.358515736012528032e-09
3.401315794047266998e-09
3.444661284979070066e-09
3.488559159664068489e-09
3.533016457538297071e-09
3.578040307746546307e-09
3.623146359555465862e-09
3.668761684433782478e-09
3.714951305147061753e-09
3.761722452065966368e-09
3.809082446591304706e-09
3.857038702300189260e-09
3.905598726106472608e-09
3.954770119435872438e-09
4.004560579415871700e-09
4.054977900080600628e-09
4.106029973590908299e-09
4.157724791469707243e-09
4.210070445853040282e-09
4.263075130756728962e-09
4.316477662642833254e-09
4.370104279513932205e-09
4.424397137302250337e-09
4.479364513184024309e-09
4.535014787168651416e-09
4.591356443376217096e-09
4.648398071331014339e-09
4.706148367270940809e-09
4.764616135473347779e-09
4.823810289597254819e-09
4.883739854042352953e-09
4.944413965324694521e-09
5.005841873469670301e-09
5.068032943422178739e-09
5.130996656474429851e-09
5.193920231581818913e-09
5.257487583979681507e-09
5.321832924508032384e-09
5.386965774808200760e-09
5.452895773055048939e-09
5.519632675383068913e-09
5.587186357330159114e-09
5.655566815298949816e-09
5.724784168036051045e-09
5.794848658129389287e-09
5.865770653523854654e-09
5.937560649055617530e-09
6.010229268004979010e-09
6.083787263668471502e-09
6.157824170165129555e-09
6.231982217668813733e-09
6.307033342963845081e-09
6.382988301294869746e-09
6.459857977430820197e-09
6.537653387224788434e-09
6.616385679192662135e-09
6.696066136110764458e-09
6.776706176632743150e-09
6.858317356925926539e-09
6.940911372327382125e-09
7.024500059019930921e-09
7.109095395728331751e-09
7.194709505435904363e-09
7.281354657121817163e-09
7.367646847635649097e-09
7.454692978207175015e-09
7.542767527893265235e-09
7.631882647100473803e-09
7.722050629788088259e-09
7.813283915164129484e-09
7.905595089401536402e-09
7.998996887374317170e-09
8.093502194414523813e-09
8.189124048089828616e-09
8.285875640002135725e-09
8.383770317607408275e-09
8.482821586057162676e-09
8.583043110061376973e-09
8.683760470186882053e-09
8.784225960713316892e-09
8.885853771967200437e-09
8.988657351247367933e-09
9.092650301429237528e-09
9.197846382764579924e-09
9.304259514702491976e-09
9.411903777731054769e-09
9.520793415240481848e-09
9.630942835407800612e-09
9.742366613103324952e-09
9.855079491819228509e-09
9.969096385620228462e-09
1.008443238111724343e-08
1.020110273946348121e-08
1.031682687745135933e-08
1.043333175442377074e-08
1.055115228654086507e-08
1.067030333110741865e-08
1.079079991320726814e-08
1.091265722759817118e-08
1.103589064062770724e-08
1.116051569217114342e-08
1.128654809759096415e-08
1.141400374971853281e-08
1.154289872085835209e-08
1.167324926481461179e-08
1.180507181894098702e-08
1.193838300621332292e-08
1.207209525655976254e-08
1.220470275892125323e-08
1.233876690566044556e-08
1.247430369747721553e-08
1.261132931083313150e-08
1.274986009988229063e-08
1.288991259842309783e-08
1.303150352187161762e-08
1.317464976925658156e-08
1.331936842523633088e-08
1.346567676213777531e-08
1.361359224201803488e-08
1.376313251874844210e-08
1.391431544012157439e-08
1.406715904998144278e-08
1.421786783011847283e-08
1.436914769729378293e-08
1.452203720091289924e-08
1.467655346770609922e-08
1.483271380663417641e-08
1.499053571082741133e-08
1.515003685954513752e-08
1.531123512015619893e-08
1.547414855014043905e-08
1.563879539911151496e-08
1.580519411086123109e-08
1.597336332542560486e-08
1.614332188117293522e-08
1.631508881691408596e-08
1.648694704447627431e-08
1.665595818923370530e-08
1.682670190260891276e-08
1.699919594552541377e-08
1.717345826097766510e-08
1.734950697589752349e-08
1.752736040303977075e-08
1.770703704288718681e-08
1.788855558557476374e-08
1.807193491283401034e-08
1.825719409995702628e-08
1.844435241778070991e-08
1.863342933469135107e-08
1.882444451864973793e-08
1.901741783923700960e-08
1.920604274232978211e-08
1.939452447870486868e-08
1.958485591235615109e-08
1.977705519559949186e-08
1.997114065889156951e-08
2.016713081257808179e-08
2.036504434865913109e-08
2.056490014257189787e-08
2.076671725499086368e-08
2.097051493364563646e-08
2.117631261515666616e-08
2.138412992688899621e-08
2.159398668882399457e-08
2.180590291544988162e-08
2.201724810008258164e-08
2.222248323144322677e-08
2.242963147469474479e-08
2.263871066302721089e-08
2.284973879586387418e-08
2.306273404041076139e-08
2.327771473322048506e-08
2.349469938177109634e-08
2.371370666605920842e-08
2.393475544020815145e-08
2.415786473409114239e-08
2.438305375496956591e-08
2.461034188914633634e-08
2.483974870363512830e-08
2.507129394784467854e-08
2.529475901807732600e-08
2.551646681722862522e-08
2.574011787854618778e-08
2.596572923466422986e-08
2.619331806750744442e-08
2.642290170959973660e-08
2.665449764538389771e-08
2.688812351255333297e-08
2.712379710339545902e-08
2.736153636614639089e-08
2.760135940635804987e-08
2.784328448827697097e-08
2.808733003623519726e-08
2.833351463605366119e-08
2.857795362513974395e-08
2.881057452560320937e-08
2.904508893055066182e-08
2.928151225286735339e-08
2.951986003089726781e-08
2.976014792946477458e-08
3.000239174090367800e-08
3.024660738609560018e-08
3.049281091551587814e-08
3.074101851028885434e-08
3.099124648325115120e-08
3.124351128002362438e-08
3.149782948009264004e-08
3.175421779789921363e-08
3.201269308393803513e-08
3.225735539871829991e-08
3.249724378228197463e-08
3.273891614459584885e-08
3.298238575258076399e-08
3.322766597181952244e-08
3.347477026729101364e-08
3.372371220410908488e-08
3.397450544826740751e-08
3.422716376738937907e-08
3.448170103148433175e-08
3.473813121370875038e-08
3.499646839113311510e-08
3.525672674551513002e-08
3.551892056407802071e-08
3.577762736331620230e-08
3.601543159070640132e-08
3.625481643857739140e-08
3.649579241288666466e-08
3.673837008942198290e-08
3.698256011426541929e-08
3.722837320426092058e-08
3.747582014748417214e-08
3.772491180371636069e-08
3.797565910492070315e-08
3.822807305572221798e-08
3.848216473389071265e-08
3.873794529082692100e-08
3.899542595205193606e-08
3.925461801769985237e-08
3.949174899978339441e-08
3.971907744281348681e-08
3.994771446858105793e-08
4.017766760975002166e-08
4.040894444234498711e-08
4.064155258600106056e-08
4.087549970421433555e-08
4.111079350459503001e-08
4.134744173912074253e-08
4.158545220439253422e-08
4.182483274189110984e-08
4.206559123823584446e-08
4.230773562544402848e-08
4.255127388119243539e-08
4.278896684571302768e-08
4.299167326735409507e-08
4.319533998078072302e-08
4.339997153523374565e-08
4.360557250150509604e-08
4.381214747204042298e-08
4.401970106104131726e-08
4.422823790456856364e-08
4.443776266064533329e-08
4.464828000936175266e-08
4.485979465297920768e-08
4.507231131603506476e-08
4.528583474544876170e-08
4.550036971062748170e-08
4.571592100357287282e-08
4.589831749421598795e-08
4.606327923905424399e-08
4.622883386787486751e-08
4.639498351154412525e-08
4.656173030858675219e-08
4.672907640521351322e-08
4.689702395534877800e-08
4.706557512065828119e-08
4.723473207057693555e-08
4.740449698233675754e-08
4.757487204099487237e-08
4.774585943946167124e-08
4.791746137852900820e-08
4.808968006689843029e-08
4.825371667977777381e-08
4.836429572205557869e-08
4.847512816915755852e-08
4.858621460179044370e-08
4.869755560199202395e-08
4.880915175313347770e-08
4.892100363992327631e-08
4.903311184840950686e-08
4.914547696598323379e-08
4.925809958138193333e-08
4.937098028469181626e-08
4.948411966735175202e-08
4.959751832215556499e-08
4.971117684325593877e-08
4.982509582616681171e-08
4.989312596836287203e-08
4.993379129834885184e-08
4.997448977256133579e-08
5.001522141801438169e-08
5.005598626174416949e-08
5.009678433080879613e-08
5.013761565228875195e-08
5.017848025328626561e-08
5.021937816092576731e-08
5.026030940235369687e-08
5.030127400473890737e-08
5.034227199527212257e-08
5.038330340116618835e-08
5.042436824965647636e-08
5.045587723039233544e-08
5.041274717705469967e-08
5.036965399160249810e-08
5.032659764252077805e-08
5.028357809832155292e-08
5.024059532754373605e-08
5.019764929875323991e-08
5.015473998054253944e-08
5.011186734153126093e-08
5.006903135036575853e-08
5.002623197571918706e-08
4.998346918629148211e-08
4.994074295080941966e-08
4.989805323802623221e-08
4.985540001672213821e-08
4.975648396043781188e-08
4.962041646934915895e-08
4.948472107774709932e-08
4.934939676806276977e-08
4.921444252551002867e-08
4.907985733807813049e-08
4.894564019652355325e-08
4.881179009436271270e-08
4.867830602786472951e-08
4.854518699604329633e-08
4.841243200064947151e-08
4.828004004616447921e-08
4.814801013979168251e-08
4.801634129144939685e-08
4.787628372836743529e-08
4.764537839478486678e-08
4.741558670806302390e-08
4.718690329712920836e-08
4.695932281681519962e-08
4.673283994773229105e-08
4.650744939614698126e-08
4.628314589385720799e-08
4.605992419806934970e-08
4.583777909127524694e-08
4.561670538113087815e-08
4.539669790033457217e-08
4.517775150650633253e-08
4.495986108206766464e-08
4.474302153412193904e-08
4.446883336908972547e-08
4.415327580491825407e-08
4.383995748492652477e-08
4.352886251909950411e-08
4.321997513017974708e-08
4.291327965286787075e-08
4.260876053302783889e-08
4.230640232689783826e-08
4.200618970030768637e-08
4.170810742790042799e-08
4.141214039236082717e-08
4.111827358364836564e-08
4.082649209823581976e-08
4.053678113835387915e-08
4.024324898022677196e-08
3.986140041633461082e-08
3.948317502724670381e-08
3.910853843442426743e-08
3.873745658552979339e-08
3.836989575133155349e-08
3.800582252263829322e-08
3.764520380726219518e-08
3.728800682701107828e-08
3.693419911470903880e-08
3.658374851124538093e-08
3.623662316265151271e-08
3.589279151720569480e-08
3.555222232256487438e-08
3.521488462292445797e-08
3.483541664611681241e-08
3.442297749603180388e-08
3.401542148124128166e-08
3.361269078713113960e-08
3.321472828359209273e-08
3.282147751691534546e-08
3.243288270178429870e-08
3.204888871336097255e-08
3.166944107946619805e-08
3.129448597285229452e-08
3.092397020356761668e-08
3.055784121141051027e-08
3.019604705847421769e-08
2.983853642177814136e-08
2.948311730845405324e-08
2.907169678805962783e-08
2.866601741243055160e-08
2.826599906708156452e-08
2.787156275548053655e-08
2.748263058344804649e-08
2.709912574377467135e-08
2.672097250105291921e-08
2.634809617672082111e-08
2.598042313431426016e-08
2.561788076492505045e-08
2.526039747286197942e-08
2.490790266151192883e-08
2.456032671939833776e-08
2.421760100643392072e-08
2.385974683349090048e-08
2.348912930747062475e-08
2.312426864683327426e-08
2.276507542920500441e-08
2.241146162122460042e-08
2.206334055696842653e-08
2.172062691670927164e-08
2.138323670600587518e-08
2.105108723511698250e-08
2.072409709873524118e-08
2.040218615603583297e-08
2.008527551103508998e-08
1.977328749325412548e-08
1.946614563868289670e-08
1.916361336371971400e-08
1.884409273368880116e-08
1.852989956623384443e-08
1.822094503498545893e-08
1.791714179460282825e-08
1.761840395608000404e-08
1.732464706246389339e-08
1.703578806497745884e-08
1.675174529954051102e-08
1.647243846368251545e-08
1.619778859383982316e-08
1.592771804303179317e-08
1.566215045890910647e-08
1.540101076216775668e-08
1.514422512532342682e-08
1.488298870850520642e-08
1.461747186654197294e-08
1.435669192217013962e-08
1.410056436776063740e-08
1.384900620332505343e-08
1.360193590961890389e-08
1.335927342172462842e-08
1.312094010310613063e-08
1.288685872012593906e-08
1.265695341701710911e-08
1.243114969130163869e-08
1.220937436964727470e-08
1.199155558415544609e-08
1.177762274907159002e-08
1.156750653791161441e-08
1.134229887226898097e-08
1.112111117846745782e-08
1.090423689559260697e-08
1.069159190723859599e-08
1.048309373736485046e-08
1.027866151830723102e-08
1.007821595941269283e-08
9.881679316285911499e-09
9.688975360635495759e-09
9.500029350708181707e-09
9.314768002299578507e-09
9.133119460330528621e-09
8.955013270977381271e-09
8.780380354345968410e-09
8.602436538585849766e-09
8.420604319218194245e-09
8.242615540700333089e-09
8.068388963097907623e-09
7.897845063668832113e-09
7.730906000566532383e-09
7.567495577310267073e-09
7.407539208006617394e-09
7.250963883306088984e-09
7.097698137079148321e-09
6.947672013796791186e-09
6.800817036600423899e-09
6.657066176046943961e-09
6.516353819514206959e-09
6.378615741253189888e-09
6.243013219509911830e-09
6.110256845292039278e-09
5.980323507687383338e-09
5.853153175411071516e-09
5.728687093730981669e-09
5.606867757322142607e-09
5.487638883698259440e-09
5.370945387208436541e-09
5.256733353586638319e-09
5.144950015042449530e-09
5.035543725881538076e-09
4.928463938644427510e-09
4.823661180752888784e-09
4.721087031652733007e-09
4.621090611756254410e-09
4.523704849225317126e-09
4.428371413199192111e-09
4.335047052549879909e-09
4.243689427632047843e-09
4.154257091074284842e-09
4.066709468975165229e-09
3.981006842495506376e-09
3.897110329838716344e-09
3.814981868610735530e-09
3.734584198551799311e-09
3.655880844632105565e-09
3.578836100503726955e-09
3.503415012301272079e-09
3.429583362783867393e-09
3.355800151631689423e-09
3.283488781378198442e-09
3.212735589213900292e-09
3.143506999244020933e-09
3.075770159073056347e-09
3.009492924214709280e-09
2.944643842837710115e-09
2.881192140840340719e-09
2.819107707246626483e-09
2.758361079917206902e-09
2.698923431568067055e-09
2.640766556090531169e-09
2.583862855166143991e-09
2.528185325169814278e-09
2.475066271324520004e-09
2.424947012731441067e-09
2.375842652248768203e-09
2.327732638531519864e-09
2.280596836392501721e-09
2.234415518375289604e-09
2.189169356497801082e-09
2.144839414163109309e-09
2.101407138233972042e-09
2.058854351267929244e-09
2.017163243909635303e-09
1.976316367437161008e-09
1.936296626459352757e-09
1.897087271760947738e-09
1.858671893292660357e-09
1.821291846175569517e-09
1.784691359698497036e-09
1.748826392689746812e-09
1.713682164228623316e-09
1.679244190430214295e-09
1.645498278476233785e-09
1.612430520765742418e-09
1.580027289183484327e-09
1.548275229483339270e-09
1.517161255784679109e-09
1.486672545179353912e-09
1.456796532447001076e-09
1.427520904876584495e-09
1.398833597191994301e-09
1.371172737758882071e-09
1.344756562276872535e-09
1.318849304677986400e-09
1.293441160461494434e-09
1.268522514014188909e-09
1.244083934971365243e-09
1.220116174647989094e-09
1.196610162538516338e-09
1.173557002884220498e-09
1.150947971306628449e-09
1.128774511505792609e-09
1.107028232022218190e-09
1.085700903061146012e-09
1.064784453377997058e-09
1.044270967223863094e-09
1.024489361530611581e-09
1.005130065568513586e-09
9.861365931612766553e-10
9.675020315124002450e-10
9.492195984532727906e-10
9.312826399747365472e-10
9.136846278053419143e-10
8.964191570353259271e-10
8.794799437855072752e-10
8.628608229202287924e-10
8.465557458035158943e-10
8.305587780976373280e-10
8.148640976032643176e-10
7.994659921404436289e-10
7.843557736327374138e-10
7.695257834588108030e-10
7.549761872284868945e-10
7.407016834707195426e-10
7.266970709505504233e-10
7.129572467739437459e-10
6.994772045284230984e-10
6.862520324588677096e-10
6.732769116778106196e-10
6.605471144095739155e-10
6.480580022675929340e-10
6.358050245643103909e-10
6.237837166530374218e-10
6.119896983011645620e-10
6.004186720941206833e-10
5.888588990987975093e-10
5.774850574141523987e-10
5.663309021006656199e-10
5.553921899041197553e-10
5.446647595289900896e-10
5.341445300553926612e-10
5.238274993866416144e-10
5.137097427267582452e-10
5.037874110874199216e-10
4.940567298237146384e-10
4.845139971982087238e-10
4.751555829727280944e-10
4.659779270273428963e-10
4.569775380060333218e-10
4.480273882307153754e-10
4.390111439002501922e-10
4.301763453116350333e-10
4.215193409935871366e-10
4.130365529581858358e-10
4.047244752220650664e-10
3.965796723573743430e-10
3.885987780718924254e-10
3.807784938177234873e-10
3.731155874279921591e-10
3.656068917809674663e-10
3.582493034910696731e-10
3.510397816262342530e-10
3.439753464510658525e-10
3.370530781953074448e-10
3.299555352168103246e-10
3.229402652690487817e-10
3.160741487895193545e-10
3.093540145877687201e-10
3.027767588968437633e-10
2.963393439397818367e-10
2.900387965265853660e-10
2.838722066810156963e-10
2.778367262965878097e-10
2.719295678211521464e-10
2.661480029694214307e-10
2.604893614628884965e-10
2.549510297965279634e-10
2.495304500317205715e-10
2.441177176917744807e-10
2.385859486473949361e-10
2.331795308845597435e-10
2.278956239116190766e-10
2.227314516031773435e-10
2.176843007415432682e-10
2.127515195912218046e-10
2.079305165057129072e-10
2.032187585658798058e-10
1.986137702491720729e-10
1.941131321290045947e-10
1.897144796036087800e-10
1.854155016536884216e-10
1.812139396282281068e-10
1.771075860578117939e-10
1.728738371783754809e-10
1.686855783821743044e-10
1.645987896061350482e-10
1.606110125100517579e-10
1.567198483125578384e-10
1.529229563481762695e-10
1.492180526593354455e-10
1.456029086224872656e-10
1.420753496075197368e-10
1.386332536696424115e-10
1.352745502729638553e-10
1.319972190449984576e-10
1.287992885613424833e-10
1.256788351597969273e-10
1.225757353492508331e-10
1.194039274216155815e-10
1.163141941843836778e-10
1.133044118472892755e-10
1.103725115759238920e-10
1.075164780696838306e-10
1.047343481765105837e-10
1.020242095434813988e-10
9.938419930231330201e-11
9.681250278888352955e-11
9.430735229588372485e-11
9.186702585775069749e-11
8.948984606703883428e-11
8.717417892142030706e-11
8.491843270052078050e-11
8.261306475156403667e-11
8.033849367811792909e-11
7.812654797250788030e-11
7.597550338142700461e-11
7.388368312513209067e-11
7.184945659036474732e-11
6.987123805925559120e-11
6.794748547322816490e-11
6.607669923093589625e-11
6.425742101929394621e-11
6.248823267669627978e-11
6.076775508753247567e-11
5.909464710714197795e-11
5.746760451636477300e-11
5.586216058141123042e-11
5.423547345776526877e-11
5.265615491010474380e-11
5.112282558160238162e-11
4.963414628183167577e-11
4.818881681713686151e-11
4.678557485505875603e-11
4.542319482183043292e-11
4.410048683197618342e-11
4.281629564908134438e-11
4.156949967682234467e-11
4.035900997937940889e-11
3.918376933037359585e-11
3.804275128949853538e-11
3.693495930604106033e-11
3.581951442451738418e-11
3.472423193948544801e-11
3.366244079964024444e-11
3.263311691282523590e-11
3.163526750138383291e-11
3.066793014463134403e-11
2.973017185060471203e-11
2.882108815619614509e-11
2.793980225480379309e-11
2.708546415065572881e-11
2.625724983899359186e-11
2.545436051132385064e-11
2.467602178497131081e-11
2.392148295619115735e-11
2.318300703239704414e-11
2.244429139871169960e-11
2.172911459183560287e-11
2.103672655810486568e-11
2.036640114396341198e-11
1.971743533439753368e-11
1.908914851563650697e-11
1.848088176134814950e-11
1.789199714157822868e-11
1.732187705371104970e-11
1.676992357474819715e-11
1.623555783422707119e-11
1.571821940712027186e-11
1.521736572608109332e-11
1.473247151241612537e-11
1.426302822519131162e-11
1.380854352789038925e-11
1.336854077206923280e-11
1.294255849746241958e-11
1.253014994801926135e-11
1.213088260336080735e-11
1.174433772516704395e-11
1.137010991801771177e-11
1.100780670422750669e-11
1.065704811222795960e-11
1.031746627806652971e-11
9.988705059602584358e-12
9.670419662997738276e-12
9.362276281107255649e-12
9.063951743394363998e-12
8.775133176999673796e-12
8.495517678610655899e-12
8.224811996786470279e-12
7.962732224405915098e-12
7.709003500914667856e-12
7.463359724061136333e-12
7.225543270816871507e-12
6.995304727190384553e-12
6.772402626649824254e-12
6.556603196881027432e-12
6.347680114614830148e-12
6.145414268266849382e-12
5.949593528140355563e-12
5.760012523951923040e-12
5.576472429445610463e-12
5.398780753870929175e-12
5.226751140104658432e-12
5.060203169205893040e-12
4.898962171198502474e-12
4.742859041883151000e-12
4.591730065486394541e-12
4.445416742961094861e-12
4.303765625757753831e-12
4.166628154892943496e-12
4.033860505145364945e-12
3.905323434216984499e-12
3.780882136700130447e-12
3.660406102698216630e-12
3.543768980951180572e-12
3.430848446322553695e-12
3.321526071508888708e-12
3.215687202837197192e-12
3.113220840019891853e-12
3.014019519741495154e-12
2.917979202954530815e-12
2.824999165767005264e-12
2.734981893806389855e-12
2.647832979949895373e-12
2.563461025313338127e-12
2.481777543395074034e-12
2.402696867274276931e-12
2.326136059766348386e-12
2.252014826441132978e-12
2.180255431412772251e-12
2.110782615812919657e-12
2.043523518861732362e-12
1.978407601453896019e-12
1.915366572179584508e-12
1.854334315702677634e-12
1.795246823421182250e-12
1.738042126337160834e-12
1.682660230065697440e-12
1.629043051914775531e-12
1.577134359970100468e-12
1.526879714120929566e-12
1.478226408965048905e-12
1.431123418533182572e-12
1.385521342774581700e-12
1.341372355747920468e-12
1.298630155463058392e-12
1.257249915320992517e-12
1.217188237101281354e-12
1.178403105447394369e-12
1.140853843802394428e-12
1.104501071748755499e-12
1.069306663707433386e-12
1.035233708953089463e-12
1.002246472903295744e-12
9.703103596413305870e-13
9.393918756331023221e-13
9.094585946002607290e-13
8.804791235125857745e-13
8.524230696640362644e-13
8.252610087978636431e-13
7.989644542474622872e-13
7.735058270604586564e-13
7.488584270748700828e-13
7.249964049168229356e-13
7.018947348906164086e-13
6.795291887325841016e-13
6.578763102013079026e-13
6.369133904774860881e-13
6.166184443476892493e-13
5.969701871469806171e-13
5.779480124362897655e-13
5.595319703910351206e-13
5.417027468784443050e-13
5.244416432015057190e-13
5.077305564884169557e-13
4.915519607068788057e-13
4.758888882833846391e-13
4.607249123081883959e-13
4.460441293073157409e-13
4.318311425635157296e-13
4.180710459687121667e-13
4.047494083909514095e-13
3.918522585395355483e-13
3.793660703123762879e-13
3.672777486102836501e-13
3.555746156032500646e-13
3.442443974343697508e-13
3.332752113474229050e-13
3.226555532246413548e-13
3.123742855215623578e-13
3.024206255863546261e-13
2.927841343513155977e-13
2.834547053847421791e-13
2.744225542916261379e-13
2.656782084521164598e-13
2.572124970869426652e-13
2.490165416394106576e-13
2.410817464638656561e-13
2.333997898108685103e-13
2.259626150996147484e-13
2.187624224684688977e-13
2.117916605947178221e-13
2.050430187750064399e-13
1.985094192581082595e-13
1.921840098220148221e-13
1.860601565875545468e-13
1.801314370610038112e-13
1.743916333983806436e-13
1.688347258843864576e-13
1.634548866191233492e-13
1.582464734059858435e-13
1.532040238343146994e-13
1.483222495506015978e-13
1.435960307122389433e-13
