6.967489967329526562e-10
7.060017797297189529e-10
7.153774391046167283e-10
7.248776066482442914e-10
7.345039358212767661e-10
7.442581020422405727e-10
7.541418029791238548e-10
7.641567588448306082e-10
7.743047126965869760e-10
7.845874307393098409e-10
7.950067026330068905e-10
8.055643418042584037e-10
8.162621857618323572e-10
8.271020964165084318e-10
8.380859604051145406e-10
8.491741074074308601e-10
8.603645185041819891e-10
8.717023967686422415e-10
8.831896855222360029e-10
8.948283536954508848e-10
9.066203961653430277e-10
9.185678340974309071e-10
9.306727152921546604e-10
9.429371145358407549e-10
9.553631339563525324e-10
9.679529033833691378e-10
9.807085807134518602e-10
9.936323522799220796e-10
1.006726433227571396e-09
1.019993067892372065e-09
1.033318925540398928e-09
1.046815676468042490e-09
1.060488715936523021e-09
1.074340346548133471e-09
1.088372900980730698e-09
1.102588742380569127e-09
1.116990264760265820e-09
1.131579893401962932e-09
1.146360085265756200e-09
1.161333329403458132e-09
1.176502147377765787e-09
1.191869093686903657e-09
1.207436756194813011e-09
1.223207756566959239e-09
1.239114947972775741e-09
1.255146017566519844e-09
1.271384489381287671e-09
1.287833046686658396e-09
1.304494407467050035e-09
1.321371324870853083e-09
1.338466587665343250e-09
1.355783020697534379e-09
1.373323485360938072e-09
1.391090880068391078e-09
1.409088140730998251e-09
1.427318241243244816e-09
1.445784193974440713e-09
1.464489050266466808e-09
1.483435900937994415e-09
1.502441056823056935e-09
1.521679053178729744e-09
1.541163382328691106e-09
1.560897198439546515e-09
1.580883696065387581e-09
1.601126110664970983e-09
1.621627719125463804e-09
1.642391840292892743e-09
1.663421835509445688e-09
1.684721109157594230e-09
1.706293109211181654e-09
1.728141327793629844e-09
1.750269301743231214e-09
1.772680613185679491e-09
1.795265979828978574e-09
1.817989628950356246e-09
1.841000903546283789e-09
1.864303444247417229e-09
1.887900937765837396e-09
1.911797117478326613e-09
1.935995764017021148e-09
1.960500705867580258e-09
1.985315819974846179e-09
2.010445032356248592e-09
2.035892318722936204e-09
2.061661705108777289e-09
2.087757268507319367e-09
2.114183137516807690e-09
2.140943492993405221e-09
2.167725485364434237e-09
2.194814626882890155e-09
2.222242289857656316e-09
2.250012704647115365e-09
2.278130154474597455e-09
2.306598976089087874e-09
2.335423560434036478e-09
2.364608353324681305e-09
2.394157856133679558e-09
2.424076626485463691e-09
2.454369278959115800e-09
2.485040485800187147e-09
2.516094977641248574e-09
2.547537544231612280e-09
2.579188584463822216e-09
2.610960553939139147e-09
2.643123909314056045e-09
2.675683471911411693e-09
2.708644122445948686e-09
2.742010801755972476e-09
2.775788511543921206e-09
2.809982315126171847e-09
2.844597338192012744e-09
2.879638769572038563e-09
2.915111862015890325e-09
2.951021932979684608e-09
2.987374365423139796e-09
3.024174608616420042e-09
3.061428178957029889e-09
3.098631458324907944e-09
3.136225391596860151e-09
3.174275430681299075e-09
3.212787109250631209e-09
3.251766028114215691e-09
3.291217856032793510e-09
3.331148330543009563e-09
3.371563258791723561e-09
3.412468518380659873e-09
3.453870058221086927e-09
3.495773899399072536e-09
3.538186136051097586e-09
3.581112936250291559e-09
3.624560542903566563e-09
3.668235331916377530e-09
3.711941469467547188e-09
3.756168355086071947e-09
3.800922193359304314e-09
3.846209262800818364e-09
3.892035916731097772e-09
3.938408584168950719e-09
3.985333770733393191e-09
4.032818059556269072e-09
4.080868112205913935e-09
4.129490669621572999e-09
4.178692553059205235e-09
4.228480665048384924e-09
4.278861990360606722e-09
4.329843596989282932e-09
4.380554938011020454e-09
4.431723807193745817e-09
4.483490375346214697e-09
4.535861624136484021e-09
4.588844616784846102e-09
4.642446499016380044e-09
4.696674500024796665e-09
4.751535933447368445e-09
4.807038198351251426e-09
4.863188780231499294e-09
4.919995252020561221e-09
4.977465275109573639e-09
5.035606600381752845e-09
5.094427069257688254e-09
5.153460507135253616e-09
5.212301050067735138e-09
5.271813415261764437e-09
5.332005273366285843e-09
5.392884382611294798e-09
5.454458589807743711e-09
5.516735831358865377e-09
5.579724134283238234e-09
5.643431617249320475e-09
5.707866491621917894e-09
5.773037062520470493e-09
5.838951729889654145e-09
5.905618989581965636e-09
5.973047434452821282e-09
6.041245755468002878e-09
6.108739691199491509e-09
6.176702492675355331e-09
6.245421414499758310e-09
6.314904868891846566e-09
6.385161361661009857e-09
6.456199493247971101e-09
6.528027959777678934e-09
6.600655554123926378e-09
6.674091166985569901e-09
6.748343787974961785e-09
6.823422506718494078e-09
6.899336513969115166e-09
6.976095102731634541e-09
7.053707669400128410e-09
7.131426363619047911e-09
7.208424862558713188e-09
7.286254719565708336e-09
7.364924910870002918e-09
7.444444509618626331e-09
7.524822686921908185e-09
7.606068712911314093e-09
7.688191957808555102e-09
7.771201893006234648e-09
7.855108092160327495e-09
7.939920232294131672e-09
8.025648094914461029e-09
8.112301567139727688e-09
8.199890642840240292e-09
8.288425423790772660e-09
8.375441949123694766e-09
8.462799176257893063e-09
8.551067553535479919e-09
8.640256584401156070e-09
8.730375871422250006e-09
8.821435117322290074e-09
8.913444126025938729e-09
9.006412803714250007e-09
9.100351159891509172e-09
9.195269308462617270e-09
9.291177468822306011e-09
9.388085966955149024e-09
9.486005236547423288e-09
9.584945820110575917e-09
9.683727683727378847e-09
9.780724494012977463e-09
9.878692870364132039e-09
9.977642544447407321e-09
1.007758334540648210e-08
1.017852520083828027e-08
1.028047813777926287e-08
1.038345228370150749e-08
1.048745786751857471e-08
1.059250522060175742e-08
1.069860477780618347e-08
1.080576707850752280e-08
1.091400276764876629e-08
1.102332259679770337e-08
1.113373742521499589e-08
1.124117480288368629e-08
1.134853284476091632e-08
1.145691620199508788e-08
1.156633466678777027e-08
1.167679812486018814e-08
1.178831655634644587e-08
1.190090003669528182e-08
1.201455873758022177e-08
1.212930292781863115e-08
1.224514297429956691e-08
1.236208934292024516e-08
1.248015259953169394e-08
1.259934341089342551e-08
1.271967254563697771e-08
1.283932165961131841e-08
1.295519553692334274e-08
1.307211516694717614e-08
1.319008998751953851e-08
1.330912952165289201e-08
1.342924337830411514e-08
1.355044125315025758e-08
1.367273292937101333e-08
1.379612827843854087e-08
1.392063726091426641e-08
1.404626992725290344e-08
1.417303641861373657e-08
1.430094696767922596e-08
1.443001189948098850e-08
1.456024163223325178e-08
1.468504065545495772e-08
1.480880933704454015e-08
1.493362116770686386e-08
1.505948493932664135e-08
1.518640951788861881e-08
1.531440384410182955e-08
1.544347693402962760e-08
1.557363787972469120e-08
1.570489584986936971e-08
1.583726009042177790e-08
1.597073992526681681e-08
1.610534475687320005e-08
1.624108406695566480e-08
1.637796741714278120e-08
1.651330655623813095e-08
1.664147290643489949e-08
1.677063400673012763e-08
1.690079757777559115e-08
1.703197140014610729e-08
1.716416331480464184e-08
1.729738122357099303e-08
1.743163308959413807e-08
1.756692693782821607e-08
1.770327085551223656e-08
1.784067299265349041e-08
1.797914156251475928e-08
1.811868484210508510e-08
1.825931117267493039e-08
1.840102896021426006e-08
1.853371614248028013e-08
1.866365722114728014e-08
1.879450932509361374e-08
1.892627884157617189e-08
1.905897220263342531e-08
1.919259588539924022e-08
1.932715641241913604e-08
1.946266035196848842e-08
1.959911431837340265e-08
1.973652497233344302e-08
1.987489902124665535e-08
2.001424321953719991e-08
2.015456436898490356e-08
2.029586931905734953e-08
2.043439764033482607e-08
2.056045556380770801e-08
2.068729112704027320e-08
2.081490912722082378e-08
2.094331439113103098e-08
2.107251177532867257e-08
2.120250616633105189e-08
2.133330248079999514e-08
2.146490566572776518e-08
2.159732069862411351e-08
2.173055258770473856e-08
2.186460637208041549e-08
2.199948712194778709e-08
2.213519993878106786e-08
2.227174995552494913e-08
2.239384380684189711e-08
2.251023584286218336e-08
2.262723282666034496e-08
2.274483790245333742e-08
2.286305423080024387e-08
2.298188498868702133e-08
2.310133336961214370e-08
2.322140258367226128e-08
2.334209585764855510e-08
2.346341643509325010e-08
2.358536757641710107e-08
2.370795255897678589e-08
2.383117467716311283e-08
2.395503724248933361e-08
2.407454965294256439e-08
2.417377855077397635e-08
2.427341644376030163e-08
2.437346501767091576e-08
2.447392596522348166e-08
2.457480098611259981e-08
2.467609178703855449e-08
2.477780008173614926e-08
2.487992759100389322e-08
2.498247604273282989e-08
2.508544717193594515e-08
2.518884272077750238e-08
2.529266443860249008e-08
2.539691408196619189e-08
2.550159341466409420e-08
2.558506993044603805e-08
2.565863004079117066e-08
2.573240164517750217e-08
2.580638535167548330e-08
2.588058177010384405e-08
2.595499151203460647e-08
2.602961519079814036e-08
2.610445342148826862e-08
2.617950682096711455e-08
2.625477600787052153e-08
2.633026160261292347e-08
2.640596422739251961e-08
2.648188450619641302e-08
2.655802306480573247e-08
2.662811705680582738e-08
2.666710906377534879e-08
2.670615816740723613e-08
2.674526445130899482e-08
2.678442799921078129e-08
2.682364889496514163e-08
2.686292722254762698e-08
2.690226306605653217e-08
2.694165650971352436e-08
2.698110763786337504e-08
2.702061653497452250e-08
2.706018328563910825e-08
2.709980797457296045e-08
2.713949068661619612e-08
2.717923150673292996e-08
2.719053480118093171e-08
2.718675643403256518e-08
2.718297859192192859e-08
2.717920127477618372e-08
2.717542448252226407e-08
2.717164821508734465e-08
2.716787247239844165e-08
2.716409725438258121e-08
2.716032256096696811e-08
2.715654839207858880e-08
2.715277474764467121e-08
2.714900162759222494e-08
2.714522903184849449e-08
2.714145696034050929e-08
2.713074041973997365e-08
2.707757544522278761e-08
2.702451465195804943e-08
2.697155783579370610e-08
2.691870479297796078e-08
2.686595532015807833e-08
2.681330921438002135e-08
2.676076627308729545e-08
2.670832629412034044e-08
2.665598907571589505e-08
2.660375441650586534e-08
2.655162211551696408e-08
2.649959197216957251e-08
2.644766378627711171e-08
2.639583735804546356e-08
2.631024567054253923e-08
2.620488037100757462e-08
2.609993703052561345e-08
2.599541395926657115e-08
2.589130947416786855e-08
2.578762189890692973e-08
2.568434956387458991e-08
2.558149080614781164e-08
2.547904396946330107e-08
2.537700740419044924e-08
2.527537946730516670e-08
2.517415852236301335e-08
2.507334293947326798e-08
2.497293109527231958e-08
2.486647682477176201e-08
2.471056192338442208e-08
2.455562462154389367e-08
2.440165878961878024e-08
2.424865833641099789e-08
2.409661720891483090e-08
2.394552939207727768e-08
2.379538890856036201e-08
2.364618981850448333e-08
2.349792621929344781e-08
2.335059224532097181e-08
2.320418206775865768e-08
2.305868989432521373e-08
2.291410996905757664e-08
2.277043657208300997e-08
2.259435405528508347e-08
2.239766963934336718e-08
2.220269736615115045e-08
2.200942233146297864e-08
2.181782976077540230e-08
2.162790500819722057e-08
2.143963355533020982e-08
2.125300101015916637e-08
2.106799310595161074e-08
2.088459570016749074e-08
2.070279477337775208e-08
2.052257642819295084e-08
2.034392688820075982e-08
2.016683249691273935e-08
1.998690616941678566e-08
1.976324991910851894e-08
1.954209641324097604e-08
1.932341764575688970e-08
1.910718592399082353e-08
1.889337386516198246e-08
1.868195439290667825e-08
1.847290073384961287e-08
1.826618641421314612e-08
1.806178525646488144e-08
1.785967137600271644e-08
1.765981917787682216e-08
1.746220335354834238e-08
1.726679887768451875e-08
1.707358100498948728e-08
1.686005703314782878e-08
1.663274591940140961e-08
1.640849946565765382e-08
1.618727635347522981e-08
1.596903582147727518e-08
1.575373765784118573e-08
1.554134219288915168e-08
1.533181029177907077e-08
1.512510334729358130e-08
1.492118327272657698e-08
1.472001249486562158e-08
1.452155394706886087e-08
1.432577106243521891e-08
1.413262776706699707e-08
1.394054494384572522e-08
1.372746441272657432e-08
1.351764080685137356e-08
1.331102434428092076e-08
1.310756600399049425e-08
1.290721751423919382e-08
1.270993134111734228e-08
1.251566067726869005e-08
1.232435943078500761e-08
1.213598221427064853e-08
1.195048433407400796e-08
1.176782177968371227e-08
1.158795121328686844e-08
1.141082995948681364e-08
1.123641599517825412e-08
1.105734396387602158e-08
1.087516584158312181e-08
1.069598924192986812e-08
1.051976471255590720e-08
1.034644361586597722e-08
1.017597811560608664e-08
1.000832116366071740e-08
9.843426487067778393e-09
9.681248575247279236e-09
9.521742667440526525e-09
9.364864740356250852e-09
9.210571496020271565e-09
9.058820349825387197e-09
8.909569418777964491e-09
8.762488155059627473e-09
8.609728415446686501e-09
8.459631793618712922e-09
8.312151862445468179e-09
8.167243004178138223e-09
8.024860396339351139e-09
7.884959997858678824e-09
7.747498535450181637e-09
7.612433490227421709e-09
7.479723084551519512e-09
7.349326269108951556e-09
7.221202710214136917e-09
7.095312777333871106e-09
6.971617530828795601e-09
6.850078709908880502e-09
6.725667116165095959e-09
6.599004879155802923e-09
6.474728029648909545e-09
6.352791644440222609e-09
6.233151646349215036e-09
6.115764788286141762e-09
6.000588637619220339e-09
5.887581560836215877e-09
5.776702708494889860e-09
5.667912000456873297e-09
5.561170111399623937e-09
5.456438456601232316e-09
5.353679177992939023e-09
5.252855130474317371e-09
5.153857736546751404e-09
5.047063155423395534e-09
4.942481495793086108e-09
4.840066903067671743e-09
4.739774472825219996e-09
4.641560231121353581e-09
4.545381115208548753e-09
4.451194954654966897e-09
4.358960452854501186e-09
4.268637168920051876e-09
4.180185499951817173e-09
4.093566663673188950e-09
4.008742681426362021e-09
3.925676361520314902e-09
3.844331282923844012e-09
3.763538075160481537e-09
3.683306098771605119e-09
3.604784526238559276e-09
3.527936894775770818e-09
3.452727518919775370e-09
3.379121473958125347e-09
3.307084579711428377e-09
3.236583384661326292e-09
3.167585150416637560e-09
3.100057836510786780e-09
3.033970085523324794e-09
2.969291208518504223e-09
2.905991170794466707e-09
2.844040577936048437e-09
2.783410662165037772e-09
2.725993787521807976e-09
2.669798489150431039e-09
2.614761634930139344e-09
2.560859343986740211e-09
2.508068227740914097e-09
2.456365379759821453e-09
2.405728365817757144e-09
2.356135214161855913e-09
2.307564405978356471e-09
2.259994866055455815e-09
2.213405953638593044e-09
2.167777453474344841e-09
2.123089567038815317e-09
2.079322903946979876e-09
2.036328969111884611e-09
1.994079455784397545e-09
1.952706530377380084e-09
1.912192005548017008e-09
1.872518071302346189e-09
1.833667287166059226e-09
1.795622574517752300e-09
1.758367209081244888e-09
1.721884813573666101e-09
1.686159350506078918e-09
1.651175115133476276e-09
1.616916728551047519e-09
1.583369130933686460e-09
1.550517574915761984e-09
1.518347619108245926e-09
1.488129450833078761e-09
1.458573414321745267e-09
1.429604396160038857e-09
1.401210737459162290e-09
1.373381010889856727e-09
1.346104016083317226e-09
1.319368775123507978e-09
1.293164528128978486e-09
1.267480728922434500e-09
1.242307040786312587e-09
1.217633332302682858e-09
1.193449673275697706e-09
1.169746330735148711e-09
1.146513765019275298e-09
1.124114620938973724e-09
1.102616180323251850e-09
1.081528892574238080e-09
1.060844894485343751e-09
1.040556473232060348e-09
1.020656063495904215e-09
1.001136244643432879e-09
9.819897379591410296e-10
9.632094039313450621e-10
9.447882395899095146e-10
9.267193758949473721e-10
9.089960751754221096e-10
8.916117286167413669e-10
8.745598537964129202e-10
8.578340922668319567e-10
8.420808396561525695e-10
8.266670817935559938e-10
8.115354630324104304e-10
7.966808189946724107e-10
7.820980798329866985e-10
7.677822685003513172e-10
7.537284990514563571e-10
7.399319749751470035e-10
7.263879875573632080e-10
7.130919142740935044e-10
7.000392172136967352e-10
6.872254415281467688e-10
6.746462139125964679e-10
6.622972411127758727e-10
6.503050674861370738e-10
6.387117795906086989e-10
6.273251705769597540e-10
6.161415558855925957e-10
6.051573166432423038e-10
5.943688984919719333e-10
5.837728104390175774e-10
5.733656237271532993e-10
5.631439707251800253e-10
5.531045438382178648e-10
5.432440944374039840e-10
5.335594318086713654e-10
5.240474221202886440e-10
5.147049874087858929e-10
5.055291045829588562e-10
4.965433179400419566e-10
4.877201241051200162e-10
4.790537116559039158e-10
4.705412947074429572e-10
4.621801368778250313e-10
4.539675504085490846e-10
4.459008953005206999e-10
4.379775784653986511e-10
4.301950528920394161e-10
4.225508168277280607e-10
4.150424129739764965e-10
4.076674276966105605e-10
4.004234902498769783e-10
3.933082720143625900e-10
3.862556640157666283e-10
3.792304324999284032e-10
3.723329761404154672e-10
3.655609709582190560e-10
3.589121352429419663e-10
3.523842287840153944e-10
3.459750521158985928e-10
3.396824457770070867e-10
3.335042895821189205e-10
3.274385019080153803e-10
3.214830389921132601e-10
3.156358942438548898e-10
3.098950975686217286e-10
3.042587147039448785e-10
2.987248465677902104e-10
2.930593300783376050e-10
2.874684521039771734e-10
2.819842348406605997e-10
2.766046434546224761e-10
2.713276819319066225e-10
2.661513923377760839e-10
2.610738540902517361e-10
2.560931832475100944e-10
2.512075318088760432e-10
2.464150870291508543e-10
2.417140707460210325e-10
2.371027387202988522e-10
2.325793799887495073e-10
2.281423162292646543e-10
2.236840858982493304e-10
2.191292752717176112e-10
2.146672128608672199e-10
2.102960100621513760e-10
2.060138167290761910e-10
2.018188203891184503e-10
1.977092454765759016e-10
1.936833525810478448e-10
1.897394377112177879e-10
1.858758315736202213e-10
1.820908988661049432e-10
1.783830375856769325e-10
1.747506783504383570e-10
1.711922837353369770e-10
1.677063476214339364e-10
1.640643067681669282e-10
1.604614038045602437e-10
1.569376217053321194e-10
1.534912229518085283e-10
1.501205081817633270e-10
1.468238153514910161e-10
1.435995189162802366e-10
1.404460290288847775e-10
1.373617907555960829e-10
1.343452833095306017e-10
1.313950193007571648e-10
1.285095440028868337e-10
1.256874346357708763e-10
1.229272996639562487e-10
1.201536482514995921e-10
1.172983234618006601e-10
1.145108524557642662e-10
1.117896227597494282e-10
1.091330602188527818e-10
1.065396280863023703e-10
1.040078261344933088e-10
1.015361897871482726e-10
9.912328927210125115e-11
9.676772879421458227e-11
9.446814572795061086e-11
9.222320982913121128e-11
9.003162246542920229e-11
8.789211586514461531e-11
8.580345238383657383e-11
8.363092172998273672e-11
8.148502264655160236e-11
7.939418552801385359e-11
7.735699753067952815e-11
7.537208206323996804e-11
7.343809785656086647e-11
7.155373805734533041e-11
6.971772934505277701e-11
6.792883107147543155e-11
6.618583442239575254e-11
6.448756160075082436e-11
6.283286503076015599e-11
6.122062658247218770e-11
5.964975681620835595e-11
5.808472186182399591e-11
5.648522780709451644e-11
5.492977943510391011e-11
5.341716384846036238e-11
5.194620154964128656e-11
5.051574552125403762e-11
4.912468033162147139e-11
4.777192126499729118e-11
4.645641347573491639e-11
4.517713116574521417e-11
4.393307678460774179e-11
4.272328025170673920e-11
4.154679819978751274e-11
4.040271323934489091e-11
3.929013324326582426e-11
3.815367622854564880e-11
3.703638468115430457e-11
3.595181187872448646e-11
3.489899968613543638e-11
3.387701802627761625e-11
3.288496405840150059e-11
3.192196138053017113e-11
3.098715925522580498e-11
3.007973185802954537e-11
2.919887754791119435e-11
2.834381815908112928e-11
2.751379831354275526e-11
2.670808475377427180e-11
2.592596569495389331e-11
2.515552996900828405e-11
2.438013725699853038e-11
2.362864520852402831e-11
2.290031711080850274e-11
2.219443895947121952e-11
2.151031875856442133e-11
2.084728584218595408e-11
2.020469021700412418e-11
1.958190192504680709e-11
1.897831042613283191e-11
1.839332399933880492e-11
1.782636916291546966e-11
1.727689011208459374e-11
1.674434817416445589e-11
1.622822128049150994e-11
1.571183278634740470e-11
1.520713787407976293e-11
1.471865475313739510e-11
1.424586266895824653e-11
1.378825759463908676e-11
1.334535169361046239e-11
1.291667279957079922e-11
1.250176391312739435e-11
1.210018271460493938e-11
1.171150109250439924e-11
1.133530468710868607e-11
1.097119244874790263e-11
1.061877621025515819e-11
1.027768027315477012e-11
9.944786453373871453e-12
9.614861000892532182e-12
9.295881062898104475e-12
8.987483514064943726e-12
8.689317276011553454e-12
8.401042917634580250e-12
8.122332268702003413e-12
7.852868046265454347e-12
7.592343493467066806e-12
7.340462030328524601e-12
7.096936916125907122e-12
6.861490922965340678e-12
6.633856020187896472e-12
6.413773069244864838e-12
6.200991528695485818e-12
5.991442628087842674e-12
5.787682706916050009e-12
5.590852353137808978e-12
5.400715902624543200e-12
5.217045705828991336e-12
5.039621855221475981e-12
4.868231921995464787e-12
4.702670701727486934e-12
4.542739968686850607e-12
4.388248238500827350e-12
4.239010538891150613e-12
4.094848188207584987e-12
3.955588581493146166e-12
3.821064983824930171e-12
3.690556488396818042e-12
3.562671123137211523e-12
3.439217248548186134e-12
3.320041304372695631e-12
3.204995051532077986e-12
3.093935387736371914e-12
2.986724169483981231e-12
2.883228040229480040e-12
2.783318264505760419e-12
2.686870567794125317e-12
2.593764981943330323e-12
2.503885695945057329e-12
2.417120911880381768e-12
2.333362705857988498e-12
2.252506893771118234e-12
2.174452901706404888e-12
2.099103640843219165e-12
2.026365386688052901e-12
1.956147662493681604e-12
1.888363126718048104e-12
1.822927464383011978e-12
1.759759282197658131e-12
1.698780007315839143e-12
1.639913789601975586e-12
1.583087407283514707e-12
1.528230175872789992e-12
1.475273860244860527e-12
1.424152589762066774e-12
1.374802776339692456e-12
1.327163035350794036e-12
1.281174109271894372e-12
1.236778793974455154e-12
1.193921867570522936e-12
1.152550021724045277e-12
1.112611795342317497e-12
1.074057510565251555e-12
1.036839210972680270e-12
1.000910601932929812e-12
9.662269930184392195e-13
9.327452424167754108e-13
9.004237032679608128e-13
8.692221718612833094e-13
8.391018376272130268e-13
8.100252348622013112e-13
7.819561961262974998e-13
7.548598072556683222e-13
7.287023639339911673e-13
7.034513297687563655e-13
6.790752958203090565e-13
6.555439415332810717e-13
6.328279970218549472e-13
6.108992066618945439e-13
5.897302939446967484e-13
5.692949275486317250e-13
5.495676885864598584e-13
5.305240389876190554e-13
5.121402909761082241e-13
4.943935776060354688e-13
4.772618243181702998e-13
4.607237214821102193e-13
4.447586978899364956e-13
4.293468951683503065e-13
4.144691430774904091e-13
4.001069356656970001e-13
3.862424082505545411e-13
3.728583151976043256e-13
3.599380084690543559e-13
3.474654169158272223e-13
3.354250262871879199e-13
3.238018599330579320e-13
3.125814601750616711e-13
3.017498703230840925e-13
2.912936173149991899e-13
2.811996949579665011e-13
2.714555477504522767e-13
2.620490552648451466e-13
2.529685170712576310e-13
2.442026381837373437e-13
2.357405150108027522e-13
2.275716217928216821e-13
2.196857975093574538e-13
2.120732332402121002e-13
2.047244599644257961e-13
1.976303367820708723e-13
1.907820395441845642e-13
1.841710498766942370e-13
1.777891445846937776e-13
1.716283854238758948e-13
1.656811092264091411e-13
1.599399183689734696e-13
1.543976715710947290e-13
1.490474750123422653e-13
1.438826737573273262e-13
1.388968434778461325e-13
1.340837824618677691e-13
1.294375038994240684e-13
1.249522284358149696e-13
1.206223769828544704e-13
1.164425637792269379e-13
1.124075896913118387e-13
1.085124357461489402e-13
1.047522568885057942e-13
1.011223759542692195e-13
9.761827785267135193e-14
9.423560395011736555e-14
9.097014664862093851e-14
8.781784415211245905e-14
8.477477541410143122e-14
8.183715526041479492e-14
7.900132968094224529e-14
7.626377128453067204e-14
7.362107491137909621e-14
7.106995339746982258e-14
6.860723348577248980e-14
6.622985187913313065e-14
6.393485142993748839e-14
6.171937746181296283e-14
5.958067421878842828e-14
5.751608143749942702e-14
5.552303103817325993e-14
5.359904393027730061e-14
5.174172692886030317e-14
4.994876977774661107e-14
4.821794227588388779e-14
4.654709150326882910e-14
4.493413914299924941e-14
4.337707889612447724e-14
4.187397398607461076e-14
4.042295474956736283e-14
3.902221631099491210e-14
3.767001633739722501e-14
3.636467287123159684e-14
3.510456223824038167e-14
3.388811702781463546e-14
3.271382414334398413e-14
3.158022292012373175e-14
3.048590330848320234e-14
2.942950411986965642e-14
2.840971133371085738e-14
2.742525646294705981e-14
2.647491497620126398e-14
2.555750477462505045e-14
2.467188472152382566e-14
2.381695322293413897e-14
2.299164685738690314e-14
2.219493905315164474e-14
2.142583881131792122e-14
2.068338947312363706e-14
1.996666752999842655e-14
1.927478147484141779e-14
1.860687069310462444e-14
1.796210439230221298e-14
1.733968056861523126e-14
1.673882500930484156e-14
1.615879032969436922e-14
1.559885504352190316e-14
1.505832266550673193e-14
1.453652084501437427e-14
