4.284437138132339729e-09
4.343298392356803568e-09
4.402968305253866221e-09
4.463457986489049831e-09
4.524778698356828628e-09
4.586941857877363037e-09
4.649959038922304226e-09
4.713841974369630199e-09
4.778602558288075121e-09
4.844252848151766432e-09
4.910805067084996995e-09
4.978271606138144719e-09
5.046665026594551075e-09
5.115998062309385861e-09
5.186283622080446094e-09
5.257534792051521012e-09
5.329764838148989054e-09
5.402987208551569061e-09
5.476139910731098916e-09
5.549710643253258972e-09
5.624269782348677512e-09
5.699830607041778151e-09
5.776406574757750289e-09
5.854011323719301632e-09
5.932658675375725344e-09
6.012362636864370348e-09
6.093137403505408123e-09
6.174997361330009338e-09
6.257957089642502704e-09
6.342031363616956134e-09
6.427235156928616941e-09
6.513583644420838910e-09
6.601092204807569873e-09
6.689776423412418854e-09
6.779652094944378906e-09
6.870735226310879773e-09
6.963042039468619553e-09
7.056588974312713841e-09
7.151392691604610698e-09
7.247470075939505969e-09
7.344838238753322659e-09
7.443514521370380967e-09
7.543516498091870665e-09
7.644861979325845460e-09
7.747569014759263778e-09
7.851655896572617758e-09
7.957141162697906524e-09
8.064043600120064552e-09
8.172382248223061107e-09
8.282176402180788194e-09
8.393445616393549328e-09
8.506209707970703327e-09
8.620488760260068619e-09
8.736303126424923529e-09
8.853673433068696835e-09
8.972620583908729983e-09
9.093165763499192031e-09
9.215330441004070454e-09
9.339136374020839998e-09
9.464605612455496133e-09
9.591760502449628101e-09
9.720623690360421596e-09
9.851218126793768090e-09
9.983567070691923415e-09
1.011769409347590915e-08
1.025362308324356840e-08
1.039137824902413782e-08
1.053098412508976278e-08
1.067246557532512364e-08
1.081584779765577692e-08
1.096115632853578713e-08
1.110841704749587352e-08
1.125765618175252329e-08
1.140820980354218527e-08
1.155698261591535859e-08
1.170769555299541398e-08
1.186037391566781334e-08
1.201504333476310165e-08
1.217172977535987572e-08
1.233045954114346352e-08
1.249125927882184773e-08
1.265415598259876403e-08
1.281917699870555897e-08
1.298635002999171647e-08
1.315570314057567749e-08
1.332726476055588011e-08
1.350106369078366616e-08
1.367712910769800461e-08
1.385549056822368955e-08
1.403617801473297965e-08
1.421922178007238793e-08
1.440465259265457732e-08
1.459250158161709904e-08
1.478280028204797044e-08
1.497558064027984105e-08
1.517087501925277485e-08
1.536871620394723875e-08
1.556913740688798865e-08
1.577217227371937763e-08
1.597785488885386129e-08
1.618621978119365577e-08
1.639730192992752672e-08
1.661113677040263023e-08
1.682776020007350975e-08
1.704720858452805718e-08
1.726951876359268818e-08
1.749472805751650981e-08
1.772287427323674060e-08
1.795399571072525041e-08
1.818813116941843720e-08
1.842531995473039426e-08
1.866560188465157143e-08
1.890901729643295037e-08
1.915560705335777517e-08
1.940541255160151667e-08
1.965847572718117892e-08
1.991483906299517531e-08
2.017454559595541212e-08
2.043763892421180464e-08
2.070416321447142593e-08
2.097416320941311237e-08
2.124768423519832971e-08
2.152477220908062269e-08
2.180547364711361147e-08
2.208983567196022185e-08
2.237790602080302008e-08
2.266973305335844488e-08
2.296536575999481089e-08
2.326485376995691257e-08
2.356030466663443920e-08
2.385528478721858946e-08
2.415395812284265612e-08
2.445637091335935553e-08
2.476256997755439455e-08
2.507260272039480272e-08
2.538651714036809228e-08
2.570436183691322858e-08
2.602618601794468480e-08
2.635203950747064300e-08
2.668197275330682065e-08
2.701603683488635921e-08
2.735428347116803808e-08
2.769676502864319102e-08
2.804353452944299266e-08
2.839464565954717390e-08
2.875015277709557573e-08
2.911011092080373258e-08
2.947457581848381864e-08
2.984360389567230706e-08
3.021725228436559610e-08
3.059557883186507793e-08
3.097864210973289401e-08
3.136650142285983315e-08
3.175921681864669877e-08
3.215684909630097856e-08
3.255945981624920039e-08
3.296711130966784620e-08
3.337986668813324772e-08
3.379778985339233649e-08
3.422094550725577026e-08
3.464939916161489838e-08
3.508321714858414088e-08
3.552246663077038282e-08
3.596721561167088611e-08
3.641753294620144578e-08
3.687348835135632610e-08
3.733515241700159113e-08
3.780259661680394737e-08
3.827589331929568069e-08
3.875511579907886404e-08
3.924033824816945802e-08
3.973163578748355401e-08
4.022908447846737485e-08
4.073276133487295842e-08
4.124274433468119195e-08
4.175911243217418884e-08
4.228194557015879457e-08
4.281132469234310797e-08
4.334733175586799611e-08
4.389004974399550892e-08
4.443956267895609918e-08
4.499595563495668622e-08
4.555931475135195865e-08
4.612972724597971698e-08
4.670231225653089337e-08
4.725472956346691489e-08
4.781368112676527147e-08
4.837924423673842062e-08
4.895149709792554752e-08
4.953051883990666104e-08
5.011638952824402939e-08
5.070919017555401246e-08
5.130900275270898651e-08
5.191591020017173689e-08
5.252999643946485987e-08
5.315134638477478976e-08
5.378004595469373356e-08
5.441618208409977793e-08
5.505984273617872851e-08
5.571111691458703984e-08
5.637009467575870777e-08
5.703686714135865223e-08
5.771152651088250444e-08
5.839416607440528648e-08
5.908488022548206064e-08
5.978376447419991299e-08
6.049091546038512273e-08
6.120643096696566280e-08
6.193040993349322722e-08
6.266295246982386538e-08
6.340415986996052530e-08
6.415413462606054341e-08
6.491298044260752479e-08
6.568080225075097575e-08
6.645770622281666636e-08
6.724379978698731294e-08
6.803919164215778883e-08
6.884399177296506243e-08
6.965831146499748097e-08
7.048226332018263286e-08
7.131596127235713673e-08
7.215952060302202331e-08
7.301305795728299558e-08
7.387669135998000069e-08
7.475054023200688143e-08
7.563472540682542172e-08
7.652936914717344208e-08
7.743459516197049199e-08
7.835052862342491111e-08
7.927729618434167702e-08
8.021502599563596282e-08
8.116384772405280167e-08
8.212389257009805966e-08
8.309529328618000214e-08
8.407818419496543736e-08
8.507270120795444759e-08
8.607898184427345614e-08
8.709716524969040239e-08
8.812739221585649802e-08
8.916980519977382353e-08
9.017421181129815759e-08
9.116321237270719753e-08
9.216305996111877442e-08
9.317387354309343856e-08
9.419577338997659172e-08
9.522888109220961175e-08
9.627331957379700321e-08
9.732921310693312116e-08
9.839668732678758123e-08
9.947586924645466322e-08
1.005668872720655039e-07
1.016698712180673535e-07
1.027849523226681898e-07
1.039122632634529608e-07
1.050519381731696988e-07
1.062041126556901353e-07
1.073689238021432703e-07
1.085465102072278630e-07
1.097370119857027347e-07
1.109405707890591032e-07
1.121573298223736662e-07
1.133874338613486682e-07
1.146310292695375589e-07
1.158882640157609041e-07
1.171592876917110790e-07
1.184442515297522680e-07
1.197433084209143565e-07
1.210566129330855576e-07
1.223843213294022117e-07
1.237265915868426689e-07
1.250835834150236247e-07
1.264554582752041513e-07
1.278423793994955052e-07
1.292445118102844393e-07
1.306620223398676648e-07
1.320950796503034982e-07
1.335438542534783626e-07
1.350085185313963236e-07
1.364892467566891984e-07
1.379862151133535634e-07
1.394996017177121725e-07
1.410295866396082832e-07
1.425763519238306403e-07
1.441400816117751263e-07
1.457209617633411182e-07
1.473191804790710237e-07
1.489349279225306645e-07
1.505683963429371003e-07
1.522197800980315354e-07
1.538892756772060979e-07
1.555770817248824517e-07
1.572833990641487278e-07
1.590084307206524700e-07
1.607523819467585713e-07
1.625154602459720920e-07
1.642661870464405004e-07
1.658621720215550778e-07
1.674736633408941566e-07
1.691008116617101613e-07
1.707437691050184727e-07
1.724026892698178410e-07
1.740777272474521732e-07
1.757690396361091170e-07
1.774767845554590925e-07
1.792011216614402265e-07
1.809422121611818545e-07
1.827002188280779230e-07
1.844753060170036710e-07
1.862676396796798815e-07
1.880773873801897572e-07
1.899047183106434455e-07
1.917498033069943133e-07
1.936128148650127452e-07
1.954939271564114794e-07
1.973933160451276201e-07
1.993111591037663517e-07
2.012476356302005357e-07
2.032029266643340214e-07
2.051772150050252055e-07
2.071706852271797338e-07
2.091835236990028414e-07
2.112159185994259440e-07
2.132680599356978712e-07
2.153401395611473856e-07
2.174323511931219110e-07
2.195448904310968059e-07
2.216779547749605020e-07
2.238317436434811987e-07
2.260064583929492377e-07
2.282023023360002135e-07
2.304194807606258335e-07
2.326582009493624968e-07
2.349186721986731813e-07
2.372011058385130577e-07
2.395057152520851835e-07
2.418327158957923897e-07
2.441823253193782959e-07
2.465547631862666880e-07
2.489502512940960065e-07
2.513690135954577827e-07
2.538112762188325409e-07
2.562772674897286172e-07
2.587672179520321010e-07
2.612813603895556714e-07
2.638199298478053849e-07
2.663831636559531863e-07
2.689713014490230843e-07
2.715845851902978197e-07
2.742232591939379272e-07
2.768875701478212380e-07
2.795777671366085397e-07
2.819500200493221196e-07
2.841603500200516758e-07
2.863880077376586885e-07
2.886331290419570683e-07
2.908958508376685462e-07
2.931763111027711899e-07
2.954746488969129812e-07
2.977910043698920461e-07
3.001255187702006223e-07
3.024783344536415554e-07
3.048495948920067866e-07
3.072394446818266206e-07
3.096480295531869678e-07
3.120754963786159382e-07
3.145219931820398377e-07
3.169876691478094162e-07
3.194726746297971072e-07
3.219771611605660539e-07
3.245012814606076381e-07
3.270451894476581554e-07
3.296090402460820333e-07
3.321929901963316548e-07
3.347971968644807670e-07
3.374218190518328518e-07
3.400670168046043544e-07
3.427329514236844609e-07
3.454197854744706336e-07
3.481276827967827078e-07
3.508568085148498870e-07
3.536073290473876819e-07
3.563794121177359420e-07
3.591732267640942426e-07
3.619889433498261472e-07
3.648267335738483834e-07
3.676867704811009117e-07
3.705692284730988386e-07
3.734742833185672855e-07
3.764021121641605377e-07
3.793528935452606560e-07
3.823268073968695261e-07
3.853240350645775118e-07
3.883447593156227935e-07
3.913891643500360455e-07
3.944574358118729399e-07
3.975497608005344244e-07
4.006663278821756205e-07
4.038073271012046139e-07
4.069729499918718235e-07
4.101633895899463508e-07
4.133788404444917496e-07
4.166194986297263400e-07
4.198855617569802963e-07
4.231772289867458021e-07
4.264947010408214384e-07
4.298381802145521801e-07
4.331051951797541345e-07
4.358363889994090298e-07
4.385848059319795656e-07
4.413505545877056207e-07
4.441337442617314035e-07
4.469344849384272786e-07
4.496488757585797335e-07
4.523161330464479694e-07
4.549992121495663629e-07
4.576982069208372369e-07
4.604132117698859070e-07
4.631278711024061227e-07
4.656871694039429026e-07
4.682606106845680325e-07
4.708482731000234668e-07
4.734502352379487601e-07
4.760665761202679527e-07
4.785818289223068611e-07
4.810169632382004316e-07
4.834644880770476428e-07
4.859244664846764880e-07
4.883969618277063486e-07
4.908771728737684015e-07
4.931352880961357918e-07
4.954037910175829645e-07
4.976827294232255641e-07
4.999721513179943436e-07
5.022721049276547800e-07
5.044521112198412889e-07
5.065032936938034397e-07
5.085628166017698922e-07
5.106307138572691876e-07
5.127070195117306430e-07
5.147917677550410631e-07
5.165933338065557996e-07
5.183866990509909748e-07
5.201862900027465472e-07
5.219921282745038643e-07
5.238042355539732873e-07
5.254802028211959634e-07
5.269634216776180698e-07
5.284508270631696322e-07
5.299424307947351939e-07
5.314382447225549265e-07
5.329382807303140974e-07
5.340959541853186713e-07
5.352110795479719074e-07
5.363285331525175047e-07
5.374483198600301138e-07
5.385704445417373455e-07
5.395399366823195609e-07
5.402246132516898655e-07
5.409101586761213738e-07
5.415965740581915793e-07
5.422838605018774856e-07
5.429720191125568772e-07
5.432597964008547523e-07
5.434581357633306685e-07
5.436565475377581433e-07
5.438550317505765692e-07
5.440535884282311618e-07
5.440941239979315204e-07
5.437356147759389262e-07
5.433773417793649958e-07
5.430193048525594843e-07
5.426615038399714613e-07
5.423039385861556637e-07
5.414794713800627195e-07
5.405007471338108892e-07
5.395237919318180771e-07
5.385486025765374483e-07
5.375751758761987209e-07
5.364548101027985066e-07
5.347986276080125780e-07
5.331475582008612261e-07
5.315015860958465929e-07
5.298606955562049668e-07
5.282248708937564345e-07
5.260873766473826016e-07
5.237236124627468646e-07
5.213704689114302347e-07
5.190278982738427950e-07
5.166958530448081019e-07
5.142538618161136166e-07
5.111361208299972257e-07
5.080372816151241922e-07
5.049572295766759091e-07
5.018958508145861805e-07
4.988530321193209859e-07
4.953111648565554968e-07
4.914724777244016133e-07
4.876635406159572678e-07
4.838841229670018627e-07
4.801339960001982473e-07
4.763447453953649064e-07
4.718160129850047527e-07
4.673303364022629258e-07
4.628873063042762105e-07
4.584865172399094194e-07
4.541275676127562000e-07
4.493630518305087620e-07
4.442824527158247968e-07
4.392592959904493507e-07
4.342929321978891854e-07
4.293827192245485541e-07
4.245184248282327262e-07
4.189958769368148419e-07
4.135451717109420164e-07
4.081653745514609947e-07
4.028555630173891569e-07
3.976148266677529262e-07
3.921557916620642093e-07
3.864649885849150774e-07
3.808567680944617090e-07
3.753299317862713310e-07
3.698832986466648947e-07
3.645157048003437150e-07
3.588582800075959595e-07
3.532677955506468891e-07
3.477644026231526818e-07
3.423467444671146750e-07
3.370134854608288183e-07
3.317000816600412805e-07
3.263815279196336983e-07
3.211482530665505873e-07
3.159988897199257709e-07
3.109320924237850467e-07
3.059465372954979732e-07
3.011154698356284566e-07
2.963708994995171715e-07
2.917010876860636767e-07
2.871048564515741317e-07
2.825810464127972344e-07
2.782225139991416643e-07
2.741077654961782451e-07
2.700538717206034589e-07
2.660599326665366381e-07
2.621250616386606809e-07
2.582483850553623292e-07
2.547265850217720342e-07
2.513216149565062199e-07
2.479621596581600070e-07
2.446476107237308602e-07
2.413773678828357984e-07
2.382296892555281812e-07
2.353269334159183982e-07
2.324595467676580184e-07
2.296270983479772617e-07
2.268291624452556845e-07
2.240653185350387675e-07
2.213482765739155906e-07
2.186686772013216035e-07
2.160215165398337030e-07
2.134064018926968879e-07
2.108229453170666339e-07
2.081915076469626276e-07
2.052965081871286137e-07
2.024417650373005534e-07
1.996267184148194843e-07
1.968508163210639091e-07
1.941135144332091222e-07
1.909060571034770891e-07
1.875113333612624183e-07
1.841769751698364693e-07
1.809019090987823074e-07
1.776850808056042663e-07
1.744008074111017656e-07
1.704344211850857992e-07
1.665582422231729646e-07
1.627702189474196304e-07
1.590683464387867470e-07
1.554506653759766263e-07
1.515511104389472238e-07
1.475202515167619872e-07
1.435966027865941000e-07
1.397773127407390624e-07
1.360596057140587125e-07
1.324407882377201803e-07
1.289183242826122789e-07
1.254895456073950822e-07
1.221519605097326036e-07
1.189031435578958075e-07
1.157407338281985359e-07
1.129509332258294908e-07
1.104691247455067390e-07
1.080418476723810631e-07
1.056679038179558108e-07
1.033461213208691895e-07
1.010787098544411814e-07
9.942262972941521662e-08
9.779368292835526360e-08
9.619142489712432546e-08
9.461541836519037856e-08
9.306523322628988579e-08
9.155168716493397853e-08
9.007512744370983341e-08
8.862238190524759282e-08
8.719306647073783897e-08
8.578680325585260076e-08
8.440322047084078222e-08
8.252494663396772086e-08
8.065527750646159485e-08
7.882796723877839816e-08
7.704205615683479468e-08
7.529660632873728789e-08
7.341349147666914567e-08
7.132373014231431731e-08
6.929345518228557316e-08
6.732097327942159018e-08
6.540463931790200976e-08
6.354285501116607012e-08
6.190175644936120478e-08
6.032737100795556236e-08
5.879302787972958479e-08
5.729770864390590422e-08
5.584042078182965853e-08
5.454647433332209236e-08
5.352631799023854196e-08
5.252524113812216495e-08
5.154288694247593527e-08
5.057890524250594834e-08
4.963295242630647085e-08
4.862385357078425091e-08
4.761585145333072626e-08
4.662874583408074307e-08
4.566210351589162891e-08
4.471550028206140328e-08
4.372648731494749322e-08
4.259501443529027436e-08
4.149281971072881393e-08
4.041914553550761905e-08
3.937325390778693713e-08
3.835442592236836895e-08
3.745466765299218126e-08
3.660866671723028970e-08
3.578177468372702309e-08
3.497355993340256200e-08
3.418360059629923230e-08
3.342617613298543750e-08
3.274254319926784995e-08
3.207289194225195789e-08
3.141693640835983362e-08
3.077439649234258771e-08
3.014499781767081349e-08
2.947783508826078811e-08
2.880081928185450080e-08
2.813935245999055714e-08
2.749307751000150693e-08
2.686164552100733733e-08
2.625111705718329570e-08
2.569499676335297240e-08
2.515065767412963163e-08
2.461785020901128346e-08
2.409633007476769634e-08
2.358585815343109937e-08
2.309084917794768880e-08
2.260926392407325927e-08
2.213772266446512364e-08
2.167601592049002986e-08
2.122393858242371126e-08
2.078165534202485283e-08
2.035363989174368615e-08
1.993443977511440984e-08
1.952387343301961010e-08
1.912176304570274594e-08
1.872793445575268428e-08
1.834950231689852637e-08
1.798498972168351432e-08
1.762771816384246992e-08
1.727754380027383757e-08
1.693432564531717839e-08
1.659792551399015719e-08
1.629477620968651936e-08
1.599720192267339522e-08
1.570506192055945391e-08
1.541825696273936345e-08
1.513668962093420965e-08
1.486026424609470273e-08
1.458888693590930285e-08
1.432246550290507680e-08
1.406090944313157632e-08
1.380412990541640093e-08
1.355203966118226899e-08
1.330455307481527245e-08
1.306158607457426975e-08
1.282305612403150073e-08
1.258888219403491764e-08
1.235898473518213231e-08
1.213328565079757524e-08
1.191170827040272400e-08
1.169417732367110065e-08
1.148061891485862018e-08
1.127096049770117355e-08
1.106513085077035298e-08
1.086306005327960852e-08
1.066467946133177495e-08
1.046992168460069813e-08
1.027872056343859628e-08
1.009101114640136588e-08
9.906729668184652213e-09
9.725813527962402843e-09
9.548201268121427171e-09
9.373832553383915307e-09
9.202648150311508867e-09
9.034589907183646197e-09
8.869600734243217136e-09
8.707624584302936364e-09
8.548606433706243048e-09
8.392492263635361572e-09
8.239229041761267449e-09
8.088764704228206433e-09
7.941048137967772311e-09
7.796029163335403154e-09
7.653723318250492550e-09
7.514034078180803115e-09
7.376894327161068373e-09
7.242257534088269173e-09
7.110078017105573635e-09
6.980310928102293475e-09
6.852912237497465680e-09
6.727838719300428838e-09
6.605047936444520454e-09
6.484498226388277846e-09
6.366148686979467420e-09
6.249959162577104127e-09
6.135890230426739568e-09
6.023903187284546162e-09
5.913960036285286437e-09
5.806023474050081963e-09
5.700056878029700469e-09
5.596024294078393082e-09
5.493890424254887770e-09
5.393620614845873693e-09
5.295180844608106072e-09
5.198537713225098269e-09
5.103658429974474415e-09
5.010510802602264449e-09
4.919063226400057743e-09
4.829284673481608177e-09
4.741144682255345360e-09
4.654613347088649481e-09
4.569661308161056689e-09
4.486259741502544481e-09
4.404380349213645458e-09
4.323995349864053409e-09
4.245077469066452735e-09
4.167599930222470081e-09
4.091536445437350140e-09
4.016861206600624278e-09
3.943548876629475649e-09
3.871574580871948695e-09
3.800913898667049171e-09
3.731542855058893315e-09
3.663437912662072675e-09
3.587936474076050043e-09
3.506839482205993934e-09
3.427575499960813228e-09
3.350103096404432817e-09
3.274381777051120231e-09
3.200371962699179082e-09
3.128034968743075086e-09
3.057332984953149512e-09
2.988229055712440071e-09
2.920687060700005219e-09
2.854671696011164430e-09
2.790148455704165797e-09
2.727083613764142669e-09
2.665444206474651549e-09
2.605198015187736506e-09
2.546313549483261474e-09
2.488760030709159646e-09
2.432507375893446775e-09
2.377526182020029341e-09
2.323787710659912109e-09
2.271263872949653216e-09
2.219927214909523715e-09
2.169750903093422801e-09
2.120708710563106152e-09
2.072775003179518503e-09
2.025924726203931424e-09
1.980133391201940859e-09
1.935377063243463818e-09
1.891632348392084486e-09
1.848876381477100280e-09
1.807086814142028613e-09
1.766241803163211297e-09
1.726319999032449619e-09
1.687300534797738789e-09
1.649163015156167574e-09
1.611887505793377933e-09
1.575454522964045850e-09
1.539845023307746333e-09
1.505040393895099708e-09
1.471022442498899463e-09
1.437773388085052164e-09
1.402522936824148087e-09
1.362256168391244248e-09
1.323145468495581401e-09
1.285157646133407518e-09
1.248260463222576109e-09
1.212422607244014815e-09
1.177613664668525071e-09
1.143804095146609350e-09
1.110965206439262608e-09
1.079069130068485725e-09
1.048088797666969628e-09
1.017997918006672194e-09
9.887709546870038551e-10
9.603831044635212850e-10
9.328102761988523961e-10
9.060290704179434646e-10
8.800167594502420834e-10
8.547512681420594331e-10
8.302111551226295738e-10
8.063755946080651610e-10
7.832243587277040849e-10
7.607378003578908828e-10
7.388968364485692006e-10
7.176829318286190949e-10
6.970780834761005488e-10
6.770648052401326392e-10
6.576261130014103495e-10
6.387455102587386292e-10
6.204069741294239399e-10
6.025949417515436431e-10
5.852942970766744161e-10
5.684903580417409097e-10
5.521688641092138274e-10
5.363159641649948594e-10
5.209182047637794091e-10
5.059625187118962919e-10
4.914362139779167173e-10
4.773269629216732137e-10
4.636227918324854377e-10
4.503120707677675764e-10
4.373835036833612581e-10
4.246617140922167356e-10
4.105789805753275338e-10
3.969632620417214142e-10
3.837990712286232561e-10
3.710714344655677302e-10
3.587658746425467931e-10
3.468683947429401289e-10
3.353654619225465607e-10
3.242439921165895438e-10
3.134913351571758158e-10
3.030952603843188622e-10
2.930439427341065774e-10
2.833259492882297918e-10
2.739302262695580692e-10
2.648460864689599130e-10
2.560631970891006866e-10
2.475715679913445161e-10
2.393615403324268001e-10
2.314237755779594453e-10
2.237492448802638227e-10
2.163292188084769912e-10
2.091552574192121361e-10
2.022192006565073552e-10
1.955131590701326116e-10
1.890295048416951154e-10
1.827608631083435073e-10
1.767001035741968403e-10
1.708403323999540134e-10
1.651748843614652213e-10
1.596973152683397263e-10
1.544013946339726455e-10
1.492810985886500817e-10
1.443306030276683383e-10
1.395442769866799856e-10
1.349166762367253701e-10
1.304425370916701991e-10
1.261167704210020348e-10
1.219344558611734243e-10
1.178908362189122479e-10
1.139813120601286617e-10
1.102014364782681981e-10
1.065469100361580126e-10
1.028049264195893529e-10
9.916044864895224211e-11
9.564516914422680801e-11
9.225450777268559387e-11
8.898404676922701607e-11
8.582952498037603788e-11
8.278683231233524311e-11
7.985200437585667349e-11
7.702121732095501584e-11
7.429078285473078876e-11
7.165714343581542135e-11
6.911686763917372682e-11
6.666664568522762703e-11
6.430328512747414482e-11
6.202370669297813505e-11
5.982494027032104913e-11
5.770412103978117641e-11
5.565848574069682065e-11
5.368536907115691943e-11
5.178220021532043643e-11
4.994649949384706689e-11
4.817587513306937115e-11
4.646802014869943764e-11
4.482070934001021486e-11
4.323179639057431445e-11
4.169921107178194410e-11
4.022095654549636581e-11
3.879510676232952004e-11
3.741980395215316730e-11
3.609325620356915576e-11
3.481373512919015838e-11
3.357957361368695180e-11
3.238916364166786561e-11
3.124095420256145694e-11
3.013344926977199738e-11
2.906520585147418401e-11
2.803483211050793059e-11
2.704098555092484904e-11
2.608237126882067809e-11
2.515774026517814339e-11
2.426588781851909571e-11
2.339027211980268271e-11
2.253744185566575301e-11
2.171570654654689757e-11
2.092393244254524222e-11
2.016102713129606153e-11
1.942593803076780560e-11
1.871765093701222118e-11
1.803518862486492119e-11
1.737760949966600202e-11
1.674400629814004980e-11
1.613350483664293530e-11
1.554526280504902276e-11
1.497846860461364923e-11
1.443234022820942847e-11
1.390612418138888911e-11
1.339909444278681962e-11
1.291055146242691588e-11
1.243982119655136577e-11
1.198625417764143057e-11
1.154922461834540688e-11
1.112812954807888828e-11
1.072238798110484087e-11
1.033144011494630782e-11
9.954746558025867108e-12
9.591787585466041318e-12
9.242062422023683883e-12
8.905088551169457232e-12
8.580401049358490609e-12
8.267551944574851701e-12
7.966109598263361004e-12
7.675658109796935471e-12
7.395796742657864298e-12
7.126139371540547924e-12
6.866313949613871757e-12
6.615961995207181393e-12
6.374738097212589219e-12
6.142309438520462980e-12
5.918355336830928793e-12
5.702566802207892654e-12
5.494646110765034705e-12
5.294306393895497378e-12
5.100391124871139238e-12
4.912299097198179187e-12
4.731143520085179151e-12
4.556668591375257768e-12
4.388627942373635555e-12
4.226784289960795215e-12
4.070909101534922437e-12
3.920782272310750486e-12
3.776191814518798630e-12
3.636933558066393878e-12
3.502810862237698714e-12
3.373634338025586961e-12
3.249221580703492580e-12
3.129396912259324580e-12
3.013991133327963134e-12
2.902841284271977050e-12
2.795790415073138743e-12
2.692687363709990755e-12
2.593386542708275013e-12
2.497747733563007461e-12
2.405635888741846784e-12
2.316920940990123323e-12
2.231477619668410938e-12
2.149185273863094524e-12
2.069927702020310019e-12
1.993592987862617218e-12
1.920073342356789578e-12
1.849264951509350333e-12
1.781067829775334436e-12
1.715385678872841606e-12
1.652125751804300353e-12
1.591198721892379774e-12
1.532518556645460179e-12
1.476002396274877680e-12
