6.696357991815553254e-10
6.784322789507289680e-10
6.873443111685979579e-10
6.963734137569616324e-10
7.055211245773693402e-10
7.147890016930413915e-10
7.241786236342601350e-10
7.336915896672180295e-10
7.433295200664121481e-10
7.530940563906133447e-10
7.629868617624612622e-10
7.730096211517352286e-10
7.831640416623301983e-10
7.934518528230342085e-10
8.038748068820940128e-10
8.143892895479034625e-10
8.249928020727371072e-10
8.357343744656305882e-10
8.466158042938639785e-10
8.576389125294017341e-10
8.688055438536405066e-10
8.801175669660897872e-10
8.915768748971025295e-10
9.031853853246790174e-10
9.149450408953624843e-10
9.268578095493449788e-10
9.389256848498074647e-10
9.511506863165135930e-10
9.635348597637849476e-10
9.760802776428531092e-10
9.886682176894004026e-10
1.001415148590045361e-09
1.014326426077820939e-09
1.027404169078531297e-09
1.040650523837345828e-09
1.054067664271045949e-09
1.067657792324791412e-09
1.081423138333491527e-09
1.095365961387834230e-09
1.109488549705031751e-09
1.123793221004367432e-09
1.138282322887539575e-09
1.152958233223954937e-09
1.167823360540966279e-09
1.182805210954168694e-09
1.197890191163815106e-09
1.213167558611718528e-09
1.228639766920540394e-09
1.244309301005387371e-09
1.260178677472881129e-09
1.276250445025343811e-09
1.292527184870136422e-09
1.309011511134193987e-09
1.325706071283898910e-09
1.342613546550261322e-09
1.359736652359522635e-09
1.377078138769298921e-09
1.394640790910232501e-09
1.412427429433303504e-09
1.430242037594319314e-09
1.448270007024047189e-09
1.466525216090994758e-09
1.485010529114009024e-09
1.503728846516231225e-09
1.522683105280148326e-09
1.541876279408442227e-09
1.561311380390617644e-09
1.580991457675510630e-09
1.600919599149785681e-09
1.621098931622399696e-09
1.641532621315236721e-09
1.662223874359888423e-09
1.683175937300737278e-09
1.704271895223864246e-09
1.725473165154183958e-09
1.746938180469207580e-09
1.768670222181274864e-09
1.790672612118735898e-09
1.812948713433755424e-09
1.835501931116363404e-09
1.858335712514898033e-09
1.881453547862998994e-09
1.904858970813042998e-09
1.928555558976329952e-09
1.952546934469912822e-09
1.976836764470226730e-09
2.001428761773689931e-09
2.026326685364151365e-09
2.051194111964238524e-09
2.076336809758649733e-09
2.101787696450791463e-09
2.127550549694002657e-09
2.153629193446583728e-09
2.180027498539316082e-09
2.206749383250076362e-09
2.233798813885350627e-09
2.261179805369023161e-09
2.288896421838234792e-09
2.316952777246693684e-09
2.345353035975230172e-09
2.374101413449988123e-09
2.403202176768041902e-09
2.432463755987140357e-09
2.461792504797752611e-09
2.491474876762955340e-09
2.521515135594634226e-09
2.551917596413222931e-09
2.582686626367468168e-09
2.613826645261827588e-09
2.645342126191268029e-09
2.677237596183876081e-09
2.709517636851106835e-09
2.742186885045878020e-09
2.775250033528702692e-09
2.808711831641692123e-09
2.842577085990861522e-09
2.876850661136483803e-09
2.910990824012362426e-09
2.945470184470635490e-09
2.980357937249421555e-09
3.015658919569737510e-09
3.051378025947315418e-09
3.087520208871161103e-09
3.124090479490255925e-09
3.161093908308396762e-09
3.198535625887151053e-09
3.236420823557249909e-09
3.274754754138412680e-09
3.313542732667575251e-09
3.352790137135866204e-09
3.392502409234309309e-09
3.432368818623289727e-09
3.472182068202649249e-09
3.512457125625477171e-09
3.553199347562866897e-09
3.594414152819861064e-09
3.636107023056107003e-09
3.678283503514961447e-09
3.720949203760956372e-09
3.764109798425976293e-09
3.807771027963951389e-09
3.851938699414302191e-09
3.896618687174383586e-09
3.941816933780730438e-09
3.987539450699456786e-09
4.033792319125734179e-09
4.079643137429811403e-09
4.125869316435395237e-09
4.172619281358881669e-09
4.219898967185461344e-09
4.267714376149267464e-09
4.316071578495368778e-09
4.364976713250398340e-09
4.414435989001913153e-09
4.464455684686583145e-09
4.515042150387314517e-09
4.566201808139400943e-09
4.617941152745814291e-09
4.670266752601728328e-09
4.723185250528387919e-09
4.776201411704085930e-09
4.828884540648236151e-09
4.882148782455120121e-09
4.936000546997612810e-09
4.990446314851672549e-09
5.045492638076217664e-09
5.101146141001609096e-09
5.157413521026828350e-09
5.214301549425450845e-09
5.271817072160505676e-09
5.329967010708325996e-09
5.388758362891489287e-09
5.448198203720938509e-09
5.508293686247399103e-09
5.569052042422205179e-09
5.628912354435874816e-09
5.689114653461783792e-09
5.749960827641504215e-09
5.811457763343503801e-09
5.873612420587284558e-09
5.936431833831092825e-09
5.999923112768083919e-09
6.064093443130871086e-09
6.128950087504934383e-09
6.194500386150474250e-09
6.260751757833185391e-09
6.327711700663887285e-09
6.395387792947133739e-09
6.463787694038902402e-09
6.532128400580405928e-09
6.599546403833595550e-09
6.667660227328506992e-09
6.736477052615844305e-09
6.806004135366994999e-09
6.876248806139024045e-09
6.947218471147602188e-09
7.018920613047756916e-09
7.091362791722978778e-09
7.164552645082175981e-09
7.238497889865006693e-09
7.313206322455488093e-09
7.388685819704002146e-09
7.464944339757794040e-09
7.541989922900029450e-09
7.617250358872470817e-09
7.692664705054178218e-09
7.768825688584281182e-09
7.845740701522193950e-09
7.923417209112276077e-09
8.001862750508206080e-09
8.081084939504847677e-09
8.161091465277201668e-09
8.241890093126666769e-09
8.323488665234864201e-09
8.405895101424584291e-09
8.489117399928606189e-09
8.573163638165925802e-09
8.658041973525875046e-09
8.742532480250324174e-09
8.824957825960328385e-09
8.908160284895907907e-09
8.992147183747172495e-09
9.076925918280897030e-09
9.162503953991777354e-09
9.248888826759838681e-09
9.336088143514021392e-09
9.424109582902048438e-09
9.512960895966592550e-09
9.602649906827819361e-09
9.693184513372370950e-09
9.784572687948842760e-09
9.876822478069811785e-09
9.969942007120498741e-09
1.005977076441932737e-08
1.014927024617659225e-08
1.023956598437176401e-08
1.033066506311639776e-08
1.042257462954777340e-08
1.051530189438967775e-08
1.060885413251799922e-08
1.070323868353153209e-08
1.079846295232786953e-08
1.089453440968422175e-08
1.099146059284359585e-08
1.108924910610619523e-08
1.118790762142587805e-08
1.128744387901211802e-08
1.138602281525186302e-08
1.148052883867383102e-08
1.157581927897322354e-08
1.167190064695025703e-08
1.176877950744594922e-08
1.186646247979067602e-08
1.196495623825640605e-08
1.206426751251283948e-08
1.216440308808705737e-08
1.226536980682725569e-08
1.236717456737019172e-08
1.246982432561253799e-08
1.257332609518615712e-08
1.267768694793730411e-08
1.278291401440982551e-08
1.288250986301699095e-08
1.298081558265822266e-08
1.307987146780425855e-08
1.317968324292651257e-08
1.328025667617952231e-08
1.338159757973437717e-08
1.348371181011440979e-08
1.358660526853387025e-08
1.369028390123873937e-08
1.379475369985057778e-08
1.390002070171260007e-08
1.400609099023864909e-08
1.411297069526485022e-08
1.422066599340364803e-08
1.432654876797471984e-08
1.442513096443077097e-08
1.452439151333694299e-08
1.462433508249388542e-08
1.472496637182187112e-08
1.482629011358168829e-08
1.492831107259724799e-08
1.503103404647952510e-08
1.513446386585235216e-08
1.523860539457950029e-08
1.534346352999329868e-08
1.544904320312513346e-08
1.555534937893720380e-08
1.566238705655606481e-08
1.577016126950759317e-08
1.586889990386013515e-08
1.596468655452025041e-08
1.606105138529998526e-08
1.615799788616638611e-08
1.625552956815227161e-08
1.635364996348358213e-08
1.645236262570719233e-08
1.655167112981961388e-08
1.665157907239653196e-08
1.675209007172288766e-08
1.685320776792415815e-08
1.695493582309802731e-08
1.705727792144709199e-08
1.716023776941215053e-08
1.726023617983239324e-08
1.734807142938066837e-08
1.743635366186607380e-08
1.752508515193059284e-08
1.761426818579157906e-08
1.770390506130067476e-08
1.779399808800301720e-08
1.788454958719672282e-08
1.797556189199272882e-08
1.806703734737488285e-08
1.815897831026040329e-08
1.825138714956047852e-08
1.834426624624149480e-08
1.843761799338626092e-08
1.853144479625568935e-08
1.861154227464553070e-08
1.868607663507916538e-08
1.876090948613781048e-08
1.883604202319833740e-08
1.891147544642477973e-08
1.898721096078764300e-08
1.906324977608285370e-08
1.913959310695142965e-08
1.921624217289853492e-08
1.929319819831329908e-08
1.937046241248809053e-08
1.944803604963827285e-08
1.952592034892203067e-08
1.960411655445990439e-08
1.967807037507277843e-08
1.973328057534627776e-08
1.978864567730251862e-08
1.984416611554469295e-08
1.989984232589546202e-08
1.995567474540014279e-08
2.001166381233026142e-08
2.006780996618711021e-08
2.012411364770494709e-08
2.018057529885459553e-08
2.023719536284702785e-08
2.029397428413658798e-08
2.035091250842466409e-08
2.040801048266308668e-08
2.046526865505781113e-08
2.050342554464431740e-08
2.053259465093168326e-08
2.056180525451713477e-08
2.059105741443661844e-08
2.062035118981006275e-08
2.064968663984150722e-08
2.067906382381922151e-08
2.070848280111580801e-08
2.073794363118835402e-08
2.076744637357851779e-08
2.079699108791267079e-08
2.082657783390201021e-08
2.085620667134268137e-08
2.088587766011590017e-08
2.091017504183427848e-08
2.090748961797109481e-08
2.090480453898787419e-08
2.090211980484037239e-08
2.089943541548429884e-08
2.089675137087541593e-08
2.089406767096936692e-08
2.089138431572192082e-08
2.088870130508881683e-08
2.088601863902584382e-08
2.088333631748865828e-08
2.088065434043305899e-08
2.087797270781480502e-08
2.087529141958970178e-08
2.087261047571344214e-08
2.084614807658170564e-08
2.080715061499290734e-08
2.076822610702627266e-08
2.072937441620546092e-08
2.069059540630947549e-08
2.065188894137203512e-08
2.061325488568133241e-08
2.057469310377940514e-08
2.053620346046172930e-08
2.049778582077659375e-08
2.045944005002486529e-08
2.042116601375936333e-08
2.038296357778444958e-08
2.034483260815541266e-08
2.030120915772482527e-08
2.022373102191368525e-08
2.014654857595442213e-08
2.006966069136752634e-08
1.999306624398025715e-08
1.991676411391019494e-08
1.984075318554887630e-08
1.976503234754547209e-08
1.968960049279059454e-08
1.961445651839993234e-08
1.953959932569838199e-08
1.946502782020380856e-08
1.939074091161109772e-08
1.931673751377620761e-08
1.924301654470028042e-08
1.914372884755247480e-08
1.902968005484877104e-08
1.891631070799492914e-08
1.880361675919138637e-08
1.869159418475318451e-08
1.858023898496663594e-08
1.846954718394619832e-08
1.835951482949282147e-08
1.825013799295254256e-08
1.814141276907650728e-08
1.803333527588127227e-08
1.792590165451031852e-08
1.781910806909638540e-08
1.771295070662424468e-08
1.760279659408987414e-08
1.745754452127387629e-08
1.731349101736393911e-08
1.717062619219191992e-08
1.702894023719982815e-08
1.688842342476654330e-08
1.674906610753973426e-08
1.661085871777365822e-08
1.647379176667221048e-08
1.633785584373757605e-08
1.620304161612395665e-08
1.606933982799691610e-08
1.593674129989798311e-08
1.580523692811425700e-08
1.567481768405349588e-08
1.552327219391678492e-08
1.535858030216029365e-08
1.519563568500360979e-08
1.503441980499176597e-08
1.487491432134024568e-08
1.471710108784832256e-08
1.456096215083483121e-08
1.440647974709553394e-08
1.425363630188231862e-08
1.410241442690383028e-08
1.395279691834716117e-08
1.380476675492084234e-08
1.365830709591827816e-08
1.351340127930189679e-08
1.336739119716358161e-08
1.319562496585715481e-08
1.302606586964403470e-08
1.285868554762182866e-08
1.269345600331565060e-08
1.253034959999544982e-08
1.236933905605326917e-08
1.221039744044013299e-08
1.205349816816157879e-08
1.189861499583071613e-08
1.174572201727902593e-08
1.159479365922296473e-08
1.144580467698660386e-08
1.129873015027920651e-08
1.115354547902685628e-08
1.099766424864662825e-08
1.083477228917930063e-08
1.067429300479087882e-08
1.051619066013230909e-08
1.036043004914875545e-08
1.020697648724012608e-08
1.005579580353739515e-08
9.906854333293515586e-09
9.760118910387154341e-09
9.615556859936947234e-09
9.473135991025843285e-09
9.332824589532679775e-09
9.194591411070198898e-09
9.058405674027426489e-09
8.923500570299040167e-09
8.779352275746796633e-09
8.637532521508855718e-09
8.498003692849485750e-09
8.360728782653388072e-09
8.225671381610049299e-09
8.092795668557200098e-09
7.962066400979732652e-09
7.833448905662624254e-09
7.706909069494320097e-09
7.582413330419178972e-09
7.459928668535729403e-09
7.339422597338741052e-09
7.220863155103074061e-09
7.104218896406247407e-09
6.985334036123471118e-09
6.865084530135229713e-09
6.746905067414158938e-09
6.630760013060173914e-09
6.516614345612671296e-09
6.404433646490273390e-09
6.294184089612630589e-09
6.185832431200719453e-09
6.079345999752879449e-09
5.974692686193150587e-09
5.871840934189463491e-09
5.770759730638340109e-09
5.671418596313546571e-09
5.573787576675478830e-09
5.477625666932453411e-09
5.377200565406137342e-09
5.278616626753971427e-09
5.181840095663058958e-09
5.086837835679943452e-09
4.993577317864702412e-09
4.902026609653033997e-09
4.812154363922376890e-09
4.723929808258673579e-09
4.637322734419828083e-09
4.552303487992331864e-09
4.468842958237611882e-09
4.386912568124352838e-09
4.306484264543747105e-09
4.227530508704023644e-09
4.146737859045734329e-09
4.064522790243593691e-09
3.983937753955661548e-09
3.904950432432435739e-09
3.827529148670538832e-09
3.751642853708883232e-09
3.677261114176953099e-09
3.604354100089708907e-09
3.532892572884706215e-09
3.462847873696238900e-09
3.394191911861975566e-09
3.326897153657602500e-09
3.260936611254615137e-09
3.196283831897249939e-09
3.132887098303684825e-09
3.067295176066231734e-09
3.003076523955612164e-09
2.940202390400313579e-09
2.878644625788261893e-09
2.818375669863804595e-09
2.759368539388617021e-09
2.701596816060949955e-09
2.645034634687747161e-09
2.589656671604510547e-09
2.535438133337505676e-09
2.482354745503401604e-09
2.430382741941258317e-09
2.379498854072150545e-09
2.329680300481464876e-09
2.281078441997583509e-09
2.233664740302611970e-09
2.187236563290636939e-09
2.141773426188967899e-09
2.097255270014289209e-09
2.053662452722321783e-09
2.010975740541450989e-09
1.969176299486561215e-09
1.928245687049181919e-09
1.888165844060404409e-09
1.848919086722890057e-09
1.810488098808572922e-09
1.772855924018469513e-09
1.736005958501297498e-09
1.699921943527663734e-09
1.665344900031107027e-09
1.631485817640282955e-09
1.598315143674847458e-09
1.565818881708238447e-09
1.533983319883257534e-09
1.502795025126359580e-09
1.472240837479510254e-09
1.442307864547348424e-09
1.412983476057180132e-09
1.384255298529641882e-09
1.356111210057659035e-09
1.328539335191614817e-09
1.301528039928480835e-09
1.275065926802800819e-09
1.249331823057119448e-09
1.224329335446084117e-09
1.199827214811377264e-09
1.175815447464974707e-09
1.152284220119644496e-09
1.129223915878426438e-09
1.106625110304301204e-09
1.084478567568569799e-09
1.062775236676283471e-09
1.041506247767242553e-09
1.020662908490975863e-09
1.000236700454308100e-09
9.802192757400188634e-10
9.606024534951351773e-10
9.413782165875406650e-10
9.233486342817637688e-10
9.057026873367919027e-10
8.883939688578880232e-10
8.714160341334884933e-10
8.547625616157341472e-10
8.384273505667115208e-10
8.224043187496754400e-10
8.066875001643954901e-10
7.912710428257808860e-10
7.761492065849580087e-10
7.613163609919890406e-10
7.467669831994355399e-10
7.324956559059868168e-10
7.184970653393871446e-10
7.049792390956637076e-10
6.919813873359628991e-10
6.792231797260413566e-10
6.667001978958832482e-10
6.544081049378949210e-10
6.423426439049677298e-10
6.304996363362324954e-10
6.188749808099817796e-10
6.074646515233000641e-10
5.962646968978440036e-10
5.852712382113660912e-10
5.744804682544430329e-10
5.638886500119725993e-10
5.534921153689992024e-10
5.432872638403809890e-10
5.335366099999467451e-10
5.239814269331663004e-10
5.145973689995624072e-10
5.053813714947689977e-10
4.963304246006588232e-10
4.874415724023576865e-10
4.787119119228934407e-10
4.701385921751217931e-10
4.617188132306325235e-10
4.534498253053320785e-10
4.453289278614012905e-10
4.373534687253372107e-10
4.295208432217893872e-10
4.218284933229089851e-10
4.142963876153539994e-10
4.069300229486005777e-10
3.996946353553281098e-10
3.925878960078782348e-10
3.856075174861314690e-10
3.787512530412635723e-10
3.720168958725930828e-10
3.654022784172860810e-10
3.589052716526909159e-10
3.525237844110774880e-10
3.462557627065606424e-10
3.400991890739914197e-10
3.340520819196028516e-10
3.281124948832017009e-10
3.222785162117005866e-10
3.164534988028475631e-10
3.107235110540875357e-10
3.050972755460995439e-10
2.995729136487834493e-10
2.941485807481783964e-10
2.888224656305449551e-10
2.835927898775815810e-10
2.784578072726093339e-10
2.734158032174975374e-10
2.684650941601466415e-10
2.636040270323492027e-10
2.588309786978127784e-10
2.541443554101934641e-10
2.495425922809324002e-10
2.449482955840514696e-10
2.403208901516053398e-10
2.357809026821416810e-10
2.313266817318095646e-10
2.269566070547714251e-10
2.226690890138277741e-10
2.184625680021839865e-10
2.143355138761316307e-10
2.102864253984523867e-10
2.063138296923329471e-10
2.024162817056000576e-10
1.985923636850770675e-10
1.948406846608663894e-10
1.911598799403778012e-10
1.875486106119152851e-10
1.838112277064671993e-10
1.801209031631226326e-10
1.765046681920263775e-10
1.729610353183916658e-10
1.694885469310287975e-10
1.660857746827839276e-10
1.627513189030155538e-10
1.594838080218596977e-10
1.562818980060635691e-10
1.531442718061388607e-10
1.500696388146155221e-10
1.470567343351741746e-10
1.441043190624367210e-10
1.412111785721985869e-10
1.382989575166838315e-10
1.353129963691533301e-10
1.323915039937277061e-10
1.295330884692232332e-10
1.267363879269066268e-10
1.240000699016422927e-10
1.213228306970539025e-10
1.187033947643847269e-10
1.161405140947763756e-10
1.136329676246632495e-10
1.111795606540071869e-10
1.087791242770928614e-10
1.064305148256104304e-10
1.041326133237667597e-10
1.018843249551568170e-10
9.953506913557725764e-11
9.721371473253755820e-11
9.494649889906205226e-11
9.273215901678031352e-11
9.056946191407568655e-11
8.845720317932927205e-11
8.639420649018027407e-11
8.437932295842763481e-11
8.241143049021337883e-11
8.048943316112415962e-11
7.861226060586854276e-11
7.677886742218801254e-11
7.498823258866860640e-11
7.323935889613322671e-11
7.148602070092550885e-11
6.968672374921193386e-11
6.793271494598811917e-11
6.622285439247766960e-11
6.455603088105770700e-11
6.293116117310497938e-11
6.134718929501839810e-11
5.980308585196192925e-11
5.829784735887698701e-11
5.683049558833774949e-11
5.540007693481848745e-11
5.400566179496127388e-11
5.264634396344467528e-11
5.132124004405587402e-11
5.002948887558951853e-11
4.869398792155660484e-11
4.737794963642447282e-11
4.609747953623422355e-11
4.485161632996941737e-11
4.363942470714760118e-11
4.245999463565176686e-11
4.131244067853836039e-11
4.019590132931143899e-11
3.910953836516116851e-11
3.805253621768243716e-11
3.702410136060067751e-11
3.602346171404616681e-11
3.504986606492753692e-11
3.410258350297130291e-11
3.316249527652794336e-11
3.220804772486148700e-11
3.128107006414508872e-11
3.038077168529065326e-11
2.950638473367634554e-11
2.865716345425354064e-11
2.783238355549903878e-11
2.703134159167583423e-11
2.625335436287114591e-11
2.549775833230315828e-11
2.476390906039755680e-11
2.405118065515248065e-11
2.335896523832138535e-11
2.268667242696124088e-11
2.203372882990022783e-11
2.137194783223629432e-11
2.072310392422965399e-11
2.009395866139386784e-11
1.948391400062986029e-11
1.889239005519118243e-11
1.831882454346433561e-11
1.776267225448386657e-11
1.722340452967422284e-11
1.670050876032572707e-11
1.619348790032704158e-11
1.570185999369055942e-11
1.522515771642258701e-11
1.476292793230146712e-11
1.431473126214271357e-11
1.387471499527534873e-11
1.343476656799605189e-11
1.300876830969186071e-11
1.259627787939200564e-11
1.219686696215885360e-11
1.181012082434173896e-11
1.143563788293235301e-11
1.107302928857605829e-11
1.072191852180459602e-11
1.038194100207240879e-11
1.005274370918942160e-11
9.733984816757741800e-12
9.425333337231755682e-12
9.126468778232867086e-12
8.837080809761844571e-12
8.549339417171974326e-12
8.268762357151737884e-12
7.997393433897156358e-12
7.734930449564004628e-12
7.481081124007859166e-12
7.235562769299572762e-12
6.998101974922345762e-12
6.768434303300644239e-12
6.546303995320849273e-12
6.331463685516697431e-12
6.123674126601912255e-12
5.922703923042922216e-12
5.728329273375848713e-12
5.540333720979883453e-12
5.357256805810675116e-12
5.176682539304081685e-12
5.002194795603137669e-12
4.833588419451909502e-12
4.670665170655865094e-12
4.513233490999517777e-12
4.361108279020472590e-12
4.214110672374868504e-12
4.072067837538871429e-12
3.934812766598233480e-12
3.802184080887540194e-12
3.674025841248061850e-12
3.550187364681074875e-12
3.430523047181318602e-12
3.314892192541886639e-12
3.201457780810070881e-12
3.091330796706400630e-12
2.984992072032689656e-12
2.882311294407946046e-12
2.783162634068338977e-12
2.687424589669572059e-12
2.594979839393506716e-12
2.505715097176627338e-12
2.419520973884048466e-12
2.336291843259050927e-12
2.255925712483769822e-12
2.178324097192470136e-12
2.103391900784289877e-12
2.031037297887457308e-12
1.960926738609177248e-12
1.892434233899768952e-12
1.826334079250674659e-12
1.762542713127163283e-12
1.700979492685279206e-12
1.641566591825977789e-12
1.584228902810020769e-12
1.528893941309396349e-12
1.475491754775100426e-12
1.423954834005539325e-12
1.374218027803756803e-12
1.326218460615509190e-12
1.279895453044186645e-12
1.235190445141986405e-12
1.192046922380448042e-12
1.150410344206763580e-12
1.110228075095465756e-12
1.071449318008436876e-12
1.034025050179023369e-12
9.979079611391454895e-13
9.630523929110591142e-13
9.294142822880929103e-13
8.969511051314839547e-13
8.656218226128077891e-13
8.353868293341098785e-13
8.062079032601420019e-13
7.780481573993830593e-13
7.508719931727609662e-13
7.246450554111730446e-13
6.993341889248521325e-13
6.749073965897346799e-13
6.513337988977992870e-13
6.285835949202448737e-13
6.066280246341983390e-13
5.854393325652729068e-13
5.649907327000682295e-13
5.452563746242158146e-13
5.262113108431649947e-13
5.078314652444333104e-13
4.900936026614046918e-13
4.729752995002444573e-13
4.564549153927649526e-13
4.405115658394092165e-13
4.251250958077967303e-13
4.102760542534180804e-13
3.959456695303046224e-13
3.821158256605606733e-13
3.687690394327613736e-13
3.558884383002880216e-13
3.434577390516279973e-13
3.314612272257151635e-13
3.198837372462357736e-13
3.087106332498375348e-13
2.979277905839758106e-13
2.875215779510093162e-13
2.774788401759961573e-13
2.677868815763632221e-13
2.584334499124685622e-13
2.494067208987426704e-13
2.406952832558293552e-13
2.322881242848505514e-13
2.241746159455219929e-13
2.163445014205566234e-13
2.087878821493498750e-13
2.014952053145566814e-13
1.944572517657578909e-13
1.876651243649199022e-13
1.811102367389440395e-13
1.747843024250697686e-13
1.686793243954108764e-13
1.627875849473958320e-13
1.571016359473074392e-13
1.516142894146126965e-13
1.463186084351645284e-13
1.412078983917972964e-13
1.362756985012167035e-13
1.315157736465066018e-13
1.269221064949057253e-13
1.224888898909059405e-13
1.182105195150439497e-13
1.140815867991142131e-13
1.100968720888460344e-13
1.062513380453942882e-13
1.025401232773117648e-13
9.895853619494358502e-14
9.550204907948158625e-14
9.216629235918043525e-14
8.894704908549380107e-14
8.584024960215539141e-14
8.284196640045803441e-14
7.994840915423281339e-14
7.715591992825121889e-14
7.446096855398790306e-14
7.186014816690510255e-14
6.935017089961038476e-14
6.692786372544828813e-14
6.459016444727091947e-14
6.233411782631254511e-14
6.015687184628006577e-14
5.805567410793106890e-14
5.602786834958580633e-14
5.407089108917376514e-14
5.218226838356802112e-14
5.035961270111058657e-14
4.860061990337840222e-14
4.690306633236996791e-14
4.526480599943470260e-14
4.368376787238803484e-14
4.215795325738307666e-14
4.068543327223173003e-14
3.926434640797752450e-14
3.789289617564111671e-14
3.656934883516079857e-14
3.529203120365739963e-14
3.405932854025498496e-14
3.286968250478044032e-14
3.172158918776431351e-14
3.061359720925030054e-14
2.954430588401014661e-14
2.851236345084634548e-14
2.751646536374158745e-14
2.655535264269783153e-14
2.562781028217608243e-14
2.473266571512889317e-14
2.386878733068154660e-14
2.303508304358813760e-14
2.223049891365606780e-14
2.145401781339025308e-14
2.070465814217611088e-14
1.998147258537392912e-14
1.928354691675597647e-14
1.860999884277405706e-14
1.795997688719365512e-14
1.733265931468744269e-14
1.672725309202583191e-14
1.614299288555139594e-14
1.557914009367113160e-14
1.503498191314114084e-14
1.450983043796569976e-14
1.400302178977018014e-14
1.351391527854889289e-14
1.304189259272690808e-14
1.258635701751188953e-14
1.214673268054784376e-14
1.172246382391715911e-14
1.131301410157062487e-14
1.091786590129725809e-14
1.053651969037680763e-14
1.016849338408772957e-14
9.813321736272309936e-15
9.470555751188533125e-15
9.139762115905148913e-15
8.820522652522423288e-15
8.512433789526060518e-15
8.215106051605994004e-15
7.928163567295300435e-15
7.651243593806123907e-15
7.383996058463100951e-15
