2.930112674535200133e-07
2.975632181008945933e-07
3.021858836217142714e-07
3.068803625765125362e-07
3.116477705920363505e-07
3.164892406263731813e-07
3.214059232381940274e-07
3.263989868601798371e-07
3.314696180766946844e-07
3.366190219057763249e-07
3.418484220855003532e-07
3.471590613648001248e-07
3.525522017988010985e-07
3.580291250487438736e-07
3.635911326865658564e-07
3.692395465042181039e-07
3.749757088277806114e-07
3.808009828364639718e-07
3.867153868807868954e-07
3.927209219200388141e-07
3.988197205126210679e-07
4.050132310041543981e-07
4.113029242324877298e-07
4.176902938769917953e-07
4.241768568132820270e-07
4.307641534734419233e-07
4.374537482118481612e-07
4.442472296766768647e-07
4.511462111871712854e-07
4.581523311167760334e-07
4.652672532822219790e-07
4.724926673386443588e-07
4.798302891808457880e-07
4.872818613507906821e-07
4.948491534514191273e-07
5.025339625668959770e-07
5.103381136893864440e-07
5.182634601524496130e-07
5.263118840711734895e-07
5.344852967891384038e-07
5.427856393323278857e-07
5.512148828700781710e-07
5.597750291831957241e-07
5.684681111393443157e-07
5.772961931758047805e-07
5.862613717897419220e-07
5.953657760360850796e-07
6.046115680331301411e-07
6.140009434760042451e-07
6.235361321581037105e-07
6.332193985006192243e-07
6.430530420902969427e-07
6.530393982255425497e-07
6.631808384710143845e-07
6.734797712208158605e-07
6.839386422704459923e-07
6.945599353976322282e-07
7.053461729521711603e-07
7.162999164549409078e-07
7.274237672062172032e-07
7.387203669034225685e-07
7.501923982684837020e-07
7.618425856849225455e-07
7.736736958448503306e-07
7.856885384059939893e-07
7.978899666589390530e-07
8.102808782047359984e-07
8.228642156430135092e-07
8.356429672707941038e-07
8.486201677921608908e-07
8.617988990389302472e-07
8.751822907025324363e-07
8.887735210772570788e-07
9.025751624439863475e-07
9.165875180810643091e-07
9.308174136180528421e-07
9.452682263320695429e-07
9.599433859319937950e-07
9.748463753724710423e-07
9.899807316805343603e-07
1.005350046795078270e-06
1.020957968419356105e-06
1.036808200886713966e-06
1.052904506039763484e-06
1.069250704123212994e-06
1.085850674690539860e-06
1.102708357524759332e-06
1.119827753573477772e-06
1.137212925898462114e-06
1.154868000639963371e-06
1.172797167995986669e-06
1.191004683216789670e-06
1.209494867614806092e-06
1.228272109590253110e-06
1.247340865672659369e-06
1.266705661578560748e-06
1.286371093285629613e-06
1.306341828123453779e-06
1.326622605881275608e-06
1.347218239932915081e-06
1.368133618379161439e-06
1.389373705207894707e-06
1.410943541472235679e-06
1.432848246486954119e-06
1.455093019043483106e-06
1.477683138643779645e-06
1.500623966753341349e-06
1.523920948073692609e-06
1.547579611834592002e-06
1.571605573106335997e-06
1.596004534132417065e-06
1.620782285682876072e-06
1.645944708428664699e-06
1.671497774337341437e-06
1.697447548090452685e-06
1.723800188522883561e-06
1.750561950084590275e-06
1.777739184325006529e-06
1.805338341400500003e-06
1.833365971605228554e-06
1.861828726925779192e-06
1.890733362619907266e-06
1.920086738819822870e-06
1.949895822160347620e-06
1.980167687432349654e-06
2.010909519261866589e-06
2.042128613815259716e-06
2.073832380530874604e-06
2.106028343877572128e-06
2.138720573558724892e-06
2.171918385518987675e-06
2.205631503093538838e-06
2.239867924998571845e-06
2.274635774108564386e-06
2.309943299383496866e-06
2.345798877825986830e-06
2.382211016468802641e-06
2.419188354393226109e-06
2.456739664778747282e-06
2.494873856984573374e-06
2.533599978663449040e-06
2.572927217908283925e-06
2.612864905432107575e-06
2.653422516781855265e-06
2.694609674586522189e-06
2.736436150840210330e-06
2.778911869220615181e-06
2.822046907443501208e-06
2.865851499653722123e-06
2.910336038853358140e-06
2.955511079367540271e-06
3.001387339348550769e-06
3.047975703318796450e-06
3.095287224753248255e-06
3.143333128701972138e-06
3.192124814453363286e-06
3.241673858238723168e-06
3.291992015978815110e-06
3.343091226073055275e-06
3.394983612231994652e-06
3.447681486353770943e-06
3.501197351445208839e-06
3.555543904588261107e-06
3.610734039952495670e-06
3.666780851854345256e-06
3.723697637863843404e-06
3.781497901959579098e-06
3.840195357732632765e-06
3.899803931640233545e-06
3.960337766309931051e-06
4.021811223895050320e-06
4.084238889482228287e-06
4.147635574551849992e-06
4.212016320492192619e-06
4.277396402168120990e-06
4.343791331545173935e-06
4.411216861369908048e-06
4.479688988907366193e-06
4.549223959736561835e-06
4.619838271604876209e-06
4.691548678342286512e-06
4.764372193836350062e-06
4.838326096068889739e-06
4.913427931215338682e-06
4.989696923671547005e-06
5.067157549231124390e-06
5.145820682398652870e-06
5.225704991039729870e-06
5.306829432822036785e-06
5.389213259714240129e-06
5.472876022554806783e-06
5.557837575691619343e-06
5.644118081693739187e-06
5.731738016136254092e-06
5.820718172459410638e-06
5.911079666903234187e-06
6.002843943518637632e-06
6.096032779256446169e-06
6.190668289135358757e-06
6.286772931490138848e-06
6.384369513301348138e-06
6.483481195607680414e-06
6.584131499002458309e-06
6.686344309215368659e-06
6.790143882780939125e-06
6.895554852794871613e-06
7.002602234759875734e-06
7.111311432522184764e-06
7.221708244300233027e-06
7.333818868806988861e-06
7.447669911467194237e-06
7.563288390731260160e-06
7.680701744487112106e-06
7.799937836571569456e-06
7.921024963382886926e-06
8.043991860595792908e-06
8.168867709980931398e-06
8.295682146330078015e-06
8.424465264488949527e-06
8.555247626499040074e-06
8.688060268850486469e-06
8.822934709847451661e-06
8.959902957087830541e-06
9.098997515059187302e-06
9.240251392852411746e-06
9.383698111995313762e-06
9.529371714407729760e-06
9.677306770480136676e-06
9.827538387277765766e-06
9.980102216871879762e-06
1.013503446480059355e-05
1.029237189866093752e-05
1.045215185683429983e-05
1.061441225734743117e-05
1.077919160687080610e-05
1.094652900985687359e-05
1.111646417782007206e-05
1.128903743876090950e-05
1.146428974673645485e-05
1.164226269157916871e-05
1.182308115535197678e-05
1.200675202384184836e-05
1.219327620844184022e-05
1.238269803524944931e-05
1.257506251896548614e-05
1.277041537359148260e-05
1.296880302329328589e-05
1.317027261343342379e-05
1.337487202177485016e-05
1.358264986985874375e-05
1.379365553455905744e-05
1.400793915981656901e-05
1.422555166855521847e-05
1.444654477478356613e-05
1.467097099588427671e-05
1.489888366509433503e-05
1.513033694417963364e-05
1.536538583630565031e-05
1.560408619910902314e-05
1.584649475797138179e-05
1.609266911949974477e-05
1.634266778521647765e-05
1.659655016546161095e-05
1.685437659351130725e-05
1.711620833991560830e-05
1.738210762705894144e-05
1.765213764394681111e-05
1.792636256122218864e-05
1.820484754641520206e-05
1.848765877942971730e-05
1.877486346827050723e-05
1.906652986501472538e-05
1.936272728203153312e-05
1.966352610845364471e-05
1.996899782690480832e-05
2.027921503048711621e-05
2.059425144003221642e-05
2.091418192162053250e-05
2.123908250437267557e-05
2.156903039851702639e-05
2.190410401373845106e-05
2.224438297781158926e-05
2.258994815552387527e-05
2.294088166789243869e-05
2.329726691167957077e-05
2.365918857921135056e-05
2.402673267850414049e-05
2.439998655370376917e-05
2.477903890584221951e-05
2.516397981391677542e-05
2.555490075629662807e-05
2.595189463246204428e-05
2.635505578508123671e-05
2.676448002243020114e-05
2.718026464116085028e-05
2.759902162455388759e-05
2.800503631144786069e-05
2.841702396101485271e-05
2.883507244269455436e-05
2.925927091859167043e-05
2.968970986249215503e-05
3.012648107915984864e-05
3.056967772391669836e-05
3.101939432251102705e-05
3.147572679127839804e-05
3.193877245759844680e-05
3.240863008065320543e-05
3.288539987249084016e-05
3.336918351939865079e-05
3.386008420359119342e-05
3.435820662521702314e-05
3.486365702468934886e-05
3.537654320534535730e-05
3.589697455643835308e-05
3.642506207646865792e-05
3.696091839685776811e-05
3.750465780597019532e-05
3.805639627348932660e-05
3.861625147515159958e-05
3.918434281784447491e-05
3.976079146507411493e-05
4.034572036280671903e-05
4.093925426569135586e-05
4.154151976366726723e-05
4.215264530896348374e-05
4.277276124349529908e-05
4.340199982666370166e-05
4.404049526356426187e-05
4.468838373361009659e-05
4.534580341957668992e-05
4.601289453707405898e-05
4.668979936445161806e-05
4.737666227314392674e-05
4.807362975846237721e-05
4.878085047083987474e-05
4.949847524753565365e-05
5.022665714480553439e-05
5.096555147054628872e-05
5.171531581742030650e-05
5.247611009646660837e-05
5.324809657120737960e-05
5.403143989225556783e-05
5.482630713243232028e-05
5.563286782239991148e-05
5.645129398681992644e-05
5.728176018104281120e-05
5.812444352833776951e-05
5.897952375766923958e-05
5.984718324203026468e-05
6.072760703733905911e-05
6.162098292190857523e-05
6.244291384141872512e-05
6.323084243329161265e-05
6.402871340977959276e-05
6.483665222769772736e-05
6.565478592692371173e-05
6.648324315037253769e-05
6.732215416422528023e-05
6.817165087841099117e-05
6.903186686734928917e-05
6.990293739095237231e-05
7.078499941589436770e-05
7.167819163714674437e-05
7.258265449978783962e-05
7.349853022108511632e-05
7.442596281285860814e-05
7.536509810412412951e-05
7.631608376402386701e-05
7.727906932504622229e-05
7.825420620653719694e-05
7.924164773851065130e-05
8.024154918575680015e-05
8.125406777225643981e-05
8.227936270590319721e-05
8.331759520353622655e-05
8.436892851629113294e-05
8.543352795526814713e-05
8.651156091752698390e-05
8.760319691240679848e-05
8.870860758818121562e-05
8.982796675904676444e-05
9.096145043245477491e-05
9.210923683678523175e-05
9.327150644937281783e-05
9.444844202488353433e-05
9.564022862405250930e-05
9.684705364278149036e-05
9.806910684160544036e-05
9.930658037553100092e-05
1.005596688242495478e-04
1.018285692227339047e-04
1.031134810922195019e-04
1.044146064715770938e-04
1.057321499490812924e-04
1.070663186945799300e-04
1.084173224920688996e-04
1.097853737726796163e-04
1.111706876480799517e-04
1.125734819443000549e-04
1.139939772359815126e-04
1.154323968810616542e-04
1.168889670558936390e-04
1.183639167908104414e-04
1.198574780061374538e-04
1.213698855486596663e-04
1.229013772285481704e-04
1.244136784287786261e-04
1.257333443652384705e-04
1.270670081048809105e-04
1.284148181235348274e-04
1.297769244719242099e-04
1.311534787923735964e-04
1.325036930809588237e-04
1.338426623590942863e-04
1.351951621184270633e-04
1.365613290864563505e-04
1.379413013723336230e-04
1.393286058587230589e-04
1.406606982022564527e-04
1.420055264086139983e-04
1.433632122427788290e-04
1.447338786339045634e-04
1.461176496864449931e-04
1.474671000617844361e-04
1.487904248966735808e-04
1.501256248455229013e-04
1.514728064719880025e-04
1.528320772959938952e-04
1.542015397607740502e-04
1.554861325454799442e-04
1.567814267708141519e-04
1.580875115862973924e-04
1.594044768841209041e-04
1.607324133053319808e-04
1.620163335880530297e-04
1.632519503175904887e-04
1.644969904717205698e-04
1.657515259181421580e-04
1.670156290726522723e-04
1.682893729033277787e-04
1.694495759408078323e-04
1.706116272715967085e-04
1.717816477182000667e-04
1.729596919312216920e-04
1.741458149360483381e-04
1.752791363356480121e-04
1.763348042686929814e-04
1.773968302589953915e-04
1.784652525997446353e-04
1.795401098147618088e-04
1.806214406598878153e-04
1.815607584512136344e-04
1.824855940368406309e-04
1.834151405570756677e-04
1.843494220085135492e-04
1.852884625099832528e-04
1.861657917833355015e-04
1.869239740284384165e-04
1.876852440605685922e-04
1.884496144551047554e-04
1.892170978386397654e-04
1.899877068891903532e-04
1.905884772217744660e-04
1.911524280707293242e-04
1.917180476488994844e-04
1.922853408940506650e-04
1.928543127585595365e-04
1.933572515942763494e-04
1.936901619366401199e-04
1.940236454630721329e-04
1.943577031604442143e-04
1.946923360173279745e-04
1.950275450239967879e-04
1.951623101955179799e-04
1.952301077092715549e-04
1.952979287752306173e-04
1.953657734015773700e-04
1.954336415964960487e-04
1.954378915325852436e-04
1.952113565919492044e-04
1.949850842313019777e-04
1.947590741462829685e-04
1.945333260328847066e-04
1.943078395874519519e-04
1.938655435875225844e-04
1.933234511963605933e-04
1.927828746194845417e-04
1.922438096183314243e-04
1.917062519661896769e-04
1.911189461093954942e-04
1.902404800141507639e-04
1.893660517325093651e-04
1.884956427049179896e-04
1.876292344571304702e-04
1.867668085998164381e-04
1.856883183936551248e-04
1.844789951565838115e-04
1.832775478198617398e-04
1.820839250904979505e-04
1.808980760095542839e-04
1.796908544698497842e-04
1.781630274364174313e-04
1.766481907994687606e-04
1.751462341077570989e-04
1.736570478491509324e-04
1.721805234426484327e-04
1.705270682472400149e-04
1.687341923977857467e-04
1.669601663640502627e-04
1.652047919641281605e-04
1.634678730997447230e-04
1.617451485548148022e-04
1.597380596944256799e-04
1.577558767167135329e-04
1.557982905656103516e-04
1.538649960201116324e-04
1.519556916466878980e-04
1.499497296322762794e-04
1.478413348104628113e-04
1.457625854487348653e-04
1.437130647118323125e-04
1.416923616254819039e-04
1.397000709939861423e-04
1.375810763668122163e-04
1.354854414988242834e-04
1.334217273398167071e-04
1.313894476735707789e-04
1.293881236899125894e-04
1.273927992721453112e-04
1.253937994726009243e-04
1.234261672246088283e-04
1.214894103203707678e-04
1.195830442756277029e-04
1.177065922084646681e-04
1.158947291088472569e-04
1.141155723973134270e-04
1.123637283912713383e-04
1.106387778000108473e-04
1.089403077695583303e-04
1.073101075704825246e-04
1.057836027193148192e-04
1.042788126638304421e-04
1.027954285073027688e-04
1.013331457471145321e-04
9.989166421225114149e-05
9.860100050506990360e-05
9.735717054288085272e-05
9.612903122243917199e-05
9.491638460974572799e-05
9.371903526769544981e-05
9.257122649383794520e-05
9.152659191597218723e-05
9.049374568144596856e-05
8.947255476284319371e-05
8.846288763391651762e-05
8.746461425264729652e-05
8.648374773839618971e-05
8.551598657386646248e-05
8.455905474659429000e-05
8.361283107529095444e-05
8.267719573469704049e-05
8.171806376203680775e-05
8.064292578314893130e-05
7.958193304486570359e-05
7.853489944285815566e-05
7.750164132131193552e-05
7.648197744071243609e-05
7.525769530864734303e-05
7.394989720407192104e-05
7.266482549146619288e-05
7.140208524068781799e-05
7.016128838453197444e-05
6.888839180618178625e-05
6.731876016925640767e-05
6.578489280859050508e-05
6.428597483015030295e-05
6.282120990737663708e-05
6.138981985812150125e-05
5.983211616647524193e-05
5.821398930124735432e-05
5.663962379228996871e-05
5.510783613765166269e-05
5.361747484254393868e-05
5.216701573869421269e-05
5.075083961610757664e-05
4.937310837639924123e-05
4.803277835769998594e-05
4.672883423039167272e-05
4.546028822797382499e-05
4.434779860319219613e-05
4.336400157896955351e-05
4.240202878538197422e-05
4.146139608085213903e-05
4.054163006384117849e-05
3.964370868476703170e-05
3.900681193423510173e-05
3.838014726047640464e-05
3.776355027986830719e-05
3.715685924969637949e-05
3.655991502572673158e-05
3.597859915286171715e-05
3.541317450944731957e-05
3.485663584366706537e-05
3.430884350720623941e-05
3.376966004640493736e-05
3.323895016776732452e-05
3.249632274208293868e-05
3.175615093958397093e-05
3.103283809991488434e-05
3.032600022489197124e-05
2.963526206269455649e-05
2.888252090525294516e-05
2.803767403862628783e-05
2.721753991194323844e-05
2.642139564921342073e-05
2.564853951939814365e-05
2.489829031789684996e-05
2.423702292926526261e-05
2.360303689049126957e-05
2.298563450138965241e-05
2.238438197096244962e-05
2.179885685520919562e-05
2.128262181339393426e-05
2.088280098368716062e-05
2.049049129134259477e-05
2.010555163019388703e-05
1.972784354493168946e-05
1.935723118130389876e-05
1.896129710930468838e-05
1.856570711611771381e-05
1.817837032638024624e-05
1.779911455331219277e-05
1.742777120247027668e-05
1.703704066335646059e-05
1.658323266693751514e-05
1.614151255019691944e-05
1.571155833371543198e-05
1.529305661449508198e-05
1.488570233751240830e-05
1.452678693646140979e-05
1.418975574930112653e-05
1.386054391143089016e-05
1.353897000870974832e-05
1.322485683592614372e-05
1.292459371731451929e-05
1.265660224985033900e-05
1.239416758581104114e-05
1.213717450487044099e-05
1.188551017579589346e-05
1.163906410691057747e-05
1.137583508004499924e-05
1.110792215849756166e-05
1.084631886899269727e-05
1.059087661303695295e-05
1.034145029178826347e-05
1.010050059191410549e-05
9.881633339327101565e-06
9.667508710515968236e-06
9.458023937798324131e-06
9.253078480359808845e-06
9.052573975999942389e-06
8.858800883200731267e-06
8.670733004937912513e-06
8.486657712951773983e-06
8.306490246647771399e-06
8.130147644856081717e-06
7.957678824787078585e-06
7.790666029296162656e-06
7.627158436072371346e-06
7.467082479237713568e-06
7.310366136887441824e-06
7.156938898685668408e-06
7.010037630872259424e-06
6.868997290172817507e-06
6.730794648605975907e-06
6.595372612319539535e-06
6.462675236176415292e-06
6.332647700642821740e-06
6.217843939345543106e-06
6.105139579405466944e-06
5.994478093631003969e-06
5.885822452976792637e-06
5.779136299584299349e-06
5.674383934615862194e-06
5.571530306309384257e-06
5.470540998249422651e-06
5.371382217850920949e-06
5.274020785051760637e-06
5.178424121210036203e-06
5.084560238202911361e-06
4.992397727722833099e-06
4.901905750767793359e-06
4.813054027322165506e-06
4.725812826224499595e-06
4.640152955219068741e-06
4.556045751187656473e-06
4.473463070558435802e-06
4.392377279888700117e-06
4.312761246618293236e-06
4.234588329990597821e-06
4.157832372138181921e-06
4.082467689329934032e-06
4.008469063376899952e-06
3.935811733193892376e-06
3.864471386514018747e-06
3.794424151753468929e-06
3.725646590023678149e-06
3.658115687288325794e-06
3.591808846662484555e-06
3.526703880851327974e-06
3.462779004725960363e-06
3.400012828033746221e-06
3.338384348240809412e-06
3.277872943504265174e-06
3.218458365771806502e-06
3.160120734006433711e-06
3.102840527533923740e-06
3.046598579510916944e-06
2.991376070511402575e-06
2.938292218898729308e-06
2.886484320895991978e-06
2.835589898509532242e-06
2.785592845359176110e-06
2.736477339052047672e-06
2.688227836175323660e-06
2.640829067377273419e-06
2.594266032535010899e-06
2.548523996007441234e-06
2.503588481971960655e-06
2.459445269843302939e-06
2.416080389773235150e-06
2.373480118229553870e-06
2.331630973653032184e-06
2.290519712190991384e-06
2.250133323506026935e-06
2.210459026658710917e-06
2.171484266062814034e-06
2.133196707511916838e-06
2.095584234276030761e-06
2.058634943267052854e-06
2.022337141271843413e-06
1.986679341251725795e-06
1.951650258707209055e-06
1.917238808106835205e-06
1.883434099378948317e-06
1.850225434465397196e-06
1.817602303935929227e-06
1.785554383662313182e-06
1.754071531551106983e-06
1.723143784333995545e-06
1.692761354414793847e-06
1.662914626771970480e-06
1.633594155915827471e-06
1.604790662899307246e-06
1.576495032381525073e-06
1.548698309743074897e-06
1.521391698252185331e-06
1.494566556280838931e-06
1.468214394570009439e-06
1.442326873543069785e-06
1.413450948096418652e-06
1.382299911385369794e-06
1.351835412179906033e-06
1.322042319884186876e-06
1.292905837365471676e-06
1.264411493604945419e-06
1.236545136510483864e-06
1.209292925887834386e-06
1.182641326566704534e-06
1.156577101678321682e-06
1.131087306081196969e-06
1.106159279931729762e-06
1.081780642396534493e-06
1.057939285503335945e-06
1.034623368127387268e-06
1.011821310110410537e-06
9.895217865091706185e-07
9.677137219707844338e-07
9.463862852320024994e-07
9.255288837397231120e-07
9.051311583900454087e-07
8.851829783833069650e-07
8.656744361924724016e-07
8.465958426424337554e-07
8.279377220977549965e-07
8.096908077564658110e-07
7.918460370475922508e-07
7.743945471301045433e-07
7.573276704910714120e-07
7.406369306408270916e-07
7.243140379030063520e-07
7.083508852973684864e-07
6.927395445133690221e-07
6.774722619724405561e-07
6.625414549770927742e-07
6.479397079448530895e-07
6.336597687252293214e-07
6.196945449978277660e-07
6.060371007498599589e-07
5.926806528312817012e-07
5.796185675858472026e-07
5.656878214277874408e-07
5.496204856526631122e-07
5.340095133860542005e-07
5.188419424508566949e-07
5.041051788370775676e-07
4.897869862447196430e-07
4.758754759236791525e-07
4.623590968022154500e-07
4.492266258958196555e-07
4.364671589884775538e-07
4.240701015786475476e-07
4.120251600823685906e-07
4.003223332862513632e-07
3.889519040432176560e-07
3.779044312041120658e-07
3.671707417784885658e-07
3.567419233180410634e-07
3.466093165163832189e-07
3.367645080190074196e-07
3.271993234374682156e-07
3.179058205619879873e-07
3.088762827668428126e-07
3.001032126030535229e-07
2.915793255730738593e-07
2.832975440822822498e-07
2.752509915622915737e-07
2.674329867611544328e-07
2.598370381957599333e-07
2.524568387617909826e-07
2.452862604967794042e-07
2.383193494919091168e-07
2.315503209483376658e-07
2.249735543739318102e-07
2.185835889164377232e-07
2.123751188291950409e-07
2.063429890656480676e-07
2.004821909989823027e-07
1.947878582633353945e-07
1.892552627131350713e-07
1.838798104972002950e-07
1.786570382443567913e-07
1.735126828275072608e-07
1.677800684049314518e-07
1.622368514810422275e-07
1.568767746294963409e-07
1.516937871604924179e-07
1.466820382904926707e-07
1.418358705375983702e-07
1.371498133351358818e-07
1.326185768562435058e-07
1.282370460424795429e-07
1.240002748297238422e-07
1.199034805648405915e-07
1.159420386068117423e-07
1.121114771062390416e-07
1.084074719573219711e-07
1.048258419166215419e-07
1.013625438830868276e-07
9.801366833402501425e-08
9.477543491186246611e-08
9.164418815670900008e-08
8.861639337991637953e-08
8.568863267396628446e-08
8.285760105418600299e-08
8.012010272793759183e-08
7.747304748706492864e-08
7.491344721953443345e-08
7.243841253632053853e-08
7.004514950973804917e-08
6.773095651953378464e-08
6.549322120317824025e-08
6.332941750691744336e-08
6.123710283425235211e-08
5.921391528862862686e-08
5.725757100722420619e-08
5.536586158282451091e-08
5.353665157087661144e-08
5.176787607890451800e-08
5.005753843556886799e-08
4.840370793673665178e-08
4.680451766601660274e-08
4.525816238730394838e-08
4.376289650694948971e-08
4.222798635508318778e-08
4.073243676290015277e-08
3.928985366937666641e-08
3.789836120894813772e-08
3.655614995184822976e-08
3.526147455121327423e-08
3.401265147351775444e-08
3.280805680938766278e-08
3.164612416194811108e-08
3.052534260995532089e-08
2.944425474306776635e-08
2.840145476670025301e-08
2.739558667399554081e-08
2.642534248253928106e-08
2.548946053352212334e-08
2.458672385113968205e-08
2.371595856009561490e-08
2.287603235915055853e-08
2.206585304873262447e-08
2.128436711069347673e-08
2.053055833836386273e-08
1.980344651512785005e-08
1.910208613979571939e-08
1.842556519712043479e-08
1.777300397185654386e-08
1.714355390482106298e-08
1.653639648946785235e-08
1.595074220754099428e-08
1.538582950242364235e-08
1.484092378884632231e-08
1.431531649766751225e-08
1.380832415448456157e-08
1.331928749087664354e-08
1.284757058712346377e-08
1.239256004528633286e-08
1.195366419157476133e-08
1.153031230696251815e-08
1.112195388505199645e-08
1.072805791622212894e-08
1.034811219712928998e-08
9.981622664662616077e-09
9.621540763712092033e-09
9.270683837238557020e-09
8.932621179986301886e-09
8.606886239031454265e-09
8.293029474663407894e-09
7.990617739984794893e-09
7.699233683135044662e-09
7.418475171311822010e-09
7.147954735796615888e-09
6.887299037217422583e-09
6.636148350311201035e-09
6.394156067474988830e-09
6.160988220420018091e-09
5.936323019269610522e-09
5.719850408463802578e-09
5.511271638858533355e-09
5.310298855428321692e-09
5.116654700003812843e-09
4.930071928495884791e-09
4.750293042077888079e-09
4.577069931817006123e-09
4.410163536264615774e-09
4.249343511532684459e-09
4.094387913401271096e-09
3.945082891018127853e-09
3.801222391767701024e-09
3.662607876902484985e-09
3.529048047543915605e-09
3.400358580675099232e-09
3.276361874760474782e-09
3.156886804641868409e-09
3.041768485372381931e-09
2.930848044662199232e-09
2.823972403622518440e-09
2.720994065504578874e-09
2.621770912142659026e-09
2.526166007819923707e-09
2.434047410286312984e-09
2.345287988668018992e-09
2.259765248016874682e-09
2.177361160257743082e-09
2.097584553858933537e-09
2.020182255261702743e-09
1.945636154197540764e-09
1.873840855032272035e-09
1.804694851302378085e-09
1.738100382202013171e-09
1.673963294365596697e-09
1.612192908750903849e-09
1.552701892434117058e-09
1.495406135135766350e-09
1.440224630303008835e-09
1.387079360579928856e-09
1.335895187504218647e-09
1.286599745273974921e-09
1.239123338434685127e-09
1.193398843341578929e-09
1.149361613258063206e-09
1.106949386956186649e-09
1.066102200689689079e-09
1.026762303415403301e-09
9.888740751429731797e-10
9.523839482975710934e-10
9.172403319843592957e-10
8.833935390476627608e-10
8.507957158216901366e-10
8.194007744734980122e-10
7.891643278425835576e-10
7.600436266848735514e-10
7.319974992325348841e-10
7.049862929840037866e-10
6.789718186420210258e-10
6.539172961204190329e-10
6.297873025432399174e-10
6.065477221627918380e-10
