1.134090394736115795e-07
1.151571233429652943e-07
1.169321521298359497e-07
1.187345411624541960e-07
1.205647121709082817e-07
1.224230933858225847e-07
1.243101196385576126e-07
1.262262324629516039e-07
1.281718801986345260e-07
1.301475180959301940e-07
1.321536084223797165e-07
1.341906205709025209e-07
1.362590311696288390e-07
1.383593241934209387e-07
1.404919910771177230e-07
1.426575308305201674e-07
1.448564501551540704e-07
1.470892635628276670e-07
1.493564934960214806e-07
1.516586704501290468e-07
1.539963330975869189e-07
1.563700284139126410e-07
1.587803118056909495e-07
1.612277472405273948e-07
1.637129073790101714e-07
1.662363737087010686e-07
1.687987366801967291e-07
1.714005958452823690e-07
1.740419788785406048e-07
1.767211809718378547e-07
1.794416267001648917e-07
1.822039509680090371e-07
1.850087984535757085e-07
1.878568237592471995e-07
1.907486915643541245e-07
1.936850767803005034e-07
1.966666647080748849e-07
1.996941511981902842e-07
2.027682428130804362e-07
2.058896569920018112e-07
2.090591222184698731e-07
2.122773781902752416e-07
2.155451759921144329e-07
2.188632782708829845e-07
2.222324594136604232e-07
2.256535057284417382e-07
2.291272156276465666e-07
2.326543998144534179e-07
2.362358814720063210e-07
2.398724964555299695e-07
2.435650934874023363e-07
2.473145343552345455e-07
2.511216941129955108e-07
2.549874612852328759e-07
2.589127380744419269e-07
2.628984405716225773e-07
2.669454989700773131e-07
2.710548577825051551e-07
2.752274760614329832e-07
2.794643276230399700e-07
2.837664012744323488e-07
2.881347010444122995e-07
2.925702464177989724e-07
2.970740725733616315e-07
3.016472306254109737e-07
3.062907878691086056e-07
3.110058280295590515e-07
3.157934515147301387e-07
3.206547756722673518e-07
3.255909350502668488e-07
3.306030816620573779e-07
3.356923852550580643e-07
3.408600335837808878e-07
3.461072326870298906e-07
3.514352071693675265e-07
3.568452004869200406e-07
3.623384752375764637e-07
3.679163134556544862e-07
3.735800169111093412e-07
3.793309074133421824e-07
3.851703271196845600e-07
3.910996388486394100e-07
3.971202263979367910e-07
4.032334948674854183e-07
4.094354517805034406e-07
4.157300849150494461e-07
4.221214913166063369e-07
4.286111587708801752e-07
4.352005979366945356e-07
4.418913426976428508e-07
4.486849505191393742e-07
4.555830028109668050e-07
4.625871052953985535e-07
4.696988883809715639e-07
4.769200075420150964e-07
4.842521437040083669e-07
4.916970036348692164e-07
4.992563203422477685e-07
5.069318534769373581e-07
5.147253897424872770e-07
5.226387433111044215e-07
5.306737562459570261e-07
5.388322989299720704e-07
5.471162705012148725e-07
5.555275992949728424e-07
5.640682432926293695e-07
5.727401905774455805e-07
5.815454597973376380e-07
5.904861006347791727e-07
5.995641942839281672e-07
6.087818539350781320e-07
6.181412252665681490e-07
6.276444869442556483e-07
6.372938511286569505e-07
6.470915639898969236e-07
6.570399062305673866e-07
6.671411936166330672e-07
6.773977775164846397e-07
6.878120454482928982e-07
6.983864216357762958e-07
7.091233675725020228e-07
7.200253825948740444e-07
7.310950044639304910e-07
7.423348099560730123e-07
7.537474154628918882e-07
7.653354776002044233e-07
7.771016938264659722e-07
7.890488030706720752e-07
8.011795863699287343e-07
8.134968675168243418e-07
8.260035137167402709e-07
8.387024362552804390e-07
8.515965911759634161e-07
8.646889799683172635e-07
8.779826502665698004e-07
8.914806965590730023e-07
9.051862609086330544e-07
9.191025336839242543e-07
9.332327543021269483e-07
9.475773573790081349e-07
9.621282723712966064e-07
9.769026299410824303e-07
9.919038612530397751e-07
1.007135450160501219e-06
1.022600934014548385e-06
1.038303904485516374e-06
1.054248008397116238e-06
1.070436948573362043e-06
1.086874484698516206e-06
1.103564434190217614e-06
1.120510673086037979e-06
1.137717136943643235e-06
1.155187821754775753e-06
1.172926784873285028e-06
1.190938145957383860e-06
1.209226087926398534e-06
1.227794857932198511e-06
1.246648768345543425e-06
1.265792197757588580e-06
1.285229591996743771e-06
1.304965465161174255e-06
1.325004400667141036e-06
1.345351052313442177e-06
1.366010145362210331e-06
1.386986477636282454e-06
1.408284920633445399e-06
1.429910420657777582e-06
1.451867999968378130e-06
1.474162757945709012e-06
1.496799872275875423e-06
1.519784600153077361e-06
1.543122279500525452e-06
1.566818330210122167e-06
1.590878255401146001e-06
1.615307642698296714e-06
1.640112165529350017e-06
1.665297584442739132e-06
1.690869748445384891e-06
1.716834596361036727e-06
1.743198158209504686e-06
1.769966556607056245e-06
1.797146008188314635e-06
1.824742825050011046e-06
1.852763416216871277e-06
1.881214289130047869e-06
1.910102051158389721e-06
1.939433411132919992e-06
1.969215180904896030e-06
1.999454276927755849e-06
2.030157721863393290e-06
2.061332646213081844e-06
2.092986289973460067e-06
2.125126004317908917e-06
2.157759253303789435e-06
2.190893615605873228e-06
2.224520163203991394e-06
2.258654499194050041e-06
2.293312612362101647e-06
2.328502539850934617e-06
2.364232442129949577e-06
2.400510604887536859e-06
2.437345440952542362e-06
2.474745492245169088e-06
2.512719431757814084e-06
2.551276065566349025e-06
2.590424334872213731e-06
2.630173318075847372e-06
2.670532232881985889e-06
2.711510438437186910e-06
2.753117437500232240e-06
2.795362878645775559e-06
2.838256558501839665e-06
2.881808424021609235e-06
2.926028574790147609e-06
2.970927265366424673e-06
3.016514907661366517e-06
3.062802073352339798e-06
3.109799496334679802e-06
3.157518075210898365e-06
3.205968875818026042e-06
3.255163133793736545e-06
3.305112257181908599e-06
3.355827829078103386e-06
3.407321610315644509e-06
3.459605542192965827e-06
3.512691749242757401e-06
3.566592542043594377e-06
3.621320420074777676e-06
3.676888074614916320e-06
3.733308391684984060e-06
3.790594455036613076e-06
3.848759549186127880e-06
3.907817162495250302e-06
3.967780990298990152e-06
4.028664938081581704e-06
4.090483124701099581e-06
4.153249885663656147e-06
4.216979776447700893e-06
4.281687575879468749e-06
4.347388289560123678e-06
4.414097153345541965e-06
4.481829636879439106e-06
4.550601447180812688e-06
4.620428532286289940e-06
4.691327084948510749e-06
4.763313546391166168e-06
4.836404610121651266e-06
4.910617225802311468e-06
4.985968603181008320e-06
5.062476216081990603e-06
5.140165084480489085e-06
5.219082313241402099e-06
5.299211162425588802e-06
5.380570234106024821e-06
5.463178415954346730e-06
5.547054885625578237e-06
5.632219115210347964e-06
5.718690875755284054e-06
5.806490241852997624e-06
5.895637596302353008e-06
5.986153634840413079e-06
6.078059370947034593e-06
6.171376140723100338e-06
6.266125607843838211e-06
6.362329768587987867e-06
6.460010956944380242e-06
6.559191849796717705e-06
6.659895472188158263e-06
6.762145202666538152e-06
6.865964778711785417e-06
6.971378302246662911e-06
7.078410245231985875e-06
7.187085455347945512e-06
7.297429161762434696e-06
7.409466980988165608e-06
7.523224922829477141e-06
7.638729396420682020e-06
7.756007216356881098e-06
7.875085608919145613e-06
7.995992218395027063e-06
8.118755113496364909e-06
8.243402793875383985e-06
8.369964196740980658e-06
8.498468703576620754e-06
8.628946146961184171e-06
8.761426817494794150e-06
8.895941470830703537e-06
9.032521334815418304e-06
9.171198116738173023e-06
9.312004010691970747e-06
9.454971705047391769e-06
9.600134390041310876e-06
9.747525765482139231e-06
9.897180048573162972e-06
1.004913198185630110e-05
1.020341684127748715e-05
1.036007044437621568e-05
1.051912915860051915e-05
1.068062990974979085e-05
1.084461019054724450e-05
1.101110806934386558e-05
1.118016219895602449e-05
1.135181182563884020e-05
1.152609679819732743e-05
1.170305757723732971e-05
1.188273524455848282e-05
1.205888758344398526e-05
1.223450785295320305e-05
1.241268577787209850e-05
1.259345860675525246e-05
1.277686413062861589e-05
1.296294069088978103e-05
1.315172718732346606e-05
1.334326308623345492e-05
1.353758842869323182e-05
1.373474383891664886e-05
1.393477053275051885e-05
1.413771032629089541e-05
1.434360564462484087e-05
1.455249953069945926e-05
1.476443565432029661e-05
1.497945832128028766e-05
1.519761248262242368e-05
1.541894374403654963e-05
1.564349837539350096e-05
1.587132332041790475e-05
1.610246620650186957e-05
1.633697535466175951e-05
1.657489978963950933e-05
1.681628925015167227e-05
1.706119419928737969e-05
1.730966583505763498e-05
1.756175610109850319e-05
1.781751769753003956e-05
1.807700409197338275e-05
1.834026953072829649e-05
1.860736905011347033e-05
1.887835848797214081e-05
1.915329449534492379e-05
1.943223454831299521e-05
1.971523696001359230e-05
2.000236089283052187e-05
2.029366637076220002e-05
2.058921429196983199e-05
2.088906644150828346e-05
2.119328550424262830e-05
2.150193507795209382e-05
2.181507968662595390e-05
2.213278479395195945e-05
2.245511681700190399e-05
2.278214314011624188e-05
2.311393212899095779e-05
2.345055314496960101e-05
2.379207655954343242e-05
2.413857376906274020e-05
2.449011720966260720e-05
2.484678037240559348e-05
2.520863781864541973e-05
2.557576519561416585e-05
2.594823925223651160e-05
2.632613785517430585e-05
2.670046843083082543e-05
2.703516404170846455e-05
2.737405512774156353e-05
2.771719428003442505e-05
2.806463474893121620e-05
2.841643045227944578e-05
2.877263598379759270e-05
2.913330662154710917e-05
2.949849833651062156e-05
2.986826780127817870e-05
3.024267239884187301e-05
3.062177023150067413e-05
3.100562012987745386e-05
3.139428166204841897e-05
3.178781514278738155e-05
3.218628164292547302e-05
3.258974299882886006e-05
3.299826182199464534e-05
3.341190150876739934e-05
3.383072625017708883e-05
3.425480104190106528e-05
3.468419169435016050e-05
3.511896484288170846e-05
3.555918795814009642e-05
3.600492935652769812e-05
3.645625821080638560e-05
3.691324456083197093e-05
3.737595932442381414e-05
3.784447430837005802e-05
3.831886221957078698e-05
3.879919667632159691e-05
3.928555221973777247e-05
3.977800432532217539e-05
4.027662941467769083e-05
4.078150486736720648e-05
4.129270903292154470e-05
4.181032124299826806e-05
4.233442182369293055e-05
4.286509210800417709e-05
4.340241444845602519e-05
4.394647222987753215e-05
4.449734988234268698e-05
4.505513289427328510e-05
4.561990782570526671e-05
4.619176232172134475e-05
4.677078512605280231e-05
4.735706609485092016e-05
4.795069621063155821e-05
4.855176759639398179e-05
4.916037352991761906e-05
4.977660845823706122e-05
5.040056801229912746e-05
5.103234902180299058e-05
5.167204953022742919e-05
5.231976881004535545e-05
5.297560737812971810e-05
5.356940407567151120e-05
5.413485500347026613e-05
5.470627453885883781e-05
5.528372568337238096e-05
5.586727210355799366e-05
5.645324445700801121e-05
5.702138435375613316e-05
5.759524195451545760e-05
5.817487480169647083e-05
5.876034101681083859e-05
5.935169930629939254e-05
5.992995546206102034e-05
6.050113479541694361e-05
6.107775791441136443e-05
6.165987670257754624e-05
6.224754353793972945e-05
6.283830619655782484e-05
6.340018008505257912e-05
6.396707801518194004e-05
6.453904490982757922e-05
6.511612609355332804e-05
6.569836729619579774e-05
6.626336671445562159e-05
6.681351036370579053e-05
6.736822151457589746e-05
6.792753808819993518e-05
6.849149832054759199e-05
6.906011023789503122e-05
6.958584774626552598e-05
7.011558756402642002e-05
7.064936015976746848e-05
7.118719623402824828e-05
7.172912672106391684e-05
7.224949571644505753e-05
7.274410044488351026e-05
7.324209113242060784e-05
7.374349095861425988e-05
7.424832326170514884e-05
7.475661153970217904e-05
7.520965187978531782e-05
7.566119716215223849e-05
7.611545344153792430e-05
7.657243699428317827e-05
7.703216419444856866e-05
7.746639682456304347e-05
7.786033139132578814e-05
7.825626920658404462e-05
7.865422045732028251e-05
7.905419538232016474e-05
7.945620427243579192e-05
7.979094686860761624e-05
8.011627662743854269e-05
8.044293284567554248e-05
8.077092093166033174e-05
8.110024631578591637e-05
8.140061222647811839e-05
8.164080527231330634e-05
8.188170706833692908e-05
8.212331970589558663e-05
8.236564528250624976e-05
8.260868590187581627e-05
8.277075946857134694e-05
8.291241168753487397e-05
8.305430632726694591e-05
8.319644380264194219e-05
8.333882452924358151e-05
8.345165598313240840e-05
8.348148694468541598e-05
8.351132856973284371e-05
8.354118086208632630e-05
8.357104382555938227e-05
8.360091746396620775e-05
8.353870098577457939e-05
8.344253306099690560e-05
8.334647584263028407e-05
8.325052920323175031e-05
8.315469301550520856e-05
8.303191985373425076e-05
8.279882595001799043e-05
8.256638640631243267e-05
8.233459938564502748e-05
8.210346305620062554e-05
8.187297559130632646e-05
8.154650543239008189e-05
8.117234055646715615e-05
8.079989248439293158e-05
8.042915333885010658e-05
8.006011527866533251e-05
7.967329112394518976e-05
7.915714554859342898e-05
7.864434370677139219e-05
7.813486393685033053e-05
7.762868471753102916e-05
7.712578466693566595e-05
7.653445177941368006e-05
7.588573470546746736e-05
7.524251625119195098e-05
7.460474980949185900e-05
7.397238916832098458e-05
7.333639216425634065e-05
7.256869750402742325e-05
7.180903916892936070e-05
7.105733303369062546e-05
7.031349585367390571e-05
6.957744525565726979e-05
6.878119517304123937e-05
6.793390734066373179e-05
6.709705690573340589e-05
6.627051529415565329e-05
6.545415551568941085e-05
6.464785214443416440e-05
6.374813595153267876e-05
6.286026038248134157e-05
6.198475102640787419e-05
6.112143564834053556e-05
6.027014441217394135e-05
5.939934409152924797e-05
5.850479001505971247e-05
5.762370792229583723e-05
5.675589492517323428e-05
5.590115119112195821e-05
5.505927989704993692e-05
5.420793031038317048e-05
5.336799462392275952e-05
5.254107349000762853e-05
5.172696525203385946e-05
5.092547137800637548e-05
5.014361710531266205e-05
4.938480073877715796e-05
4.863746743452090156e-05
4.790144342096321083e-05
4.717655755618481889e-05
4.646264128813322930e-05
4.580431483698591287e-05
4.516262266101292504e-05
4.452992022432922562e-05
4.390608158584401334e-05
4.329098256882927203e-05
4.270587000742319189e-05
4.217262987865714194e-05
4.164604796888722490e-05
4.112604114130912196e-05
4.061252729719321052e-05
4.010542536292268322e-05
3.964213289842353935e-05
3.919401930365043886e-05
3.875097117279511035e-05
3.831293124599093297e-05
3.787984291063502935e-05
3.745071157910675005e-05
3.702375375124806372e-05
3.660166346739811765e-05
3.618438523499270055e-05
3.577186419411205060e-05
3.536404611026836323e-05
3.490679596026101389e-05
3.443500772694793160e-05
3.396959602092615552e-05
3.351047465924871015e-05
3.305755862378771567e-05
3.258482880796871275e-05
3.200938171036538761e-05
3.144409699121412482e-05
3.088879518321669705e-05
3.034329998846229792e-05
2.980743822245555063e-05
2.918105041337651422e-05
2.851643841239351229e-05
2.786696325897402657e-05
2.723228020437180332e-05
2.661205235165340987e-05
2.599352843159241541e-05
2.530169677236569978e-05
2.462827858270581877e-05
2.397278377827360654e-05
2.333473531858666346e-05
2.271366885985022765e-05
2.211015983217679405e-05
2.152338838152142219e-05
2.095218899085654596e-05
2.039614840038198864e-05
1.985486431761128366e-05
1.933284386363851650e-05
1.890879055093185561e-05
1.849403857088405192e-05
1.808838390483368747e-05
1.769162700913551699e-05
1.730357271700390466e-05
1.697096425531644415e-05
1.668737263838327621e-05
1.640851995107038818e-05
1.613432700396386299e-05
1.586471593093660403e-05
1.559961016703575394e-05
1.533599780109967054e-05
1.507679934491811295e-05
1.482198168224984589e-05
1.457147077194474594e-05
1.432519382424516280e-05
1.404252192697744716e-05
1.371742864597708023e-05
1.339986148043526000e-05
1.308964619600998173e-05
1.278661259199475395e-05
1.249059440793723098e-05
1.214157988322542841e-05
1.179716445927644215e-05
1.146251893227616621e-05
1.113736616339824742e-05
1.082143687530440616e-05
1.052573027052154421e-05
1.025565387247745667e-05
9.992507279673103497e-06
9.736112682418286783e-06
9.486296833385667623e-06
9.242890930546538667e-06
9.048837267070909636e-06
8.866279691573752429e-06
8.687405160360363510e-06
8.512139369117948678e-06
8.340409512600931337e-06
8.167668843520973026e-06
7.989069925480888075e-06
7.814376353523779946e-06
7.643502731118720581e-06
7.476365529064199914e-06
7.312883044655903151e-06
7.130787757367430120e-06
6.947248098399625000e-06
6.768432574767248445e-06
6.594219591743645722e-06
6.424490684334084774e-06
6.262375228170700742e-06
6.113883017733308335e-06
5.968911825401218067e-06
5.827378161485242490e-06
5.689200515987258356e-06
5.554299311658230211e-06
5.429410807240338802e-06
5.309981023221291028e-06
5.193178314923227370e-06
5.078944895028642100e-06
4.967224247357449630e-06
4.856845260397626159e-06
4.744008420731780000e-06
4.633793067175372188e-06
4.526138295954019414e-06
4.420984618242616073e-06
4.318273927292372678e-06
4.219946763258847706e-06
4.124919719602670877e-06
4.032032546312779414e-06
3.941237056630882223e-06
3.852486148894166207e-06
3.766092423972783430e-06
3.684360545101131667e-06
3.604402414526611637e-06
3.526179538297238160e-06
3.449654257858205484e-06
3.374789731922076238e-06
3.301970287218569443e-06
3.231019680697343472e-06
3.161593615019266784e-06
3.093659331834602406e-06
3.027184776683892542e-06
2.962247065743476539e-06
2.900883970919460744e-06
2.840792015646871775e-06
2.781944868206894697e-06
2.724316742343558118e-06
2.667882385964473490e-06
2.615504433980653323e-06
2.566849232015438028e-06
2.519099143667129621e-06
2.472237331462519608e-06
2.426247271149308838e-06
2.381112745869358112e-06
2.336817840440389088e-06
2.293346935744003914e-06
2.250684703218131731e-06
2.208816099451922556e-06
2.167726360881196248e-06
2.127400998582545823e-06
2.087825793164331606e-06
2.048986789752667579e-06
2.010870293070707991e-06
1.973462862609467731e-06
1.936751307888461227e-06
1.900722683804543744e-06
1.865364286067237481e-06
1.830663646718991371e-06
1.796608529738776846e-06
1.763186926727449174e-06
1.730387052673407947e-06
1.698197341796993089e-06
1.666606443472201420e-06
1.635603218224271754e-06
1.605176733801708306e-06
1.575316261321406430e-06
1.546011271485457892e-06
1.517251430868349229e-06
1.489026598273227187e-06
1.461326821155931863e-06
1.434142332115584202e-06
1.407463545450424460e-06
1.381281053777739722e-06
1.355585624716665827e-06
1.330368197632686328e-06
1.305619880442719507e-06
1.281331946479610348e-06
1.257495831414966995e-06
1.234103130239237354e-06
1.211460880376151595e-06
1.190014593404094787e-06
1.168947966421343915e-06
1.148254278371350714e-06
1.127926927179296532e-06
1.107959427645769358e-06
1.088345409377751386e-06
1.069078614756210676e-06
1.050152896939691721e-06
1.031562217903229827e-06
1.013300646511989398e-06
9.953623566290183767e-07
9.777416252564787019e-07
9.604328307097950018e-07
9.434304508241240570e-07
9.267290611925672455e-07
9.103233334355888456e-07
8.942080335010526749e-07
8.783780199943618563e-07
8.628282425381597160e-07
8.475537401610601950e-07
8.325496397149192477e-07
8.178111543201084079e-07
8.033335818383191497e-07
7.891123033724033751e-07
7.751427817927625613e-07
7.614205602898410870e-07
7.479412609522265287e-07
7.347005833699304480e-07
7.216943032624019042e-07
7.089182711307989329e-07
6.963684109341702812e-07
6.840407187890204416e-07
6.719312616919277453e-07
6.600361762647654245e-07
6.483516675221323019e-07
6.368740076606155421e-07
6.255995348694739145e-07
6.145246521623822116e-07
6.036458262298567188e-07
5.929595863119898863e-07
5.823317809723246833e-07
5.697119773343994579e-07
5.573656594464599459e-07
5.452869005557946565e-07
5.334699023492801109e-07
5.219089921699488386e-07
5.105986202938779781e-07
4.995333572660808172e-07
4.887078912941470267e-07
4.781170256983559577e-07
4.677556764170450219e-07
4.576188695660575249e-07
4.477017390510608671e-07
4.379995242316192520e-07
4.285075676358828063e-07
4.192213127248068995e-07
4.101363017048239710e-07
4.012481733879088096e-07
3.925526610980304805e-07
3.840455906229662017e-07
3.757228782104983709e-07
3.675805286080507766e-07
3.596146331447928178e-07
3.518213678553149894e-07
3.441969916439624780e-07
3.367378444889528367e-07
3.294403456854136062e-07
3.223009921264881904e-07
3.153163566217018118e-07
3.084830862517642295e-07
3.017979007590228572e-07
2.952575909728085033e-07
2.888590172688931914e-07
2.825991080623400330e-07
2.764748583330113541e-07
2.704833281830337873e-07
2.646216414255248617e-07
2.588869842038983291e-07
2.532766036410982882e-07
2.477878065181011019e-07
2.424179579810533822e-07
2.371644802764368913e-07
2.307964038543015523e-07
2.243498388562097967e-07
2.180833381900608691e-07
2.119918723302610534e-07
2.060705522350531605e-07
2.003146254225428823e-07
1.947194721563332742e-07
1.892806017377015818e-07
1.839936489013380228e-07
1.788543703117663715e-07
1.738586411576178396e-07
1.690024518410371865e-07
1.642819047595592037e-07
1.596932111778715956e-07
1.552326881869586780e-07
1.508967557481782359e-07
1.466819338199046108e-07
1.425848395644299344e-07
1.386021846328788960e-07
1.347307725259666015e-07
1.309674960284694226e-07
1.273093347153588558e-07
1.237533525275932278e-07
1.202966954156196786e-07
1.169365890487024637e-07
1.136703365882287264e-07
1.104953165232125618e-07
1.074089805662570359e-07
1.044088516082847939e-07
1.014925217303988833e-07
9.865765027127383888e-08
9.590196194852914484e-08
9.322324503257581749e-08
9.061934957147135259e-08
8.808818566535575922e-08
8.562772178908940651e-08
8.323598316173907141e-08
8.091105016160897463e-08
7.865105678554286703e-08
7.645418915125906896e-08
7.431868404152118168e-08
7.202504076688402718e-08
6.966083997448691053e-08
6.737424337817585844e-08
6.516270364302479112e-08
6.302375704962805846e-08
6.095502074944560507e-08
5.895419011023976384e-08
5.701903614864940598e-08
5.514740304703597465e-08
5.333720575184193435e-08
5.158642765078000915e-08
4.989311832626805852e-08
4.825539138260838866e-08
4.667142234448660923e-08
4.513944662445524226e-08
4.365775755713058561e-08
4.222470449791853169e-08
4.083869098414901921e-08
3.949817295656902713e-08
3.820165703921747994e-08
3.694769887575980237e-08
3.573490152043383811e-08
3.456191388181132344e-08
3.342742921764283931e-08
3.233018367910944078e-08
3.126895490285800907e-08
3.024256064925340792e-08
2.924985748532888620e-08
2.828973951096860208e-08
2.736113712690309154e-08
2.646301584314461433e-08
2.559437512653498414e-08
2.475424728612316073e-08
2.394169639512866000e-08
2.315581724829278640e-08
2.239573435345341754e-08
2.166060095622113164e-08
2.094959809667071873e-08
2.026193369699539225e-08
1.959684167910982251e-08
1.895358111121668424e-08
1.831316931598179049e-08
1.766435250909049664e-08
1.703852261624125583e-08
1.643486523464491939e-08
1.585259481496797508e-08
1.529095363908401214e-08
1.474921083404290559e-08
1.422666142097326390e-08
1.372262539768239004e-08
1.323644685375768420e-08
1.276749311701987584e-08
1.231515393021608310e-08
1.187884065688196206e-08
1.145798551533945179e-08
1.105204083983307106e-08
1.066047836784327871e-08
1.028278855264994564e-08
9.918479900250454395e-09
9.567078329770733883e-09
9.228126556535937620e-09
8.901183496998145370e-09
8.585823694747197941e-09
8.281636766857204850e-09
7.988226869848449081e-09
7.705212184569724864e-09
7.432224419330758820e-09
7.168908330638114024e-09
6.914921260911107774e-09
6.669932692575535748e-09
6.433623817955985025e-09
6.205687124405959638e-09
5.985825994136721063e-09
5.773754318223519675e-09
5.569196124287334443e-09
5.371885217367542733e-09
5.181564833518010159e-09
4.997987305675811021e-09
4.820913741368093625e-09
4.650113711837234280e-09
4.485364952180278351e-09
4.326453072111754376e-09
4.172458704042811208e-09
4.019767369269520663e-09
3.872663781522253067e-09
3.730943456919402018e-09
3.594409394677194515e-09
3.462871803265384194e-09
3.336147836584285250e-09
3.214061339796284168e-09
3.096442604458934579e-09
2.983128132618695372e-09
2.873960409537803978e-09
2.768787684738209574e-09
2.667463761058165017e-09
2.569847791428364368e-09
2.475804083085062376e-09
2.385201908947972695e-09
2.297915325900853888e-09
2.213822999722069214e-09
2.132808036421912962e-09
2.054757819752073553e-09
1.979563854661449084e-09
1.907121616480786250e-09
1.837330405626294784e-09
1.770093207620509156e-09
1.705316558235605804e-09
1.642910413571856288e-09
1.582788024890528293e-09
1.524865818027318706e-09
1.469063277218656292e-09
1.415302833179354976e-09
1.363509755276095542e-09
1.313612047646830604e-09
1.265540349121649853e-09
1.219227836806153530e-09
1.174610133193091390e-09
1.131625216673307833e-09
1.090213335321542444e-09
1.050316923837198919e-09
1.011880523524759139e-09
9.748507052024304691e-10
9.391759949319971744e-10
9.048068024665889088e-10
8.712953726044922399e-10
8.389882308610601616e-10
8.078790197396054909e-10
7.779233206472838649e-10
7.490783620076619520e-10
7.213029581902646155e-10
6.945574507046098602e-10
6.688036515747061430e-10
6.440047888132059103e-10
6.201254539173466474e-10
5.971315513117004803e-10
5.749902496655827419e-10
5.536699350155590934e-10
5.331401656261556566e-10
5.133716285243089383e-10
4.943360976454845343e-10
4.760063935317254219e-10
4.583563445240738388e-10
4.413607493939450261e-10
4.249953413601182994e-10
4.092367534399562811e-10
3.940624850853736606e-10
3.794508700559417243e-10
