2.695057350392418945e-07
2.737324213266811764e-07
2.780253951718595770e-07
2.823856961693937588e-07
2.868143802179697067e-07
2.913125197760431804e-07
2.958812041215445691e-07
3.005215396156648567e-07
3.052346499707699724e-07
3.100216765225238364e-07
3.148837785062746278e-07
3.198221333377804037e-07
3.248379368983293878e-07
3.299324038243423891e-07
3.351067678015066331e-07
3.403622818635302119e-07
3.457002186955775025e-07
3.511218709424679284e-07
3.566274271873857851e-07
3.622187103307083997e-07
3.678976548393811350e-07
3.736656350875470806e-07
3.795240469970891872e-07
3.854743083754579750e-07
3.915178592588037342e-07
3.976561622604766366e-07
4.038907029250027578e-07
4.102229900876014942e-07
4.166545562393397721e-07
4.231869578980187115e-07
4.298217759848673896e-07
4.365606162071425929e-07
4.434051094467356227e-07
4.503569121548589962e-07
4.574177067529336408e-07
4.645892020397533442e-07
4.718731336050318083e-07
4.792712642494423708e-07
4.867853844112345663e-07
4.944173125995393363e-07
5.021688958344758604e-07
5.100420100941510128e-07
5.180385607686648927e-07
5.261604831212465721e-07
5.344097427566030707e-07
5.427883360966267170e-07
5.512982908635508946e-07
5.599416665706803798e-07
5.687205550208252328e-07
5.776370808125394613e-07
5.866934018542964898e-07
5.958917098867376991e-07
6.052342310130903872e-07
6.147232262379213813e-07
6.243609920143237099e-07
6.341498607996825539e-07
6.440922016201660606e-07
6.541904206440554759e-07
6.644469617640626139e-07
6.748643071887914703e-07
6.854449780434524005e-07
6.961915349800147857e-07
7.071065787969106308e-07
7.181927510684625242e-07
7.294527347841712723e-07
7.408892549980422518e-07
7.525050794880701212e-07
7.643030194260854991e-07
7.762859300580886506e-07
7.884567113952490134e-07
8.008183089157545801e-07
8.133737142776408395e-07
8.261259660428200345e-07
8.390775623533634749e-07
8.522289681549025438e-07
8.655865044529718139e-07
8.791534020642812643e-07
8.929329424442209440e-07
9.069284584805569961e-07
9.211433352995576779e-07
9.355810110847722537e-07
9.502449779086244377e-07
9.651387825770513076e-07
9.802660274873699099e-07
9.956303714996081943e-07
1.011235530821475719e-06
1.027085279907205051e-06
1.043183452370499546e-06
1.059533941911769731e-06
1.076140703259915139e-06
1.093007753128855330e-06
1.110139171189073289e-06
1.127539101054368998e-06
1.145211751284076449e-06
1.163161396401011737e-06
1.181392377925351956e-06
1.199909105424732216e-06
1.218716057580788668e-06
1.237817783272441643e-06
1.257218902676134698e-06
1.276924108383320738e-06
1.296938166535483624e-06
1.317265917976925239e-06
1.337912279425636917e-06
1.358882244662505327e-06
1.380180885739186114e-06
1.401813354204880985e-06
1.423784882352360024e-06
1.446100784483496250e-06
1.468766458194664588e-06
1.491787385682262523e-06
1.515169135068691268e-06
1.538917361749147889e-06
1.563037809759496478e-06
1.587536313165596376e-06
1.612418797474388543e-06
1.637691281067129727e-06
1.663359876655061572e-06
1.689430792757896463e-06
1.715910335205505296e-06
1.742804908663112321e-06
1.770121018180395794e-06
1.797865270764898901e-06
1.826044376980067310e-06
1.854665152568351498e-06
1.883734520099749914e-06
1.913259510646169503e-06
1.943247265482071139e-06
1.973705037811732220e-06
2.004635652809696568e-06
2.036048569815956547e-06
2.067953731561778423e-06
2.100358851590087789e-06
2.133271764316088169e-06
2.166700426921348233e-06
2.200652921277572866e-06
2.235137455900493876e-06
2.270162367934446593e-06
2.305736125167936006e-06
2.341867328080898463e-06
2.378564711923971889e-06
2.415837148830375505e-06
2.453693649960883968e-06
2.492143367682389342e-06
2.531195597780648034e-06
2.570859781707656991e-06
2.611145508864266881e-06
2.652062518918560824e-06
2.693620704160569986e-06
2.735830111893857127e-06
2.778700946864632608e-06
2.822243573728881422e-06
2.866468519558177605e-06
2.911386476384756088e-06
2.957008303786471751e-06
3.003345031512267406e-06
3.050407862148754215e-06
3.098208173828637235e-06
3.146757522981523521e-06
3.196067647127865386e-06
3.246150467716685522e-06
3.297018093007735353e-06
3.348682820998885790e-06
3.401157142399323842e-06
3.454453743649369913e-06
3.508585509987613749e-06
3.563565528566116969e-06
3.619407091614396213e-06
3.676123699653058951e-06
3.733729064757724237e-06
3.792237113874125863e-06
3.851661992185157260e-06
3.912018066530677238e-06
3.973319928880914275e-06
4.035582399864257524e-06
4.098820532350409043e-06
4.163049615089606641e-06
4.228285176408913033e-06
4.294542987966424255e-06
4.361839068564264710e-06
4.430189688021425937e-06
4.499611371107194494e-06
4.570120901536270101e-06
4.641735326026476124e-06
4.714470959377429127e-06
4.788340851385250514e-06
4.863368192657752124e-06
4.939571118984260489e-06
5.016968050319373275e-06
5.095577695235452344e-06
5.175419055444872520e-06
5.256511430393220378e-06
5.338874421924362924e-06
5.422527939018676215e-06
5.507492202605442719e-06
5.593787750450773519e-06
5.681435442122001505e-06
5.770456464029926205e-06
5.860872334550001244e-06
5.952704909223873885e-06
6.045976386042315971e-06
6.140709310810998921e-06
6.236926582600266442e-06
6.334651459280433856e-06
6.433907563143681292e-06
6.534718886614119628e-06
6.637109798047244659e-06
6.741105047620388870e-06
6.846729773315362571e-06
6.954009506994818391e-06
7.062970180573959484e-06
7.173638132288812043e-06
7.286040113062792590e-06
7.400203292972945641e-06
7.516155267817652519e-06
7.633924065787091209e-06
7.753538154238308151e-06
7.875026446576360598e-06
7.998418309243418393e-06
8.123743568817232954e-06
8.251032519220924172e-06
8.380315929045629365e-06
8.511625048988065813e-06
8.644991619404468833e-06
8.780447877982897628e-06
8.918026567535912999e-06
9.057760943915176965e-06
9.199684784050171513e-06
9.343832394112769514e-06
9.490238617809910885e-06
9.638938844806056069e-06
9.789969019277603855e-06
9.943365648601511410e-06
1.009916581217987833e-05
1.025740717040288508e-05
1.041812797375216777e-05
1.058136707204674353e-05
1.074716392383399530e-05
1.091555860592763726e-05
1.108659182309510355e-05
1.126033772919120367e-05
1.143682403189633107e-05
1.161607645190551789e-05
1.179813834331951144e-05
1.198305373973945182e-05
1.217086736491704911e-05
1.236162464357133651e-05
1.255537171237518729e-05
1.275215543111404056e-05
1.295202339401927825e-05
1.315502394127947743e-05
1.336120617073207725e-05
1.357061994973804901e-05
1.378331592724292872e-05
1.399934554602688715e-05
1.421876105514651722e-05
1.444161552257204382e-05
1.466796284802218370e-05
1.489785777600044157e-05
1.513135590903574789e-05
1.536851372113033509e-05
1.560938857141866567e-05
1.585403871804044265e-05
1.610252333223074017e-05
1.635490251263145174e-05
1.661123729982654510e-05
1.687158969110549747e-05
1.713602265545807250e-05
1.740460014880385406e-05
1.767738712946075855e-05
1.795444957385600529e-05
1.823585449248300090e-05
1.852166994610863037e-05
1.881196506223462066e-05
1.910681005181650069e-05
1.940627622624500255e-05
1.971043601459359029e-05
2.001936298113591786e-05
2.033313184313845746e-05
2.065181848893137830e-05
2.097549999626306276e-05
2.130425465094230544e-05
2.163816196577231848e-05
2.197730269978187260e-05
2.232175887775785319e-05
2.267161381008356470e-05
2.302695211288836378e-05
2.338785972851310351e-05
2.375442394629588490e-05
2.412673342368427173e-05
2.450487820767771957e-05
2.488894975660652421e-05
2.527904096225215818e-05
2.567524617231381007e-05
2.607766121322755711e-05
2.648302026516844319e-05
2.687616473251869061e-05
2.727514548933513040e-05
2.768004917622340555e-05
2.809096371998214006e-05
2.850797835269654895e-05
2.893118363111573996e-05
2.936067145631772181e-05
2.979653509366575457e-05
3.023886919306186286e-05
3.068776980950001920e-05
3.114333442392541111e-05
3.160566196440267199e-05
3.207485282759843580e-05
3.255100890058339587e-05
3.303423358295711724e-05
3.352463180930197878e-05
3.402231007197037887e-05
3.452737644420965639e-05
3.503994060363114431e-05
3.556011385602703530e-05
3.608800915954071088e-05
3.662374114919669354e-05
3.716742616179367795e-05
3.771918226116782388e-05
3.827912926383116965e-05
3.884738876498978046e-05
3.942408416494939748e-05
4.000934069591174528e-05
4.060328544916992047e-05
4.120604740270658183e-05
4.181775744920194175e-05
4.243854842445831494e-05
4.306855513624547303e-05
4.370791439357502484e-05
4.435676503640946679e-05
4.501524796581132457e-05
4.568350617454109346e-05
4.636168477810859211e-05
4.704993104628517662e-05
4.774839443508475701e-05
4.845722661921814919e-05
4.917658152503072362e-05
4.990661536392757897e-05
5.064748666629591067e-05
5.139935631593083541e-05
5.216238758497191563e-05
5.293674616935816293e-05
5.372260022481043813e-05
5.452012040334646570e-05
5.532947989033958221e-05
5.615085444212589475e-05
5.698442242417155835e-05
5.783036484980485511e-05
5.868886541952449278e-05
5.956011056089127200e-05
6.036248482002528790e-05
6.113217643743716699e-05
6.191168251473579251e-05
6.270112819765520434e-05
6.350064022768351594e-05
6.431034696240920138e-05
6.513037839612836346e-05
6.596086618071574743e-05
6.680194364675951413e-05
6.765374582496744304e-05
6.851640946784527013e-05
6.939007307165161924e-05
7.027487689863288795e-05
7.117096299954161175e-05
7.207847523644201975e-05
7.299755930580629213e-05
7.392836276190550371e-05
7.487103504049857406e-05
7.582572748282352031e-05
7.679259335989449553e-05
7.777178789710862447e-05
7.876346829916674281e-05
7.976779377531171287e-05
8.078492556488855753e-05
8.181502696323142703e-05
8.285826334787815730e-05
8.391480220512234059e-05
8.498481315690232531e-05
8.606846798803152287e-05
8.716594067377994169e-05
8.827740740780337073e-05
8.940304663043025478e-05
9.054303905731107284e-05
9.169756770842950116e-05
9.286681793748624363e-05
9.405097746165641060e-05
9.525023639172662581e-05
9.646478726261626627e-05
9.769482506428802553e-05
9.894054727305251669e-05
1.002021538832721464e-04
1.014798474394690980e-04
1.027738330688429403e-04
1.040843185142026448e-04
1.054115141673187450e-04
1.067556331027005444e-04
1.081168911118041446e-04
1.094955067376770553e-04
1.108917013100436000e-04
1.123056989808381921e-04
1.137377267601928101e-04
1.151880145528811668e-04
1.166567951952292872e-04
1.181443044924961440e-04
1.196507812567309880e-04
1.211389919584340315e-04
1.224401459639817597e-04
1.237552756657011460e-04
1.250845311765556454e-04
1.264280642218717067e-04
1.277860281566581160e-04
1.291187178182669638e-04
1.304408215695059806e-04
1.317764629267449315e-04
1.331257805075288035e-04
1.344889143487690525e-04
1.358595639134888228e-04
1.371767935163451641e-04
1.385067943498508351e-04
1.398496902377732373e-04
1.412056062044165670e-04
1.425746684862605625e-04
1.439106441697549413e-04
1.452215110834016308e-04
1.465443185458186273e-04
1.478791753222082333e-04
1.492261911685036589e-04
1.505835195034506792e-04
1.518583987038160514e-04
1.531440713627274638e-04
1.544406288604097826e-04
1.557481633507359193e-04
1.570667677677776346e-04
1.583427503830946463e-04
1.595719066378959783e-04
1.608106043784619636e-04
1.620589176718206662e-04
1.633169211599545952e-04
1.645846900642649073e-04
1.657418340467219976e-04
1.669011016353712143e-04
1.680684776255582488e-04
1.692440187308292599e-04
1.704277820614079157e-04
1.715602240499095564e-04
1.726170129091640713e-04
1.736803114515299350e-04
1.747501597758153731e-04
1.758265982278326887e-04
1.769096674019189912e-04
1.778539976099919088e-04
1.787844050764404095e-04
1.797196797826767145e-04
1.806598471906885935e-04
1.816049328956624717e-04
1.824898128787442498e-04
1.832581804011516175e-04
1.840297831104450305e-04
1.848046346282757675e-04
1.855827486336481013e-04
1.863641388631615632e-04
1.869791858903436859e-04
1.875582867728340449e-04
1.881391812123478708e-04
1.887218747637839898e-04
1.893063729992455378e-04
1.898262155965766784e-04
1.901792870066838640e-04
1.905330151196613011e-04
1.908874011569578486e-04
1.912424463422941756e-04
1.915981519016670710e-04
1.917570069659640204e-04
1.918500944285396145e-04
1.919432270799498977e-04
1.920364049421315327e-04
1.921296280370319155e-04
1.921603282939401318e-04
1.919641108733241737e-04
1.917680938128785921e-04
1.915722769080134070e-04
1.913766599543469137e-04
1.911812427477061437e-04
1.907723794873321247e-04
1.902651644292719106e-04
1.897592979265728811e-04
1.892547763937705641e-04
1.887515962549335521e-04
1.881992687891404458e-04
1.873599379968800716e-04
1.865243504507192577e-04
1.856924894565353573e-04
1.848643383946575345e-04
1.840398807195361367e-04
1.830021566493639522e-04
1.818351264449068281e-04
1.806755385543711164e-04
1.795233455170860612e-04
1.783785001750440476e-04
1.772122436283985662e-04
1.757292376077473992e-04
1.742586421678338801e-04
1.728003534503379799e-04
1.713542684660808815e-04
1.699202850877519076e-04
1.683111116724381781e-04
1.665637387448727538e-04
1.648345067000905374e-04
1.631232272030072659e-04
1.614297138737960029e-04
1.597497602338192476e-04
1.577880884099114593e-04
1.558505052377741373e-04
1.539367149170924021e-04
1.520464252798760403e-04
1.501793477458573511e-04
1.482160178679774751e-04
1.461506793010913178e-04
1.441141205075202863e-04
1.421059404511502327e-04
1.401257436841666889e-04
1.381731402691815306e-04
1.360941961207386966e-04
1.340378153107832056e-04
1.320125063771902156e-04
1.300177998244775486e-04
1.280532332512306830e-04
1.260938498098950345e-04
1.241299739847496813e-04
1.221966849666721478e-04
1.202935063748473217e-04
1.184199692479557186e-04
1.165756119286165713e-04
1.147941661430483740e-04
1.130446289503175513e-04
1.113217558337467329e-04
1.096251404156031983e-04
1.079543825116132213e-04
1.063506379830360800e-04
1.048488136163207697e-04
1.033681971753052482e-04
1.019084891734965643e-04
1.004693943535829950e-04
9.905062162771182505e-05
9.778046606920807755e-05
9.655635798672056419e-05
9.534757444355944551e-05
9.415392359268979984e-05
9.297521598879959618e-05
9.184520388286092406e-05
9.081676431885516072e-05
8.979984073926788944e-05
8.879430419350062005e-05
8.780002717488338945e-05
8.681688360450621729e-05
8.585028161680311907e-05
8.489633847405772299e-05
8.395299526764862200e-05
8.302013421419303764e-05
8.209763883908256939e-05
8.115153204438452445e-05
8.008957752299517745e-05
7.904151981140213772e-05
7.800717705499803686e-05
7.698636977893740776e-05
7.597892085699479330e-05
7.476775795139615620e-05
7.347331893270169282e-05
7.220129027402109650e-05
7.095128398933991660e-05
6.972291880976658630e-05
6.846246066928982001e-05
6.690674266623098895e-05
6.538637627749294254e-05
6.390055818484420655e-05
6.244850332438758953e-05
6.102944447175396577e-05
5.948454542826083310e-05
5.787932894776976579e-05
5.631742993622275515e-05
5.479767945277079754e-05
5.331894010094473624e-05
5.187968878852456436e-05
5.047417814601798213e-05
4.910674522163826464e-05
4.777635842403803309e-05
4.648201410946596900e-05
4.522273582461923467e-05
4.411840654239239514e-05
4.314186191788807429e-05
4.218693274775742148e-05
4.125314058190568780e-05
4.034001756055477289e-05
3.944853771177317110e-05
3.881634751609415077e-05
3.819428860706600783e-05
3.758219862378849165e-05
3.697991780730768609e-05
3.638728895891773618e-05
3.581002653071973033e-05
3.524838425633773235e-05
3.469555074516901256e-05
3.415138784110815926e-05
3.361575955488139592e-05
3.308853203006267070e-05
3.235031071568283148e-05
3.161448667225108197e-05
3.089539931576039758e-05
3.019266796187141047e-05
2.950592058510120126e-05
2.875746541635085065e-05
2.791734958305833972e-05
2.710177675462150325e-05
2.631002993576002101e-05
2.554141307737498387e-05
2.479525046463087299e-05
2.413765507357819244e-05
2.350718033766159980e-05
2.289317358056968971e-05
2.229520465925132025e-05
2.171285466597743311e-05
2.119941993842285998e-05
2.080179764466888494e-05
2.041163326669508257e-05
2.002878692173169743e-05
1.965312135068961492e-05
1.928450186894978670e-05
1.889056915486491778e-05
1.849694257725162941e-05
1.811151807557016558e-05
1.773412474151960053e-05
1.736459522804948514e-05
1.697576500885025281e-05
1.652415597838309552e-05
1.608456117621684796e-05
1.565666098588701353e-05
1.524014429373778904e-05
1.483470826272022718e-05
1.447754480998482414e-05
1.414217545978523502e-05
1.381457487166025949e-05
1.349456308383304458e-05
1.318196430330420930e-05
1.288313742345275464e-05
1.261641659885498944e-05
1.235521772096444760e-05
1.209942646839104676e-05
1.184893088655131996e-05
1.160362133866823050e-05
1.134161123477783783e-05
1.107493511138536488e-05
1.081452936292604753e-05
1.056024655362151373e-05
1.031194271436161789e-05
1.007207817426407556e-05
9.854253024945716194e-06
9.641138700429808335e-06
9.432633321432015784e-06
9.228637211974058692e-06
9.029052851733499027e-06
8.836181532185252585e-06
8.648994223569162536e-06
8.465772325620450568e-06
8.286431834344025021e-06
8.110890525300971945e-06
7.939201857382539144e-06
7.772997718145751005e-06
7.610272998678786259e-06
7.450954858666220046e-06
7.294971982676569940e-06
7.142254548239500341e-06
6.996055812073489460e-06
6.855709076950380027e-06
6.718177814800744814e-06
6.583405544880225769e-06
6.451336919495507661e-06
6.321917701274342250e-06
6.207921626964247683e-06
6.095999572647217334e-06
5.986095350866611718e-06
5.878172582303207053e-06
5.772195543517177999e-06
5.668129155123358469e-06
5.565938970179627794e-06
5.465591162784639383e-06
5.367052516881178488e-06
5.270290415261271365e-06
5.175272828769631428e-06
5.081968305701687510e-06
4.990345961392822185e-06
4.900375467995193163e-06
4.812027044438981708e-06
4.725271446574565600e-06
4.640079957492428406e-06
4.556424378017628694e-06
4.474277017375559631e-06
4.393610684026069940e-06
4.314398676662847752e-06
4.236614775374942668e-06
4.160233232967854417e-06
4.085228766440867762e-06
4.011576548618221294e-06
3.939252199931028601e-06
3.868231780347411577e-06
3.798491781448195067e-06
3.730009118645316825e-06
3.662761123540683160e-06
3.596725536422672088e-06
3.531880498897955508e-06
3.468204546656235249e-06
3.405676602365273954e-06
3.344275968694168029e-06
3.283982321462296558e-06
3.224775702911822261e-06
3.166636515101547706e-06
3.109545513419743230e-06
3.053483800214057260e-06
2.998432818536182227e-06
2.945635372347080007e-06
2.894137811603649042e-06
2.843540565538477104e-06
2.793827894250330431e-06
2.744984333013429497e-06
2.696994687466604689e-06
2.649844028886667806e-06
2.603517689544308286e-06
2.558001258141233870e-06
2.513280575327079745e-06
2.469341729294670778e-06
2.426171051452315462e-06
2.383755112171763626e-06
2.342080716610470537e-06
2.301134900606926900e-06
2.260904926647727052e-06
2.221378279905163237e-06
2.182542664344095312e-06
2.144385998896860072e-06
2.106896413705075001e-06
2.070062246427119689e-06
2.033872038610220027e-06
1.998314532125892582e-06
1.963378665667771682e-06
1.929053571310622350e-06
1.895328571129508025e-06
1.862193173878109789e-06
1.829637071725052507e-06
1.797650137047350651e-06
1.766222419279873062e-06
1.735344141819889631e-06
1.705005698985764984e-06
1.675197653028792478e-06
1.645910731197267678e-06
1.617135822851925064e-06
1.588863976631753301e-06
1.561086397669409785e-06
1.533794444855284318e-06
1.506979628149394522e-06
1.480633605940307890e-06
1.454748182450189643e-06
1.425820017155221806e-06
1.394571745798954567e-06
1.364008311554669530e-06
1.334114705532290268e-06
1.304876247776565431e-06
1.276278580058150481e-06
1.248307658822650059e-06
1.220949748294203630e-06
1.194191413730225428e-06
1.168019514823922219e-06
1.142421199251487672e-06
1.117383896360630327e-06
1.092895310997475613e-06
1.068943417468740511e-06
1.045516453636236363e-06
1.022602915140787726e-06
1.000191549752760211e-06
9.782713518463809055e-07
9.568315569951680036e-07
9.358616366858191475e-07
9.153512931479097198e-07
8.952904542969693519e-07
8.756692687883204850e-07
8.564781011793566298e-07
8.377075271978320929e-07
8.193483291138457956e-07
8.013914912132692512e-07
7.838281953703622068e-07
7.666498167174258621e-07
7.498479194093687763e-07
7.334142524810655527e-07
7.173407457955514419e-07
7.016195060809835628e-07
6.862428130544597411e-07
6.712031156307999399e-07
6.564930282144020351e-07
6.421053270723805666e-07
6.280329467871779321e-07
6.142689767869268526e-07
6.008066579518539505e-07
5.876393792950500673e-07
5.735760664081025932e-07
5.573177399441619184e-07
5.415202646120744243e-07
5.261705773351349727e-07
5.112559853166666363e-07
4.967641555442439145e-07
4.826831045914037657e-07
4.690011887084424743e-07
4.557070941940948362e-07
4.427898280401235482e-07
4.302387088411115963e-07
4.180433579619029014e-07
4.061936909554160055e-07
3.946799092237233963e-07
3.834924919154981288e-07
3.726221880531397833e-07
3.620600088830539532e-07
3.517972204427669261e-07
3.418253363387411346e-07
3.321361107288855946e-07
3.227215315040061655e-07
3.135738136625126787e-07
3.046853928729313742e-07
2.960489192188914224e-07
2.876572511214069299e-07
2.795034494334472987e-07
2.715807717018886023e-07
2.638826665921181574e-07
2.564027684706774966e-07
2.491348921414576975e-07
2.420730277311102070e-07
2.352113357194238589e-07
2.285441421105729487e-07
2.220659337412393195e-07
2.157713537217235452e-07
2.096551970062894383e-07
2.037124060890603611e-07
1.979380668219224536e-07
1.923274043509713926e-07
1.868757791681388766e-07
1.815786832747458591e-07
1.763601104904778437e-07
1.705372059995152522e-07
1.649065570963752929e-07
1.594618160535449195e-07
1.541968447272458961e-07
1.491057076375859535e-07
1.441826652771765407e-07
1.394221676406843257e-07
1.348188479680168190e-07
1.303675166940902276e-07
1.260631555983610825e-07
1.219009121475196808e-07
1.178760940249737868e-07
1.139841638409533740e-07
1.102207340172689564e-07
1.065815618409675595e-07
1.030625446812957191e-07
9.965971536458813226e-08
9.636923770186400078e-08
9.318740216408730362e-08
9.011062170022083626e-08
8.713542769335380700e-08
8.425846605034665452e-08
8.147649342058555049e-08
7.878637353958090315e-08
7.618507369329236820e-08
7.366966129918998187e-08
7.123730060019884539e-08
6.888524946780106445e-08
6.661085631068848928e-08
6.441155708548565115e-08
6.228487240616742943e-08
6.022840474891616927e-08
5.823983574926763130e-08
5.631692358849493952e-08
5.445750046628970825e-08
5.265947015688548986e-08
5.092080564587174496e-08
4.923954684503439657e-08
4.761379838264379925e-08
4.604172746670348600e-08
4.452156181874629084e-08
4.296044028138221775e-08
4.143924305032148564e-08
3.997191028155730519e-08
3.855653467455107509e-08
3.719127646485696277e-08
3.587436103271975787e-08
3.460407659634967641e-08
3.337877198687622116e-08
3.219685450209071752e-08
3.105678783618467174e-08
2.995709008279540305e-08
2.889633180876220117e-08
2.787313419608885575e-08
2.688616724969900673e-08
2.593414806865247038e-08
2.501583917857681507e-08
2.413004692314680821e-08
2.327561991251935777e-08
2.245144752670945920e-08
2.165645847195946834e-08
2.088961938822672996e-08
2.014993350597904552e-08
1.943643935055158692e-08
1.874820949238238370e-08
1.808434934150023914e-08
1.744399598469936156e-08
1.682631706388860459e-08
1.623050969415750663e-08
1.565579942015318388e-08
1.510143920941058740e-08
1.456670848132851399e-08
1.405091217052880186e-08
1.355337982338130487e-08
1.307346472651998937e-08
1.261054306621819641e-08
1.216401311752912828e-08
1.173329446213879142e-08
1.131782723391392569e-08
1.091707139116441140e-08
1.053050601467476457e-08
1.015762863059135235e-08
9.791235738915618989e-09
9.434209987902557403e-09
9.090202755724569551e-09
8.758739337595966481e-09
8.439362338275602410e-09
8.131631040895099226e-09
7.835120798801978577e-09
7.549422449578038758e-09
7.274141750425496752e-09
7.008898834140750777e-09
6.753327684925312012e-09
6.507075633310957911e-09
6.269802869501531621e-09
6.041181974460577145e-09
5.820897468096780381e-09
5.608645373924661727e-09
5.404132799599375020e-09
5.207077532746492888e-09
5.017207651529809706e-09
4.834261149419087772e-09
4.657985573640135955e-09
4.488137676808570703e-09
4.324483081266128152e-09
4.166795955656845510e-09
4.014858703296145509e-09
3.868461661903422051e-09
3.727402814283513523e-09
3.591487509557605450e-09
3.460528194559423097e-09
3.334344155025572172e-09
3.212761266223020583e-09
3.095611752669792391e-09
2.982733956617010336e-09
2.873972114973168499e-09
2.769176144362349458e-09
2.668201434020207285e-09
2.570908646241747229e-09
2.477163524105388081e-09
2.386836706208342238e-09
2.299803548157339539e-09
2.215943950568445257e-09
2.134756703163483143e-09
2.055983647523344828e-09
1.980117337314995847e-09
1.907050512905846969e-09
1.836679872570547867e-09
1.768905926443249625e-09
1.703632855858962794e-09
1.640768377885395618e-09
1.580223614853524535e-09
1.521912968702489005e-09
1.465753999961289874e-09
1.411667311195965396e-09
1.359576434757720571e-09
1.309407724673113968e-09
1.261090252523500690e-09
1.214555707166628375e-09
1.169738298158428582e-09
1.126574662738669944e-09
1.085003776248811363e-09
1.044966865855443259e-09
1.006407327457395213e-09
9.692706456589707288e-10
9.335043166961936332e-10
8.990577742070906273e-10
8.658823177410885586e-10
8.339310439063918906e-10
8.031587800580971229e-10
7.735220204331619531e-10
7.449788646420791103e-10
7.174889584301874800e-10
6.910134366248917517e-10
6.655148681881889693e-10
6.409572032967125778e-10
6.173057223745924218e-10
