4.788890111125425822e-09
4.855668576304115174e-09
4.923378230820654763e-09
4.992032059603355576e-09
5.061643228648280197e-09
5.132225087544140481e-09
5.203791172032392607e-09
5.276355206603039846e-09
5.349931107126644351e-09
5.424532983522944156e-09
5.500175142466889353e-09
5.576872090132200833e-09
5.654638534973294490e-09
5.733489390545974556e-09
5.813439778367460201e-09
5.894505030816296296e-09
5.976700694072696767e-09
6.060042531099895436e-09
6.143567564277448969e-09
6.227722710589728856e-09
6.313030621737193785e-09
6.399507088397275135e-09
6.487168117549460836e-09
6.576029935438320842e-09
6.666108990576999111e-09
6.757421956791864431e-09
6.849985736308874317e-09
6.943817462882211968e-09
7.038934504965778628e-09
7.135354468928108790e-09
7.233095202311456023e-09
7.332174797135242965e-09
7.432611593245045146e-09
7.534424181707307124e-09
7.637631408250592513e-09
7.742252376753961784e-09
7.848306452783147882e-09
7.955813267175162430e-09
8.064792719671969473e-09
8.175264982604106026e-09
8.287250504624424819e-09
8.400770014493314134e-09
8.515844524915606511e-09
8.632495336430069673e-09
8.750744041352187724e-09
8.870612527770944019e-09
8.992122983600350148e-09
9.115297900686478741e-09
9.240160078970714775e-09
9.366732630710221314e-09
9.495038984755851281e-09
9.625102890889014054e-09
9.756948424217786387e-09
9.890599989633261932e-09
1.002608232632694339e-08
1.016342051237000939e-08
1.030263996935539260e-08
1.044376646710325610e-08
1.058682612843111575e-08
1.073184543398919392e-08
1.087885122716213132e-08
1.102787071903761940e-08
1.117893149344332314e-08
1.133206151205266167e-08
1.148728911956066261e-08
1.164464304893049244e-08
1.180415242671207565e-08
1.196584677843346769e-08
1.212975603406605717e-08
1.229591053356477670e-08
1.246434103248394131e-08
1.263507870767026442e-08
1.280815516303373959e-08
1.298298287680186930e-08
1.315679149402697148e-08
1.333292695984370577e-08
1.351142042474647720e-08
1.369230345625449069e-08
1.387560804449441118e-08
1.406136660785820461e-08
1.424961199873632010e-08
1.444037750932788101e-08
1.463369687752868066e-08
1.482960429289770554e-08
1.502813440270397447e-08
1.522932231805385752e-08
1.543320362010089454e-08
1.563981436633830864e-08
1.584919109697604759e-08
1.606137084140322831e-08
1.627639112473672395e-08
1.649428997445797803e-08
1.671510592713807549e-08
1.693887803525342639e-08
1.716564587409211519e-08
1.739544954875329137e-08
1.762832970123968397e-08
1.786432751764563903e-08
1.810348473544081543e-08
1.834584365085196452e-08
1.859144712634298879e-08
1.884033859819550949e-08
1.909256208419091289e-08
1.934816219139486427e-08
1.960718412404662242e-08
1.986967369155331677e-08
2.013567731659192008e-08
2.040524204331905904e-08
2.067841554569114759e-08
2.095524613589589847e-08
2.123578277289629494e-08
2.152007507108960010e-08
2.180817330908156610e-08
2.210012843857883086e-08
2.239599209339963800e-08
2.269581659860591742e-08
2.299965497975693167e-08
2.330756097228726739e-08
2.361958903101035969e-08
2.393579433974880677e-08
2.425623282109429052e-08
2.458096114629740416e-08
2.491003674529064605e-08
2.524351781684488077e-08
2.558146333886222203e-08
2.592393307880678360e-08
2.627098760427446258e-08
2.662268829370510703e-08
2.697909734723716052e-08
2.733328043344203935e-08
2.768839120643638678e-08
2.804811553693634357e-08
2.841251336373981798e-08
2.878164540436255257e-08
2.915557316515512200e-08
2.953435895155140642e-08
2.991806587845010188e-08
3.030675788073145158e-08
3.070049972390997896e-08
3.109935701492623996e-08
3.150339621307845820e-08
3.191268464109626314e-08
3.232729049635831140e-08
3.274728286225557117e-08
3.317273171970234121e-08
3.360370795879675121e-08
3.404028339063275537e-08
3.448253075926563082e-08
3.493052375383288676e-08
3.538433702083264890e-08
3.584404617656159718e-08
3.630972781971448155e-08
3.678145954414721444e-08
3.725931995180621990e-08
3.774338866582495263e-08
3.823374634379135221e-08
3.873047469118729799e-08
3.923365647500268509e-08
3.974337553752643105e-08
4.025971681031665640e-08
4.078276632835230893e-08
4.131261124436868020e-08
4.184933984337918983e-08
4.239304155738578684e-08
4.294380698028050914e-08
4.350172788294051721e-08
4.406689722851969904e-08
4.463940918793808371e-08
4.521935915557332522e-08
4.580684376515563973e-08
4.640196090586933942e-08
4.700480973866352389e-08
4.761549071277472836e-08
4.823410558246416234e-08
4.886075742397248362e-08
4.949555065269476766e-08
5.013859104057863716e-08
5.078998573374848319e-08
5.144984327035855729e-08
5.211827359867807117e-08
5.279538809541116285e-08
5.348129958425534873e-08
5.417612235470008986e-08
5.487997218107057402e-08
5.558869796121639822e-08
5.628313407337510074e-08
5.698624535749423931e-08
5.769814018727055718e-08
5.841892829024772968e-08
5.914872076472989826e-08
5.988763009690536797e-08
6.063577017818428661e-08
6.139325632275391211e-08
6.216020528535218944e-08
6.293673527926323686e-08
6.372296599453897014e-08
6.451901861644680519e-08
6.532501584414886537e-08
6.614108190961359343e-08
6.696734259676492978e-08
6.780392526086961286e-08
6.865095884816659857e-08
6.950857391574291340e-08
7.037690265165664264e-08
7.125607889531116966e-08
7.214623815808536486e-08
7.304751764421996228e-08
7.396005627196578854e-08
7.488399469499516756e-08
7.581947532408252293e-08
7.676664234905425737e-08
7.772564176101293850e-08
7.869662137484048933e-08
7.967973085198109809e-08
8.067512172350874451e-08
8.168294741348426561e-08
8.270336326260288771e-08
8.373652655213705531e-08
8.478259652817985077e-08
8.584173442618974590e-08
8.691410349584278694e-08
8.799986902619434346e-08
8.909919837115690656e-08
9.021226097529457139e-08
9.133922839993973644e-08
9.248027434963772355e-08
9.363557469892006004e-08
9.480530751941228586e-08
9.598965310728204303e-08
9.718879401102817521e-08
9.840291505961814314e-08
9.963220339097572790e-08
1.008768484808266717e-07
1.021370421719027725e-07
1.034129787035108911e-07
1.047048547414731570e-07
1.060128694084393127e-07
1.073372243145777619e-07
1.086781235886519110e-07
1.100357739094826257e-07
1.113690046121622625e-07
1.126964022351586680e-07
1.140396209966818898e-07
1.153988494675261166e-07
1.167742784660448993e-07
1.181661010849391767e-07
1.195745127183659562e-07
1.209997110893676888e-07
1.224418962776311673e-07
1.239012707475757338e-07
1.253780393767765689e-07
1.268724094847279192e-07
1.283845908619465401e-07
1.299147957994242757e-07
1.314632391184320515e-07
1.330301382006762319e-07
1.346157130188174031e-07
1.362201861673511561e-07
1.378437828938585995e-07
1.394867311306267350e-07
1.411492615266480911e-07
1.428316074800006227e-07
1.445340051706147833e-07
1.462566935934284857e-07
1.479999145919401417e-07
1.497639128921598339e-07
1.515489361369668509e-07
1.533552349208738262e-07
1.551830628252082241e-07
1.570326764537113618e-07
1.589043354685634350e-07
1.607983026268350250e-07
1.627148438173759658e-07
1.646542280981422597e-07
1.666167277339695912e-07
1.686026182347938620e-07
1.706121783943306861e-07
1.726456903292137115e-07
1.747034395186015902e-07
1.767857148442535679e-07
1.788928086310862161e-07
1.810250166882113313e-07
1.831826383504652457e-07
1.853659765204294961e-07
1.875753377109559019e-07
1.898110320881963147e-07
1.920733735151474707e-07
1.943626795957111829e-07
1.966792717192829228e-07
1.990234751058719954e-07
2.013956188517559794e-07
2.037960359756831454e-07
2.062250634656236980e-07
2.086830423260781809e-07
2.111703176259517789e-07
2.136550975670319634e-07
2.159928364610453879e-07
2.183561540714049596e-07
2.207453302714240466e-07
2.231606479966912404e-07
2.256023932785772848e-07
2.280708552781060973e-07
2.305663263202011844e-07
2.330891019283020786e-07
2.356394808593617011e-07
2.382177651392269815e-07
2.408242600984038970e-07
2.434592744082188976e-07
2.461231201173708391e-07
2.488161126888857074e-07
2.515385710374755886e-07
2.542908175673032629e-07
2.570731782101662374e-07
2.598859824640923324e-07
2.627295634323610068e-07
2.656042578629510056e-07
2.685104061884173479e-07
2.714483525662100423e-07
2.744184449194286533e-07
2.774210349780232018e-07
2.804564783204508747e-07
2.835251344157825093e-07
2.866273666662730926e-07
2.897635424503977585e-07
2.929340331663558763e-07
2.961392142760569953e-07
2.993794653495821866e-07
3.026551701101348110e-07
3.059667164794829893e-07
3.093144966238966348e-07
3.126989070005926516e-07
3.161203484046827948e-07
3.195792260166379556e-07
3.230759494502716778e-07
3.266109328012457644e-07
3.301845946961131674e-07
3.337973583418903796e-07
3.374496515761762676e-07
3.411419069178189363e-07
3.448745616181331642e-07
3.486480577126861975e-07
3.524628420736418983e-07
3.563193664626822515e-07
3.602180875845073420e-07
3.641594671409170849e-07
3.681439718854923375e-07
3.721720736788664992e-07
3.762442495446061272e-07
3.803609817257024765e-07
3.845227577416775601e-07
3.887300704463229448e-07
3.925393263889507895e-07
3.961506213544017481e-07
3.997951396186428104e-07
4.034731868303667954e-07
4.071850714501799019e-07
4.109311047764768189e-07
4.147116009715409866e-07
4.185268770878980151e-07
4.223772530949017721e-07
4.262630519055706628e-07
4.301845994036653151e-07
4.341422244710248205e-07
4.381362590151418387e-07
4.421670379970039356e-07
4.462348994591828897e-07
4.503401845541817616e-07
4.544832375730513195e-07
4.586644059742613692e-07
4.628840404128377874e-07
4.671424947697765879e-07
4.714401261817149563e-07
4.757772950708892700e-07
4.801543651753589281e-07
4.845717035795089605e-07
4.890296807448407344e-07
4.935286705410387406e-07
4.980690502773216647e-07
5.026512007340929389e-07
5.072755061948667888e-07
5.119423544785032382e-07
5.166521369717301500e-07
5.214052486619631062e-07
5.262020881704379488e-07
5.310430577856382995e-07
5.359285634970297059e-07
5.408590150291151305e-07
5.458348258757931478e-07
5.508564133350325090e-07
5.559241985438768370e-07
5.610386065137539364e-07
5.662000661661281507e-07
5.714090103684670759e-07
5.766658759705462396e-07
5.819711038410814756e-07
5.873251389047103829e-07
5.927284301792966092e-07
5.981814308135952888e-07
6.036845981252531638e-07
6.092383936391574717e-07
6.148432831261499034e-07
6.204997366420842460e-07
6.262082285672446485e-07
6.319692376461377479e-07
6.377832470276334542e-07
6.436507443054927246e-07
6.494134792587554995e-07
6.543598624802084087e-07
6.593439207850325233e-07
6.643659411327772378e-07
6.694262126686788343e-07
6.745250267403002330e-07
6.794947644859450005e-07
6.843982830608140863e-07
6.893371874777379284e-07
6.943117330957639184e-07
6.993221771167127761e-07
7.043418589440337667e-07
7.091167941241320995e-07
7.139240999573225887e-07
7.187639958935332015e-07
7.236367028704074444e-07
7.285424433233837380e-07
7.332898435920564789e-07
7.379131047043773043e-07
7.425655146498635203e-07
7.472472572066867595e-07
7.519585173117090099e-07
7.566913910202038516e-07
7.610633132505821119e-07
7.654604950573400763e-07
7.698830823822805462e-07
7.743312220104055996e-07
7.788050615748005823e-07
7.830850721507708294e-07
7.871556070608119512e-07
7.912473009164685732e-07
7.953602637035276699e-07
7.994946059794859739e-07
8.036504388765326965e-07
8.073350665820437956e-07
8.110120522656600650e-07
8.147057846809318248e-07
8.184163401003964366e-07
8.221437951439704852e-07
8.256462458422504097e-07
8.288266926635043683e-07
8.320193907873395369e-07
8.352243874066246409e-07
8.384417298960238052e-07
8.416714658126865678e-07
8.443242350698328267e-07
8.469086604984730274e-07
8.495009966970724243e-07
8.521012678800231902e-07
8.547094983358308691e-07
8.570614563716451955e-07
8.589308082942557472e-07
8.608042374934525920e-07
8.626817528622594189e-07
8.645633633130913598e-07
8.664490777778026349e-07
8.676529812227810780e-07
8.687052805224924114e-07
8.697588560626363462e-07
8.708137093910535734e-07
8.718698420574565151e-07
8.726580939216279075e-07
8.727671188535575102e-07
8.728761574064393903e-07
8.729852095819770370e-07
8.730942753818723513e-07
8.732033548078293518e-07
8.725153440903419717e-07
8.715623333169535842e-07
8.706103634760144955e-07
8.696594334305592626e-07
8.687095420448641929e-07
8.675073062166052625e-07
8.653891131943940686e-07
8.632760921651433105e-07
8.611682305003934614e-07
8.590655156025215465e-07
8.569679349046644866e-07
8.540127761537707519e-07
8.506676268740265614e-07
8.473355804705111551e-07
8.440165856195480713e-07
8.407105911984891897e-07
8.372132583273564529e-07
8.325639263810974733e-07
8.279404137674075127e-07
8.233425771026869593e-07
8.187702737996011700e-07
8.142233620626454062e-07
8.088251407786799524e-07
8.029171045070915957e-07
7.970522232894531520e-07
7.912301819011137178e-07
7.854506674199653077e-07
7.795970364313614423e-07
7.724738651583579702e-07
7.654157782386962851e-07
7.584221809972131638e-07
7.514924841922858748e-07
7.446261039661868354e-07
7.370681860116724376e-07
7.289690800935150777e-07
7.209589693564258368e-07
7.130368758971244946e-07
7.052018325577945057e-07
6.974365353843246372e-07
6.885413155158844659e-07
6.797595467393996643e-07
6.710897820810494189e-07
6.625305930219545889e-07
6.540805692628037680e-07
6.452555786384807257e-07
6.360326914255973482e-07
6.269416305019513121e-07
6.179805116234730860e-07
6.091474774783213896e-07
6.004406973019308588e-07
5.912307091678098912e-07
5.821263704531962431e-07
5.731622290966444122e-07
5.643361262044860475e-07
5.556459361277721713e-07
5.469848046339935213e-07
5.383113216180956994e-07
5.297753731497558690e-07
5.213747783574927803e-07
5.131073909516804023e-07
5.049710986761957330e-07
4.970850415351681451e-07
4.893387476056682295e-07
4.817131675674099979e-07
4.742064202829554253e-07
4.668166539294484877e-07
4.597021184876138131e-07
4.529967418301072470e-07
4.463891721530569243e-07
4.398779828094736841e-07
4.334617679619416709e-07
4.271391422790847662e-07
4.214107676692221921e-07
4.158753309048365825e-07
4.104126048126113844e-07
4.050216343022663090e-07
3.997014768291004323e-07
3.945851007844949709e-07
3.898805144298153344e-07
3.852320202406144635e-07
3.806389494373671547e-07
3.761006412143188525e-07
3.716164426444151480e-07
3.672083562258675651e-07
3.628603170826601386e-07
3.585637621828531224e-07
3.543180819120368888e-07
3.501226738741207660e-07
3.458434185862149752e-07
3.411169772049970271e-07
3.364551293563694676e-07
3.318569922779945216e-07
3.273216952717325136e-07
3.228483795387708755e-07
3.175766444435507263e-07
3.119845615183713985e-07
3.064909473943127704e-07
3.010940681727671840e-07
2.957922204866700689e-07
2.903718448308715497e-07
2.837879538992695896e-07
2.773533461043458761e-07
2.710646366004017043e-07
2.649185172897282413e-07
2.589117550824176762e-07
2.524155845172928163e-07
2.456887954657923063e-07
2.391412730432909223e-07
2.327682398554012923e-07
2.265650458236592272e-07
2.205258089858261155e-07
2.146309091600794320e-07
2.088935865545025466e-07
2.033096289549691771e-07
1.978749367445154606e-07
1.925855198934938727e-07
1.879194840664442676e-07
1.837686609507301023e-07
1.797095224872147532e-07
1.757400435172206923e-07
1.718582436143961266e-07
1.680678963184404085e-07
1.653166913789825399e-07
1.626105225754239307e-07
1.599486526840453919e-07
1.573303565491889398e-07
1.547549208857076107e-07
1.522471136417214646e-07
1.498079792366221913e-07
1.474079219378393230e-07
1.450463156953138534e-07
1.427225444888663498e-07
1.404360021675102762e-07
1.373182054920818468e-07
1.342139037148687079e-07
1.311797797373834004e-07
1.282142470761175390e-07
1.253157551126073856e-07
1.221766491521895000e-07
1.186778914791584392e-07
1.152793272992337954e-07
1.119780873836780754e-07
1.087713846695040580e-07
1.056565119065054771e-07
1.028994996466798212e-07
1.002533946954869915e-07
9.767533547276482575e-08
9.516357215329911999e-08
9.271639990938502707e-08
9.054687309682663839e-08
8.884260639236345911e-08
8.717041727269811116e-08
8.552970197584676605e-08
8.391986810379002810e-08
8.234033440858159074e-08
8.066493702264023557e-08
7.899345676043682285e-08
7.735661169873123009e-08
7.575368415204406485e-08
7.418397130625340291e-08
7.253983274130504981e-08
7.064884487199174194e-08
6.880715178303246834e-08
6.701346844483495244e-08
6.526654332630464098e-08
6.356515752159520029e-08
6.205830004343893516e-08
6.064003824219916949e-08
5.925418897136143201e-08
5.790001148466447280e-08
5.657678196463953856e-08
5.531017148867531213e-08
5.417425904749508859e-08
5.306167499310701254e-08
5.197194022728972196e-08
5.090458549112621494e-08
4.985915116293330076e-08
4.874898374378117269e-08
4.762163220913211342e-08
4.652035140222097847e-08
4.544453842073717251e-08
4.439360430487332294e-08
4.337737611339392125e-08
4.245026291552498800e-08
4.154296509052277065e-08
4.065505912052236397e-08
3.978613053959006845e-08
3.893577374025374630e-08
3.811336727630157142e-08
3.731471259810143321e-08
3.653279349958346392e-08
3.576725929147612567e-08
3.501776663310114563e-08
3.428449218945305598e-08
3.357365812525435212e-08
3.287756206749988120e-08
3.219589844721800379e-08
3.152836803092071374e-08
3.087467778924729067e-08
3.024762439232809832e-08
2.964457050905761001e-08
2.905353985053398448e-08
2.847429270694461773e-08
2.790659414762705227e-08
2.735021392578567187e-08
2.685214876873595994e-08
2.636322162568601974e-08
2.588319692665530211e-08
2.541191257487619358e-08
2.494920942505843860e-08
2.449493122964815481e-08
2.404892458606580006e-08
2.361103888490433395e-08
2.318112625907085164e-08
2.275904153385428613e-08
2.234464217790183785e-08
2.193778825508893140e-08
2.153834237726463380e-08
2.114616965785792618e-08
2.076113766632868901e-08
2.038311638344781021e-08
2.001197815739202637e-08
1.964759766063771797e-08
1.928985184763988425e-08
1.893861991328142498e-08
1.859378325207945811e-08
1.825522541813379028e-08
1.792283208580525197e-08
1.759649101110957351e-08
1.727609199381440445e-08
1.696152684022649925e-08
1.665268932665614225e-08
1.634947516354749602e-08
1.605178196026138681e-08
1.575950919049967438e-08
1.547255815835912621e-08
1.519083196500326170e-08
1.491423547594130733e-08
1.464267528890268541e-08
1.437605970229657266e-08
1.411429868424564622e-08
1.385730384218379968e-08
1.360498839300741679e-08
1.335726713377001002e-08
1.311405641291054958e-08
1.287527410200568055e-08
1.264253870852246797e-08
1.241450877279693595e-08
1.219059174926299978e-08
1.197071345447348765e-08
1.175480104300727350e-08
1.154278298333572676e-08
1.133458903412446756e-08
1.113015022096233099e-08
1.092939881351038845e-08
1.073226830306292002e-08
1.053869338051300035e-08
1.034860991471593877e-08
1.016195493124254469e-08
9.978666591515736656e-09
9.798684172323642658e-09
9.621948045701915821e-09
9.448399659179160864e-09
9.277981516378489951e-09
9.110637157969205886e-09
8.946311142961662700e-09
8.784949030339874003e-09
8.626497361025205341e-09
8.470903640165581977e-09
8.318116319743793173e-09
8.168084781499830629e-09
8.020759320161095276e-09
7.876091126975057690e-09
7.734032273539104657e-09
7.594535695921727016e-09
7.457555179070418228e-09
7.323045341500651402e-09
7.190961620261020494e-09
7.061260256169699223e-09
6.933898279316900604e-09
6.808833494829116797e-09
6.686024468889946256e-09
6.565430515013232471e-09
6.447011680563509027e-09
6.330728733519827674e-09
6.216543149478334712e-09
6.104417098888898953e-09
5.979852688864060134e-09
5.845857399812700576e-09
5.714864649188650058e-09
5.586807156738488293e-09
5.461619149810604326e-09
5.339236329573217247e-09
5.219595837989371387e-09
5.102636225531841262e-09
4.988297419621585461e-09
4.876520693773310925e-09
4.767248637432536218e-09
4.660425126488520923e-09
4.555995294447865847e-09
4.453905504254031269e-09
4.354103320738500225e-09
4.256537483688981316e-09
4.161157881521374775e-09
4.067915525541412428e-09
3.976762524783299157e-09
3.887652061411988606e-09
3.800538366676648206e-09
3.715376697403108475e-09
3.632123313012834699e-09
3.550735453057076200e-09
3.471171315254279336e-09
3.393390034019648549e-09
3.317351659475870527e-09
3.243017136934160022e-09
3.170348286835019568e-09
3.099307785138553662e-09
3.029859144154124625e-09
2.961966693799639873e-09
2.895595563280775203e-09
2.830711663180675296e-09
2.767281667950988192e-09
2.705272998795284055e-09
2.644653806936016074e-09
2.585392957256385688e-09
2.527460012308753031e-09
2.470825216681482122e-09
2.415459481715941524e-09
2.356643508766609562e-09
2.289238152986044335e-09
2.223760743443858295e-09
2.160156136499672621e-09
2.098370765746445778e-09
2.038352596898030619e-09
1.980051083967023237e-09
1.923417126696013363e-09
1.868403029206481434e-09
1.814962459830309176e-09
1.763050412090325726e-09
1.712623166796778319e-09
1.663638255228039672e-09
1.616054423364363851e-09
1.569831597144609789e-09
1.524930848716823551e-09
1.481314363654006984e-09
1.438945409107624635e-09
1.397788302872044979e-09
1.357808383333721202e-09
1.318971980279985310e-09
1.281246386542687729e-09
1.244599830452974744e-09
1.209001449083868840e-09
1.174421262258175974e-09
1.140830147299849759e-09
1.108199814507519061e-09
1.076502783329511083e-09
1.045712359220325061e-09
1.015802611159079174e-09
9.867483498109807729e-10
9.585251063134118612e-10
9.311091116687767797e-10
9.044772767268010742e-10
8.786071727393269227e-10
8.534770124713252800e-10
8.290656318521699758e-10
8.053524721517135533e-10
7.823175626661684790e-10
7.599415038992250033e-10
7.382054512242262465e-10
7.168096731593671399e-10
6.930707487947383914e-10
6.701179975958618377e-10
6.479253834948438274e-10
6.264677326725347691e-10
6.057207050030471166e-10
5.856607664439310453e-10
5.662651623407337747e-10
5.475118916156320572e-10
5.293796818108842773e-10
5.118479649587794995e-10
4.948968542507015105e-10
4.785071214788641327e-10
4.626601752251182757e-10
4.473380397720813255e-10
4.325233347126955539e-10
4.181992552350475107e-10
4.043495530601136954e-10
3.909585180107997708e-10
3.780109601913600213e-10
3.654921927569977188e-10
3.533880152540921564e-10
3.416846975121480687e-10
3.303689640692099581e-10
3.194279791130595684e-10
3.088493319211357997e-10
2.986210227826346430e-10
2.887314493868401098e-10
2.791693936622389719e-10
2.699240090514850308e-10
2.609848082077972273e-10
2.523416510988046379e-10
2.439847335043788899e-10
2.359045758953783377e-10
2.280920126807003766e-10
2.205381818104530805e-10
2.132345147234338412e-10
2.061727266275266977e-10
1.993448071019884188e-10
1.927430110109589391e-10
1.863598497179016009e-10
1.801880825909905281e-10
1.738630594550832331e-10
1.677019257258145847e-10
1.617591222672129060e-10
1.560269121741597284e-10
1.504978327119505140e-10
1.451646856005994569e-10
1.400205276434366813e-10
1.350586616877939255e-10
1.302726279060197435e-10
1.256561953854607012e-10
1.212033540164692335e-10
1.169083066678731532e-10
1.127654616397187890e-10
1.087694253834685764e-10
1.049149954801660646e-10
1.011971538674341564e-10
9.761106030648589174e-11
9.415204608064108605e-11
9.081560791715057279e-11
8.759740212440672282e-11
8.449323893691558695e-11
8.149907706066137423e-11
7.861101841176511293e-11
7.582530304159434508e-11
7.313830424170076191e-11
7.054652382222919412e-11
6.804658755764228589e-11
6.563524079383259122e-11
6.330934421090681755e-11
6.106586973612047563e-11
5.890189660164575431e-11
5.681460754203911138e-11
5.480128512645807249e-11
5.285930822085119430e-11
5.098614857551855862e-11
4.917936753359561591e-11
4.743661285617865243e-11
4.575561565995730252e-11
4.413418746336631370e-11
4.257021733741387750e-11
4.106166915747329307e-11
3.958020298440660000e-11
3.813707698473882424e-11
3.674656851843078175e-11
3.540675910794295373e-11
3.411580022496849830e-11
3.287191074002761217e-11
3.167337446505243190e-11
3.051853778557056211e-11
2.940580737922180624e-11
2.833364801745954332e-11
2.730058044740325654e-11
2.630517935092098001e-11
2.534607137812473903e-11
2.442193325256683290e-11
2.353148994552217156e-11
2.267351291683724162e-11
2.184681841991962985e-11
2.105026586852852680e-11
2.028275626311381746e-11
1.954323067453209942e-11
1.883066878304719779e-11
1.814408747060031987e-11
1.748253946440671193e-11
1.684511203000868873e-11
1.623092571197990467e-11
1.563913312054562272e-11
1.506891776244307751e-11
1.451949291440965754e-11
1.399010053774520113e-11
1.348001023244933350e-11
1.298851822949266858e-11
1.251494641983003601e-11
1.205864141881669731e-11
1.161897366473719015e-11
1.119533655020179518e-11
1.078714558521371763e-11
1.039383759075102164e-11
1.001486992175124216e-11
9.649719718427021758e-12
9.297883184878756103e-12
8.958874894010209666e-12
8.630715748268959549e-12
8.312380029040862699e-12
8.005785819218461066e-12
7.710500044425314349e-12
7.426105603820233123e-12
7.152200780928828957e-12
6.888398676205633165e-12
6.634326660526099224e-12
6.389625848835445752e-12
6.153950593211871943e-12
5.926967994627625292e-12
5.708357432717956856e-12
5.497810112894593466e-12
5.295028630163103783e-12
5.099726549028707549e-12
4.911627998896626892e-12
4.730467284395838130e-12
4.555988510075721645e-12
4.387945218945343432e-12
4.226100044344775739e-12
4.070224374657001662e-12
3.920098030386401733e-12
3.775508953148167960e-12
3.636252906128707213e-12
3.502133185594531666e-12
3.372960343041751839e-12
3.248551917593921817e-12
3.128732178269927943e-12
3.013331875758353286e-12
2.902188003347193854e-12
2.795143566671593179e-12
2.692047361954092418e-12
2.592753762424338404e-12
2.497122512616541592e-12
