8.783388821329948763e-09
8.917003574447786239e-09
9.052650903216534452e-09
9.190361727603382053e-09
9.330167437936423862e-09
9.472099902060127193e-09
9.616191472599253149e-09
9.762474994333481144e-09
9.910983811684164386e-09
1.006175177631500797e-08
1.021481325484826936e-08
1.037020313669852774e-08
1.052795684202546308e-08
1.068811032980758067e-08
1.085070010603898364e-08
1.101576323205060652e-08
1.118333733295806350e-08
1.135346060623818464e-08
1.152617183043582968e-08
1.170151037400314497e-08
1.187951620427350370e-08
1.206022989657171087e-08
1.224369264346295122e-08
1.242994626414227024e-08
1.261903321396716239e-08
1.281099659413492412e-08
1.300588016150722529e-08
1.320372833858437541e-08
1.340458622363107643e-08
1.360840275965423536e-08
1.381505083879437495e-08
1.402483693709568300e-08
1.423780870641287328e-08
1.445401452220985859e-08
1.467350349454787569e-08
1.489632547924062474e-08
1.512253108917876060e-08
1.535217170582635672e-08
1.558529949089194218e-08
1.582196739817678196e-08
1.606222918560305587e-08
1.630613942742469543e-08
1.655375352662367130e-08
1.680512772749447104e-08
1.706031912841973816e-08
1.731938569483985871e-08
1.758238627241952919e-08
1.784938060041425745e-08
1.812042932523981397e-08
1.839559401424778341e-08
1.867493716971026390e-08
1.895852224301694653e-08
1.924641364908778134e-08
1.953867678100449207e-08
1.983537802486429812e-08
2.013658477485917233e-08
2.044236544858409860e-08
2.075278950257778068e-08
2.106792744809933879e-08
2.138785086714459762e-08
2.171263242870557523e-08
2.204234590527686226e-08
2.237706618961269639e-08
2.271686931173844784e-08
2.306183245622048291e-08
2.341203397969823066e-08
2.376755342868250236e-08
2.412847155762408400e-08
2.449487034725670463e-08
2.486683302321853293e-08
2.524444407495648678e-08
2.562778927491755805e-08
2.601695569803160602e-08
2.641203174148999024e-08
2.681310714482453624e-08
2.722027301029143631e-08
2.763362182356464158e-08
2.805324747474354310e-08
2.847924527967961695e-08
2.891171200162694707e-08
2.935074587322150929e-08
2.979644661879421950e-08
3.024891547702286772e-08
3.070825522392768289e-08
3.117457019621704981e-08
3.164733331747699702e-08
3.212707261769091878e-08
3.261408424615628820e-08
3.310847844349379986e-08
3.361036712145250973e-08
3.411986388824239365e-08
3.463708407425086320e-08
3.516214475814908870e-08
3.569516479339411174e-08
3.623626483513275553e-08
3.678556736751295829e-08
3.734319673140993427e-08
3.790927915257182793e-08
3.848394277019243810e-08
3.906731766591695465e-08
3.965953589328744429e-08
4.026073150763466970e-08
4.087104059642310448e-08
4.149060131005546996e-08
4.211955389314557550e-08
4.275804071626310822e-08
4.340620630816173448e-08
4.406419738849443063e-08
4.473216290102522795e-08
4.541025404734430693e-08
4.609862432109422305e-08
4.679742954271490706e-08
4.750682789471551983e-08
4.822697995748046069e-08
4.895804874561915772e-08
4.970019974486586695e-08
5.045360094953936035e-08
5.121842290057035750e-08
5.199483872410540285e-08
5.278302417069591713e-08
5.358315765508148191e-08
5.439542029657555665e-08
5.521999596006460629e-08
5.605707129762752840e-08
5.690683579078659621e-08
5.776948179339877849e-08
5.864520457519717702e-08
5.953420236599260052e-08
6.043667640054510198e-08
6.135283096411590175e-08
6.228287343870915284e-08
6.322701435001600901e-08
6.418546741506894985e-08
6.515844959061926024e-08
6.614618112224757712e-08
6.714888559421904436e-08
6.816678998009414019e-08
6.920012469410683706e-08
7.024912364332095972e-08
7.131402428057850596e-08
7.239461824850625639e-08
7.349034479316907205e-08
7.460265567365306085e-08
7.573180190166924469e-08
7.687803828810831839e-08
7.804162350054410192e-08
7.922282012160497620e-08
8.042189470823118323e-08
8.163911785182745309e-08
8.287476423932599296e-08
8.412911271517540224e-08
8.540244634426529432e-08
8.669505247580578924e-08
8.800722280817229306e-08
8.933925345473155155e-08
9.069144501066573383e-08
9.206410262080621887e-08
9.345753604849418453e-08
9.487205974548501906e-08
9.630799292290906213e-08
9.776565962330646303e-08
9.924538879375416879e-08
1.007475143600968211e-07
1.022723753023041279e-07
1.038203157309668585e-07
1.053916849649505084e-07
1.069868376102265248e-07
1.086061336398934017e-07
1.102499384754121421e-07
1.119186230690692040e-07
1.136125639876874427e-07
1.153321434976062794e-07
1.170777496509448338e-07
1.188497763731739210e-07
1.206486235520114176e-07
1.224746971276628496e-07
1.243284091844300965e-07
1.262101780437045182e-07
1.281204283583673605e-07
1.300595912086217664e-07
1.320281041992710417e-07
1.340264115584735917e-07
1.360549642379895616e-07
1.381142200149449095e-07
1.402046435951385629e-07
1.423267067179087766e-07
1.444808882625910655e-07
1.466676743565846006e-07
1.488875584850541461e-07
1.511410416022950655e-07
1.534286322447812510e-07
1.557508466459240322e-07
1.581082088525707582e-07
1.605012508432639378e-07
1.629305126482901078e-07
1.653965424715492387e-07
1.678938298808383725e-07
1.704269709106928384e-07
1.729983313526700106e-07
1.756084878519099111e-07
1.782580257538333746e-07
1.809475392354087024e-07
1.836776314384023334e-07
1.864489146046346798e-07
1.892620102132819970e-07
1.921175491202464172e-07
1.950161716996283982e-07
1.979585279873376658e-07
2.009452778268651484e-07
2.039770910172606123e-07
2.070546474633363264e-07
2.101786373281437127e-07
2.133497611877437092e-07
2.165687301883188352e-07
2.198362662056512048e-07
2.231531020070068014e-07
2.265199814154666199e-07
2.299376594767305091e-07
2.334069026284445101e-07
2.369284888720783474e-07
2.405032079473961899e-07
2.441318615095644106e-07
2.478152633089245364e-07
2.515542393734861258e-07
2.553496281941651449e-07
2.592022809128250705e-07
2.631130615131494120e-07
2.670828470143947270e-07
2.711125276680714608e-07
2.752030071575850584e-07
2.793552028008972271e-07
2.835700457562364633e-07
2.878484812309204206e-07
2.921914686933236279e-07
2.965999820880429172e-07
3.010750100543152971e-07
3.056175561477222100e-07
3.102286390652481446e-07
3.149092928737284924e-07
3.196605672417440341e-07
3.244835276750210305e-07
3.293792557553726527e-07
3.343488493832567130e-07
3.393934230239817258e-07
3.445141079576381668e-07
3.497120525327937874e-07
3.549884224240165119e-07
3.603444008932897166e-07
3.657811890553612882e-07
3.713000061471074063e-07
3.769020898009491678e-07
3.824979194869966818e-07
3.879262919583014707e-07
3.934317033523976618e-07
3.990152469980234478e-07
4.046780317403299824e-07
4.104211821610885585e-07
4.162458388020232328e-07
4.221531583913128889e-07
4.281443140733078425e-07
4.342204956415065192e-07
4.403829097748383117e-07
4.466327802773002657e-07
4.529713483209940196e-07
4.593998726926124451e-07
4.659196300434240575e-07
4.725319151428054354e-07
4.792380411353713592e-07
4.860393398017546565e-07
4.929371618230864693e-07
4.999328770492304130e-07
5.070278747708232475e-07
5.142235639951764842e-07
5.215213737260934027e-07
5.289227532476570630e-07
5.364291724120465959e-07
5.440421219314370385e-07
5.517631136740425368e-07
5.595936809643606211e-07
5.675353788876779035e-07
5.755897845988968077e-07
5.837584976357453777e-07
5.920431402364324203e-07
6.004453576618099223e-07
6.089668185221087043e-07
6.176092151083098853e-07
6.263742637282203460e-07
6.352637050473166685e-07
6.442793044344270116e-07
6.534228523123184712e-07
6.626961645132604413e-07
6.721010826396330098e-07
6.816394744296546093e-07
6.913132341282990147e-07
7.011242828634760167e-07
7.110745690275523187e-07
7.211660686642850817e-07
7.314007858612485822e-07
7.417807531478285252e-07
7.523080318988657477e-07
7.629847127440281956e-07
7.738129159829921691e-07
7.847947920065163772e-07
7.959325217234917034e-07
8.072283169940510682e-07
8.186844210688267399e-07
8.303031090344412781e-07
8.406833156110163113e-07
8.507663557012476718e-07
8.609703303878641609e-07
8.712966901437877442e-07
8.817469028387058220e-07
8.923224539477458431e-07
9.030248467626066308e-07
9.138556026052683959e-07
9.248162610442363302e-07
9.359083801133881919e-07
9.471335365334463157e-07
9.584933259361042252e-07
9.699893630908424682e-07
9.816232821344652283e-07
9.933967368033882048e-07
1.005311400668714714e-06
1.017368967374131881e-06
1.029571150876649471e-06
1.041919685690248920e-06
1.054416327132431330e-06
1.067062851573734742e-06
1.079861056690241010e-06
1.092812761719112086e-06
1.105919807717190030e-06
1.119184057822699272e-06
1.132607397520088403e-06
1.146191734908046648e-06
1.159939000970737366e-06
1.173851149852284159e-06
1.187930159134536908e-06
1.202178030118207931e-06
1.216596788107317086e-06
1.231188482697112670e-06
1.245955188065403738e-06
1.260899003267403171e-06
1.276022052534102865e-06
1.291326485574229752e-06
1.306814477879820985e-06
1.322488231035466773e-06
1.338349973031259617e-06
1.354401958579499087e-06
1.370646469435197016e-06
1.387085814720412133e-06
1.403722331252504768e-06
1.420558383876297850e-06
1.437596365800238458e-06
1.454838698936586152e-06
1.472287834245683800e-06
1.489946252084355357e-06
1.507816462558483116e-06
1.525901005879814411e-06
1.544202452727050278e-06
1.562723404611245941e-06
1.581466494245644452e-06
1.600434385919867262e-06
1.618719626255719351e-06
1.634711808424492307e-06
1.650861985768199169e-06
1.667171719204233310e-06
1.683642585071114623e-06
1.700276175280829880e-06
1.716426634677704328e-06
1.732494838405055653e-06
1.748713463458791275e-06
1.765083917997269111e-06
1.781607623361219566e-06
1.798082851598411556e-06
1.813896225922493922e-06
1.829848672151580560e-06
1.845941413363945879e-06
1.862175683394329121e-06
1.878552726928532908e-06
1.894287172815093309e-06
1.909758060926736868e-06
1.925355301780666411e-06
1.941079927316051777e-06
1.956932977900053756e-06
1.972739618052336166e-06
1.987523350730295106e-06
2.002417872865667371e-06
2.017424014715872461e-06
2.032542612760301869e-06
2.047774509746927494e-06
2.062226875945086015e-06
2.076180632813267848e-06
2.090228805738681872e-06
2.104372033573776948e-06
2.118610959493720657e-06
2.132832792191196179e-06
2.145530621563417992e-06
2.158304047518435952e-06
2.171153520120841975e-06
2.184079492114675678e-06
2.197082418939407463e-06
2.209126069209530292e-06
2.220319271212284530e-06
2.231569186941258774e-06
2.242876103753613236e-06
2.254240310462484920e-06
2.265662097344383913e-06
2.274979871550958684e-06
2.284332072235934430e-06
2.293722718824870106e-06
2.303151969364794613e-06
2.312619982552455593e-06
2.320995611899483932e-06
2.328092727506625841e-06
2.335211544598110346e-06
2.342352129532513627e-06
2.349514548871308866e-06
2.356698869379504483e-06
2.361341936317499106e-06
2.365802643626752528e-06
2.370271777462203005e-06
2.374749353742041190e-06
2.379235388414513004e-06
2.382542223790519772e-06
2.384046454602893612e-06
2.385551635119459252e-06
2.387057765939812682e-06
2.388564847663942913e-06
2.390072880892203181e-06
2.388795052464840829e-06
2.387075784202200123e-06
2.385357753334686879e-06
2.383640958971720918e-06
2.381925400223362837e-06
2.379043565452373154e-06
2.373789925583500479e-06
2.368547887323052041e-06
2.363317425051211498e-06
2.358098513204723130e-06
2.352891126276797399e-06
2.344753650021333565e-06
2.335890371421059929e-06
2.327060596428961544e-06
2.318264198399820558e-06
2.309501051167159175e-06
2.299786839821995709e-06
2.287347628236103740e-06
2.274975698531383967e-06
2.262670686789959151e-06
2.250432231062316858e-06
2.238259971356690637e-06
2.223432417960045702e-06
2.207692227404245544e-06
2.192063465285276540e-06
2.176545342775552031e-06
2.161137076631780880e-06
2.145144910681292820e-06
2.126412686112137153e-06
2.107844038481566014e-06
2.089437539373283364e-06
2.071191772844469378e-06
2.053105335316858361e-06
2.033067807198000588e-06
2.012150894422281859e-06
1.991449182162019621e-06
1.970960456359036912e-06
1.950682525734149550e-06
1.930280121803782346e-06
1.907810368200939184e-06
1.885602177581241161e-06
1.863652505176358635e-06
1.841958341661115649e-06
1.820516712740874556e-06
1.798143403251147799e-06
1.775242635831019084e-06
1.752633527656470784e-06
1.730312364218109223e-06
1.708275478313747782e-06
1.686449382289429939e-06
1.663793643981202521e-06
1.641442262556544122e-06
1.619391149289180102e-06
1.597636270380719102e-06
1.576173646222773003e-06
1.554705433090422494e-06
1.533267096385160564e-06
1.512124379847494918e-06
1.491273207075192305e-06
1.470709557876862483e-06
1.450429467496823758e-06
1.430412059800249531e-06
1.410670759452463632e-06
1.391201911323426574e-06
1.372001755265116512e-06
1.353066583023797415e-06
1.334411617638458693e-06
1.316035966642184384e-06
1.297913359418219092e-06
1.280040311401536640e-06
1.262413386011678083e-06
1.245029193991955688e-06
1.227716933980469889e-06
1.210631682534337654e-06
1.193784194214945364e-06
1.177171160244280832e-06
1.160789317890193370e-06
1.144381725357773262e-06
1.127814036157420982e-06
1.111486204269849242e-06
1.095394757181191003e-06
1.079536272650603327e-06
1.063907377982445209e-06
1.047571536589481372e-06
1.031331579250392543e-06
1.015343381533597902e-06
9.996030405404524892e-07
9.841067138769305932e-07
9.684872593963194850e-07
9.523626006478749022e-07
9.365064065769272682e-07
9.209142074279186296e-07
9.055816078637018602e-07
8.905042857265231009e-07
8.749806930313619671e-07
8.595434837448704650e-07
8.443786318171789583e-07
8.294813320707765920e-07
8.148468641054871278e-07
8.003255580852829306e-07
7.856452213638007296e-07
7.712341654169704696e-07
7.570874508393155502e-07
7.432002288286630436e-07
7.295677395241968658e-07
7.157736241169421365e-07
7.020835918695012381e-07
6.886553979695801443e-07
6.754840344435660939e-07
6.625645891013707810e-07
6.497151143179136813e-07
6.363579810439207729e-07
6.232754496767763753e-07
6.104618748279294924e-07
5.979117271692472444e-07
5.856195910469924061e-07
5.729475873367079715e-07
5.602207985617383865e-07
5.477767078137841162e-07
5.356090355689277412e-07
5.237116417892688400e-07
5.120276065313288497e-07
5.002355324529769444e-07
4.887150316439089134e-07
4.774598497302028807e-07
4.664638763771287547e-07
4.557211419718926614e-07
4.454382754854355744e-07
4.355347564644146425e-07
4.258514243792659328e-07
4.163833837694346873e-07
4.071258480161272360e-07
3.981009549550675703e-07
3.897616962042055902e-07
3.815971248929187061e-07
3.736035817389561260e-07
3.657774841132372034e-07
3.581153244341581307e-07
3.506458485948320171e-07
3.433615553184100096e-07
3.362285854606162944e-07
3.292437954389292481e-07
3.224041069753979254e-07
3.157065057400125979e-07
3.090047052596708095e-07
3.024428361774406087e-07
2.960203116589643059e-07
2.897341726529106585e-07
2.835815229448778169e-07
2.774294905911918001e-07
2.712553972236244671e-07
2.652187060796998245e-07
2.593163593224322990e-07
2.535453671658929043e-07
2.479028063607653653e-07
2.421923362751079669e-07
2.365960792604301580e-07
2.311291330780281827e-07
2.257885097859060768e-07
2.205712904834434095e-07
2.155440362368722203e-07
2.107410647802767072e-07
2.060451180190329570e-07
2.014538111200162053e-07
1.969648123913832433e-07
1.925758420984181603e-07
1.885064948809497340e-07
1.845619782321677420e-07
1.807000009760060452e-07
1.769188359676863133e-07
1.732167922031016346e-07
1.695999296350774482e-07
1.660750537645708655e-07
1.626234370630345344e-07
1.592435569503730286e-07
1.559339224909966572e-07
1.526930737361376762e-07
1.494600164471582962e-07
1.462790426795721274e-07
1.431657699222668459e-07
1.401187572872855219e-07
1.371365945532461360e-07
1.342393341003959920e-07
1.314672984232541491e-07
1.287525051471331625e-07
1.260937722192541450e-07
1.234899419961709916e-07
1.209398807397175367e-07
1.185367318380554583e-07
1.162185271921930675e-07
1.139456593182895976e-07
1.117172415720639581e-07
1.095324046492012166e-07
1.073931734627077416e-07
1.053086398471824296e-07
1.032645676525665666e-07
1.012601715105788938e-07
9.929468129717220307e-08
9.736734183663693516e-08
9.550873627939717304e-08
9.370249184980692249e-08
9.193040679732205963e-08
9.019183510580796920e-08
8.848614297647433980e-08
8.683072383096432807e-08
8.534710619220298955e-08
8.388883812097851196e-08
8.245548648643764998e-08
8.104662555833966139e-08
7.966183688060713917e-08
7.830070914703812754e-08
7.696283807914035985e-08
7.564782630605364459e-08
7.435528324652453272e-08
7.308482499289540141e-08
7.183607419707882424e-08
7.060865995847785397e-08
6.940221771382224090e-08
6.821638912888693053e-08
6.705082199206048110e-08
6.590517010973224626e-08
6.477909320346674423e-08
6.367225680893521007e-08
6.258433217657390405e-08
6.151499617393927846e-08
6.046393118973321545e-08
5.943082503946580452e-08
5.841537087273169803e-08
5.741726708207027922e-08
5.643621721338240555e-08
5.547192987787959347e-08
5.452411866553534989e-08
5.359250206001699157e-08
5.267680335507043698e-08
5.177675057233323472e-08
5.089207638055278650e-08
5.002251801618438677e-08
4.916781720534531581e-08
4.832772008710360523e-08
4.750197713807638928e-08
4.669034309831779757e-08
4.589257689847196434e-08
4.510844158817175843e-08
4.433770426565995396e-08
4.358013600861335973e-08
4.283551180614943317e-08
4.208637109825077900e-08
4.134808919390851232e-08
4.062275827954374395e-08
3.991015116803378382e-08
3.921004465758797282e-08
3.852221946183588626e-08
3.784646014114318576e-08
3.718255503513191895e-08
3.653029619638424994e-08
3.588947932530993363e-08
3.525990370615555071e-08
3.464137214413671649e-08
3.403369090367304054e-08
3.343666964770630921e-08
3.285012137808374577e-08
3.227386237698642997e-08
3.170771214938573750e-08
3.115149336650865535e-08
3.060503181029509848e-08
3.006815631882989001e-08
2.954069873273144869e-08
2.902249384248115273e-08
2.851337933667670075e-08
2.801319575119319096e-08
2.752178641923576547e-08
2.703899742226902619e-08
2.656467754180662938e-08
2.609867821204691712e-08
2.564085347333935912e-08
2.519105992646724971e-08
2.474915668773243253e-08
2.431500534482789827e-08
2.388846991348447117e-08
2.346941679487806830e-08
2.305771473378387646e-08
2.265323477746504230e-08
2.225585023528210802e-08
2.186543663901119538e-08
2.148187170385826868e-08
2.110503529015711557e-08
2.073480936573961056e-08
2.030315231321362510e-08
1.984545699909189146e-08
1.939807954090400180e-08
1.896078734253664486e-08
1.853335305130642140e-08
1.811555443975656518e-08
1.770717429011854207e-08
1.730800028137861954e-08
1.691782487888956837e-08
1.653644522647173136e-08
1.616366304094573823e-08
1.579928450904314651e-08
1.544312018664097022e-08
1.509498490026752410e-08
1.475469765082923286e-08
1.442208151950698303e-08
1.409696357577447100e-08
1.377917478748978325e-08
1.346854993301366680e-08
1.316492751530944635e-08
1.286814967797884031e-08
1.257806212319086227e-08
1.229451403146085094e-08
1.201735798323767389e-08
1.174644988225913074e-08
1.148164888063452934e-08
1.122281730561662614e-08
1.096982058802410127e-08
1.072252719227751390e-08
1.048080854801288291e-08
1.024453898323645568e-08
1.001359565898661642e-08
9.787858505468624295e-09
9.567210159629047939e-09
9.351535904137685726e-09
9.140723607744708605e-09
8.934663666982510731e-09
8.733248949181794591e-09
8.536374736772047583e-09
8.343938672838027839e-09
8.155840707903210360e-09
7.950902102563674010e-09
7.723497326278742677e-09
7.502596583323600316e-09
7.288013851002331899e-09
7.079568427078108173e-09
6.877084777602043305e-09
6.680392389094475067e-09
6.489325624953591256e-09
6.303723585971495886e-09
6.123429974839260413e-09
5.948292964527417049e-09
5.778165070431043686e-09
5.612903026171276639e-09
5.452367662949522764e-09
5.296423792351919664e-09
5.144940092505862609e-09
4.997788997492537690e-09
4.854846589922505946e-09
4.715992496583441257e-09
4.581109787072866108e-09
4.450084875329800534e-09
4.322807423982843600e-09
4.199170251433979386e-09
4.079069241599898396e-09
3.962403256234815642e-09
3.849074049760956254e-09
3.738986186534981272e-09
3.632046960480695527e-09
3.528166317020342377e-09
3.427256777238755454e-09
3.329233364216502473e-09
3.234013531469980072e-09
3.141517093438220250e-09
3.051666157957772468e-09
2.964385060669073986e-09
2.879600301298615199e-09
2.797240481763700252e-09
2.717236246047413045e-09
2.639520221793188755e-09
2.564026963569941526e-09
2.490692897759820679e-09
2.417394705650255607e-09
2.338132411109720956e-09
2.261468993501084849e-09
2.187319240033756183e-09
2.115600731900795038e-09
2.046233752668900967e-09
1.979141199672182349e-09
1.914248498311050651e-09
1.851483519161271394e-09
1.790776497800748864e-09
1.732059957265103640e-09
1.675268633045799622e-09
1.620339400547421538e-09
1.567211204923574405e-09
1.515824993213277948e-09
1.466123648702526703e-09
1.418051927438024147e-09
1.371556396822495131e-09
1.326585376223411955e-09
1.283088879529002673e-09
1.241018559587779626e-09
1.200327654469801761e-09
1.160970935489913746e-09
1.122904656935266048e-09
1.086086507441135060e-09
1.050475562961071825e-09
1.016032241279080451e-09
9.827182580132449286e-10
9.504965840619634983e-10
9.193314044454078887e-10
8.891880784965230693e-10
8.600331013572952649e-10
8.318340667374758410e-10
8.045596308944183680e-10
7.781794777939211503e-10
7.526642854134045270e-10
7.279856931499490782e-10
7.041162702969556421e-10
6.810294855544306845e-10
6.586996775389496300e-10
6.371020262605597949e-10
6.162125255349211207e-10
5.947247085936629691e-10
5.739462981280707600e-10
5.538938409232696152e-10
5.345419737235994195e-10
5.158662194113523365e-10
4.978429560470170336e-10
4.804493869911593722e-10
4.636635120702214717e-10
4.474640997496959610e-10
4.318306602795202421e-10
4.167434197777218193e-10
4.021832952194996616e-10
3.881318703001680651e-10
3.745713721413704617e-10
3.614846488111462558e-10
3.488551476293828009e-10
3.366668942312368048e-10
3.249044723620417357e-10
3.135530043781237691e-10
3.025981324288910812e-10
2.920260002963681537e-10
2.818232358692239822e-10
2.719769342291267305e-10
2.624746413280124844e-10
2.533043382356471131e-10
2.444544259375338814e-10
2.359137106639547672e-10
2.276713897315881518e-10
2.197170378797855841e-10
2.120405940842252288e-10
2.046323488312777741e-10
1.974829318369695631e-10
1.905833001950275214e-10
1.839247269390018064e-10
1.774987900039994122e-10
1.712973615740794113e-10
1.653125978018195027e-10
1.595369288870665079e-10
1.539630495023101055e-10
1.485839095525707308e-10
1.433927052581233253e-10
1.382811560891821237e-10
1.333174071118551306e-10
1.285318371764646518e-10
1.239180503570431497e-10
1.194698803161777795e-10
1.151813820636874073e-10
1.110468240111276430e-10
1.070606803115102295e-10
1.032176234739939147e-10
9.951251724367913628e-11
9.594040973699196387e-11
9.249652682347882582e-11
8.917626574517084245e-11
8.597518896498395019e-11
8.288901823594291645e-11
7.991362888328959091e-11
7.704504429184973157e-11
7.427943059127305251e-11
7.161309153205870600e-11
6.904246354550796686e-11
6.656411098100407084e-11
6.417472151426032059e-11
6.187110172038726343e-11
5.965017280587487427e-11
5.750896649377560631e-11
5.544462105659609480e-11
5.345437749159076925e-11
5.153557583334883573e-11
4.968565159874241622e-11
4.790213235949047795e-11
4.618263443774992974e-11
4.452485972032690615e-11
4.292659258724144814e-11
4.138569695054561397e-11
3.990011339943798253e-11
3.846785644785479675e-11
3.708701188086365656e-11
3.575573419631027117e-11
3.447224413830087734e-11
3.323482631922131418e-11
3.204182692711858448e-11
3.088506569311017451e-11
2.976400693883368572e-11
2.868364010805924898e-11
2.764248817504481017e-11
2.663912772677715646e-11
2.567218701694874594e-11
2.474034409057304091e-11
2.384232497667046921e-11
2.297690194655637066e-11
2.214289183534968243e-11
2.133915442440566723e-11
2.056459088246460328e-11
1.981814226338179301e-11
1.909878805838758933e-11
1.840554480089629330e-11
1.773746472195782129e-11
1.709363445451380372e-11
1.647317378468554173e-11
1.587523444838814623e-11
1.529899897162419469e-11
1.474367955287248664e-11
1.420851698604387859e-11
1.369277962253081531e-11
1.319576237093269887e-11
1.271678573308844581e-11
1.225519487509919301e-11
1.181035873207103739e-11
1.138166914535310876e-11
1.096854003109245506e-11
1.057040657896805005e-11
1.018672448000921777e-11
9.816969182442714930e-12
9.460635174550472176e-12
9.117235293558416754e-12
8.786300059610663642e-12
8.467377033919190988e-12
8.160030200211390318e-12
7.863839368629342280e-12
7.578399601266545866e-12
7.303320658556067870e-12
7.038226465753717330e-12
6.782474670402842115e-12
6.535333030363123963e-12
6.297196804012314723e-12
6.067737849659344692e-12
5.846639982528376946e-12
5.633598539069824124e-12
5.428319957146512133e-12
5.230521371517612230e-12
5.039930224062195735e-12
4.856283888205479045e-12
4.679329307030737145e-12
4.508822644577280656e-12
4.344528949844932784e-12
4.186221833041398108e-12
4.033683153626546845e-12
3.886702719724162431e-12
3.745077998486182424e-12
3.608613837011095972e-12
3.477122193431426296e-12
3.350421877799859807e-12
3.228338302417315971e-12
3.110703241258279274e-12
2.997354598162544059e-12
2.888136183473440350e-12
2.782897498815104119e-12
2.681493529712087808e-12
2.583784545765439820e-12
2.489635908110187977e-12
2.398917883888568657e-12
2.311505467483703736e-12
2.227278208267007375e-12
2.146120044622418640e-12
2.067919144018312317e-12
1.992567748906967026e-12
1.919962028239268549e-12
1.850001934389798373e-12
1.782591065295525732e-12
