7.738305483609468628e-10
7.842949572744748888e-10
7.949008750159257962e-10
8.056502151906017801e-10
8.165449172812381190e-10
8.275869469979371768e-10
8.387782966328512484e-10
8.501209854196274845e-10
8.616170598977480706e-10
8.732685942817799308e-10
8.850776908356211179e-10
8.970464802518086200e-10
9.091771220359545823e-10
9.214718048963823934e-10
9.339327471390303613e-10
9.465237074956531430e-10
9.592432733043586346e-10
9.721337670603312882e-10
9.851974857258767690e-10
9.984367571303058918e-10
1.011853940384754532e-09
1.025451426302543784e-09
1.039231637825186457e-09
1.053197030454157567e-09
1.067350092688428630e-09
1.081693346467880931e-09
1.096229347622717503e-09
1.110960686328874245e-09
1.125889987569550714e-09
1.141019911602984693e-09
1.156246225653014891e-09
1.171672762085885054e-09
1.187305118024176623e-09
1.203146039493808547e-09
1.219198309157933659e-09
1.235464746805754442e-09
1.251948209847860281e-09
1.268651593818148463e-09
1.285577832882492691e-09
1.302729900354146913e-09
1.320110809216051562e-09
1.337723612650103629e-09
1.355571404573491466e-09
1.373657320182161553e-09
1.391921591825162583e-09
1.410353851100142338e-09
1.429030196093725210e-09
1.447953859065025118e-09
1.467128115075737544e-09
1.486556282556944992e-09
1.506241723883428485e-09
1.526187845955582510e-09
1.546398100789038456e-09
1.566875986112093331e-09
1.587625045971052115e-09
1.608648871343584872e-09
1.629951100760206363e-09
1.651535420933985485e-09
1.673405567398594344e-09
1.695392647136932573e-09
1.717658774768555344e-09
1.740217330493779171e-09
1.763072154863201053e-09
1.786227138866605005e-09
1.809686224595351536e-09
1.833453405913541661e-09
1.857532729137947580e-09
1.881928293726922186e-09
1.906644252978278741e-09
1.931684814736409941e-09
1.957054242108660653e-09
1.982756854191103425e-09
2.008797026803889645e-09
2.035074567385949591e-09
2.061557296175475048e-09
2.088384648663502377e-09
2.115561109489597576e-09
2.143091221652635257e-09
2.170979587270186847e-09
2.199230868347873416e-09
2.227849787558682725e-09
2.256841129032476309e-09
2.286209739155684121e-09
2.315960527381484928e-09
2.346098467050532019e-09
2.376628596222274683e-09
2.407556018517179036e-09
2.438885903969916015e-09
2.470342717771268639e-09
2.502180566567473834e-09
2.534428742484963549e-09
2.567092533831611826e-09
2.600177297071146988e-09
2.633688457701588915e-09
2.667631511144904124e-09
2.702012023648214084e-09
2.736835633196630383e-09
2.772108050437746104e-09
2.807835059618147385e-09
2.844022519531992298e-09
2.880676364481713715e-09
2.917802605251219217e-09
2.955240037848844847e-09
2.992910737752542982e-09
3.031061629320221419e-09
3.069698833596490125e-09
3.108828549651406506e-09
3.148457055575146864e-09
3.188590709485232380e-09
3.229235950546656637e-09
3.270399300005005665e-09
3.312087362232746291e-09
3.354306825788865184e-09
3.397064464491945450e-09
3.440367138507063753e-09
3.484221795446397554e-09
3.528635471483937421e-09
3.573133671281696152e-09
3.618134871027733216e-09
3.663702830420872046e-09
3.709844687415198402e-09
3.756567669862497091e-09
3.803879096644437644e-09
3.851786378819098343e-09
3.900297020781766975e-09
3.949418621440528678e-09
3.999158875406569740e-09
4.049525574199496386e-09
4.100526607467829021e-09
4.152169964224870444e-09
4.204463734100139129e-09
4.257152821685521198e-09
4.310067540007028128e-09
4.363639967255662167e-09
4.417878278492115751e-09
4.472790750389837867e-09
4.528385762497985822e-09
4.584671798520257227e-09
4.641657447609340796e-09
4.699351405677740368e-09
4.757762476724694202e-09
4.816899574179599013e-09
4.876771722262313451e-09
4.937388057360085427e-09
4.998757829421886638e-09
5.060890403369880471e-09
5.122992325248593648e-09
5.185731438182028906e-09
5.249238890406600401e-09
5.313524091447540730e-09
5.378596566064547449e-09
5.444465955663006138e-09
5.511142019722503196e-09
5.578634637242830196e-09
5.646953808207695696e-09
5.716109655066366186e-09
5.786112424233448765e-09
5.856972487607039712e-09
5.928700344105473026e-09
6.001306621222876591e-09
6.074373502774742895e-09
6.147536760464100531e-09
6.221581238623894141e-09
6.296517551181688853e-09
6.372356439905313016e-09
6.449108775942644993e-09
6.526785561379933748e-09
6.605397930818903886e-09
6.684957152972842002e-09
6.765474632281918292e-09
6.846961910547956832e-09
6.929430668588926668e-09
7.012892727913220729e-09
7.097360052414383457e-09
7.182844750085961279e-09
7.268028868385091058e-09
7.353967237717412987e-09
7.440921756470333439e-09
7.528904439761812778e-09
7.617927444778546451e-09
7.708003072455834805e-09
7.799143769177169589e-09
7.891362128494218724e-09
7.984670892866850351e-09
8.079082955423876104e-09
8.174611361744578114e-09
8.271269311661319204e-09
8.369070161083487715e-09
8.468027423842834887e-09
8.567466760100180287e-09
8.666640544777799865e-09
8.766962328022871997e-09
8.868445398636616201e-09
8.971103199246436348e-09
9.074949328086552665e-09
9.179997540799250386e-09
9.286261752257013053e-09
9.393756038405558678e-09
9.502494638128592705e-09
9.612491955133764914e-09
9.723762559860645877e-09
9.836321191410754396e-09
9.950182759499970099e-09
1.006536234643330969e-08
1.017963037796172354e-08
1.029467543852785572e-08
1.041102068048264833e-08
1.052868079782191798e-08
1.064767065060571179e-08
1.076800526683491389e-08
1.088969984434939988e-08
1.101276975274729277e-08
1.113723053532627645e-08
1.126309791104646713e-08
1.139038777651585532e-08
1.151911620799780198e-08
1.164929946344160153e-08
1.178095398453561688e-08
1.191301137764492202e-08
1.204399229675418236e-08
1.217641332203197087e-08
1.231029028712635712e-08
1.244563919977287957e-08
1.258247624370851245e-08
1.272081778060689948e-08
1.286068035203463601e-08
1.300208068142917533e-08
1.314503567609845842e-08
1.328956242924252841e-08
1.343567822199737318e-08
1.358340052550126878e-08
1.373274700298369675e-08
1.388373551187751835e-08
1.403262341495086412e-08
1.418207895407953109e-08
1.433312628096700152e-08
1.448578234907173204e-08
1.464006429241629537e-08
1.479598942751040643e-08
1.495357525529469098e-08
1.511283946310490367e-08
1.527379992665702589e-08
1.543647471205384215e-08
1.560088207781254999e-08
1.576704047691400073e-08
1.593496855887404240e-08
1.610468517183662089e-08
1.627450425920070359e-08
1.644154035097141525e-08
1.661029084555954102e-08
1.678077333902461647e-08
1.695300560802636655e-08
1.712700561167813612e-08
1.730279149341965666e-08
1.748038158290888772e-08
1.765979439793328721e-08
1.784104864634068916e-08
1.802416322799014638e-08
1.820915723672246983e-08
1.839604996235132852e-08
1.858486089267460859e-08
1.877560971550643216e-08
1.896211198612642813e-08
1.914849167539172423e-08
1.933670330134192461e-08
1.952676487018802319e-08
1.971869456512521637e-08
1.991251074807225534e-08
2.010823196142828511e-08
2.030587692984671677e-08
2.050546456202677829e-08
2.070701395252223090e-08
2.091054438356846225e-08
2.111607532692694029e-08
2.132362644574819282e-08
2.153321759645311392e-08
2.174224643010434127e-08
2.194523296723059198e-08
2.215011459529824579e-08
2.235690900695681764e-08
2.256563406003529399e-08
2.277630777908405044e-08
2.298894835693145010e-08
2.320357415625490448e-08
2.342020371116643305e-08
2.363885572881345304e-08
2.385954909099409766e-08
2.408230285578763545e-08
2.430713625920051667e-08
2.453406871682730898e-08
2.476311982552746199e-08
2.498423759907472591e-08
2.520364175073270602e-08
2.542497264446446738e-08
2.564824720034650446e-08
2.587348248704240703e-08
2.610069572310753579e-08
2.632990427830564239e-08
2.656112567493653409e-08
2.679437758917570261e-08
2.702967785242540130e-08
2.726704445267811670e-08
2.750649553589155113e-08
2.774804940737564254e-08
2.799172453319228634e-08
2.823369632107652962e-08
2.846404740294696447e-08
2.869627785690942417e-08
2.893040301625170789e-08
2.916643833936193241e-08
2.940439941074902153e-08
2.964430194207150039e-08
2.988616177317524315e-08
3.012999487313914843e-08
3.037581734132930158e-08
3.062364540846234842e-08
3.087349543767690926e-08
3.112538392561405537e-08
3.137932750350632211e-08
3.163534293827613858e-08
3.187775741516602705e-08
3.211548035736498801e-08
3.235497607788432200e-08
3.259625779691618032e-08
3.283933883323996431e-08
3.308423260495787411e-08
3.333095263023485818e-08
3.357951252804573605e-08
3.382992601892625183e-08
3.408220692573076503e-08
3.433636917439522214e-08
3.459242679470585223e-08
3.485039392107363963e-08
3.511028479331451406e-08
3.536675239316254041e-08
3.560262249337504928e-08
3.584006567283316332e-08
3.607909242281285846e-08
3.631971330455914151e-08
3.656193894975273883e-08
3.680578006097982243e-08
3.705124741220490583e-08
3.729835184924687657e-08
3.754710429025830432e-08
3.779751572620746228e-08
3.804959722136478869e-08
3.830335991379060580e-08
3.855881501582850333e-08
3.881597381459956233e-08
3.905143155985480930e-08
3.927725600190764108e-08
3.950438632895857081e-08
3.973283009260658981e-08
3.996259488811974433e-08
4.019368835468722047e-08
4.042611817567428788e-08
4.065989207887654858e-08
4.089501783677781882e-08
4.113150326680811016e-08
4.136935623160363549e-08
4.160858463926821796e-08
4.184919644363622854e-08
4.209119964453702572e-08
4.232745715078671005e-08
4.252923677786972163e-08
4.273197831054900767e-08
4.293568633433388401e-08
4.314036545659327736e-08
4.334602030666021478e-08
4.355265553593601534e-08
4.376027581799571260e-08
4.396888584869405951e-08
4.417849034627111636e-08
4.438909405145965847e-08
4.460070172759178329e-08
4.481331816070692030e-08
4.502694815966035052e-08
4.524159655623140169e-08
4.542387206723813961e-08
4.558913308794158590e-08
4.575499536088807858e-08
4.592146107355187711e-08
4.608853242136597577e-08
4.625621160775071083e-08
4.642450084414289059e-08
4.659340235002496507e-08
4.676291835295429494e-08
4.693305108859254626e-08
4.710380280073515789e-08
4.727517574134094141e-08
4.744717217056177351e-08
4.761979435677241425e-08
4.778432546717643680e-08
4.789590847027859309e-08
4.800775203511222469e-08
4.811985677012488733e-08
4.823222328518523965e-08
4.834485219158576296e-08
4.845774410204649350e-08
4.857089963071825836e-08
4.868431939318601065e-08
4.879800400647217798e-08
4.891195408904001084e-08
4.902617026079697735e-08
4.914065314309810511e-08
4.925540335874925679e-08
4.937042153201096167e-08
4.944022740766909688e-08
4.948307090776920942e-08
4.952595153483256799e-08
4.956886932103213750e-08
4.961182429856919234e-08
4.965481649967246925e-08
4.969784595659907397e-08
4.974091270163363421e-08
4.978401676708917974e-08
4.982715818530642109e-08
4.987033698865410032e-08
4.991355320952932844e-08
4.995680688035685092e-08
5.000009803358995430e-08
5.003397484067907010e-08
4.999428197175881784e-08
4.995462059191880389e-08
4.991499067617795536e-08
4.987539219957532304e-08
4.983582513716967767e-08
4.979628946403964899e-08
4.975678515528334845e-08
4.971731218601895162e-08
4.967787053138436068e-08
4.963846016653690659e-08
4.959908106665393151e-08
4.955973320693246446e-08
4.952041656258891038e-08
4.948113110885963237e-08
4.938638478239355320e-08
4.925500490615561002e-08
4.912397453255793859e-08
4.899329273183815501e-08
4.886295857670694028e-08
4.873297114234190590e-08
4.860332950638081765e-08
4.847403274891544794e-08
4.834507995248445546e-08
4.821647020206726407e-08
4.808820258507737912e-08
4.796027619135631268e-08
4.783269011316650948e-08
4.770544344518533165e-08
4.756989750659543582e-08
4.734463086007106000e-08
4.712043096089524448e-08
4.689729275749953327e-08
4.667521122223683887e-08
4.645418135126870084e-08
4.623419816445219369e-08
4.601525670522778763e-08
4.579735204050776528e-08
4.558047926056471100e-08
4.536463347892144304e-08
4.514980983224052860e-08
4.493600348021481810e-08
4.472320960545845583e-08
4.451142341339799656e-08
4.424280662083995104e-08
4.393317052497905801e-08
4.362570143702699026e-08
4.332038419104117092e-08
4.301720372721874970e-08
4.271614509115386756e-08
4.241719343310009612e-08
4.212033400723766151e-08
4.182555217094659750e-08
4.153283338408415355e-08
4.124216320826779469e-08
4.095352730616265489e-08
4.066691144077486675e-08
4.038230147474900722e-08
4.009385545228338507e-08
3.971777428701572397e-08
3.934522077059285259e-08
3.897616181359810782e-08
3.861056463699422778e-08
3.824839676921198708e-08
3.788962604326602972e-08
3.753422059389828366e-08
3.718214885474689869e-08
3.683337955554373872e-08
3.648788171933579605e-08
3.614562465973504082e-08
3.580657797819206683e-08
3.547071156129653794e-08
3.513799557810251613e-08
3.476291934046467046e-08
3.435466034327560297e-08
3.395119597818160292e-08
3.355246993657186926e-08
3.315842657112941654e-08
3.276901088806459669e-08
3.238416853943979603e-08
3.200384581558490369e-08
3.162798963760122227e-08
3.125654754995345002e-08
3.088946771314921842e-08
3.052669889650397503e-08
3.016819047099121140e-08
2.981389240217628929e-08
2.946157489524391450e-08
2.905208218737587794e-08
2.864828110591924965e-08
2.825009254174573712e-08
2.785743848528151716e-08
2.747024201122444538e-08
2.708842726347372213e-08
2.671191944026849095e-08
2.634064477953351018e-08
2.597453054442849957e-08
2.561350500909781343e-08
2.525749744461896482e-08
2.490643810514568264e-08
2.456025821424412209e-08
2.421888995141870128e-08
2.386159770879353342e-08
2.349083840405481602e-08
2.312583992320257997e-08
2.276651275508651954e-08
2.241276877937233833e-08
2.206452124493136788e-08
2.172168474856597204e-08
2.138417521406552244e-08
2.105190987158780336e-08
2.072480723736077377e-08
2.040278709369972998e-08
2.008577046933498860e-08
1.977367962004501420e-08
1.946643800959106431e-08
1.916379587126527567e-08
1.884240680541001090e-08
1.852640763894342914e-08
1.821570797981891595e-08
1.791021895192203924e-08
1.760985316964753689e-08
1.731452471290230585e-08
1.702414910252798670e-08
1.673864327613551407e-08
1.645792556434498881e-08
1.618191566742412880e-08
1.591053463231823096e-08
1.564370483006564575e-08
1.538134993359187540e-08
1.512339489587604901e-08
1.486134176997318292e-08
1.459535319232211229e-08
1.433412528329275297e-08
1.407757283634756834e-08
1.382561216997722455e-08
1.357816110040574462e-08
1.333513891478374206e-08
1.309646634486216536e-08
1.286206554113637246e-08
1.263186004745382668e-08
1.240577477607555413e-08
1.218373598318439124e-08
1.196567124483141125e-08
1.175150943331290988e-08
1.154118069397017125e-08
1.131752172065786856e-08
1.109786620720987485e-08
1.088247386601628538e-08
1.067126195552699588e-08
1.046414934007686912e-08
1.026105645871788378e-08
1.006190529465654290e-08
9.866619345284016880e-09
9.675123592788255911e-09
9.487344475336516322e-09
9.303209858816680465e-09
9.122649009127917193e-09
8.945592565008354598e-09
8.771972511390340134e-09
8.595171611671894292e-09
8.414623690575207068e-09
8.237868311766806428e-09
8.064825810097807803e-09
7.895418193844661061e-09
7.729569109557403966e-09
7.567203807646660716e-09
7.408249108693327497e-09
7.252633370465962343e-09
7.100286455631137278e-09
6.951139700141771679e-09
6.805125882289782658e-09
6.662179192408634711e-09
6.522235203212471021e-09
6.385230840758028213e-09
6.247249418108597982e-09
6.112067878121601078e-09
5.979811473266921276e-09
5.850416907805018998e-09
5.723822255625677766e-09
5.599966930611066672e-09
5.478791657640199514e-09
5.360238444221045352e-09
5.244250552736046421e-09
5.130772473288538930e-09
5.019749897136612700e-09
4.911129690701835702e-09
4.804859870140399362e-09
4.700889576464487867e-09
4.599874067127259525e-09
4.501904990700357315e-09
4.406022480078472076e-09
4.312182095148317018e-09
4.220340342291325237e-09
4.130454654225152308e-09
4.042483370274250700e-09
3.956385717060823988e-09
3.872121789607022182e-09
3.789652532839461998e-09
3.708939723487917697e-09
3.629945952369289927e-09
3.552634607049056766e-09
3.476969854872000949e-09
3.402916626354205743e-09
3.330456571661273061e-09
3.259540670687280778e-09
3.190134792409211988e-09
3.122206783691977399e-09
3.055725176041953784e-09
2.990659171028775192e-09
2.926978626017540653e-09
2.864654040204948714e-09
2.803656540952590404e-09
2.743957870411420950e-09
2.685530372430925543e-09
2.628346979747032158e-09
2.572381201442941029e-09
2.517607110676793908e-09
2.464615808613183585e-09
2.413594216706515372e-09
2.363628855483588400e-09
2.314697859235883906e-09
2.266779814910904383e-09
2.219853752741509295e-09
2.173899137069140276e-09
2.128895857357082797e-09
2.084824219389707823e-09
2.041664936654005042e-09
1.999399121899400817e-09
1.958008278872428886e-09
1.917474294222415691e-09
1.877779429574780203e-09
1.838906313768381664e-09
1.802013564813288920e-09
1.765987988997024026e-09
1.730682630907333375e-09
1.696083092063070868e-09
1.662175261835321172e-09
1.628945311692646699e-09
1.596379689561487452e-09
1.564465114299229677e-09
1.533188570277810465e-09
1.502537302075566382e-09
1.472498809275264781e-09
1.443060841366076578e-09
1.414211392747467799e-09
1.385938697833032956e-09
1.358588874519562967e-09
1.332333326534912534e-09
1.306585182823109494e-09
1.281334637491081121e-09
1.256572074150547523e-09
1.232288062255706779e-09
1.208473353511747622e-09
1.185118878352719351e-09
1.162215742487494013e-09
1.139755223512474828e-09
1.117728767589770568e-09
1.096127986189543662e-09
1.074944652895359872e-09
1.054170700271231185e-09
1.033798216789227334e-09
1.014191024218868228e-09
9.950082249013956380e-10
9.761882564322219737e-10
9.577242560890601104e-10
9.396094909537855970e-10
9.218373554572785719e-10
9.044013689707028732e-10
8.872951734423298183e-10
8.705125310790574458e-10
8.540473220718167566e-10
8.378935423639522613e-10
8.220453014618465393e-10
8.064968202869523212e-10
7.912424290684372784e-10
7.762905099235060713e-10
7.616453746335557062e-10
7.472765276466558322e-10
7.331787566363313570e-10
7.193469476094315505e-10
7.057760830510189092e-10
6.924612401042595480e-10
6.793975887846356938e-10
6.665803902278742670e-10
6.540049949709141953e-10
6.416668412652916580e-10
6.295614534223702343e-10
6.176844401897636180e-10
6.060314931584161274e-10
5.945983851997085275e-10
5.831949360153278998e-10
5.719773492696963062e-10
5.609755295765969560e-10
5.501853267188740732e-10
5.396026703076043585e-10
5.292235682466239519e-10
5.190441052265920503e-10
5.090604412480093629e-10
4.992688101726686245e-10
4.896655183029447000e-10
4.802469429884231117e-10
4.710095312593296310e-10
4.619497984862351605e-10
4.530643270655604813e-10
4.442321468126659823e-10
4.353424197468290632e-10
4.266305889630888764e-10
4.180930944998201530e-10
4.097264476353797243e-10
4.015272294624782104e-10
3.934920894911056216e-10
3.856177442793975178e-10
3.779009760919003893e-10
3.703386315847005022e-10
3.629276205168503156e-10
3.556649144875895439e-10
3.485475456988282108e-10
3.415726057424095545e-10
3.347372444116204381e-10
3.277331072907732486e-10
3.208102587658278336e-10
3.140336445719085496e-10
3.074001757378336265e-10
3.009068285421030530e-10
2.945506431345955945e-10
2.883287221873875315e-10
2.822382295740702514e-10
2.762763890769595959e-10
2.704404831216246045e-10
2.647278515381362093e-10
2.591358903484882343e-10
2.536620505796318349e-10
2.483038371015782152e-10
2.429535190123203325e-10
2.374866527929774487e-10
2.321428003352038279e-10
2.269191936207376019e-10
2.218131269164194316e-10
2.168219553726778028e-10
2.119430936535419755e-10
2.071740145974826352e-10
2.025122479083942829e-10
1.979553788760200328e-10
1.935010471251815016e-10
1.891469453931440832e-10
1.848908183344978177e-10
1.807304613529301085e-10
1.766637194592829315e-10
1.724696504903421382e-10
1.683198304860647556e-10
1.642698599684583513e-10
1.603173364429634984e-10
1.564599152218268129e-10
1.526953080332040953e-10
1.490212816637300619e-10
1.454356566337429436e-10
1.419363059043940803e-10
1.385211536158569721e-10
1.351881738559023389e-10
1.319353894581026588e-10
1.287608708289476008e-10
1.256627348031888822e-10
1.225809272568450379e-10
1.194294238686887727e-10
1.163589442892756815e-10
1.133674054310198676e-10
1.104527777616298425e-10
1.076130839272241719e-10
1.048463974108468837e-10
1.021508412254717329e-10
9.952458664060841650e-11
9.696585194164924374e-11
9.447290122110877575e-11
9.204404320094193322e-11
8.967763008514357073e-11
8.737205644183987050e-11
8.512575811412657584e-11
8.282785408452934305e-11
8.055978426824087771e-11
7.835382086227070087e-11
7.620826321076825668e-11
7.412145722683301478e-11
7.209179411732027514e-11
7.011770914256395975e-11
6.819768041006481027e-11
6.633022770120766195e-11
6.451391133010961789e-11
6.274733103371339411e-11
6.102912489227469244e-11
5.935796827941103107e-11
5.773257284089891408e-11
5.612789400604063843e-11
5.450002517961885861e-11
5.291936918672599447e-11
5.138455672068718433e-11
4.989425818862207662e-11
4.844718255963167997e-11
4.704207624639123200e-11
4.567772201917890074e-11
4.435293795140364660e-11
4.306657639571194174e-11
4.181752298979319449e-11
4.060469569101863485e-11
3.942704383907781449e-11
3.828354724580280157e-11
3.717321531138922117e-11
3.605359366295946385e-11
3.495363304048987351e-11
3.388723116343396714e-11
3.285336418660048679e-11
3.185103950133507039e-11
3.087929478252258579e-11
2.993719706466592319e-11
2.902384184615199447e-11
2.813835222084589616e-11
2.727987803617917629e-11
2.644759507692459574e-11
2.564070427387198902e-11
2.485843093664783723e-11
2.410002400994015876e-11
2.335735900168856762e-11
2.261326994073333370e-11
2.189288512350673749e-11
2.119544941033509041e-11
2.052023171782446777e-11
1.986652425250718128e-11
1.923364176890003477e-11
1.862092085119972801e-11
1.802771921786063544e-11
1.745341504832612625e-11
1.689740633120909141e-11
1.635911023323588019e-11
1.583796248829469996e-11
1.533341680594653850e-11
1.484494429877873085e-11
1.437203292800207692e-11
1.391418696670818117e-11
1.347092648022659949e-11
1.304178682303577976e-11
1.262631815170052017e-11
1.222408495332643916e-11
1.183466558903529243e-11
1.145765185198446123e-11
1.109264853946622281e-11
1.073927303863831753e-11
1.039715492545246698e-11
1.006593557635881792e-11
9.745267792380877018e-12
9.434815435165969115e-12
9.134253074629749775e-12
8.843265647826172636e-12
8.561548128684007321e-12
8.288805208265009103e-12
8.024750985207819389e-12
7.769108666033327672e-12
7.521610274997339182e-12
7.281996373186376819e-12
7.050015786562181431e-12
6.825425342669841733e-12
6.607989615733387800e-12
6.397480679872209227e-12
6.193677870178647244e-12
5.996367551407280219e-12
5.805342894032851981e-12
5.620403657442288010e-12
5.441355980033500100e-12
5.268012176000965615e-12
5.100190538595045169e-12
4.937715149648840539e-12
4.780415695172781834e-12
4.628127286824063021e-12
4.480690289063089568e-12
4.337950151816444797e-12
4.199757248470550618e-12
4.065966719026341550e-12
3.936438318250516777e-12
3.811036268664196927e-12
3.689629118214881996e-12
3.572089602482526286e-12
3.458294511275196312e-12
3.348124559474765314e-12
3.241464261996757371e-12
3.138201812733775795e-12
3.038228967355311772e-12
2.941440929841183349e-12
2.847736242629646256e-12
2.757016680265027620e-12
2.669187146433398571e-12
2.584155574278352000e-12
2.501832829892396557e-12
2.422132618882794393e-12
2.344971395913911803e-12
2.270268277131247804e-12
2.197944955375354302e-12
2.127925618096755817e-12
2.060136867885838350e-12
1.994507645534389537e-12
1.930969155548153323e-12
1.869454794032296807e-12
1.809900078874259772e-12
1.752242582150636603e-12
1.696421864687502980e-12
1.642379412705324948e-12
1.590058576482192322e-12
1.539404510971071409e-12
1.490364118308703058e-12
1.442885992156104783e-12
1.396920363812109265e-12
1.352419050043580123e-12
1.309335402577613658e-12
1.267624259202671924e-12
1.227241896427582645e-12
1.188145983648586329e-12
1.150295538776501148e-12
1.113650885277481121e-12
1.078173610582247892e-12
1.043826525820359421e-12
1.010573626837144590e-12
9.783800564525345969e-13
9.472120679222227739e-13
9.170369895627747620e-13
8.878231905037438965e-13
8.595400475307540117e-13
8.321579129848742182e-13
8.056480836846292346e-13
7.799827708380039540e-13
7.551350709130186683e-13
7.310789374362240350e-13
7.077891536896194023e-13
6.852413062773726536e-13
6.634117595345749777e-13
6.422776307513057247e-13
6.218167661859351052e-13
6.020077178425792051e-13
5.828297209883608256e-13
5.642626723868611083e-13
5.462871092250295247e-13
5.288841887113782979e-13
5.120356683241239927e-13
4.957238866885678830e-13
4.799317450636304176e-13
4.646426894182046418e-13
4.498406930784663407e-13
4.355102399280049302e-13
4.216363081431250581e-13
4.082043544462979472e-13
3.952002988612541092e-13
3.826105099537137255e-13
3.704217905423061469e-13
3.586213638647001538e-13
3.471968601844134246e-13
3.361363038243151769e-13
3.254281006131753177e-13
3.150610257321411331e-13
3.050242119483720157e-13
2.953071382235187303e-13
2.858996186851056065e-13
2.767917919492370461e-13
2.679741107834528261e-13
2.594373320988964033e-13
2.511725072612834428e-13
2.431709727105532601e-13
2.354243408793300706e-13
2.279244914007035833e-13
2.206635625960914397e-13
2.136339432342752530e-13
2.068282645529712722e-13
2.002393925345596612e-13
1.938604204278872367e-13
1.876846615083045581e-13
1.817056420683369929e-13
1.759170946316545354e-13
1.703129513832250314e-13
1.648873378087581591e-13
1.596345665367724091e-13
1.545491313768409941e-13
1.496257015477525745e-13
1.448591160895513217e-13
