2.949477524300832311e-07
2.995299907696099532e-07
3.041834176773737521e-07
3.089091391220888192e-07
3.137082782545389808e-07
3.185819756745097552e-07
3.235313897018770653e-07
3.285576966518970756e-07
3.336620911147834988e-07
3.388457862396183748e-07
3.441100140226800749e-07
3.494560256002512090e-07
3.548850915459680600e-07
3.603985021728005877e-07
3.659975678397121312e-07
3.716836192630950004e-07
3.774580078330330442e-07
3.833221059344888674e-07
3.892758555628699118e-07
3.953213045084990123e-07
4.014606391971872963e-07
4.076953176732957801e-07
4.140268206245961275e-07
4.204566517339216718e-07
4.269863380362805829e-07
4.336174302815137648e-07
4.403515033025895454e-07
4.471901563896090627e-07
4.541350136696285972e-07
4.611877244923764057e-07
4.683499638219595608e-07
4.756234326346595813e-07
4.830098583228905970e-07
4.905109951054552570e-07
4.981286244441472440e-07
5.058645554668396256e-07
5.137206253971377643e-07
5.216986999907044111e-07
5.298006739783664634e-07
5.380284715160929594e-07
5.463840466419705181e-07
5.548693837402720444e-07
5.634864980127322029e-07
5.722374359571409377e-07
5.811242758533757429e-07
5.901491282569698781e-07
5.993141365003575616e-07
6.086214772018977847e-07
6.180733607828040145e-07
6.276720319921011208e-07
6.374197704397408197e-07
6.473188911379836286e-07
6.573717450512014938e-07
6.675807196542123692e-07
6.779482394992869294e-07
6.884767667919592385e-07
6.991688019757876974e-07
7.100268843261819972e-07
7.210535925534672839e-07
7.322515454153061322e-07
7.436234023386335452e-07
7.551718640512499307e-07
7.668996732232217656e-07
7.788096151182501439e-07
7.909045182551405105e-07
8.031872550795599281e-07
8.156607426462192011e-07
8.283279433116487355e-07
8.411918654377421994e-07
8.542555641062093320e-07
8.675221418441401308e-07
8.809947493608301307e-07
8.946765862960487803e-07
9.085701265695027305e-07
9.226751506594265149e-07
9.369991470650355756e-07
9.515455152044896919e-07
9.663177072699453043e-07
9.813192290468337331e-07
9.965536407458763375e-07
1.012024557847999034e-06
1.027735651962371270e-06
1.043690651697766819e-06
1.059893343547438982e-06
1.076347572787767065e-06
1.093057244390800121e-06
1.110026323951021114e-06
1.127258838626464897e-06
1.144758878094458091e-06
1.162530595522197515e-06
1.180578208552384184e-06
1.198906000304182054e-06
1.217518320389692919e-06
1.236419585946222974e-06
1.255614282684574596e-06
1.275106965953600746e-06
1.294902261821309964e-06
1.315004868172729698e-06
1.335419555824827611e-06
1.356151169658736500e-06
1.377204629769560436e-06
1.398584932634017943e-06
1.420297152296237092e-06
1.442346441571935230e-06
1.464738033271303949e-06
1.487477241440877129e-06
1.510569462624681042e-06
1.534020177144948382e-06
1.557834950402743074e-06
1.582019434198749967e-06
1.606579368074579465e-06
1.631520580674896027e-06
1.656848991130694334e-06
1.682570610464033554e-06
1.708691543014612558e-06
1.735217987888459687e-06
1.762156240429127554e-06
1.789512693711728926e-06
1.817293840060147223e-06
1.845506272587839214e-06
1.874156686762518320e-06
1.903251881995150733e-06
1.932798763253612473e-06
1.962804342701403368e-06
1.993275741361782622e-06
2.024220190807774457e-06
2.055645034878376924e-06
2.087557731421425376e-06
2.119965854063517775e-06
2.152870656899650241e-06
2.186282755009853483e-06
2.220213401829218311e-06
2.254670645124245667e-06
2.289662657561060893e-06
2.325197738643856255e-06
2.361284316683376459e-06
2.397930950795955786e-06
2.435146332933621869e-06
2.472939289945662075e-06
2.511318785672187404e-06
2.550293923070229240e-06
2.589873946372785669e-06
2.630068243281405228e-06
2.670886347192765898e-06
2.712337939459865981e-06
2.754432851688258415e-06
2.797181068067922745e-06
2.840592727741374844e-06
2.884678127208478157e-06
2.929447722768604431e-06
2.974912133000667419e-06
3.021082141281702070e-06
3.067968698344478404e-06
3.115582924874807762e-06
3.163936114149217804e-06
3.213039734713503198e-06
3.262905433102848689e-06
3.313545036604226308e-06
3.364970556061598665e-06
3.417194188724697422e-06
3.470228321141974968e-06
3.524085532098521252e-06
3.578778595599515845e-06
3.634320483899980083e-06
3.690724370581616629e-06
3.748003633677336138e-06
3.806171858844271049e-06
3.865242842586109576e-06
3.925230595525356348e-06
3.986149345726426046e-06
4.048013542070268404e-06
4.110837857681435562e-06
4.174637193408277868e-06
4.239426681357142260e-06
4.305221688481493115e-06
4.372037820226673851e-06
4.439890924231213893e-06
4.508797094085676298e-06
4.578772673149752434e-06
4.649834258428598150e-06
4.721998704509412624e-06
4.795283127559021367e-06
4.869704909383555216e-06
4.945281701551078271e-06
5.022029388077591429e-06
5.099956907162083929e-06
5.179093638252589564e-06
5.259458344857741014e-06
5.341070081642078699e-06
5.423948198943996615e-06
5.508112347363747120e-06
5.593582482422627818e-06
5.680378869294535558e-06
5.768522087610815881e-06
5.858033036339789439e-06
5.948932938741922687e-06
6.041243347401963378e-06
6.134986149339039515e-06
6.230183571196166786e-06
6.326858184510234304e-06
6.425032911063749347e-06
6.524731028319704834e-06
6.625976174940641029e-06
6.728792356393481181e-06
6.833203950641272761e-06
6.939235713923246263e-06
7.046912786624635801e-06
7.156260699237441381e-06
7.267305378413821857e-06
7.380073153113341682e-06
7.494590760845690124e-06
7.610885354010113860e-06
7.728984506333383216e-06
7.848916219407566847e-06
7.970708929329267404e-06
8.094391513441945348e-06
8.219993297182712422e-06
8.347544061035533638e-06
8.477074047592205727e-06
8.608613968723028063e-06
8.742195012858551784e-06
8.877848852384504375e-06
9.015607651151363554e-06
9.155504072100472719e-06
9.297571285008574994e-06
9.441842974352329491e-06
9.588353347295064594e-06
9.737137141797335264e-06
9.888229634853452788e-06
1.004166665085563528e-05
1.019748457008812523e-05
1.035572033735303083e-05
1.051641147073000022e-05
1.067959607047193937e-05
1.084531282803853545e-05
1.101360103527019117e-05
1.118450059370416237e-05
1.135805202403540616e-05
1.153429647572398772e-05
1.171327573675181905e-05
1.189505592444641986e-05
1.207966981636421943e-05
1.226714895660915726e-05
1.245753781446737658e-05
1.265088154939807431e-05
1.284722602174524061e-05
1.304661780361549654e-05
1.324910418992490807e-05
1.345473320961699551e-05
1.366355363705509969e-05
1.387561500359141712e-05
1.409096760931573490e-05
1.430966253498625066e-05
1.453175165414582318e-05
1.475728764542613561e-05
1.498632400504283248e-05
1.521891505948471183e-05
1.545511597839956979e-05
1.569498278768031399e-05
1.593857238275414831e-05
1.618594254207778119e-05
1.643715194084232904e-05
1.669226016489079592e-05
1.695132772485170942e-05
1.721441607049180252e-05
1.748158760529177011e-05
1.775290570124806475e-05
1.802843471390461094e-05
1.830823999761745698e-05
1.859238792105671455e-05
1.888094588294889642e-05
1.917398232806357574e-05
1.947156676344837168e-05
1.977376977491549030e-05
2.008066304378455384e-05
2.039231936388504569e-05
2.070881265882285334e-05
2.103021799951441625e-05
2.135661162199339465e-05
2.168807094549347450e-05
2.202467459081204176e-05
2.236650239895848690e-05
2.271363545009230981e-05
2.306615608275492833e-05
2.342414791340023192e-05
2.378769585622777003e-05
2.415688614332425706e-05
2.453180634511740888e-05
2.491254539114724729e-05
2.529919359116002581e-05
2.569184265652902879e-05
2.609058572200828504e-05
2.649551736782390540e-05
2.690673364210781807e-05
2.732433208368019697e-05
2.774488146964901243e-05
2.815247077147927176e-05
2.856604780979159788e-05
2.898570054810219540e-05
2.941151824216536482e-05
2.984359145895693733e-05
3.028201209593713890e-05
3.072687340059618050e-05
3.117826999028694163e-05
3.163629787234936523e-05
3.210105446452983350e-05
3.257263861570113201e-05
3.305115062688655960e-05
3.353669227259278520e-05
3.402936682245653378e-05
3.452927906320853006e-05
3.503653532096083278e-05
3.555124348382119812e-05
3.607351302483976466e-05
3.660345502529276264e-05
3.714118219830862095e-05
3.768680891284042936e-05
3.824045121799132883e-05
3.880222686769686867e-05
3.937225534576993438e-05
3.995065789131406036e-05
4.053755752450922023e-05
4.113307907277726410e-05
4.173734919733131251e-05
4.235049642011520560e-05
4.297265115113911305e-05
4.360394571621586512e-05
4.424451438510561448e-05
4.489449340007353175e-05
4.555402100486700593e-05
4.622323747411903784e-05
4.690228514318261761e-05
4.759130843840433950e-05
4.829045390784227532e-05
4.899987025243515384e-05
4.971970835762983920e-05
5.045012132547254291e-05
5.119126450717240921e-05
5.194329553614296927e-05
5.270637436152907410e-05
5.348066328222676665e-05
5.426632698140196830e-05
5.506353256151728346e-05
5.587244957987283115e-05
5.669325008466932330e-05
5.752610865160078928e-05
5.837120242098549843e-05
5.922871113544111819e-05
6.009881717811457719e-05
6.098170561147294870e-05
6.187756421666415691e-05
6.270155973892565517e-05
6.349133153896264407e-05
6.429105108988050689e-05
6.510084369084515683e-05
6.592083621925632080e-05
6.675115715062696900e-05
6.759193657871310037e-05
6.844330623589576763e-05
6.930539951382180656e-05
7.017835148430259177e-05
7.106229892047727012e-05
7.195738031824273494e-05
7.286373591795206224e-05
7.378150772638773802e-05
7.471083953901149258e-05
7.565187696249315436e-05
7.660476743752455396e-05
7.756966026192090447e-05
7.854670661401146048e-05
7.953605957632722129e-05
8.053787415958468918e-05
8.155230732697317715e-05
8.257951801874818690e-05
8.361966717713274094e-05
8.467291777153509839e-05
8.573943482408130960e-05
8.681938543547128306e-05
8.791293881116042479e-05
8.902026628786956046e-05
9.014154136043024202e-05
9.127693970896828466e-05
9.242663922642808212e-05
9.359082004644516772e-05
9.476966457156998913e-05
9.596335750184529568e-05
9.717208586374539167e-05
9.839603903947980368e-05
9.963540879666407213e-05
1.008903893183672897e-04
1.021611772335349904e-04
1.034479716477979878e-04
1.047509741746670259e-04
1.060703889671221620e-04
1.074064227495988852e-04
1.087592848503771657e-04
1.101291872343793701e-04
1.115163445363803090e-04
1.129209740946361933e-04
1.143432959849364567e-04
1.157835330550856939e-04
1.172419109598188880e-04
1.187186581961561854e-04
1.202140061392050006e-04
1.217281890784098817e-04
1.232614442542616037e-04
1.247754054971342264e-04
1.260962235187159536e-04
1.274310231437971884e-04
1.287799523755342381e-04
1.301431607837807297e-04
1.315207995216710786e-04
1.328720036773899874e-04
1.342118979263349501e-04
1.355653037996151105e-04
1.369323575497684211e-04
1.383131968033171481e-04
1.397013368337826503e-04
1.410341290983848468e-04
1.423796365972205896e-04
1.437379806374025897e-04
1.451092836833498239e-04
1.464936693678278842e-04
1.478436402878616446e-04
1.491674059371661954e-04
1.505030243485566915e-04
1.518506016495562707e-04
1.532102449179342460e-04
1.545800532616656948e-04
1.558648299030591944e-04
1.571602848369195600e-04
1.584665068148058723e-04
1.597835853259270888e-04
1.611116106032722589e-04
1.623955240429143614e-04
1.636310353450673059e-04
1.648759464640363044e-04
1.661303289139839500e-04
1.673942547531551389e-04
1.686677965880171775e-04
1.698276257772839940e-04
1.709892729522616761e-04
1.721588659732285374e-04
1.733364591909974906e-04
1.745221073281499283e-04
1.756548628700825099e-04
1.767098498913386936e-04
1.777711731881572723e-04
1.788388708163504638e-04
1.799129810602946155e-04
1.809935424343028310e-04
1.819319116324017327e-04
1.828557586483547188e-04
1.837842969430459586e-04
1.847175503387059358e-04
1.856555427785332570e-04
1.865317376088854629e-04
1.872886455701570918e-04
1.880486249104291346e-04
1.888116880927348550e-04
1.895778476306799918e-04
1.903471160886474015e-04
1.909463692281169914e-04
1.915087544940168073e-04
1.920727961265111783e-04
1.926384990040177071e-04
1.932058680193221416e-04
1.937071272074258204e-04
1.940381864070105154e-04
1.943698114102142011e-04
1.947020031840356838e-04
1.950347626971259043e-04
1.953680909197912715e-04
1.955007662119631617e-04
1.955664043222961747e-04
1.956320644701975181e-04
1.956977466630665196e-04
1.957634509083044309e-04
1.957654860734218353e-04
1.955365599627316799e-04
1.953079015558397812e-04
1.950795105396957723e-04
1.948513866016158820e-04
1.946235294292820138e-04
1.941786735472495059e-04
1.936339420038671300e-04
1.930907386018037783e-04
1.925490590541483740e-04
1.920088990860151874e-04
1.914189568988871432e-04
1.905376061752333085e-04
1.896603134566522599e-04
1.887870600588619299e-04
1.879178273836089015e-04
1.870525969182718073e-04
1.859711314425058313e-04
1.847587400890021898e-04
1.835542526116683976e-04
1.823576174831994894e-04
1.811687835122104584e-04
1.799585791442182871e-04
1.784275141434185316e-04
1.769094752514479196e-04
1.754043516438077305e-04
1.739120334388803788e-04
1.724324116899066985e-04
1.707757246746186973e-04
1.689795182219313327e-04
1.672022041359828056e-04
1.654435837082563528e-04
1.637034603202354487e-04
1.619775686786301713e-04
1.599670893924621368e-04
1.579815643452856628e-04
1.560206838029754115e-04
1.540841418758521282e-04
1.521716364709646812e-04
1.501624142181143609e-04
1.480506955254814951e-04
1.459686737171192656e-04
1.439159311687773053e-04
1.418920561292130289e-04
1.398966426375989280e-04
1.377744454332709015e-04
1.356756526598122941e-04
1.336088319337972547e-04
1.315734962077050340e-04
1.295691658534726986e-04
1.275708600194052733e-04
1.255688940855269158e-04
1.235983449469871167e-04
1.216587195808965300e-04
1.197495327013601906e-04
1.178703066380607493e-04
1.160557410203016379e-04
1.142739296742040835e-04
1.125194745936834695e-04
1.107919557762138872e-04
1.090909596675951473e-04
1.074583024504489903e-04
1.059294320703382157e-04
1.044223137985882263e-04
1.029366381555832323e-04
1.014721000648495476e-04
1.000283987904103606e-04
9.873564352131866673e-05
9.748977466030614523e-05
9.625962645663157927e-05
9.504500054345628023e-05
9.384570105698013449e-05
9.269598712102255567e-05
9.164951670123133753e-05
9.061486017299585699e-05
8.959188416605425812e-05
8.858045681579872557e-05
8.758044774627663106e-05
8.659783548398154306e-05
8.562834140364831319e-05
8.466970116009440701e-05
8.372179324069289191e-05
8.278449749319395114e-05
8.182368743028022658e-05
8.074674230734549035e-05
7.968397169590291519e-05
7.863518903419409545e-05
7.760021021594435851e-05
7.657885355804525942e-05
7.535269297293789559e-05
7.404295130994087675e-05
7.275597490132427775e-05
7.149136805317269359e-05
7.024874194931834471e-05
6.897401057112969951e-05
6.740233135363554555e-05
6.586646527129535046e-05
6.436559626658612543e-05
6.289892687711398026e-05
6.146567781189545964e-05
5.990608209231439027e-05
5.828606149376314957e-05
5.670985058277718097e-05
5.517626462829457325e-05
5.368415093754765369e-05
5.223199277130677413e-05
5.081426618418494201e-05
4.943502077630179800e-05
4.809321205771938823e-05
4.678782388896129068e-05
4.551786771150153276e-05
4.440413753422085938e-05
4.341924044892908364e-05
4.245618867631513287e-05
4.151449768079312481e-05
4.059369367392204369e-05
3.969475511819398311e-05
3.905701031416559379e-05
3.842951166063888709e-05
3.781209454067063086e-05
3.720459698209048239e-05
3.660685961500887591e-05
3.602471288229861548e-05
3.545841588580802873e-05
3.490102089748276301e-05
3.435238798059388611e-05
3.381237939817292691e-05
3.328085957843283281e-05
3.253720821707004073e-05
3.179602264897191626e-05
3.107172101396023472e-05
3.036391870228444744e-05
2.967223986546189759e-05
2.891856099705570794e-05
2.807277090286630430e-05
2.725171789305332317e-05
2.645467847446213334e-05
2.568095031416591959e-05
2.492985162058637910e-05
2.426790399675949535e-05
2.363327302585514100e-05
2.301523831597464658e-05
2.241336585760278223e-05
2.182723299102550663e-05
2.131043145979292619e-05
2.091011182766606917e-05
2.051731225951199304e-05
2.013189148980789944e-05
1.975371090672475933e-05
1.938263450227750974e-05
1.898615038863090787e-05
1.858999960104687187e-05
1.820211459895863503e-05
1.782232291467964179e-05
1.745045567910488628e-05
1.705920764920583767e-05
1.660487956654145970e-05
1.616265134284720675e-05
1.573220072952634152e-05
1.531321406024404878e-05
1.490538602236071910e-05
1.454607152652853818e-05
1.420867155567463067e-05
1.387909766625615423e-05
1.355716833024730448e-05
1.324270623021261566e-05
1.294209557720603196e-05
1.267374379706451833e-05
1.241095623776155019e-05
1.215361752628369784e-05
1.190161468185394633e-05
1.165483706632938505e-05
1.139127848263922461e-05
1.112304045110651476e-05
1.086111879939637773e-05
1.060536479150052871e-05
1.035563319379673023e-05
1.011438815143639222e-05
9.895254399184780461e-06
9.680868299550143897e-06
9.471126992041310982e-06
9.265929844696040781e-06
9.065178405798564405e-06
8.871157418127233017e-06
8.682842812481859240e-06
8.498525699951261386e-06
8.318121222798899599e-06
8.141546324625941898e-06
7.968850645712108707e-06
7.801626768836360850e-06
7.637912033521968903e-06
7.477632801513904279e-06
7.320716979833209293e-06
7.167093988349892540e-06
7.020000626567236010e-06
6.878771805664872797e-06
6.740384235200306741e-06
6.604780754715760756e-06
6.471905353711251097e-06
6.341703148509582406e-06
6.226733992173405949e-06
6.113867266504056259e-06
6.003046380239333455e-06
5.894234250183595852e-06
5.787394465316834786e-06
5.682491274610718080e-06
5.579489575065480400e-06
5.478354899963660822e-06
5.379053407336751453e-06
5.281551868640901407e-06
5.185817657637893275e-06
5.091818739477654162e-06
4.999523659978669182e-06
4.908901535102690761e-06
4.819922040620239577e-06
4.732555401963422594e-06
4.646772384262683456e-06
4.562544282564151319e-06
4.479842912224298235e-06
4.398640599478749912e-06
4.318910172181969260e-06
4.240624950714835437e-06
4.163758739057081750e-06
4.088285816021464343e-06
4.014180926646909648e-06
3.941419273747586199e-06
3.869976509615199630e-06
3.799828727871739357e-06
3.730952455469814393e-06
3.663324644838078295e-06
3.596922666168945466e-06
3.531724299846144992e-06
3.467707729009564949e-06
3.404851532254797408e-06
3.343134676465084848e-06
3.282536509773122228e-06
3.223036754650474311e-06
3.164615501122283562e-06
3.107253200104907090e-06
3.050930656864379455e-06
2.995629024593383847e-06
2.942462397046145996e-06
2.890571824012068288e-06
2.839596345618624656e-06
2.789519824094495052e-06
2.740326406259325186e-06
2.692000518504919507e-06
2.644526861865001665e-06
2.597890407171835640e-06
2.552076390298346392e-06
2.507070307484085753e-06
2.462857910743631990e-06
2.419425203356005959e-06
2.376758435433579592e-06
2.334844099569157073e-06
2.293668926559817514e-06
2.253219881206127474e-06
2.213484158185525190e-06
2.174449177998385742e-06
2.136102582985621532e-06
2.098432233416513236e-06
2.061426203645504904e-06
2.025072778336820567e-06
1.989360448755621209e-06
1.954277909124566663e-06
1.919814053044671533e-06
1.885957969979219770e-06
1.852698941799743240e-06
1.820026439392871906e-06
1.787930119327040008e-06
1.756399820577978027e-06
1.725425561311917028e-06
1.694997535725591639e-06
1.665106110941898397e-06
1.635741823960335731e-06
1.606895378661218891e-06
1.578557642862709718e-06
1.550719645429777782e-06
1.523372573434117546e-06
1.496507769364149316e-06
1.470116728384253771e-06
1.444191095642294779e-06
1.415273377862767763e-06
1.384077812211939072e-06
1.353569861640642876e-06
1.323734369683919153e-06
1.294556513956788058e-06
1.266021798790427761e-06
1.238116048030680840e-06
1.210825397995270730e-06
1.184136290586293710e-06
1.158035466554475261e-06
1.132509958911957468e-06
1.107547086490232500e-06
1.083134447640086463e-06
1.059259914070428913e-06
1.035911624822896457e-06
1.013077980379292931e-06
9.907476368989002704e-07
9.689095005828225109e-07
9.475527221625397583e-07
9.266666915099490254e-07
9.062410323662087444e-07
8.862655971867899526e-07
8.667304621001257145e-07
8.476259219773910537e-07
8.289424856109726714e-07
8.106708709991802066e-07
7.928020007349370380e-07
7.753269974960694056e-07
7.582371796350345530e-07
7.415240568658339366e-07
7.251793260460136118e-07
7.091948670516287089e-07
6.935627387431394368e-07
6.782751750202202414e-07
6.633245809635302365e-07
6.487035290615261657e-07
6.344047555204574952e-07
6.204211566556779383e-07
6.067457853625057624e-07
5.933718476648862960e-07
5.802926993401034883e-07
5.663442039683855849e-07
5.502572318618529726e-07
5.346272092036282597e-07
5.194411563728806943e-07
5.046864624341006056e-07
4.903508746646249190e-07
4.764224883796228023e-07
4.628897370460959399e-07
4.497413826777055947e-07
4.369665065024140515e-07
4.245544998952346687e-07
4.124950555685133501e-07
4.007781590124681777e-07
3.893940801788468229e-07
3.783333654008137714e-07
3.675868295423603409e-07
3.571455483706945880e-07
3.470008511453076421e-07
3.371443134175400624e-07
3.275677500346698048e-07
3.182632083427380476e-07
3.092229615824285959e-07
3.004395024725442782e-07
2.919055369757492695e-07
2.836139782413838633e-07
2.755579407203449348e-07
2.677307344471273499e-07
2.601258594842802887e-07
2.527370005246770314e-07
2.455580216470964889e-07
2.385829612207820532e-07
2.318060269547306384e-07
2.252215910876072168e-07
2.188241857142889719e-07
2.126084982451589167e-07
2.065693669943823281e-07
2.007017768934894230e-07
1.950008553267215887e-07
1.894618680846703700e-07
1.840802154328494304e-07
1.788514282919497397e-07
1.737011775718180807e-07
1.679622107232195204e-07
1.624128553726529558e-07
1.570468468872789374e-07
1.518581276133961602e-07
1.468408400379952905e-07
1.419893201762488533e-07
1.372980911774723570e-07
1.327618571423429789e-07
1.283754971443903839e-07
1.241340594490158122e-07
1.200327559235096842e-07
1.160669566317566407e-07
1.122321846075319076e-07
1.085241108004783372e-07
1.049385491890718120e-07
1.014714520550462701e-07
9.811890541394862057e-08
9.487712459666807001e-08
9.174244997694359747e-08
8.871134284003754292e-08
8.578038138790150116e-08
8.294625687632875561e-08
8.020576987973533375e-08
7.755582667934561025e-08
7.499343577071505863e-08
7.251570448663845139e-08
7.011983573163507664e-08
6.780312482432644393e-08
6.556295644413606340e-08
6.339680167887294010e-08
6.130221516985632522e-08
5.927683235136608945e-08
5.731836678129975114e-08
5.542460756002040452e-08
5.359341683448816014e-08
5.182272738484926993e-08
5.011054029076554943e-08
4.845492267484507986e-08
4.685400552062841273e-08
4.530598156266897791e-08
4.380910324632093495e-08
4.227256051099412165e-08
4.077542390631562387e-08
3.933131030251445164e-08
3.793834182243965482e-08
3.659470709635265171e-08
3.529865890648265690e-08
3.404851191500319444e-08
3.284264047247414028e-08
3.167947650390275394e-08
3.055750746967035899e-08
2.947527439867654313e-08
2.843136999114189861e-08
2.742443678860190267e-08
2.645316540871390619e-08
2.551629284257954457e-08
2.461260081237023979e-08
2.374091418711942449e-08
2.290009945462108356e-08
2.208906324744885384e-08
2.130675092117713574e-08
2.055214518295673522e-08
1.982426476866129741e-08
1.912216316688381740e-08
1.844492738812529365e-08
1.779167677757331477e-08
1.716156186992799050e-08
1.655376328478573931e-08
1.596749066114391126e-08
1.540198162964235008e-08
1.485650082120329764e-08
1.433033891078205819e-08
1.382281169498440057e-08
1.333325920235133790e-08
1.286104483515403241e-08
1.240555454158369518e-08
1.196619601725886112e-08
1.154239793501260104e-08
1.113360920195777287e-08
1.073929824286403299e-08
1.035895230891542709e-08
9.992076810948740335e-09
9.631617243666442897e-09
9.280393176193803833e-09
8.941976754877657392e-09
8.615900939400304028e-09
8.301715720415637279e-09
7.998987498502166505e-09
7.707298485762985837e-09
7.426246129246665109e-09
7.155442555393852704e-09
6.894514034742232210e-09
6.643100466151532862e-09
6.400854879836793235e-09
6.167442958523480442e-09
5.942542576064577343e-09
5.725843352881944385e-09
5.517046227618996224e-09
5.315863044413378919e-09
5.122016155219946905e-09
4.935238036635542911e-09
4.755270920696333278e-09
4.581866439138476380e-09
4.414785280631202374e-09
4.253796860508756614e-09
4.098679002546445993e-09
3.949217632340331897e-09
3.805206481868432227e-09
3.666446804825209731e-09
3.532747102336543003e-09
3.403922858676852945e-09
3.279796286623351135e-09
3.160196082096210727e-09
3.044957187745959603e-09
2.933920565161764342e-09
2.826932975386488969e-09
2.723846767435193482e-09
2.624519674525641956e-09
2.528814617739355899e-09
2.436599516842273140e-09
2.347747108004073600e-09
2.262134768164402546e-09
2.179644345803762666e-09
2.099784244627277121e-09
2.022301060007606859e-09
1.947677047188158667e-09
1.875806701169078907e-09
1.806588410142565626e-09
1.739924311831996084e-09
1.675720155132136568e-09
1.613885166855018043e-09
1.554331923392820683e-09
1.496976227116572557e-09
1.441736987335763804e-09
1.388536105650620321e-09
1.337298365534943471e-09
1.287951325993402445e-09
1.240425219142924287e-09
1.194652851573419000e-09
1.150569509348270576e-09
1.108112866510463289e-09
1.067222896964800800e-09
1.027841789611773069e-09
9.899138666129845119e-10
9.533855046726555636e-10
9.182050592238949917e-10
8.843227914125232092e-10
8.516907977752143309e-10
8.202629425125871512e-10
7.899947922614399493e-10
7.608435532739109940e-10
7.327680109148088905e-10
7.057284713914618338e-10
6.796867056338115946e-10
6.546058952453601654e-10
6.304505804485182437e-10
6.071866099508532128e-10
