8.442583726051372662e-07
8.574876531526537009e-07
8.709242326378932252e-07
8.845713593742791289e-07
8.984323325753509620e-07
9.125105031523568036e-07
9.268092745243334442e-07
9.413321034408991559e-07
9.560825008179209394e-07
9.710640325862851599e-07
9.862803205539675520e-07
1.001735043281611813e-06
1.017431936971819966e-06
1.033374796372396528e-06
1.049567475693726701e-06
1.066013889540539714e-06
1.082718013858270363e-06
1.099683886894251248e-06
1.116915610173958262e-06
1.134417349492571505e-06
1.152193335922055738e-06
1.170247866834028902e-06
1.188585306938662427e-06
1.207210089339845421e-06
1.226126716606909199e-06
1.245339761863120736e-06
1.264853869891244473e-06
1.284673758256425304e-06
1.304804218446667828e-06
1.325250117031187369e-06
1.346016305067815438e-06
1.367107516514563575e-06
1.388529213705516305e-06
1.410286575140134799e-06
1.432384860461643087e-06
1.454829411728498196e-06
1.477625654705783786e-06
1.500779100176839608e-06
1.524295345275439139e-06
1.548180074838858855e-06
1.572439062782116980e-06
1.597078173493776210e-06
1.622103363253603487e-06
1.647520681672446600e-06
1.673336273154671505e-06
1.699556378383516133e-06
1.726187335829719165e-06
1.753235583283786543e-06
1.780707659412268823e-06
1.808610205338423752e-06
1.836949966247644406e-06
1.865733793018059444e-06
1.894968643876649171e-06
1.924661586081347522e-06
1.954819797629483581e-06
1.985450568992996765e-06
2.016561304880841968e-06
2.048159526029009680e-06
2.080252871018595809e-06
2.112849098122358919e-06
2.145956087180210416e-06
2.179581841504095930e-06
2.213734489812720638e-06
2.248422288196589889e-06
2.283653622113866163e-06
2.319437008417424369e-06
2.355781097413790733e-06
2.392694674954223201e-06
2.430186664558632576e-06
2.468266129572759020e-06
2.506942275359153214e-06
2.546224451522485648e-06
2.586122154169732489e-06
2.626645028205768703e-06
2.667802869664937623e-06
2.709605628079153480e-06
2.752063408883101002e-06
2.795186475857158487e-06
2.838985253608534752e-06
2.883470330091350125e-06
2.928652459166166301e-06
2.974542563199639298e-06
3.021151735704897766e-06
3.068491244023299689e-06
3.116572532048209979e-06
3.165407222991455825e-06
3.215006180937979828e-06
3.265381896261038273e-06
3.316546945274754901e-06
3.368513695995574828e-06
3.421294710233559851e-06
3.474902746628906693e-06
3.529350763736115515e-06
3.584651923156373659e-06
3.640819592719141417e-06
3.697867349713468375e-06
3.755808984170062279e-06
3.814658502194663106e-06
3.874430129353759966e-06
3.935138314113287788e-06
3.996797731331194889e-06
4.059423285804824575e-06
4.123030115873760471e-06
4.187633597079207900e-06
4.253249345880712624e-06
4.319893223431069900e-06
4.387581339410384391e-06
4.456330055920291427e-06
4.526155991439054540e-06
4.597076024838793703e-06
4.669107299465501582e-06
4.742267227283131899e-06
4.816573493082529869e-06
4.892044058756318544e-06
4.968697167640804945e-06
5.046551348925935980e-06
5.125625422134245189e-06
5.205938501670129485e-06
5.287510001440302073e-06
5.370359639546638736e-06
5.454507443052669394e-06
5.539973752824591631e-06
5.626779228448307959e-06
5.714944853223335571e-06
5.804491939235135239e-06
5.895442132506797037e-06
5.987817418231455938e-06
6.081640126086802675e-06
6.176932935632697860e-06
6.273718881793546154e-06
6.372021360426380843e-06
6.471864133976396102e-06
6.573271337220884087e-06
6.676267483103394587e-06
6.780877468659081162e-06
6.887126581033120956e-06
6.995040503593210220e-06
7.104645322138059170e-06
7.215967531202945798e-06
7.329034040464278525e-06
7.443872181244374711e-06
7.560507604624742623e-06
7.678961926614161394e-06
7.799272132775878939e-06
7.921467300192125554e-06
8.045576961510584113e-06
8.171631112081947077e-06
8.299660217209385194e-06
8.429695219511440684e-06
8.561767546400409978e-06
8.695909117677911779e-06
8.832152353249297219e-06
8.970530180959097652e-06
9.111076044549127885e-06
9.253823911741394646e-06
9.398808282447441647e-06
9.546064197106508042e-06
9.695627245154216342e-06
9.847533573624059862e-06
1.000181989588344643e-05
1.015852350050680219e-05
1.031768226028769891e-05
1.047933464139198182e-05
1.064351971265452371e-05
1.081027715502150606e-05
1.097964727114075648e-05
1.115167099510214478e-05
1.132638990233078891e-05
1.150384621963513403e-05
1.168408283541260856e-05
1.186714331001492053e-05
1.205307188627599439e-05
1.224191350020482517e-05
1.243371379184567241e-05
1.262851911630862808e-05
1.282637655497289272e-05
1.302733392686558235e-05
1.323143980021893559e-05
1.343874350420833709e-05
1.364929514087447053e-05
1.386314559723228820e-05
1.408034655756942627e-05
1.430095051593757581e-05
1.452501078883954053e-05
1.475258152811484064e-05
1.498371773402745950e-05
1.521847526855851969e-05
1.545691086890721910e-05
1.569908216120342528e-05
1.594504767443483850e-05
1.619486685459260117e-05
1.644860007903856575e-05
1.670630867109735145e-05
1.696805491487737106e-05
1.723390207032385665e-05
1.750391438850778728e-05
1.777815712715448982e-05
1.805596155204941831e-05
1.833778552115543679e-05
1.862400830055649042e-05
1.891469854847241204e-05
1.920992599476527027e-05
1.950976145766606119e-05
1.981427686076217770e-05
2.012354525025046440e-05
2.043764081245915117e-05
2.075663889164350721e-05
2.108061600805903043e-05
2.140964987631712580e-05
2.174381942402687744e-05
2.208320481072804773e-05
2.242788744711930789e-05
2.277795001458705695e-05
2.313347648503862706e-05
2.349455214104507258e-05
2.386126359629876399e-05
2.423369881638985591e-05
2.461194713990706365e-05
2.499609929986820999e-05
2.538624744548477409e-05
2.578248516426641561e-05
2.618490750447049199e-05
2.659361099790173580e-05
2.700869368306830931e-05
2.743025512869882383e-05
2.785839645762639200e-05
2.829322037104600818e-05
2.873483117314994267e-05
2.918333479614803445e-05
2.963883882567813755e-05
3.010145252661376820e-05
3.057128686927405875e-05
3.104845455604277434e-05
3.153307004840338195e-05
3.202524959439545060e-05
3.252511125650000933e-05
3.303277493995972788e-05
3.354836242154180426e-05
3.407199737874914270e-05
3.460380541948785885e-05
3.514391411219739368e-05
3.569245301645169966e-05
3.624955371403727940e-05
3.681534984051675031e-05
3.738997711728462360e-05
3.797357338412419463e-05
3.856627863227188058e-05
3.916823503799763160e-05
3.977958699671021097e-05
4.040048115759406640e-05
4.103106645878685902e-05
4.167149416310671006e-05
4.231333059510239311e-05
4.292996916569983011e-05
4.355559410351072326e-05
4.419033636822433246e-05
4.483432882802553665e-05
4.548770628740730969e-05
4.615060551538888438e-05
4.682316527414522896e-05
4.750552634805318237e-05
4.819783157316190575e-05
4.890022586709183081e-05
4.961285625936979641e-05
5.033587192220630239e-05
5.106942420172072864e-05
5.181366664962266450e-05
5.256875505535402404e-05
5.333484747869949606e-05
5.411210428287326378e-05
5.490068816808679172e-05
5.570076420560634688e-05
5.651249987230685392e-05
5.733606508572875929e-05
5.817163223964685561e-05
5.901937624015640596e-05
5.987947454228580423e-05
6.075210718714203951e-05
6.163745683959879010e-05
6.253570882653243263e-05
6.344705117561613076e-05
6.437167465467836624e-05
6.530977281163645627e-05
6.626154201501068149e-05
6.722718149502961583e-05
6.820689338533369203e-05
6.920088276528791260e-05
7.020935770290973705e-05
7.123252929842335346e-05
7.227061172844861481e-05
7.332382229083319182e-05
7.439238145013966528e-05
7.547651288379403584e-05
7.657644352890681863e-05
7.769240362977786294e-05
7.882462678609187634e-05
7.997335000181713532e-05
8.113881373481677422e-05
8.232126194718226118e-05
8.352094215630204458e-05
8.473810548667295918e-05
8.597300672246660296e-05
8.722590436086336972e-05
8.849706066616202507e-05
8.978674172467867643e-05
9.109521750044573523e-05
9.242276189172176737e-05
9.376965278832670621e-05
9.497900746817516666e-05
9.613548383655069925e-05
9.730604160697773025e-05
9.849085223638258022e-05
9.969008926937334954e-05
1.009039283636585640e-04
1.021325473157772169e-04
1.033761260871416033e-04
1.046348468303967685e-04
1.059088939161013953e-04
1.071984539597330713e-04
1.085037158490232209e-04
1.098248707716241424e-04
1.111621122431126219e-04
1.125156361353363315e-04
1.138856407051025096e-04
1.152723266232184520e-04
1.166758970038846664e-04
1.180965574344457187e-04
1.195345160055036771e-04
1.209899833413976785e-04
1.224631726310556733e-04
1.239542996592209797e-04
1.254635828380586604e-04
1.269912432391483235e-04
1.285375046258649043e-04
1.301025934861539072e-04
1.316867390657075856e-04
1.332901734015416533e-04
1.349131313559845077e-04
1.365558506510772296e-04
1.382185719033949319e-04
1.399015386592904317e-04
1.416049974305671306e-04
1.433291977305881787e-04
1.450743921108220565e-04
1.468408361978358514e-04
1.486287887307383149e-04
1.504385115990780142e-04
1.522702698812037063e-04
1.541243318830916775e-04
1.560009691776451178e-04
1.579004566444737966e-04
1.598230725101556127e-04
1.617690983889907776e-04
1.637388193242508296e-04
1.657325238299293621e-04
1.677505039330039259e-04
1.697930552162083744e-04
1.718604768613291489e-04
1.739530716930289206e-04
1.760711462232003794e-04
1.782150106958643742e-04
1.803849791326120246e-04
1.825813693786004527e-04
1.847219004358200854e-04
1.865514799307226826e-04
1.883991805099161608e-04
1.902651816538203583e-04
1.921496646205203139e-04
1.940528124633731949e-04
1.959031457112102802e-04
1.977347129261641226e-04
1.995834041053644629e-04
2.014493793467582179e-04
2.033328002451049879e-04
2.052173149371217616e-04
2.070090923486197685e-04
2.088165139872795104e-04
2.106397164447563726e-04
2.124788375053047931e-04
2.143340161561901262e-04
2.161209512011338745e-04
2.178654511459196693e-04
2.196240324652341651e-04
2.213968088220838589e-04
2.231838947969481599e-04
2.249752970190322873e-04
2.266313623473140246e-04
2.282996181356501729e-04
2.299801541192183271e-04
2.316730606937453067e-04
2.333784289203705081e-04
2.349986328190984081e-04
2.365428217796214968e-04
2.380971576908616917e-04
2.396617072289910903e-04
2.412365375083142850e-04
2.428217160841484375e-04
2.442068896903928227e-04
2.455991294763878270e-04
2.469993065143751042e-04
2.484074660551579758e-04
2.498236536075184601e-04
2.511408440540157652e-04
2.523398195859477447e-04
2.535445191661984997e-04
2.547549701220385766e-04
2.559711999112030084e-04
2.571932361225121293e-04
2.581775013088051822e-04
2.591466913005100294e-04
2.601195196001045954e-04
2.610959998656793265e-04
2.620761458065965898e-04
2.629417430078112442e-04
2.636283226194206168e-04
2.643166949915009352e-04
2.650068648052139619e-04
2.656988367539445377e-04
2.663926155433327830e-04
2.668071848039003545e-04
2.671769080974664636e-04
2.675471437284869351e-04
2.679178924069240231e-04
2.682891548437237863e-04
2.685448821201246762e-04
2.685619079675917974e-04
2.685789348945040998e-04
2.685959629009299966e-04
2.686129919869380094e-04
2.686300221525965513e-04
2.683362157306711068e-04
2.679618133948009407e-04
2.675879334524839401e-04
2.672145751748381437e-04
2.668417378339984092e-04
2.663609073305832700e-04
2.655718220098400063e-04
2.647850743280903609e-04
2.640006573601571052e-04
2.632185642013779047e-04
2.624387879675454710e-04
2.613514685955097244e-04
2.601520060279046147e-04
2.589580483478703000e-04
2.577695702909356011e-04
2.565865467085804786e-04
2.553258311107576206e-04
2.537228306384767371e-04
2.521298942106482612e-04
2.505469586426427352e-04
2.489739611465199474e-04
2.474108393285380861e-04
2.455778069050373316e-04
2.436140872720134166e-04
2.416660701767950391e-04
2.397336300568074844e-04
2.378166423535141446e-04
2.358665772257846887e-04
2.335937881660130164e-04
2.313428994965848232e-04
2.291137001873144057e-04
2.269059812414842350e-04
2.247195356762493308e-04
2.223583234404350535e-04
2.198874934061426209e-04
2.174441190612253568e-04
2.150278953199959977e-04
2.126385204868580059e-04
2.102607817300670544e-04
2.076631211771493902e-04
2.050975533440088292e-04
2.025636817420969167e-04
2.000611147812704201e-04
1.975894657092757171e-04
1.950611910613560349e-04
1.924866955772866191e-04
1.899461793125661250e-04
1.874391937958898638e-04
1.849652964750571663e-04
1.825240506388477050e-04
1.800296210407654790e-04
1.775683251864949375e-04
1.751406792240988201e-04
1.727462231051760870e-04
1.703845030709300610e-04
1.680523422416083947e-04
1.657488782423395968e-04
1.634769874203624801e-04
1.612362370076704196e-04
1.590262001681313022e-04
1.568464559161816070e-04
1.547218474853080032e-04
1.526281518944130119e-04
1.505627881861744486e-04
1.485253729736384022e-04
1.465155280578422199e-04
1.445369324847952850e-04
1.425913800627728021e-04
1.406720159246841492e-04
1.387784875607703402e-04
1.369104472062618110e-04
1.350675517775081511e-04
1.332120308664214365e-04
1.313756648521468694e-04
1.295646136695469358e-04
1.277785283464130564e-04
1.260170647212196994e-04
1.242389081384817715e-04
1.223999166499086791e-04
1.205881460194847571e-04
1.188031933224965143e-04
1.170446615983457419e-04
1.153121597622674987e-04
1.134681214511565778e-04
1.116168182006304271e-04
1.097957201185830925e-04
1.080043343888309877e-04
1.062421762357938115e-04
1.044703157641588330e-04
1.026158778639086878e-04
1.007943578303341543e-04
9.900517134300792935e-05
9.724774445369214538e-05
9.552151340222395494e-05
9.375857536471066112e-05
9.200225186811664525e-05
9.027882853252326147e-05
8.858768905882843936e-05
8.692822869269361250e-05
8.529584544591000599e-05
8.367672168890271983e-05
8.208833286073987051e-05
8.053009553730285769e-05
7.900143736928928891e-05
7.750179687198697793e-05
7.600892277557239280e-05
7.453337723638168522e-05
7.308647615837702107e-05
7.166766347254182961e-05
7.027639390471281903e-05
6.890312673650681515e-05
6.748993978627533400e-05
6.610573696856298970e-05
6.474992382561730936e-05
6.342191809187525749e-05
6.212114944390328063e-05
6.078127544856786461e-05
5.942429528167149523e-05
5.809761054967268486e-05
5.680054488795115711e-05
5.553243703215130221e-05
5.429109517852665314e-05
5.304826861198930454e-05
5.183389271253487253e-05
5.064731619020926040e-05
4.948790266432581594e-05
4.835503032216369846e-05
4.727142807939441682e-05
4.623357703716866738e-05
4.521851216472057310e-05
4.422573318839610187e-05
4.325475081812195214e-05
4.230508650625887786e-05
4.142153198169271501e-05
4.055726703233141211e-05
3.971103506888255108e-05
3.888245983105548031e-05
3.807117290927336094e-05
3.727182216460596381e-05
3.648322659593510655e-05
3.571131609750794790e-05
3.495573764734453959e-05
3.421614569268839493e-05
3.349220199197301071e-05
3.277180663452593327e-05
3.206582112073402780e-05
3.137504427551643691e-05
3.069914846665490975e-05
3.003781311993734238e-05
2.938373565651751780e-05
2.873275110000248484e-05
2.809618883811255288e-05
2.747372935085248531e-05
2.686506019706121762e-05
2.626987585758277542e-05
2.567484397508139920e-05
2.509097564723966655e-05
2.452038499401934654e-05
2.396277006952789474e-05
2.341783579438560465e-05
2.289194977117264688e-05
2.239220154089323242e-05
2.190336318487804248e-05
2.142519653248588181e-05
2.095746861251714384e-05
2.049995153970616787e-05
2.006866499219599483e-05
1.965097661018943981e-05
1.924198156102446410e-05
1.884149891068625382e-05
1.844935149093296690e-05
1.806593042793429730e-05
1.769218389151260221e-05
1.732616939380568382e-05
1.696772697500964209e-05
1.661669998455621395e-05
1.627293501265181306e-05
1.593458098143285439e-05
1.560258502491696929e-05
1.527750618252355575e-05
1.495920033663063320e-05
1.464752637229743932e-05
1.434413609886688390e-05
1.405517682605117532e-05
1.377203857032361271e-05
1.349460406865397580e-05
1.322275842024843751e-05
1.295638903896275670e-05
1.270264144473786748e-05
1.245780971140068443e-05
1.221769688459250808e-05
1.198221201172918681e-05
1.175126589325394417e-05
1.152507408976627123e-05
1.130565397974723388e-05
1.109041129924454959e-05
1.087926651627112280e-05
1.067214161300945620e-05
1.046896005698420231e-05
1.027299209847675130e-05
1.008311296601208535e-05
9.896743432756678719e-06
9.713818629620146479e-06
9.534274886509036399e-06
9.358693455175088851e-06
9.200828686868942454e-06
9.045626820728757224e-06
8.893042938258667696e-06
8.743032878659107699e-06
8.595553226045920059e-06
8.450561296884853211e-06
8.308015127638144711e-06
8.167873462619385061e-06
8.030095742053346565e-06
7.894642090337204433e-06
7.761473304499704411e-06
7.630550842855056496e-06
7.501836813848225073e-06
7.375293965088306101e-06
7.250885672567043682e-06
7.128575930059003003e-06
7.008329338700756926e-06
6.890111096745706544e-06
6.773886989491728652e-06
6.659623379378844745e-06
6.547287196253786012e-06
6.436845927798854758e-06
6.328267610122237091e-06
6.221520818506916592e-06
6.116574658315896061e-06
6.013398756050570442e-06
5.911963250560063046e-06
5.812238784398825563e-06
5.714196495329965873e-06
5.617808007972017483e-06
5.523045425586502793e-06
5.429881322004031134e-06
5.338288733686701352e-06
5.248241151924233101e-06
5.159712515161891391e-06
5.072677201457718324e-06
4.987110021067043403e-06
4.902986209152083659e-06
4.820281418614476210e-06
4.738971713048768825e-06
4.659033559814768684e-06
4.576938287685989790e-06
4.495499242113924228e-06
4.415509269639795291e-06
4.336942586404929222e-06
4.259773867331744297e-06
4.183978237960521623e-06
4.109531266431423440e-06
4.036408955609089949e-06
3.964587735347539520e-06
3.894044454892531333e-06
3.824756375419209348e-06
3.756701162702471260e-06
3.689856879917809315e-06
3.624201980570232265e-06
3.559715301548977203e-06
3.496376056305837404e-06
3.434163828154829315e-06
3.373058563691125183e-06
3.313040566327076546e-06
3.254090489943229226e-06
3.196189332652302025e-06
3.139318430674184756e-06
3.083459452319860474e-06
3.028594392082379976e-06
2.974705564833005594e-06
2.921775600120623979e-06
2.869787436572557202e-06
2.818724316395037442e-06
2.768569779971503817e-06
2.719307660557045074e-06
2.670922079067243684e-06
2.623397438959714981e-06
2.576718421206758251e-06
2.530869979357396904e-06
2.485837334687391477e-06
2.441605971435441645e-06
2.398161632124208401e-06
2.355490312964586454e-06
2.313578259341702176e-06
2.272411961381330974e-06
2.231978149595101011e-06
2.185319065003554236e-06
2.134818800708381584e-06
2.085485540689479144e-06
2.037292316791335910e-06
1.990212784062174567e-06
1.944221206352388585e-06
1.899292442245846098e-06
1.855401931316225531e-06
1.812525680701029234e-06
1.770640251985818702e-06
1.729722748391521150e-06
1.689750802257878914e-06
1.650702562816066171e-06
1.612556684243958853e-06
1.575292313997342907e-06
1.538889081410847917e-06
1.503327086562248261e-06
1.468586889394117854e-06
1.434649499086898044e-06
1.401496363677483724e-06
1.369109359917771117e-06
1.337470783367518390e-06
1.306563338716165834e-06
1.276370130328333722e-06
1.246874653007748166e-06
1.218060782974657381e-06
1.189912769051708905e-06
1.162415224053526171e-06
1.135553116375284248e-06
1.109311761775618654e-06
1.083676815349465638e-06
1.058634263686370282e-06
1.034170417210016452e-06
1.010271902694803574e-06
9.869256559553142761e-07
9.641189147047623400e-07
9.418392115784409884e-07
9.200743673184130969e-07
8.988124841156846338e-07
8.780419391062434341e-07
8.577513780173771824e-07
8.361013564832901838e-07
8.117854116648132059e-07
7.881766361001957198e-07
7.652544635166756883e-07
7.429989257607856578e-07
7.213906354035321113e-07
7.004107688514450258e-07
6.800410499488311538e-07
6.602637340568847244e-07
6.410615925958336823e-07
6.224178980366386045e-07
6.043164093291581657e-07
5.867413577541261624e-07
5.696774331865635681e-07
5.531097707586974897e-07
5.370239379107540859e-07
5.214059218183494289e-07
5.062421171855130421e-07
4.915193143927419102e-07
4.772246879897186544e-07
4.633457855227008418e-07
4.498705166868374805e-07
4.367871427939553129e-07
4.240842665466658391e-07
4.117508221098499907e-07
3.997760654708972899e-07
3.881495650802940136e-07
3.768611927643989909e-07
3.659011149025132134e-07
3.552597838605320847e-07
3.449279296737245639e-07
3.348965519714157090e-07
3.251569121364958684e-07
3.157005256929757064e-07
3.065191549149126021e-07
2.976048016502959561e-07
2.889497003536315177e-07
2.805463113211502849e-07
2.723873141227661132e-07
2.644656012250371880e-07
2.567742717995934614e-07
2.491764110218577010e-07
2.409408336805528994e-07
2.329774519851620548e-07
2.252772695451973979e-07
2.178315873115982737e-07
2.106319937492434476e-07
2.036703553342694169e-07
1.969388073654720607e-07
1.904297450793939532e-07
1.841358150590725997e-07
1.780499069267418571e-07
1.721651453110900586e-07
1.664748820800245318e-07
1.609726888301411264e-07
1.556523496244282337e-07
1.505078539700013355e-07
1.455333900279268836e-07
1.407233380474762405e-07
1.360722640173791116e-07
1.315749135269136671e-07
1.272262058298949359e-07
1.230212281048527595e-07
1.189552299049230755e-07
1.150236177911714670e-07
1.112219501432945544e-07
1.075459321418337815e-07
1.039914109162307079e-07
1.005543708532493821e-07
9.723092906045648638e-08
9.401733097964109695e-08
9.090994614521601745e-08
8.790526408280720828e-08
8.499989034340345373e-08
8.219054266857832953e-08
7.947404728245803799e-08
7.684733530624411101e-08
7.430743929123873556e-08
7.185148986646102401e-08
6.947671249706022329e-08
6.718042434986902304e-08
6.496003126255377097e-08
6.281302481293678980e-08
6.062393558046483951e-08
5.849889064090242176e-08
5.644833469569383283e-08
5.446965668933770027e-08
5.256033709140870569e-08
5.071794468833640777e-08
4.894013348764471556e-08
4.722463973070457407e-08
4.556927901019850388e-08
4.397194348862732384e-08
4.243059921431485270e-08
4.094328353149673564e-08
3.950810258119040430e-08
3.812322888966904204e-08
3.678689904146520226e-08
3.549741143394258114e-08
3.425312411057757266e-08
3.305245267018956958e-08
3.189386824945873216e-08
3.077589557616341777e-08
2.969711109065565347e-08
2.865614113318625022e-08
2.765166019476814807e-08
2.668238922935219827e-08
2.574709402516663502e-08
2.484458363314497303e-08
2.397370885044342585e-08
2.313336075711382054e-08
2.232246930407167614e-08
2.154000195055932243e-08
2.078496234937001022e-08
2.005638907815930279e-08
1.935335441522707006e-08
1.867496315821189588e-08
1.802035148419421278e-08
1.738868584975521841e-08
1.677916192959302621e-08
1.619100359234265045e-08
1.562346191229653314e-08
1.507581421576746451e-08
1.454736316087875875e-08
1.402880029466542815e-08
1.352463014679689435e-08
1.303857897793317537e-08
1.256999562417347293e-08
1.211825232329003520e-08
1.168274387371401551e-08
1.126288682374514756e-08
1.085811868990025059e-08
1.046789720335288247e-08
1.009169958345420118e-08
9.729021837362850911e-09
9.379378084844354365e-09
9.042299907336220661e-09
8.717335720406680421e-09
8.404050168765580463e-09
8.102023543018237049e-09
7.810851217379592554e-09
7.530143107596116579e-09
7.259523148349053730e-09
6.998628789438666595e-09
6.747110510075176114e-09
6.504631350624637293e-09
6.270866461183466975e-09
6.045502666376253219e-09
5.828238045793868399e-09
5.618781529510129476e-09
5.416852508134607400e-09
5.222180456879679344e-09
5.034504573137711776e-09
4.853573427083202340e-09
4.679144624831749251e-09
4.510984483704304383e-09
4.348867719161958789e-09
4.192577142991694820e-09
4.041903372338911281e-09
3.896644549196540550e-09
3.756606069975578304e-09
3.621600324794102012e-09
3.491446446135889958e-09
3.365970066541793824e-09
3.245003085009172454e-09
3.127853676434560768e-09
3.014288581123105120e-09
2.904846770404616883e-09
2.799378537401409639e-09
2.697739610744450094e-09
2.599790957222754649e-09
2.505398591597962167e-09
2.414433393324256396e-09
2.326770929922657813e-09
2.242291286768187021e-09
2.160878903057147614e-09
2.082422413729958091e-09
2.006814497133455433e-09
1.933951728214183211e-09
1.863734437041933126e-09
1.796066572469964209e-09
1.730855570745364045e-09
1.668012228889895618e-09
1.607450582678093771e-09
1.549087789045630186e-09
1.492844012767286895e-09
1.438642317249258128e-09
1.386408559286596187e-09
1.336071287641760886e-09
1.287561645305520229e-09
1.240813275306588899e-09
1.195762229941021011e-09
1.152346883297348732e-09
1.110507846957681262e-09
1.070187888759500306e-09
1.031331854507067860e-09
9.938865925252654430e-10
9.578008809527308433e-10
9.230253576748134711e-10
8.895124528004656837e-10
8.572163235908149328e-10
8.260927917502540073e-10
7.960992829943828255e-10
7.671947688120934345e-10
7.393397103421263509e-10
7.124960042873541846e-10
6.866082234518097047e-10
6.615945484609416417e-10
6.374921412282793105e-10
6.142678035561338374e-10
5.918895466831501606e-10
5.703265472235847872e-10
5.495491047117620641e-10
5.295286006932220199e-10
5.102374593061876251e-10
4.916491092991227518e-10
4.737379474319780090e-10
4.564793032107787791e-10
4.398494049069573522e-10
4.238253468146184922e-10
4.083850577006666540e-10
3.935072704043012305e-10
3.791714925440355025e-10
3.653579782918813047e-10
3.520477011758147313e-10
3.392223278730842236e-10
3.268641929582341320e-10
3.149562745710848987e-10
3.034821709711489884e-10
2.924260779461749597e-10
2.817727670437411050e-10
2.715075645958645082e-10
2.616163315077718553e-10
2.520854437829791228e-10
2.429017737578588110e-10
2.340526720198414005e-10
2.255259499843610619e-10
2.173098631065266995e-10
2.093930947044101068e-10
2.017647403716641715e-10
1.944142929579974169e-10
1.873316280968299406e-10
