# read by degitizer from Hikage et al. The third redshift bin.
0.43887147335423204 0
0.5266457680250785 0
0.601880877742947 0.05263157894736814
0.6583072100313482 0.05263157894736814
0.6896551724137933 0.10526315789473628
0.7774294670846397 0.4736842105263168
0.8150470219435738 0.7894736842105257
0.8589341692789972 1.3684210526315788
0.8965517241379312 2.052631578947368
0.9341692789968655 2.526315789473685
0.9717868338557997 2.631578947368423
1.015673981191223 2.0000000000000018
1.053291536050157 1.6842105263157894
1.0971786833855801 1.7894736842105274
1.1410658307210033 1.7894736842105274
1.1724137931034484 1.578947368421053
1.2601880877742948 0.8421052631578956
1.2978056426332292 0.4736842105263168
1.335423197492163 0.3157894736842106
1.4482758620689657 0.3157894736842106
1.5360501567398122 0.1578947368421062
1.6112852664576804 0.1578947368421062
1.692789968652038 0.05263157894736814
1.8056426332288407 0.05263157894736814
1.8934169278996875 0
1.9498432601880884 0