4.244459341415010724e-09
4.302721376706452748e-09
4.361783152196394460e-09
4.421655645606158933e-09
4.482349985343890590e-09
4.543877452573099815e-09
4.606249483309420230e-09
4.669477670546151015e-09
4.733573766409155054e-09
4.798549684341060771e-09
4.864417501315746228e-09
4.931189460082912740e-09
4.998877971443786956e-09
5.067495616557731365e-09
5.137055149280852635e-09
5.207569498536372857e-09
5.279051770717878734e-09
5.351515252125215465e-09
5.423895829287362902e-09
5.496681932911374871e-09
5.570444791445074692e-09
5.645197512474998197e-09
5.720953379485262814e-09
5.797725854218096192e-09
5.875528579065838215e-09
5.954375379495248562e-09
6.034280266504349759e-09
6.115257439112024927e-09
6.197321286881265237e-09
6.280486392476131599e-09
6.364767534253179171e-09
6.450179688887408385e-09
6.536738034033676385e-09
6.624457951023832734e-09
6.713355027599809364e-09
6.803445060683624276e-09
6.894744059184561223e-09
6.987268246843773533e-09
7.081034065117336928e-09
7.176058176097821669e-09
7.272357465475247603e-09
7.369949045537479997e-09
7.468850258211148959e-09
7.569078678143391872e-09
7.670652115824661216e-09
7.773588620753723551e-09
7.877906484645136724e-09
7.983624244679472446e-09
8.090760686797488636e-09
8.199334849038302811e-09
8.309366024922570719e-09
8.420873766880718184e-09
8.533877889727493425e-09
8.648398474183145875e-09
8.764455870441535935e-09
8.882070701786454455e-09
9.001263868256462986e-09
9.122056550358595585e-09
9.244470212832260556e-09
9.368526608463426508e-09
9.494247781950222639e-09
9.621656073820032681e-09
9.750774124399496961e-09
9.881624877837794824e-09
1.001423158618356475e-08
1.014861781351689653e-08
1.028480744013670147e-08
1.042282466680406457e-08
1.056269401904284095e-08
1.070444035149776106e-08
1.084808885235100608e-08
1.099366504779827250e-08
1.114119480658458551e-08
1.129001201069414767e-08
1.143701282678422161e-08
1.158592765677529371e-08
1.173678142195224943e-08
1.188959936808583567e-08
1.204440706965753043e-08
1.220123043413966147e-08
1.236009570633090150e-08
1.252102947274860046e-08
1.268405866607790555e-08
1.284921056967922058e-08
1.301651282215393852e-08
1.318599342197005038e-08
1.335768073214754272e-08
1.353160348500523647e-08
1.370779078696900580e-08
1.388627212344302825e-08
1.406707736374402129e-08
1.425023676610017933e-08
1.443578098271473665e-08
1.462374106489592154e-08
1.481414846825324867e-08
1.500703505796192316e-08
1.520243311409532654e-08
1.540037533702741443e-08
1.560089485290496792e-08
1.580402521919157144e-08
1.600980043028331548e-08
1.621825492319808529e-08
1.642942358333842231e-08
1.664334175032993699e-08
1.686004522393537226e-08
1.707957027004569072e-08
1.730195362674950242e-08
1.752723251048103850e-08
1.775544462224852336e-08
1.798662815394361396e-08
1.822082179473282913e-08
1.845806473753218013e-08
1.869839668556647137e-08
1.894185785901342350e-08
1.918848900173494172e-08
1.943833138809543650e-08
1.969142682986930448e-08
1.994781768323832058e-08
2.020754685587998692e-08
2.047065781414810571e-08
2.073719459034728350e-08
2.100720179010152227e-08
2.128072459981941522e-08
2.155780879425587135e-08
2.183850074417298578e-08
2.212284742409996667e-08
2.241089642019478883e-08
2.270269593820749785e-08
2.299829481154794415e-08
2.328976991241339345e-08
2.358070048652117465e-08
2.387526530000816650e-08
2.417350975097647050e-08
2.447547980463088451e-08
2.478122200036327785e-08
2.509078345892514061e-08
2.540421188968980917e-08
2.572155559800539384e-08
2.604286349263955980e-08
2.636818509331731640e-08
2.669757053835294939e-08
2.703107059237730730e-08
2.736873665416160326e-08
2.771062076453894979e-08
2.805677561442486750e-08
2.840725455293794547e-08
2.876211159562198670e-08
2.912140143277082998e-08
2.948517943785717798e-08
2.985350167606671895e-08
3.022642491293884542e-08
3.060400662311531678e-08
3.098630499919820881e-08
3.137337896071850706e-08
3.176528816321673675e-08
3.216209300743705542e-08
3.256385464863613182e-08
3.297063500600835941e-08
3.338249677222881411e-08
3.379950342311537240e-08
3.422171922741157781e-08
3.464920925669168549e-08
3.508203939538942635e-08
3.552027635095207927e-08
3.596398766412137976e-08
3.641324171934283363e-08
3.686810775530507001e-08
3.732865587561080209e-08
3.779495705958140740e-08
3.826708317319588180e-08
3.874510698016662251e-08
3.922910215315445531e-08
3.971914328512223110e-08
4.021530590083141216e-08
4.071766646848180042e-08
4.122630241149679654e-08
4.174129212045579785e-08
4.226271496517570726e-08
4.279065130694336614e-08
4.332518251090075762e-08
4.386639095858492565e-08
4.441436006062458207e-08
4.496917426959527409e-08
4.553091909303515733e-08
4.609468521327294249e-08
4.663801133271730512e-08
4.718774173219327798e-08
4.774395190006991674e-08
4.830671821451116650e-08
4.887611795396366496e-08
4.945222930776861596e-08
5.003513138689878580e-08
5.062490423482148237e-08
5.122162883849070688e-08
5.182538713946773691e-08
5.243626204517336356e-08
5.305433744027276860e-08
5.367969819819404767e-08
5.431243019278354899e-08
5.495262031009755805e-08
5.560035646033353747e-08
5.625572758990191488e-08
5.691882369363968921e-08
5.758973582716909134e-08
5.826855611940077644e-08
5.895537778518500878e-08
5.965029513811191779e-08
6.035340360346203620e-08
6.106479973131076005e-08
6.178458120978599584e-08
6.251284687848269416e-08
6.324969674203553352e-08
6.399523198385093915e-08
6.474955498000224814e-08
6.551276931328733303e-08
6.628497978745264070e-08
6.706629244158485131e-08
6.785681456467148053e-08
6.865665471033458090e-08
6.946592271173652323e-08
7.028472969666245055e-08
7.111318810278026487e-08
7.195141169307988054e-08
7.279951557149595283e-08
7.365761619871318188e-08
7.452583140815889031e-08
7.540428042218317893e-08
7.629308386843129274e-08
7.719236379640749582e-08
7.810224369423491518e-08
7.902284850561291539e-08
7.995430464697368476e-08
8.089674002484244026e-08
8.185028405340086749e-08
8.281506767225824243e-08
8.379122336443208807e-08
8.477888517453994071e-08
8.577818872720717586e-08
8.678927124569023192e-08
8.781227157072003605e-08
8.879658001526270927e-08
8.976498430958575613e-08
9.074394989891703270e-08
9.173359196340691445e-08
9.273402693934598940e-08
9.374537253286428077e-08
9.476774773378007689e-08
9.580127282959953289e-08
9.684606941966922809e-08
9.790226042948284362e-08
9.896997012514395885e-08
1.000493241279866209e-07
1.011404494293552755e-07
1.022434744055461766e-07
1.033585288329106062e-07
1.044857439031250117e-07
1.056252522386254424e-07
1.067771879082115634e-07
1.079416864428204079e-07
1.091188848514723151e-07
1.103089216373906946e-07
1.115119368142976309e-07
1.127280719228872174e-07
1.139574700474784634e-07
1.152002758328499141e-07
1.164566355012578139e-07
1.177266968696398745e-07
1.190106093670068994e-07
1.203085240520229531e-07
1.216205936307794605e-07
1.229469724747610670e-07
1.242878166390082747e-07
1.256432838804782050e-07
1.270135336766053671e-07
1.283987272440651317e-07
1.297990275577415514e-07
1.312145993699021752e-07
1.326456092295820267e-07
1.340922255021788381e-07
1.355546183892621329e-07
1.370329599485985673e-07
1.385274241143942709e-07
1.400381867177606444e-07
1.415654255074007575e-07
1.431093201705225924e-07
1.446700523539801652e-07
1.462478056856450941e-07
1.478427657960114713e-07
1.494551203400360785e-07
1.510850590192169623e-07
1.527327736039128050e-07
1.543984579559056065e-07
1.560823080512094281e-07
1.577845220031281121e-07
1.595053000855644105e-07
1.612131695612604752e-07
1.627658091370763859e-07
1.643334021416906348e-07
1.659160925911622713e-07
1.675140258885650489e-07
1.691273488373456115e-07
1.707562096548103220e-07
1.724007579857432496e-07
1.740611449161522442e-07
1.757375229871506411e-07
1.774300462089710776e-07
1.791388700751144104e-07
1.808641515766351383e-07
1.826060492165642553e-07
1.843647230244710444e-07
1.861403345711651873e-07
1.879330469835399044e-07
1.897430249595602567e-07
1.915704347833916299e-07
1.934154443406780123e-07
1.952782231339653793e-07
1.971589422982740234e-07
1.990577746168209418e-07
2.009748945368934721e-07
2.029104781858758964e-07
2.048647033874305769e-07
2.068377496778341241e-07
2.088297983224738402e-07
2.108410323324963103e-07
2.128716364816247652e-07
2.149217973231339127e-07
2.169917032069865261e-07
2.190815442971391740e-07
2.211915125890121693e-07
2.233218019271284479e-07
2.254726080229221186e-07
2.276441284727188023e-07
2.298365627758887918e-07
2.320501123531752571e-07
2.342849805651986061e-07
2.365413727311411316e-07
2.388194961476070205e-07
2.411195601076688162e-07
2.434417759200949336e-07
2.457863569287625697e-07
2.481535185322579927e-07
2.505434782036652431e-07
2.529564555105456297e-07
2.553926721351095544e-07
2.578523518945827310e-07
2.603357207617677514e-07
2.628430068858066630e-07
2.653744406131379932e-07
2.679302545086609262e-07
2.705106833771008624e-07
2.731159642845809121e-07
2.754071206166130238e-07
2.775380385920215146e-07
2.796854442000230473e-07
2.818494650110018636e-07
2.840302295823995983e-07
2.862278674663497463e-07
2.884425092173744919e-07
2.906742864001403011e-07
2.929233315972741835e-07
2.951897784172395627e-07
2.974737615022737168e-07
2.997754165363865747e-07
3.020948802534208702e-07
3.044322904451755055e-07
3.067877859695909599e-07
3.091615067589992321e-07
3.115535938284341330e-07
3.139641892840124126e-07
3.163934363313731720e-07
3.188414792841859925e-07
3.213084635727240202e-07
3.237945357525037024e-07
3.262998435129909096e-07
3.288245356863749793e-07
3.313687622564100462e-07
3.339326743673252990e-07
3.365164243328039533e-07
3.391201656450316812e-07
3.417440529838149736e-07
3.443882422257710776e-07
3.470528904535851131e-07
3.497381559653462293e-07
3.524441982839485582e-07
3.551711781665689315e-07
3.579192576142167000e-07
3.606885998813577225e-07
3.634793694856129987e-07
3.662917322175318938e-07
3.691258551504411738e-07
3.719819066503705896e-07
3.748600563860546425e-07
3.777604753390122234e-07
3.806833358137048138e-07
3.836288114477693856e-07
3.865970772223382794e-07
3.895883094724313460e-07
3.926026858974320501e-07
3.956403855716439359e-07
3.987015889549290430e-07
4.017864779034283796e-07
4.048952356803653504e-07
4.080280469669328307e-07
4.111850978732645718e-07
4.143665759494921048e-07
4.175726701968823766e-07
4.207037459727408236e-07
4.233132656461108379e-07
4.259389715146134781e-07
4.285809639771536617e-07
4.312393440553827115e-07
4.339142133975649544e-07
4.365050128691232429e-07
4.390497177650148891e-07
4.416092575947933117e-07
4.441837188420676252e-07
4.467731884946236655e-07
4.493618562425979167e-07
4.517999308695026865e-07
4.542512336060126938e-07
4.567158362230561332e-07
4.591938108809681324e-07
4.616852301315967941e-07
4.640786659093934568e-07
4.663943809834751743e-07
4.687216512888102147e-07
4.710605344850705322e-07
4.734110885196424094e-07
4.757686803220239344e-07
4.779117192130959778e-07
4.800644111475022498e-07
4.822267996061379744e-07
4.843989282657498098e-07
4.865808409998214748e-07
4.886468768452544642e-07
4.905885208329556624e-07
4.925378799653833792e-07
4.944949848987537353e-07
4.964598664110950831e-07
4.984325554027353682e-07
5.001324285589880500e-07
5.018241419902011190e-07
5.035215776944970850e-07
5.052247550276400191e-07
5.069336934108692159e-07
5.085114737759829650e-07
5.099037094257536871e-07
5.112997568284641263e-07
5.126996264201761975e-07
5.141033286655286956e-07
5.155108740578068578e-07
5.165891954094643430e-07
5.176264705299719086e-07
5.186658284266683148e-07
5.197072732816219318e-07
5.207508092853018965e-07
5.216476060310092545e-07
5.222707618406950085e-07
5.228946620670315565e-07
5.235193075992903085e-07
5.241446993278086652e-07
5.247708381439862067e-07
5.250126129856127913e-07
5.251685187185801967e-07
5.253244707487175258e-07
5.254804690897719118e-07
5.256365137554946168e-07
5.256408675701462501e-07
5.252622420591339241e-07
5.248838892766828337e-07
5.245058090263433802e-07
5.241280011118074195e-07
5.237504653369091092e-07
5.229251175518976112e-07
5.219519105806611811e-07
5.209805148282342245e-07
5.200109269237884588e-07
5.190431435027690455e-07
5.179345744933549772e-07
5.163123651296140389e-07
5.146952366454849514e-07
5.130831731272773493e-07
5.114761587111434624e-07
5.098741775829225788e-07
5.077914507096746320e-07
5.054920350798163172e-07
5.032030318195074365e-07
5.009243937787501429e-07
4.986560740210574432e-07
4.962826062801649596e-07
4.932617256142058992e-07
4.902592331002443585e-07
4.872750168092862798e-07
4.843089654936513092e-07
4.813609685828257235e-07
4.779350845408755468e-07
4.742250978859793973e-07
4.705439101232858828e-07
4.668912977004565034e-07
4.632670388004851456e-07
4.596056280145587429e-07
4.552365161732403200e-07
4.509089380667554256e-07
4.466224988663169432e-07
4.423768074964666363e-07
4.381714765993954199e-07
4.335782883562222261e-07
4.286828744313429993e-07
4.238427332868124795e-07
4.190572408527761370e-07
4.143257801055850092e-07
4.096385546874453785e-07
4.043215362942087647e-07
3.990735316309311619e-07
3.938936449145683389e-07
3.887809919891429598e-07
3.837347001748280354e-07
3.784798431100483713e-07
3.730035029637436743e-07
3.676064016512744896e-07
3.622873926418148762e-07
3.570453459940432306e-07
3.518791481161033137e-07
3.464361086637821211e-07
3.410573138359870075e-07
3.357620306083859561e-07
3.305489623731717455e-07
3.254168326537741293e-07
3.203037317701888057e-07
3.151856665781278395e-07
3.101493818610099297e-07
3.051935708660223423e-07
3.003169477206795285e-07
2.955182470991763703e-07
2.908669698518451266e-07
2.862985923761343412e-07
2.818019661644849907e-07
2.773759642864016225e-07
2.730194775110383773e-07
2.688207594704707340e-07
2.648544388427198533e-07
2.609466393624915628e-07
2.570964975784851658e-07
2.533031627792062617e-07
2.495657968049986997e-07
2.461656345776596134e-07
2.428770194589560685e-07
2.396323381306768482e-07
2.364310036655356430e-07
2.332724369772218775e-07
2.302300482826562772e-07
2.274186221478377276e-07
2.246415274001278944e-07
2.218983448059823392e-07
2.191886602512777260e-07
2.165120646787930074e-07
2.138758853687361615e-07
2.112744511103026268e-07
2.087046588492330014e-07
2.061661237147599025e-07
2.036584655174116663e-07
2.011041329129929921e-07
1.982932298907339423e-07
1.955216158462104271e-07
1.927887416235962770e-07
1.900940657428089632e-07
1.874370542922226579e-07
1.843284406563057072e-07
1.810403389833159365e-07
1.778108913768031143e-07
1.746390515493181570e-07
1.715237918773755244e-07
1.683450534256494581e-07
1.645157808074447035e-07
1.607736110086343885e-07
1.571165627388011048e-07
1.535426997750888611e-07
1.500501299370707116e-07
1.462925446428253064e-07
1.424123029324218377e-07
1.386349801764183585e-07
1.349578465677659269e-07
1.313782447044104249e-07
1.278941699946557266e-07
1.245096405769217494e-07
1.212146777076863230e-07
1.180069111411580148e-07
1.148840333565814673e-07
1.118437978983152438e-07
1.091616151909832199e-07
1.067754310152640002e-07
1.044414068860088299e-07
1.021584026270002670e-07
9.992530298534657195e-08
9.774419584510403907e-08
9.614268594517801781e-08
9.456741631391883025e-08
9.301795701224150119e-08
9.149388514548787950e-08
8.999478474800361570e-08
8.852647521278227047e-08
8.708897601761013142e-08
8.567481903651749263e-08
8.428362523697326128e-08
8.291502174120389153e-08
8.156864172625158323e-08
7.974649935278109807e-08
7.793311444889044775e-08
7.616096476957201381e-08
7.442911265192701449e-08
7.273664175491752477e-08
7.091616044714221695e-08
6.890282659325255469e-08
6.694665197051232682e-08
6.504601380895724770e-08
6.319933540961341370e-08
6.140508483652543729e-08
5.982805803251640047e-08
5.831566281774883020e-08
5.684149948549379776e-08
5.540460157088404732e-08
5.400402704034598952e-08
5.275821287534983084e-08
5.177158637706201938e-08
5.080341069039340752e-08
4.985334076840861508e-08
4.892103801686364246e-08
4.800617017353436741e-08
4.702639142811953779e-08
4.604690854900345097e-08
4.508782669750922930e-08
4.414872095357251699e-08
4.322917524751954668e-08
4.227055344522344809e-08
4.117893096622175760e-08
4.011549926163720373e-08
3.907953031443319397e-08
3.807031490836243755e-08
3.708716214244241246e-08
3.622000277482948653e-08
3.540503150370608695e-08
3.460839756339083463e-08
3.382968835320336108e-08
3.306850055621952003e-08
3.233778484958749813e-08
3.167499807628912430e-08
3.102579560720028666e-08
3.038989902197795103e-08
2.976703560670920163e-08
2.915693823695444386e-08
2.851169123437378977e-08
2.785755425049958539e-08
2.721842497662603558e-08
2.659395909441443476e-08
2.598382018514056572e-08
2.539389761319019829e-08
2.485673997790695413e-08
2.433094484906288485e-08
2.381627187532682224e-08
2.331248578952452508e-08
2.281935630109299028e-08
2.234064291950352090e-08
2.187457349105177557e-08
2.141822718081641757e-08
2.097140114556843377e-08
2.053389677378442355e-08
2.010591185291174263e-08
1.969226791632158997e-08
1.928713397955285523e-08
1.889033496425779042e-08
1.850169939401924856e-08
1.812105932024700704e-08
1.775508833464492391e-08
1.740239610070521593e-08
1.705670984778549800e-08
1.671789040704303199e-08
1.638580137412540812e-08
1.606030905425584719e-08
1.576692521092045249e-08
1.547893767585249770e-08
1.519621031797474233e-08
1.491864705860083237e-08
1.464615357394987253e-08
1.437863726309253392e-08
1.411600721648292643e-08
1.385817418506468165e-08
1.360505054994175040e-08
1.335655029260314815e-08
1.311258896569117966e-08
1.287308366430409839e-08
1.263795299782267400e-08
1.240711706225124296e-08
1.218049741306421459e-08
1.195801703854827825e-08
1.173960033363190760e-08
1.152517307419236150e-08
1.131466239183247057e-08
1.110799674911774312e-08
1.090510591526605137e-08
1.070592094228111001e-08
1.051037414152223629e-08
1.031839906070160695e-08
1.012993046130210013e-08
9.944904296407293192e-09
9.763257688936522733e-09
9.584928910277596656e-09
9.409857359309551761e-09
9.237983541808872393e-09
9.069249050231488969e-09
8.903596543864228451e-09
8.740969729339157235e-09
8.581313341503153440e-09
8.424573124637434494e-09
8.270695814019911388e-09
8.119629117824339441e-09
7.971321699350086527e-09
7.825723159576490303e-09
7.682784020035847045e-09
7.542455705999250128e-09
7.404686948305179982e-09
7.269433592487019280e-09
7.136650762484168792e-09
7.006293331890948481e-09
6.878316998576636157e-09
6.752678269629219432e-09
6.629334446574476411e-09
6.508243610864622125e-09
6.389364609632433620e-09
6.272657041705313252e-09
6.158081243874826705e-09
6.045598277417267172e-09
5.935169914860204018e-09
5.826758626990760095e-09
5.720327570101430505e-09
5.615840573468514484e-09
5.513262127059615102e-09
5.412557369465419061e-09
5.313692076052047512e-09
5.216632647329688954e-09
5.121346097533920131e-09
5.027800043415285358e-09
4.935962693233957909e-09
4.845802835955192055e-09
4.757289830642257031e-09
4.670393596043001575e-09
4.585084600366836268e-09
4.501333851248168181e-09
4.419112885893441485e-09
4.338393761407964125e-09
4.259149045299431840e-09
4.181351806155066649e-09
4.104975604488888190e-09
4.029994483756176454e-09
3.956382961532224175e-09
3.884116020851969227e-09
3.813169101708068510e-09
3.743518092704077291e-09
3.675139322860201194e-09
3.608009553568633036e-09
3.542105970695918134e-09
3.469053037322248053e-09
3.390592300923104491e-09
3.313906137322377847e-09
3.238954410411736457e-09
3.165697891854637209e-09
3.094098240555026108e-09
3.024117982590267071e-09
2.955720491598006357e-09
2.888869969606625826e-09
2.823531428299207090e-09
2.759670670701368645e-09
2.697254273283160670e-09
2.636249568465822967e-09
2.576624627524183791e-09
2.518348243875771833e-09
2.461389916747829791e-09
2.405719835213841109e-09
2.351308862591005656e-09
2.298128521190654762e-09
2.246150977413556322e-09
2.195349027182331970e-09
2.145696081703346918e-09
2.097166153550633612e-09
2.049733843064555129e-09
2.003374325058107798e-09
1.958063335823844828e-09
1.913777160434756356e-09
1.870492620332285801e-09
1.828187061195110554e-09
1.786838341082301159e-09
1.746424818844613372e-09
1.706925342797957594e-09
1.668319239652972101e-09
1.630586303695016738e-09
1.593706786208878060e-09
1.557661385142666986e-09
1.522431235005451849e-09
1.487997896993483006e-09
1.454343349339578169e-09
1.421449977880933671e-09
1.389300566840169446e-09
1.355220459338652538e-09
1.316298956939743801e-09
1.278495267763430908e-09
1.241777288567983839e-09
1.206113838106576990e-09
1.171474630647934333e-09
1.137830250257400063e-09
1.105152125816631278e-09
1.073412506760760444e-09
1.042584439512354551e-09
1.012641744592188117e-09
9.835589943873844893e-10
9.553114915580675809e-10
9.278752480641290920e-10
9.012269647943798811e-10
8.753440117807254454e-10
8.502044089805877004e-10
8.257868076112475152e-10
8.020704720202776253e-10
7.790352620765983697e-10
7.566616160673390709e-10
7.349305340858149481e-10
7.138235618966470376e-10
6.933227752642521483e-10
6.734107647314164712e-10
6.540706208350212174e-10
6.352859197463812620e-10
6.170407093239617567e-10
5.993194955666836313e-10
5.821072294562717822e-10
5.653892941774901779e-10
5.491514927054046533e-10
5.333800357491482435e-10
5.180615300419155779e-10
5.031829669672764002e-10
4.887317115121572910e-10
4.746954915370500510e-10
4.610623873544071589e-10
4.478208216063399197e-10
4.349595494330005463e-10
4.224676489233604974e-10
4.101759297505958319e-10
3.965721827649325699e-10
3.834196127465845424e-10
3.707032561229382087e-10
3.584086455978307962e-10
3.465217936922321480e-10
3.350291768307964465e-10
3.239177199562014393e-10
3.131747816537628207e-10
3.027881397693936075e-10
2.927459775045660547e-10
2.830368699724302271e-10
2.736497711998139395e-10
2.645740015603093735e-10
2.557992356241439508e-10
2.473154904110291996e-10
2.391131140326001604e-10
2.311827747115409523e-10
2.235154501648984724e-10
2.161024173394998954e-10
2.089352424878113980e-10
2.020057715729278883e-10
1.953061209917921441e-10
1.888286686060840130e-10
1.825660450705722136e-10
1.765111254490744576e-10
1.706570211084720335e-10
1.649970718815683788e-10
1.595248384898712705e-10
1.542340952176751491e-10
1.491188228291186996e-10
1.441732017201460111e-10
1.393916052975910066e-10
1.347685935778481608e-10
1.302989069978451178e-10
1.259774604312834620e-10
1.217993374033295256e-10
1.177597844971811404e-10
1.138542059461443491e-10
1.100781584050647811e-10
1.064273458951727134e-10
1.028976149165807750e-10
9.928379397741075534e-11
9.576419581808506274e-11
9.236936697615581094e-11
8.909488439482574115e-11
8.593648181411106229e-11
8.289004421241422695e-11
7.995160244514268410e-11
7.711732807338450075e-11
7.438352837591337994e-11
7.174664153801100516e-11
6.920323201084823675e-11
6.674998603537526476e-11
6.438370732488802223e-11
6.210131290064972707e-11
5.989982907513646573e-11
5.777638757767753130e-11
5.572822181744128945e-11
5.375266327889663013e-11
5.184713804505711887e-11
5.000916344397361170e-11
4.823634481410845995e-11
4.652637238437876478e-11
4.487701826479870742e-11
4.328613354380621928e-11
4.175164548848687487e-11
4.027155484405050139e-11
3.884393322904097430e-11
3.746692062288468876e-11
3.613872294250671160e-11
3.485760970485403434e-11
3.362191177228283314e-11
3.243001917787135748e-11
3.128037902782541864e-11
3.017149347824211613e-11
2.910191778359953240e-11
2.807025841442473446e-11
2.707517124169143396e-11
2.611535978558041247e-11
2.518957352632061736e-11
2.429660627491180437e-11
2.343529460160380610e-11
2.258969155087102213e-11
2.176610738857627844e-11
2.097254979264050121e-11
2.020792404229498637e-11
1.947117532854597543e-11
1.876128729905501883e-11
1.807728065607067151e-11
1.741821180547698072e-11
1.678317155509629161e-11
1.617128386044906216e-11
1.558170461624170543e-11
1.501362049191479528e-11
1.446624780964506329e-11
1.393883146325424284e-11
1.343064387653217278e-11
1.294098399953808137e-11
1.246917634149512392e-11
1.201457003894378014e-11
1.157653795786941213e-11
1.115447582856430466e-11
1.074780141203151882e-11
1.035595369678031481e-11
9.978392124904933067e-12
9.614595846379727600e-12
9.264063000541081258e-12
8.926310023765576898e-12
8.600870982389082477e-12
8.287296929946400194e-12
7.985155287845226718e-12
7.694029248619580207e-12
7.413517200939497542e-12
7.143232175584292930e-12
6.882801311614428096e-12
6.631865342006239484e-12
6.390078098039300719e-12
6.157106031753193329e-12
5.932627755814722509e-12
5.716333600160732135e-12
5.507925184805248711e-12
5.307115008221163174e-12
5.113626050728973144e-12
4.926343088985140948e-12
4.744686155266316708e-12
4.569727748420683273e-12
4.401220862945327500e-12
4.238927601566579329e-12
4.082618839377784366e-12
3.932073900361598749e-12
3.787080245840730092e-12
3.647433174416745332e-12
3.512935532973473436e-12
3.383397438337181942e-12
3.258636009200272389e-12
3.138475107930398405e-12
3.022745091900000073e-12
2.911282573985650349e-12
2.803930191898885767e-12
2.700536386022706778e-12
2.600955185440499105e-12
2.505046001854874801e-12
2.412673431105787259e-12
2.323707062007488587e-12
2.238021292234596161e-12
2.155495150997329283e-12
2.076012128255477718e-12
1.999460010230001174e-12
1.925730720980149942e-12
1.854720169822321215e-12
1.786328104375294339e-12
1.720457969024363006e-12
1.657016768604540102e-12
1.595914937110423412e-12
1.537066211247271583e-12
1.480387508644868910e-12
1.425798810562229819e-12
