2.918376547200265421e-08
2.961930389511146977e-08
3.006134229226182653e-08
3.050997766904583052e-08
3.096530847876630717e-08
3.142743464404330815e-08
3.189645757874148819e-08
3.237189962456485682e-08
3.285321401888502820e-08
3.334168472929607588e-08
3.383741815789336831e-08
3.434052228878792531e-08
3.485110671162858260e-08
3.536928264547357061e-08
3.589516296301669574e-08
3.642886221517475464e-08
3.697049665603908006e-08
3.752018426819930472e-08
3.807804478844263211e-08
3.864419973383655512e-08
3.921877242819776212e-08
3.980188802895576706e-08
4.039367355441560452e-08
4.099425791142539995e-08
4.160377192345660375e-08
4.222234835910003248e-08
4.285012196098697509e-08
4.348722947513920872e-08
4.413380968075689099e-08
4.479000342044750486e-08
4.545595363090562361e-08
4.613180537404839935e-08
4.681770586861347866e-08
4.751380452222813974e-08
4.822025296395339019e-08
4.893720507731332193e-08
4.966481703381501069e-08
5.040324732696685477e-08
5.115265680680277105e-08
5.191320871491963344e-08
5.268506872003574249e-08
5.346840495407789648e-08
5.426338804880507113e-08
5.507019117297664221e-08
5.588899007007318466e-08
5.671996309657815315e-08
5.756329126082872898e-08
5.841915826244433032e-08
5.928775053234133535e-08
6.016925727334275343e-08
6.106387050139174476e-08
6.197178508737778300e-08
6.289319879958492402e-08
6.382831234677092214e-08
6.477732942188715342e-08
6.574045674644830571e-08
6.671790411556201337e-08
6.770988444362780675e-08
6.871661381071563363e-08
6.973831150963397131e-08
7.077520009369764083e-08
7.182750542520597752e-08
7.289545672464170739e-08
7.397586905298859587e-08
7.507156743824828549e-08
7.618349483124834928e-08
7.731189160899011279e-08
7.845700170883449532e-08
7.961907268123645481e-08
8.079835574326059562e-08
8.199510583288934767e-08
8.320958166413562840e-08
8.444204578297158123e-08
8.569276462408655928e-08
8.696200856848426731e-08
8.825005200193384518e-08
8.955717337428739988e-08
9.088365525967547391e-08
9.222978441759311596e-08
9.359585185489243556e-08
9.498215288869242833e-08
9.638898721022076239e-08
9.781665894960135651e-08
9.926547674160038926e-08
1.007357537923491621e-07
1.022278079470510562e-07
1.037419617586945388e-07
1.052785425577825965e-07
1.068378825230951912e-07
1.084203187534998530e-07
1.100261933408258688e-07
1.116558534438178419e-07
1.133096513631846509e-07
1.149879446177600071e-07
1.166910960217909946e-07
1.184194737633715081e-07
1.201734514840372639e-07
1.219534083595398150e-07
1.237597291818170125e-07
1.255928044421774123e-07
1.274530304157169672e-07
1.293408092469859022e-07
1.312565490369246019e-07
1.332006639310869362e-07
1.351735742091705841e-07
1.371757063758732022e-07
1.392074932530945022e-07
1.412693740735037715e-07
1.433617945754935643e-07
1.454852070995395188e-07
1.476400706859876116e-07
1.498268511742896792e-07
1.520460213037088320e-07
1.542980608155164153e-07
1.565834565567028289e-07
1.589027025852241766e-07
1.612563002768081449e-07
1.636447584333414763e-07
1.660659387832705963e-07
1.685173888933262400e-07
1.710050270843702324e-07
1.735293875615247355e-07
1.760910124157988410e-07
1.786904517404992466e-07
1.813282637493593500e-07
1.840050148964124370e-07
1.867212799976340565e-07
1.894776423543802906e-07
1.922746938786482048e-07
1.951130352201853174e-07
1.979932758954754330e-07
2.009160344186282348e-07
2.038819384342033946e-07
2.068916248519893704e-07
2.099457399837795598e-07
2.130449396821638901e-07
2.161898894813648534e-07
2.193812647401629614e-07
2.226197507869211471e-07
2.259060430667570044e-07
2.292408472908850458e-07
2.326248795881637087e-07
2.360588666588798246e-07
2.395435459308030049e-07
2.430796657175436648e-07
2.466679853792489643e-07
2.503092754856707321e-07
2.540043179816405258e-07
2.577539063549875075e-07
2.615588458069352678e-07
2.654199534250137022e-07
2.693380583585237925e-07
2.733140019965920841e-07
2.773486381488539848e-07
2.814428332288036804e-07
2.855974664398539749e-07
2.898134299641340580e-07
2.940916291540852869e-07
2.984329827268798121e-07
3.028384229617062501e-07
3.073088958999734912e-07
3.118453615484666283e-07
3.164487940855026001e-07
3.211201820701290122e-07
3.258605286544113458e-07
3.306708517988532887e-07
3.355521844909980980e-07
3.405055749672559417e-07
3.455320869380065036e-07
3.506327998160242350e-07
3.558088089482756439e-07
3.610612258511383855e-07
3.663911784490926059e-07
3.717998113169358895e-07
3.772815610749931725e-07
3.828427019978345206e-07
3.884858142957825972e-07
3.942121062292330531e-07
4.000228038683766503e-07
4.059191513557111836e-07
4.119024111724309074e-07
4.179738644087387836e-07
4.241348110381436490e-07
4.303865701958009597e-07
4.367304804609556091e-07
4.431679001435477550e-07
4.497002075750474054e-07
4.563288014035667853e-07
4.630551008933320114e-07
4.698805462285639973e-07
4.768065988218401097e-07
4.838347416270006324e-07
4.909664794566665847e-07
4.982033393044424777e-07
5.055468706718591739e-07
5.129986459001451516e-07
5.205602605068829262e-07
5.282333335276298257e-07
5.360195078625731065e-07
5.439204506282953250e-07
5.519378535147238679e-07
5.600734331473470168e-07
5.683289314547579548e-07
5.767061160416282547e-07
5.852067805671720470e-07
5.938327451291918168e-07
6.025858566537815338e-07
6.114679892907821951e-07
6.204810448150530959e-07
6.296269530336700018e-07
6.389076721991196788e-07
6.483251894285863903e-07
6.578815211294180289e-07
6.675787134308641036e-07
6.774188426221756852e-07
6.874040155971709669e-07
6.975363703053382239e-07
7.078180762096037590e-07
7.182513347508386293e-07
7.288383798192150118e-07
7.395814782325080265e-07
7.504829302214573680e-07
7.615450699222584129e-07
7.727702658763510462e-07
7.841609215375372275e-07
7.957194757865973407e-07
8.074484034534842060e-07
8.193502158472140804e-07
8.314274612935679370e-07
8.435720338517144376e-07
8.556625594878958932e-07
8.679263730050069595e-07
8.803659580576547168e-07
8.929838338975110028e-07
9.057825558835100032e-07
9.187647159993592302e-07
9.319329433784572750e-07
9.452899048363548119e-07
9.588383054108276760e-07
9.725808889097018805e-07
9.865204384665193002e-07
1.000659777104186006e-06
1.015001768306680856e-06
1.029549316598968772e-06
1.044305368135214084e-06
1.059272911295444304e-06
1.074454977290746909e-06
1.089854640777149267e-06
1.105475020478287805e-06
1.121319279817020787e-06
1.137390627556072783e-06
1.153692318447874541e-06
1.170227653893702637e-06
1.186999982612289799e-06
1.204012701317994853e-06
1.221269255408705918e-06
1.238773139663589512e-06
1.256527898950863451e-06
1.274537128945691574e-06
1.292804476858379450e-06
1.311333642172993886e-06
1.330128377396594910e-06
1.349192488819177209e-06
1.368529837284520938e-06
1.388144338972086563e-06
1.408039966190105570e-06
1.428220748180063561e-06
1.448690771932688600e-06
1.469454183015648510e-06
1.490515186413095205e-06
1.511878047377272887e-06
1.533547092292298315e-06
1.555526709550343544e-06
1.577821350440355174e-06
1.600435530049543051e-06
1.623373828177759949e-06
1.646640890265002231e-06
1.670241428332188162e-06
1.694180221935449583e-06
1.718462119134070765e-06
1.743092037472318175e-06
1.768074964975322953e-06
1.793415961159271034e-06
1.819120158056037308e-06
1.845192761252526175e-06
1.869292375711684511e-06
1.893208674539107729e-06
1.917430965814276110e-06
1.941963164498231128e-06
1.966809235641224798e-06
1.991973195023563198e-06
2.017459109804691423e-06
2.043271099180520795e-06
2.069413335049227676e-06
2.095890042685532778e-06
2.122705501423599449e-06
2.149864045348717394e-06
2.177370063997789180e-06
2.205228003068782585e-06
2.233442365139303802e-06
2.262017710394298264e-06
2.290958657363125586e-06
2.320269883666024293e-06
2.349956126770124721e-06
2.380022184755174852e-06
2.410472917089023961e-06
2.441313245413025871e-06
2.472548154337535875e-06
2.504182692247538595e-06
2.536221972118586772e-06
2.568671172343228869e-06
2.601535537567930136e-06
2.634820379540784880e-06
2.668531077970018236e-06
2.702673081393473115e-06
2.737251908059269505e-06
2.772273146817682314e-06
2.807742458024431703e-06
2.843665574455584120e-06
2.880048302234074212e-06
2.916896521768167780e-06
2.954216188701869588e-06
2.992013334877520826e-06
3.030294069310683217e-06
3.069064579177551150e-06
3.108331130814945656e-06
3.148100070733098991e-06
3.188377826641465325e-06
3.229170908487553291e-06
3.270485909509153505e-06
3.312329507299958533e-06
3.354708464888818394e-06
3.397629631832864947e-06
3.441099945324560243e-06
3.485126431312909374e-06
3.529716205639088135e-06
3.574876475186493538e-06
3.620614539045615709e-06
3.666937789693744718e-06
3.713853714189763067e-06
3.756951235251345184e-06
3.791352119657894602e-06
3.826067999062749209e-06
3.861101757747822194e-06
3.896456306405231135e-06
3.932134582379148349e-06
3.968139549909787462e-06
4.004474200379745152e-06
4.041141552562466411e-06
4.078144652873118758e-06
4.115486575621628935e-06
4.153170423268170067e-06
4.191199326680856186e-06
4.229576445395931278e-06
4.268304967880198717e-06
4.307388111796000280e-06
4.346829124268477911e-06
4.386631282155419784e-06
4.426797892319441632e-06
4.467332291902799816e-06
4.508237848604578617e-06
4.549517960960557546e-06
4.591176058625499476e-06
4.633215602658165366e-06
4.675640085808796400e-06
4.718453032809374388e-06
4.761658000666398705e-06
4.805258578956439806e-06
4.849258390124390530e-06
4.893661089784407600e-06
4.938470367023599182e-06
4.983689944708594070e-06
5.029323579794765454e-06
5.075375063638450661e-06
5.121848222311862751e-06
5.168746916921054833e-06
5.216075043926635532e-06
5.263836535467528704e-06
5.312035359687697757e-06
5.360675521065755818e-06
5.409761060747748037e-06
5.459296056882821428e-06
5.509284624962128679e-06
5.559730918160666934e-06
5.610639127682425080e-06
5.662013483108508366e-06
5.713858252748631659e-06
5.766177743995651019e-06
5.818976303683526591e-06
5.872258318448371255e-06
5.926028215093002586e-06
5.980290460954632242e-06
6.035049564276123886e-06
6.090310074580450360e-06
6.146076583048776162e-06
6.202353722901806919e-06
6.240971605264100914e-06
6.276002292331117864e-06
6.311229607281420091e-06
6.346654653790878350e-06
6.382278541730354000e-06
6.416420085287215323e-06
6.446662132445883122e-06
6.477046717250794540e-06
6.507574511514318971e-06
6.538246190215192514e-06
6.569062431513492666e-06
6.595164767146898983e-06
6.619822832782466534e-06
6.644573090231636710e-06
6.669415884182050739e-06
6.694351560610072365e-06
6.717745475266888192e-06
6.735579808218940187e-06
6.753461487923399280e-06
6.771390640076890275e-06
6.789367390709696966e-06
6.807391866186689626e-06
6.819811930885311412e-06
6.829728672224983649e-06
6.839659833575031410e-06
6.849605435903701939e-06
6.859565500209734822e-06
6.868149821704042490e-06
6.869307999001386097e-06
6.870466371602368112e-06
6.871624939539923717e-06
6.872783702846977082e-06
6.873942661556503201e-06
6.869148793139497306e-06
6.860772460808374437e-06
6.852406342689438397e-06
6.844050426327329736e-06
6.835704699281914420e-06
6.826424053298049178e-06
6.807613040827310341e-06
6.788853864308662042e-06
6.770146380902056090e-06
6.751490448161056266e-06
6.732885924031754125e-06
6.708318239821447884e-06
6.679060977561667902e-06
6.649931316194442501e-06
6.620928699208800849e-06
6.592052572520868793e-06
6.563058652542015788e-06
6.523561553231597733e-06
6.484302151149959325e-06
6.445279015812972635e-06
6.406490725345351967e-06
6.367935866428735815e-06
6.324312442818275948e-06
6.275479996437589245e-06
6.227024604138459125e-06
6.178943354541419830e-06
6.131233358746922907e-06
6.083891750161723399e-06
6.027324531217824714e-06
5.970832364644556236e-06
5.914869680906920746e-06
5.859431517333285491e-06
5.804512957765534363e-06
5.746381393256547963e-06
5.683757206302058399e-06
5.621815499072354092e-06
5.560548833888817891e-06
5.499949854128859399e-06
5.440011283342473170e-06
5.374537991673057695e-06
5.309074550119323147e-06
5.244408472392350271e-06
5.180530046367970312e-06
5.117429678218530896e-06
5.053365429659642612e-06
4.986971880381789431e-06
4.921450641536859020e-06
4.856790252290201564e-06
4.792979402385102818e-06
4.730006930164462427e-06
4.665749948877273284e-06
4.601906827348929535e-06
4.538937294034952645e-06
4.476829395316047549e-06
4.415571341138592199e-06
4.354978365019640149e-06
4.294789690779979727e-06
4.235432863728324269e-06
4.176896387187699434e-06
4.119168923372827815e-06
4.062239291194068966e-06
4.006581942362707798e-06
3.951845303009228128e-06
3.897856458092706704e-06
3.844605191485032545e-06
3.792081426627558919e-06
3.740374570549234039e-06
3.689724447348946094e-06
3.639760200638241774e-06
3.590472542649816889e-06
3.541852311386251087e-06
3.493890468916922335e-06
3.446120246637612405e-06
3.398794654944132838e-06
3.352118985908263053e-06
3.306084314137938522e-06
3.260681836813541835e-06
3.215513995682110138e-06
3.168804480416843758e-06
3.122773481500511164e-06
3.077411142602286522e-06
3.032707750567325457e-06
2.988653733336973906e-06
2.942656287337071830e-06
2.895785406068705890e-06
2.849661088209850180e-06
2.804271442434591793e-06
2.759604766823093194e-06
2.715317214627612500e-06
2.668113612754454530e-06
2.621730607464932986e-06
2.576153933348638413e-06
2.531369572987846005e-06
2.487363752646324161e-06
2.442547071854741881e-06
2.397266518512129031e-06
2.352825387481833872e-06
2.309208117341436402e-06
2.266399435150069020e-06
2.224366913837107816e-06
2.181991177184268736e-06
2.140422727785025309e-06
2.099646186255770300e-06
2.059646466200845000e-06
2.020408768630920328e-06
1.981558325243658056e-06
1.943074063134610598e-06
1.905337211995611190e-06
1.868333256200595726e-06
1.832047962034534078e-06
1.796467372218381705e-06
1.759786179753759605e-06
1.723756519199790135e-06
1.688464525786618292e-06
1.653895096601744652e-06
1.620033437947979166e-06
1.585836398385164120e-06
1.550934413630469756e-06
1.516800571504521712e-06
1.483417966289712173e-06
1.450770064339041859e-06
1.418840695887359972e-06
1.386584441228347571e-06
1.354924010082922831e-06
1.323986494088216443e-06
1.293755386636575069e-06
1.264214558022240312e-06
1.235682247461397649e-06
1.208411435121492923e-06
1.181742474274725786e-06
1.155662082397082159e-06
1.130157270102381296e-06
1.105215334672895634e-06
1.081814559942879322e-06
1.059133757016238580e-06
1.036928468877849815e-06
1.015188726113726043e-06
9.939047683238171593e-07
9.730334843848705530e-07
9.525152872788543224e-07
9.324297540217575234e-07
9.127677611021352504e-07
8.935203773945246676e-07
8.746788601026374589e-07
8.559846845700736777e-07
8.376060987951432070e-07
8.196221140232139128e-07
8.020242578966525756e-07
7.848042399652196771e-07
7.678442466936114269e-07
7.508486821113555704e-07
7.342292995695520236e-07
7.179777726059126231e-07
7.020859590571475274e-07
6.865458969796738123e-07
6.710937002804491521e-07
6.558697860377001930e-07
6.409912297751775897e-07
6.264501969680249574e-07
6.122390308193800316e-07
5.984107262992141862e-07
5.852491428584533741e-07
5.723770383174777387e-07
5.597880458106418318e-07
5.474759385066139114e-07
5.354346265284245976e-07
5.240128166011223316e-07
5.130574599279813022e-07
5.023311431485849737e-07
4.918290778042376840e-07
4.815465755469133294e-07
4.714869261497053060e-07
4.617321025356938058e-07
4.521791012384050309e-07
4.428237466572212551e-07
4.336619495825643358e-07
4.246897054085159586e-07
4.158545789785952080e-07
4.071630441828364344e-07
3.986531661029704433e-07
3.903211480375838568e-07
3.821632726379156926e-07
3.741776206438733408e-07
3.665753663430465597e-07
3.591275688222778595e-07
3.518310899470144144e-07
3.446828553409155877e-07
3.376798530904678698e-07
3.309692973606988122e-07
3.245555668386530372e-07
3.182661256072981943e-07
3.120985651108441919e-07
3.060505234680075232e-07
3.001196845675170330e-07
2.943798757319810869e-07
2.887545992198903306e-07
2.832368155714290471e-07
2.778244707158856162e-07
2.725155498335865722e-07
2.673614801255253612e-07
2.623814785938292946e-07
2.574942369288271853e-07
2.526980273413188308e-07
2.479911542247225953e-07
2.433719535556265930e-07
2.389820625616404972e-07
2.346919314964249497e-07
2.304788155191183553e-07
2.263413320790065895e-07
2.222781234444926322e-07
2.183144539433578061e-07
2.144724959243441444e-07
2.106981497429955792e-07
2.069902255475308039e-07
2.033475544255077941e-07
1.997689880353291915e-07
1.963294462562172100e-07
1.929672562502011569e-07
1.896626445741415647e-07
1.864146251849895157e-07
1.832222289259268179e-07
1.800994875492838429e-07
1.770695985908177702e-07
1.740906827207575714e-07
1.711618823975301147e-07
1.682823545063437075e-07
1.654512701164791439e-07
1.626999676443674045e-07
1.600056917687637158e-07
1.573560325123204732e-07
1.547502510335837611e-07
1.521876207261530712e-07
1.496719193687934493e-07
1.472151131253376337e-07
1.447986343991832230e-07
1.424218212298452909e-07
1.400840225226631617e-07
1.377845978704402328e-07
1.354545846952848415e-07
1.331308280376628841e-07
1.308469359960371429e-07
1.286022246831328340e-07
1.263960219439289495e-07
1.242276671543892268e-07
1.220965110236443533e-07
1.200019153995693443e-07
1.179432530776961127e-07
1.159199076134029319e-07
1.139312731373271627e-07
1.119767541739431441e-07
1.100557654632549557e-07
1.081677317855447310e-07
1.063120877891307450e-07
1.044882778210781650e-07
1.026957557608140392e-07
1.009339848565988119e-07
9.920243756479991571e-08
9.750059539192600330e-08
9.582794873936879906e-08
9.418399675080873743e-08
9.256824716223995762e-08
9.098021615456644063e-08
8.941942820872702913e-08
8.788541596330753468e-08
8.637772007459285572e-08
8.489588907902263088e-08
8.343947925800472769e-08
8.200805450504788097e-08
8.060118619517525868e-08
7.921845305657677543e-08
7.785944104446314916e-08
7.652374321708560917e-08
7.521095961388103497e-08
7.392069713570743990e-08
7.265256942713578625e-08
7.140619676075865182e-08
7.018120592348599623e-08
6.897723010478994988e-08
6.779390878686688864e-08
6.649334208956905736e-08
6.504709212227069116e-08
6.363229852191345156e-08
6.224827710316039566e-08
6.089435856190922055e-08
5.956988815162110191e-08
5.827422536668846921e-08
5.700674363269195114e-08
5.576683000339190812e-08
5.455388486431172066e-08
5.336732164276808381e-08
5.220656652420779931e-08
5.107105817471487195e-08
4.996024746955314578e-08
4.887359722761269380e-08
4.781058195163260176e-08
4.677068757407338894e-08
4.575341120851773506e-08
4.475826090647738167e-08
4.378475541948999926e-08
4.283242396639063146e-08
4.190080600564416119e-08
4.098945101263134455e-08
4.009791826177725268e-08
3.922577661341927324e-08
3.837260430531085703e-08
3.753798874865928639e-08
3.672152632860127423e-08
3.592282220901669520e-08
3.514149014158846658e-08
3.437715227901536551e-08
3.362943899228719646e-08
3.289798869193468715e-08
3.218244765316719301e-08
3.148246984481342072e-08
3.079771676198301524e-08
3.012785726236749681e-08
2.947256740610226658e-08
2.883153029911105598e-08
2.820443593985807893e-08
2.759098106943303696e-08
2.695471588631776026e-08
2.620255722072824708e-08
2.547138718883858523e-08
2.476062011269976565e-08
2.406968665743051713e-08
2.339803337517122716e-08
2.274512226176487366e-08
2.211043032580707622e-08
2.149344916972259906e-08
2.089368458253144471e-08
2.031065614397824204e-08
1.974389683970905164e-08
1.919295268718579277e-08
1.865738237203941168e-08
1.813675689457081905e-08
1.763065922611546976e-08
1.713868397499773211e-08
1.666043706180585537e-08
1.619553540372876712e-08
1.574360660770098092e-08
1.530428867211014680e-08
1.487722969682878498e-08
1.446208760133686171e-08
1.405852985071028200e-08
1.366623318925564975e-08
1.328488338157758470e-08
1.291417496087143896e-08
1.255381098424020632e-08
1.220350279483865928e-08
1.186296979065501509e-08
1.153193919974473448e-08
1.121014586173584676e-08
1.089733201543197897e-08
1.059324709234162802e-08
1.029764751596916420e-08
1.001029650670649273e-08
9.730963892169026207e-09
9.459425922824343991e-09
9.195465092765436983e-09
8.938869965485309674e-09
8.689435004513248579e-09
8.446960408776958791e-09
8.174049557943851529e-09
7.909365224740511047e-09
7.653251648999143640e-09
7.405431300566852127e-09
7.165635636009306939e-09
6.933604807611404153e-09
6.709087381800770490e-09
6.491840066688873238e-09
6.281627448434807980e-09
6.078221736145610098e-09
5.881402515037480911e-09
5.690956507589423978e-09
5.506677342431116900e-09
5.328365330714639336e-09
5.155827249727182105e-09
4.988876133510954636e-09
4.827331070262699459e-09
4.671017006293939258e-09
4.519764556339002171e-09
4.373409820005398306e-09
4.231794204168068000e-09
4.094764251114327824e-09
3.962171472253861110e-09
3.833872187213254730e-09
3.709727368140902721e-09
3.589602489053485576e-09
3.473367380060696738e-09
3.360896086310324482e-09
3.252066731500977157e-09
3.146761385814215245e-09
3.044865938123319675e-09
2.946269972340055563e-09
2.850866647765397907e-09
2.758552583314697659e-09
2.669227745491635706e-09
2.582795339989921360e-09
2.499161706804828612e-09
2.418236218741191819e-09
2.339931183207909490e-09
2.264161747192294959e-09
2.190845805311612135e-09
2.115997407782823405e-09
2.042484881045902042e-09
1.971526275957176767e-09
1.903032865927101587e-09
1.836919006844309723e-09
1.773102029986244766e-09
1.711502138650257087e-09
1.652042308375876328e-09
1.594648190633425829e-09
1.539248019858757984e-09
1.485772523717586025e-09
1.434154836487421480e-09
1.384330415448722739e-09
1.336236960180727830e-09
1.289814334661032440e-09
1.245004492071581909e-09
1.201751402216949448e-09
1.160000981464225436e-09
1.119701025116889189e-09
1.080801142138057096e-09
1.043252692141622181e-09
1.007008724572311462e-09
9.720239199987544813e-10
9.382545334461025275e-10
9.056583396973276878e-10
8.741945804948642026e-10
8.438239135764969789e-10
8.145083634818318590e-10
7.862112740677965150e-10
7.588972626738327207e-10
7.325321758794482148e-10
7.070830467987948403e-10
6.825180538589001645e-10
6.588064810099990645e-10
6.359186793181950620e-10
6.138260298924711061e-10
5.925009080996376303e-10
5.719166490225134252e-10
5.520475141181366125e-10
5.328686590342905902e-10
5.143561025441712675e-10
4.961980115448399574e-10
4.784307994272149775e-10
4.612997724999555589e-10
4.447821510723690968e-10
4.288559711192634566e-10
4.135000550746514538e-10
3.986939836712455128e-10
3.844180687882891118e-10
3.706533272716011567e-10
3.573814556910700890e-10
3.445848060019670447e-10
3.322463620777629100e-10
3.203497170832257908e-10
3.088790516577065291e-10
2.978191128796218116e-10
2.871551939841367679e-10
2.768731148070977761e-10
2.669592029291979022e-10
2.574002754953129540e-10
2.481836216848269190e-10
2.392969858096321323e-10
2.307285510173378976e-10
2.224669235780139301e-10
2.145011177335686095e-10
2.068205410896302265e-10
1.994149805304876952e-10
1.922745886383757695e-10
1.853898705990371249e-10
1.787516715761567502e-10
1.723511645378761106e-10
1.661798385191957686e-10
1.602294873046657608e-10
1.544921985163113170e-10
1.489603430922807016e-10
1.436265651422343012e-10
1.384837721659729135e-10
1.335251256223050355e-10
1.287440318356174865e-10
1.241341332280432162e-10
1.196892998655845582e-10
1.154036213069358094e-10
1.112559506770175274e-10
1.072222914928474084e-10
1.033348753304219970e-10
9.958840005080592035e-11
9.597775574767143442e-11
9.249801777777599958e-11
8.914444004412286660e-11
8.591244852264895992e-11
8.279763502360336546e-11
7.979575117911476373e-11
7.690270264874181485e-11
7.411454353510368945e-11
7.142747100197877087e-11
6.883782008752458808e-11
6.634205870555247874e-11
6.393678282802870983e-11
6.161871184224147958e-11
5.938468407629560686e-11
5.723165248683205995e-11
5.515668050309590427e-11
5.315693802167545727e-11
5.122969754645847337e-11
4.937233046853556593e-11
4.758230348097730213e-11
4.585717512359891185e-11
4.419459245299294424e-11
4.259228783329500920e-11
4.104807584330140309e-11
3.955985029572134798e-11
3.812558136449828416e-11
3.674331281628208754e-11
3.541115934227591908e-11
3.412730398681965614e-11
3.288999566919959683e-11
3.169754679530949510e-11
3.054833095590024850e-11
2.944078070828186688e-11
2.837338543845188245e-11
2.734468930073192426e-11
2.635328923210655688e-11
2.539783303855170277e-11
2.447672395558763391e-11
2.358523474121487335e-11
2.272621527323393927e-11
2.189848294122874631e-11
2.110089820772208812e-11
2.033236303937610071e-11
1.959181939533270496e-11
1.887824777060991115e-11
1.819066579255205655e-11
1.752812686839920389e-11
1.688971888211427935e-11
1.627456293867538826e-11
1.568181215410198081e-11
1.511065048955196643e-11
1.456029162788256174e-11
1.402997789112863249e-11
1.351897919740948455e-11
1.302659205582592807e-11
1.255213859796625678e-11
1.209496564468605848e-11
1.165444380687746834e-11
1.122996661899085812e-11
1.082094970411438352e-11
1.042682996946386544e-11
1.004706483117399669e-11
9.681131467323940429e-12
9.328526098169797267e-12
8.988763292591577822e-12
8.661375299801489284e-12
8.345911405392295829e-12
8.041937310839461199e-12
7.749034535603536121e-12
7.466799841008456637e-12
7.194844675103947622e-12
6.932794637746766635e-12
6.680288965164619172e-12
6.436980033293473488e-12
6.202532879204295178e-12
5.976624739959951476e-12
5.758944608268473498e-12
5.549192804319643491e-12
5.347080563216494106e-12
5.152240690341472294e-12
4.964484291700416605e-12
4.783570055013604308e-12
