7.000805732152127649e-10
7.093431968689055282e-10
7.187283724119558229e-10
7.282377213034821042e-10
7.378728864558016746e-10
7.476355325182614779e-10
7.575273461648544851e-10
7.675500363856111254e-10
7.777053347818609927e-10
7.879949958653990506e-10
7.984207973616086565e-10
8.089845405165995131e-10
8.196880504083920844e-10
8.305331762622531137e-10
8.415217917701691138e-10
8.526113924597271245e-10
8.637996846616437329e-10
8.751347939053012308e-10
8.866186467799730960e-10
8.982531951563728494e-10
9.100404165184068336e-10
9.219823142992798229e-10
9.340809182220124013e-10
9.463382846444252185e-10
9.587564969086515436e-10
9.713376656952350872e-10
9.840839293818763719e-10
9.969974544068832791e-10
1.010080435637395255e-09
1.023335096742435769e-09
1.036645482881484759e-09
1.050125719059013120e-09
1.063781248304815144e-09
1.077614350078928649e-09
1.091627333482839606e-09
1.105822537644917696e-09
1.120202332110863756e-09
1.134769117239279339e-09
1.149525324602312260e-09
1.164473417391581215e-09
1.179615890829331695e-09
1.194955272584938793e-09
1.210494123196868993e-09
1.226235036500086050e-09
1.242107358455073726e-09
1.258098013735053049e-09
1.274294529687661841e-09
1.290699556524265859e-09
1.307315778574571565e-09
1.324145914725817879e-09
1.341192718867704840e-09
1.358458980342971919e-09
1.375947524403829040e-09
1.393661212674266583e-09
1.411602943618257398e-09
1.429775653014074985e-09
1.448182314434630252e-09
1.466825939734048507e-09
1.485709579540514427e-09
1.504642097106207821e-09
1.523804806417321094e-09
1.543211566741534410e-09
1.562865486245640996e-09
1.582769712681220193e-09
1.602927433888732907e-09
1.623341878308102766e-09
1.644016315495798307e-09
1.664954056648437055e-09
1.686158455133156165e-09
1.707632907024629231e-09
1.729380851649034534e-09
1.751405772134837386e-09
1.773711195970701120e-09
1.796183283340520127e-09
1.818784659975915681e-09
1.841670429763476144e-09
1.864844171222604491e-09
1.888309507901241115e-09
1.912070108942411815e-09
1.936129689657981990e-09
1.960492012109591161e-09
1.985160885696904951e-09
2.010140167753270317e-09
2.035433764148864642e-09
2.061045629901427166e-09
2.086979769794715044e-09
2.113240239004660050e-09
2.139831143733486058e-09
2.166424191106879642e-09
2.193318500172782281e-09
2.220546679153488430e-09
2.248112872759323738e-09
2.276021277153623204e-09
2.304276140591547460e-09
2.332881764066685308e-09
2.361842501965832109e-09
2.391162762731743845e-09
2.420847009534272591e-09
2.450899760949689422e-09
2.481325591648537204e-09
2.512129133092022368e-09
2.543315074236952710e-09
2.574696845301796142e-09
2.606183412955799102e-09
2.638055037182371907e-09
2.670316426928040999e-09
2.702972348726170134e-09
2.736027627401159506e-09
2.769487146781309996e-09
2.803355850420398050e-09
2.837638742328070786e-09
2.872340887709186638e-09
2.907467413712139606e-09
2.943023510186451224e-09
2.979014430449510334e-09
3.015445492062748910e-09
3.052322077617295309e-09
3.089116170415622563e-09
3.126289424522765785e-09
3.163910007491849757e-09
3.201983302309002671e-09
3.240514756737130361e-09
3.279509884095493908e-09
3.318974264048536370e-09
3.358913543404270482e-09
3.399333436922271568e-09
3.440239728131326141e-09
3.481638270157056711e-09
3.523534986559369776e-09
3.565935872180062835e-09
3.608846994000545331e-09
3.651965328791520800e-09
3.695088759827722436e-09
3.738721404434416955e-09
3.782869275548256927e-09
3.827538457108382096e-09
3.872735104894795053e-09
3.918465447376625857e-09
3.964735786570580073e-09
4.011552498909279890e-09
4.058922036120117060e-09
4.106850926114224718e-09
4.155345773886192645e-09
4.204413262424238080e-09
4.254060153631126575e-09
4.304293289256139849e-09
4.354201279233186649e-09
4.404545248966069099e-09
4.455471303707413291e-09
4.506986173616936216e-09
4.559096666669533822e-09
4.611809669554995441e-09
4.665132148588114220e-09
4.719071150629329220e-09
4.773633804016000915e-09
4.828827319504465683e-09
4.884658991222952841e-09
4.941136197635626423e-09
4.998266402517572210e-09
5.056057155941250323e-09
5.114024173489781793e-09
5.171745974605588302e-09
5.230119279549130966e-09
5.289151441819899799e-09
5.348849897916146501e-09
5.409222168271538291e-09
5.470275858202596518e-09
5.532018658866836508e-09
5.594458348231492839e-09
5.657602792053517442e-09
5.721459944870278923e-09
5.786037851001805207e-09
5.851344645563973077e-09
5.917388555493504896e-09
5.984177900584157079e-09
6.050180443436047243e-09
6.116614740273773680e-09
6.183778522097541793e-09
6.251679799052262780e-09
6.320326669238605148e-09
6.389727319678897660e-09
6.459890027293356305e-09
6.530823159887422796e-09
6.602535177149548705e-09
6.675034631660226766e-09
6.748330169911943453e-09
6.822430533340493700e-09
6.897344559367316983e-09
6.973081182453694347e-09
7.048870238394157171e-09
7.123861297081374527e-09
7.199650165728634306e-09
7.276245332024219376e-09
7.353655373954703226e-09
7.431888960765580457e-09
7.510954853932148517e-09
7.590861908140710170e-09
7.671619072280229876e-09
7.753235390444517697e-09
7.835720002945105337e-09
7.919082147334863956e-09
8.003331159442540762e-09
8.088476474418285527e-09
8.174527627790304337e-09
8.258940131814893799e-09
8.343633051373493499e-09
8.429194471067567760e-09
8.515633297101900455e-09
8.602958527011696406e-09
8.691179250599150013e-09
8.780304650879610835e-09
8.870344005037460272e-09
8.961306685391778755e-09
9.053202160371939105e-09
9.146039995503167416e-09
9.239829854402250137e-09
9.334581499783418784e-09
9.430304794474577722e-09
9.525787543680440713e-09
9.619360420691098205e-09
9.713852474543765923e-09
9.809272734415419739e-09
9.905630318177657030e-09
1.000293443326794120e-08
1.010119437756942904e-08
1.020041954029944542e-08
1.030061940290658214e-08
1.040180353997682473e-08
1.050398162014836780e-08
1.060716340703552292e-08
1.071135876016169724e-08
1.081657763590143310e-08
1.092283008843192384e-08
1.102594710828767007e-08
1.112889560842728438e-08
1.123280533154184221e-08
1.133768525250328190e-08
1.144354442998136988e-08
1.155039200722596867e-08
1.165823721285682565e-08
1.176708936166074188e-08
1.187695785539596222e-08
1.198785218360429302e-08
1.209978192443080498e-08
1.221275674545096584e-08
1.232678640450572546e-08
1.244188075054438812e-08
1.255618746583857257e-08
1.266655622621978843e-08
1.277789512688452960e-08
1.289021269535601275e-08
1.300351753411437791e-08
1.311781832125537568e-08
1.323312381115523353e-08
1.334944283514097648e-08
1.346678430216690531e-08
1.358515719949702062e-08
1.370457059339319900e-08
1.382503362980966741e-08
1.394655553509358384e-08
1.406914561669151401e-08
1.419281326386239162e-08
1.431091890680256017e-08
1.442789421400694006e-08
1.454582565984816739e-08
1.466472105966024587e-08
1.478458829265846352e-08
1.490543530246172416e-08
1.502727009761884603e-08
1.515010075213933211e-08
1.527393540602842703e-08
1.539878226582659425e-08
1.552464960515322522e-08
1.565154576525514287e-08
1.577947915555923101e-08
1.590845825422977870e-08
1.603577580798003980e-08
1.615576836251567014e-08
1.627665879772239577e-08
1.639845383226453852e-08
1.652116023508097226e-08
1.664478482576110291e-08
1.676933447492397529e-08
1.689481610460024191e-08
1.702123668861659356e-08
1.714860325298364410e-08
1.727692287628615793e-08
1.740620269007654638e-08
1.753644987927133872e-08
1.766767168255027030e-08
1.779987539275869604e-08
1.792292228962819849e-08
1.804311236133645413e-08
1.816410842065672603e-08
1.828591587249497450e-08
1.840854015800214964e-08
1.853198675481712768e-08
1.865626117731161931e-08
1.878136897683639817e-08
1.890731574196915727e-08
1.903410709876441349e-08
1.916174871100452707e-08
1.929024628045296454e-08
1.941960554710885521e-08
1.954983228946346353e-08
1.967718137010007746e-08
1.979200672139462946e-08
1.990750213112143351e-08
2.002367150937784323e-08
2.014051878907841703e-08
2.025804792608812396e-08
2.037626289935607236e-08
2.049516771105049580e-08
2.061476638669405997e-08
2.073506297530019859e-08
2.085606154951019381e-08
2.097776620573104401e-08
2.110018106427420517e-08
2.122331026949490465e-08
2.134715798993270562e-08
2.145665850442256101e-08
2.156044706197605679e-08
2.166473765784449689e-08
2.176953272045031083e-08
2.187483468996263402e-08
2.198064601835397617e-08
2.208696916945733654e-08
2.219380661902358374e-08
2.230116085477911024e-08
2.240903437648375156e-08
2.251742969598899994e-08
2.262634933729648600e-08
2.273579583661674825e-08
2.284577174242835339e-08
2.295138095890203472e-08
2.303700473807053400e-08
2.312294795037345595e-08
2.320921178750694985e-08
2.329579744561296299e-08
2.338270612529580744e-08
2.346993903163897167e-08
2.355749737422156821e-08
2.364538236713527098e-08
2.373359522900112695e-08
2.382213718298644384e-08
2.391100945682173737e-08
2.400021328281777785e-08
2.408974989788266976e-08
2.417962054353898763e-08
2.424876243102203375e-08
2.430818521692332570e-08
2.436775362128630632e-08
2.442746800095628159e-08
2.448732871365283114e-08
2.454733611797228318e-08
2.460749057338973615e-08
2.466779244026104061e-08
2.472824207982531720e-08
2.478883985420673013e-08
2.484958612641698522e-08
2.491048126035737472e-08
2.497152562082079564e-08
2.503271957349428421e-08
2.508802948760004367e-08
2.511333429313948342e-08
2.513866462213364583e-08
2.516402050032641982e-08
2.518940195348781335e-08
2.521480900741378471e-08
2.524024168792630202e-08
2.526570002087337970e-08
2.529118403212910819e-08
2.531669374759367052e-08
2.534222919319337540e-08
2.536779039488068368e-08
2.539337737863423150e-08
2.541899017045885679e-08
2.544462879638562902e-08
2.544317019820954068e-08
2.542735901898091177e-08
2.541155766531201472e-08
2.539576613109689340e-08
2.537998441023353239e-08
2.536421249662355917e-08
2.534845038417243934e-08
2.533269806678943027e-08
2.531695553838756794e-08
2.530122279288362053e-08
2.528549982419830022e-08
2.526978662625592903e-08
2.525408319298466707e-08
2.523838951831644310e-08
2.521618516989113698e-08
2.515416264669006442e-08
2.509229267604038893e-08
2.503057488271905492e-08
2.496900889242591209e-08
2.490759433178144891e-08
2.484633082832453278e-08
2.478521801051015018e-08
2.472425550770714679e-08
2.466344295019598751e-08
2.460277996916650984e-08
2.454226619671569045e-08
2.448190126584540853e-08
2.442168481046022562e-08
2.436161646536515883e-08
2.427031609724350477e-08
2.416078872181284629e-08
2.405175562284409552e-08
2.394321456976037153e-08
2.383516334205116123e-08
2.372759972922650679e-08
2.362052153077216589e-08
2.351392655610421265e-08
2.340781262452461150e-08
2.330217756517620858e-08
2.319701921699871580e-08
2.309233542868410930e-08
2.298812405863300723e-08
2.288438297491047511e-08
2.277524276140467419e-08
2.262120239951732972e-08
2.246820388966813388e-08
2.231624018529044561e-08
2.216530428747720651e-08
2.201538924465833704e-08
2.186648815228074671e-08
2.171859415249029304e-08
2.157170043381589120e-08
2.142580023085596957e-08
2.128088682396662594e-08
2.113695353895230828e-08
2.099399374675840135e-08
2.085200086316588786e-08
2.071096834848813053e-08
2.054107472522992595e-08
2.035292463929179324e-08
2.016649795173043120e-08
1.998177887673340835e-08
1.979875177308160505e-08
1.961740114282477817e-08
1.943771162996926559e-08
1.925966801917773760e-08
1.908325523448068122e-08
1.890845833800005380e-08
1.873526252868426582e-08
1.856365314105491959e-08
1.839361564396499931e-08
1.822513563936844327e-08
1.805438769826408562e-08
1.784574987319190466e-08
1.763952308208991150e-08
1.743567946287309025e-08
1.723419147543285873e-08
1.703503189791603285e-08
1.683817382304716508e-08
1.664359065449334705e-08
1.645125610327073843e-08
1.626114418419292472e-08
1.607322921236029983e-08
1.588748579968974235e-08
1.570388885148467141e-08
1.552241356304475764e-08
1.534303541631447513e-08
1.514650168074770035e-08
1.493840450148747859e-08
1.473316636102900878e-08
1.453074797915286179e-08
1.433111061530888134e-08
1.413421606120186308e-08
1.394002663347883956e-08
1.374850516651683127e-08
1.355961500530997677e-08
1.337331999845395755e-08
1.318958449122723432e-08
1.300837331876705517e-08
1.282965179933922952e-08
1.265338572770062244e-08
1.247822568664453716e-08
1.228537118300020065e-08
1.209549730019973912e-08
1.190855797190580545e-08
1.172450784374940496e-08
1.154330226232606060e-08
1.136489726436227645e-08
1.118924956604944242e-08
1.101631655254234788e-08
1.084605626762034221e-08
1.067842740350795749e-08
1.051338929085306451e-08
1.035090188885992823e-08
1.019092577557453730e-08
1.003342213832040428e-08
9.872090262063217056e-09
9.708256982196066426e-09
9.547142614218851102e-09
9.388702036152292497e-09
9.232890874843405012e-09
9.079665493538500307e-09
8.928982979662078472e-09
8.780801132798547209e-09
8.635078452873726619e-09
8.491774128532141041e-09
8.350848025707219319e-09
8.212260676381485238e-09
8.075973267532969461e-09
7.941947630265058705e-09
7.809884300151858414e-09
7.672679782635061050e-09
7.537885682341271548e-09
7.405459652915676082e-09
7.275360091946651882e-09
7.147546127896337552e-09
7.021977607260478816e-09
6.898615081954029229e-09
6.777419796918192103e-09
6.658353677945459261e-09
6.541379319718265052e-09
6.426459974057940283e-09
6.313559538379952585e-09
6.202642544352224586e-09
6.093674146752473394e-09
5.982082377759386447e-09
5.868434735219173776e-09
5.756946171380881002e-09
5.647575668052363127e-09
5.540282986305305669e-09
5.435028651670903577e-09
5.331773939616559867e-09
5.230480861298617748e-09
5.131112149585734651e-09
5.033631245347789517e-09
4.938002284005268425e-09
4.844190082334186997e-09
4.752160125521696500e-09
4.661878554467599994e-09
4.573256345534661152e-09
4.478843049451378615e-09
4.386378883223021451e-09
4.295823607737632809e-09
4.207137814605808627e-09
4.120282909010737173e-09
4.035221092912204061e-09
3.951915348597517654e-09
3.870329422571849813e-09
3.790427809781238929e-09
3.712175738161285386e-09
3.635539153504838886e-09
3.560484704642094524e-09
3.486979728926574466e-09
3.414992238020888144e-09
3.343675250930543771e-09
3.273029620697017726e-09
3.203876601048144600e-09
3.136184655902304716e-09
3.069922915476636712e-09
3.005061162209242830e-09
2.941569816979037794e-09
2.879419925616672604e-09
2.818583145700467555e-09
2.759031733631323083e-09
2.700738531980713951e-09
2.643676957105997596e-09
2.587820987027387015e-09
2.533145149561059286e-09
2.479624510702983368e-09
2.428794649737861996e-09
2.379036943642737675e-09
2.330298602983104121e-09
2.282558744443147510e-09
2.235796912534831874e-09
2.189993070833228160e-09
2.145127593391313365e-09
2.101181256330653898e-09
2.058135229604446509e-09
2.015971068929227547e-09
1.974670707881873993e-09
1.934216450158586314e-09
1.894590961992382281e-09
1.855777264725933652e-09
1.817756070261330143e-09
1.780510887685539465e-09
1.744028845801608270e-09
1.708294308125163782e-09
1.673291958557891421e-09
1.639006794822951297e-09
1.605424122034859317e-09
1.572529546401186765e-09
1.540308969053243390e-09
1.508748580003199192e-09
1.477834852225023978e-09
1.447554535856675876e-09
1.417894652521143715e-09
1.388842489763791195e-09
1.360385595603706412e-09
1.333602782790669162e-09
1.307398859418298202e-09
1.281709816195378571e-09
1.256525536256401185e-09
1.231836101521877037e-09
1.207631788792380006e-09
1.183903065919339825e-09
1.160640588051123783e-09
1.137835193952805547e-09
1.115477902398318484e-09
1.093559908633453279e-09
1.072072580908353620e-09
1.051007457078189554e-09
1.030356241270558673e-09
1.010431953343014666e-09
9.912928258854578310e-10
9.725162227904975008e-10
9.540952772919398267e-10
9.360232526906469360e-10
9.182935398908724311e-10
9.008996549832601131e-10
8.838352368736085392e-10
8.670940449565895389e-10
8.506699568334753230e-10
8.345569660731498867e-10
8.187491800154938764e-10
8.032408176163780891e-10
7.880262073335059424e-10
7.730997850522678076e-10
7.589765806058265273e-10
7.451514221916301023e-10
7.315780963241340397e-10
7.182520157407695594e-10
7.051686767383911404e-10
6.923236576511675169e-10
6.797126173562440227e-10
6.673312938066066671e-10
6.551755025906738630e-10
6.432411355181264284e-10
6.315241592314968188e-10
6.200206138430469255e-10
6.087266115964909672e-10
5.976383355530576546e-10
5.868447120295559830e-10
5.763748345033111053e-10
5.660917497233688786e-10
5.559921251263888707e-10
5.460726876051761036e-10
5.363302224479444450e-10
5.267615722964677368e-10
5.173636361228523115e-10
5.081333682245429463e-10
4.990677772372609563e-10
4.901639251655608211e-10
4.814189264306832606e-10
4.728299469353839195e-10
4.643942031454577605e-10
4.561089611876395148e-10
4.479526707815352789e-10
4.399401918442468433e-10
4.320710312146923187e-10
4.243426253744516498e-10
4.167524566584716510e-10
4.092980524348885635e-10
4.019769842995310516e-10
3.947868672848146430e-10
3.877253590828027224e-10
3.807901592821569734e-10
3.739790086187356799e-10
3.672896882396050200e-10
3.607200189801972063e-10
3.542678606544231538e-10
3.478597329999892941e-10
3.414567218158098163e-10
3.351715700684517865e-10
3.290021083338066715e-10
3.229462071200836656e-10
3.170017761327859418e-10
3.111667635532096005e-10
3.054391553302245020e-10
2.998169744850898626e-10
2.942982804290735214e-10
2.888811682936122472e-10
2.835637682728317780e-10
2.783442449781390445e-10
2.732207968047126117e-10
2.681916553096529029e-10
2.630307402818986122e-10
2.579374605125601375e-10
2.529428060931758331e-10
2.480448672602722785e-10
2.432417712306950373e-10
2.385316814855217613e-10
2.339127970678508361e-10
2.293833518941879704e-10
2.249416140791569085e-10
2.205858852733009465e-10
2.163145000136919980e-10
2.121258250871290364e-10
2.080182589056530517e-10
2.039902308941686729e-10
1.999416078676656624e-10
1.958022341325515012e-10
1.917485574922118307e-10
1.877788037671403642e-10
1.838912355085150135e-10
1.800841512377633594e-10
1.763558847018790360e-10
1.727048041441439924e-10
1.691293115899605527e-10
1.656278421474575158e-10
1.621988633225861853e-10
1.588408743483889753e-10
1.555524055281549059e-10
1.523320175921763000e-10
1.491783010678224936e-10
1.458839006381225580e-10
1.426260260030119678e-10
1.394409061207671076e-10
1.363269162345585780e-10
1.332824678715748402e-10
1.303060080327271260e-10
1.273960184004551009e-10
1.245510145642158919e-10
1.217695452632772416e-10
1.190501916464149776e-10
1.163915665481453959e-10
1.137923137811207528e-10
1.112511074443246830e-10
1.087666512467216251e-10
1.062720447501898746e-10
1.037069801942803221e-10
1.012038280273860855e-10
9.876109388403130879e-11
9.637731946790638870e-11
9.405108168127250342e-11
9.178099177538353401e-11
8.956569452141022597e-11
8.740386740137749458e-11
8.529421981863133526e-11
8.323549232736097674e-11
8.122645588071620946e-11
7.926591109707619732e-11
7.735268754402486594e-11
7.548564303961202635e-11
7.354705260166730411e-11
7.163347109847794197e-11
6.976967805097560311e-11
6.795437803990789970e-11
6.618630935084452248e-11
6.446424309722996574e-11
6.278698236625206507e-11
6.115336138693364689e-11
5.956224471987038318e-11
5.801252646805044913e-11
5.650312950820506854e-11
5.503300474216157894e-11
5.360113036767286487e-11
5.220651116821774555e-11
5.081856860825695526e-11
4.940268049186574978e-11
4.802624132519982420e-11
4.668815199624874428e-11
4.538734401605300633e-11
4.412277866549632885e-11
4.289344616586970618e-11
4.169836487254391581e-11
4.053658049110878747e-11
3.940716531535015674e-11
3.830921748646144321e-11
3.724186027289140753e-11
3.620424137025837295e-11
3.519553222076903625e-11
3.421492735160013564e-11
3.321533820934909890e-11
3.223331294938475472e-11
3.128032167381430112e-11
3.035550598083877095e-11
2.945803284766477974e-11
2.858709388016320174e-11
2.774190458471322749e-11
2.692170366157342198e-11
2.612575231914517438e-11
2.535333360851022501e-11
2.460375177764233745e-11
2.387633164471300690e-11
2.317041798992461520e-11
2.248537496532480238e-11
2.181114943153378706e-11
2.113372341715445250e-11
2.047733737622523721e-11
1.984133783445776856e-11
1.922509161362725588e-11
1.862798520120370746e-11
1.804942413956041564e-11
1.748883243415361266e-11
1.694565198008326571e-11
1.641934200646344525e-11
1.590937853805087985e-11
1.541525387359361321e-11
1.493647608038213905e-11
1.447256850449910234e-11
1.402306929627940455e-11
1.357407575383359301e-11
1.313551643137554476e-11
1.271112634465795097e-11
1.230044770557505399e-11
1.190303751651196887e-11
1.151846709248444035e-11
1.114632159871781777e-11
1.078619960316665660e-11
1.043771264349088777e-11
1.010048480802305229e-11
9.774152330273850785e-12
9.458363196538093160e-12
9.152776766179150984e-12
8.857063404180847253e-12
8.568622283861801983e-12
8.283102568358684384e-12
8.007096810320412062e-12
7.740287990004609977e-12
7.482369651255958199e-12
7.233045549510961793e-12
6.992029311532216911e-12
6.759044106480252663e-12
6.533822327946504837e-12
6.316105286580709049e-12
6.105642912961004040e-12
5.902193470364456323e-12
5.705523277108661479e-12
5.515406438145573862e-12
5.331624585598581249e-12
5.150813168660142611e-12
4.975068765308816793e-12
4.805320715212358725e-12
4.641364424360008235e-12
4.483002279435308399e-12
4.330043409636674674e-12
4.182303456624578155e-12
4.039604352317899784e-12
3.901774104272159852e-12
3.768646588380237858e-12
3.640061348646283903e-12
3.515863403791190758e-12
3.395903060456719545e-12
3.280035732783040311e-12
3.167662740758264655e-12
3.057635696194836529e-12
2.951430381255448663e-12
2.848914050237684513e-12
2.749958568288908917e-12
2.654440251251067752e-12
2.562239711068093846e-12
2.473241706563236139e-12
2.387334999399385031e-12
2.304412215042654589e-12
2.224369708555255608e-12
2.147107435050039520e-12
2.072528824644628975e-12
2.000540661759096440e-12
1.931052968605988818e-12
1.863978892727477806e-12
1.799234598438640279e-12
1.736739162041556603e-12
1.676414470678980218e-12
1.618185124701308441e-12
1.561978343424849991e-12
1.507723874163391807e-12
1.455353904419640233e-12
1.404802977126538307e-12
1.356007908832702632e-12
1.308907710729605707e-12
1.263443512421869524e-12
1.219558488345299262e-12
1.177197786740828747e-12
1.136308461095412335e-12
1.096839403964406930e-12
1.058741283092473247e-12
1.021966479753380386e-12
9.864690292314775411e-13
9.522045633705303799e-13
9.191302551181342840e-13
8.872047649962655100e-13
8.563881894312283433e-13
8.266420108782717672e-13
7.979290496786418170e-13
7.702134175888317464e-13
7.434604729239868062e-13
7.176367772593458133e-13
6.927100536356816547e-13
6.686491462163924709e-13
6.454239813459560474e-13
6.230055299609245740e-13
6.013657713066101668e-13
5.804776579140102451e-13
5.603150817932674952e-13
5.408528418013700681e-13
5.220666121433169121e-13
5.039329119673862791e-13
4.864290760164873879e-13
4.695332262989124296e-13
4.532242447431172011e-13
4.374817468023042018e-13
4.222860559758286094e-13
4.076181792156153651e-13
3.934597831867852397e-13
3.797931713528984342e-13
3.666012618570873941e-13
3.538675661715097024e-13
3.415761684883761657e-13
3.297117058268369271e-13
3.182593488308350608e-13
3.072047832339446123e-13
2.965341919680031981e-13
2.862342378932111445e-13
2.762920471280678883e-13
2.666951929583569193e-13
2.574316803050305705e-13
2.484899307315959996e-13
2.398587679722601866e-13
2.315274039627521962e-13
2.234854253563533856e-13
2.157227805082857429e-13
2.082297669121949952e-13
2.009970190730110226e-13
1.940154968010515889e-13
1.872764739127066736e-13
1.807715273236191728e-13
1.744925265206877629e-13
1.684316233997699298e-13
1.625812424563552168e-13
1.569340713169677945e-13
1.514830515994523868e-13
1.462213700907229675e-13
1.411424502309502185e-13
1.362399438935384807e-13
1.315077234506181490e-13
1.269398741141467566e-13
1.225306865430324845e-13
1.182746497070428015e-13
1.141664439985891040e-13
1.102009345837593503e-13
1.063731649843113207e-13
1.026783508825798445e-13
9.911187414157661132e-14
9.566927703279168105e-14
9.234625666449382591e-14
8.913865960355830626e-14
8.604247668410482277e-14
8.305383799645098441e-14
8.016900805012539833e-14
7.738438110488895995e-14
7.469647666393077386e-14
7.210193512360694540e-14
6.959751357427988527e-14
6.718008174701813430e-14
6.484661810107918315e-14
6.259420604729876341e-14
6.042003030265155134e-14
5.832137337143981146e-14
5.629561214870192002e-14
5.434021464160241421e-14
5.245273680470135168e-14
5.063081948515010554e-14
4.887218547399189206e-14
4.717463665988701375e-14
4.553605128169772197e-14
4.395438127650815916e-14
4.242764971975455295e-14
4.095394835427394968e-14
3.953143520518003005e-14
3.815833227758239586e-14
3.683292333427846755e-14
3.555355175063179883e-14
3.431861844396339043e-14
3.312657987486200732e-14
3.197594611791952527e-14
3.086527899947738584e-14
2.979319030005820059e-14
2.875834001923352481e-14
2.775943470076245681e-14
2.679522581590332040e-14
2.586450820288239581e-14
2.496611856056561461e-14
2.409893399445185504e-14
2.326187061317031459e-14
2.245388217372826543e-14
2.167395877381500025e-14
2.092112558952787781e-14
2.019444165694315347e-14
1.949299869600789411e-14
1.881591997528300136e-14
1.816235921611991792e-14
1.753149953489935188e-14
1.692255242201050983e-14
1.633475675629585963e-14
1.576737785372761926e-14
1.521970654912869168e-14
1.469105830978910479e-14
1.418077237987089724e-14
1.368821095453097234e-14
1.321275838273127001e-14
1.275382039773771827e-14
1.231082337434881516e-14
