7.483393050816113230e-10
7.583426049597490941e-10
7.684796222676309463e-10
7.787521444505203236e-10
7.891619828470640817e-10
7.997109730086647522e-10
8.104009750231529033e-10
8.212338738427669414e-10
8.322115796165376493e-10
8.433360280270820100e-10
8.546091806319321522e-10
8.660330252094111007e-10
8.776095761091305020e-10
8.893408746071930425e-10
9.012289892661055576e-10
9.132342522398826443e-10
9.253548028670095483e-10
9.376362188440117802e-10
9.500806351944196282e-10
9.626902152780432572e-10
9.754671511670493406e-10
9.884136640270529911e-10
1.001532004503223544e-09
1.014824453111557736e-09
1.028293320635324213e-09
1.041940948526774491e-09
1.055769709314185294e-09
1.069782007014303016e-09
1.083980277550262037e-09
1.098366989175050950e-09
1.112826235773287368e-09
1.127472545947442644e-09
1.142311621528111272e-09
1.157345999570804628e-09
1.172578250522142829e-09
1.188010978659327519e-09
1.203646822535397887e-09
1.219488455430348301e-09
1.235538585808181369e-09
1.251799957779983294e-09
1.268275351573067212e-09
1.284967584006342935e-09
1.301879508971891576e-09
1.319014017922904501e-09
1.336305204013770290e-09
1.353741216617443591e-09
1.371404733038815089e-09
1.389298721731053726e-09
1.407426189879505380e-09
1.425790183907045008e-09
1.444393789986050159e-09
1.463240134557050455e-09
1.482332384854142171e-09
1.501673749437261587e-09
1.521267478731399420e-09
1.541116865572854568e-09
1.561225245762613178e-09
1.581595998626955006e-09
1.602232547585343102e-09
1.622948524942945228e-09
1.643921529655094261e-09
1.665165563866882649e-09
1.686684130032576238e-09
1.708480775867861683e-09
1.730559094934790942e-09
1.752922727234224163e-09
1.775575359805925017e-09
1.798520727336478484e-09
1.821762612774990124e-09
1.845304847956788326e-09
1.869151314235138004e-09
1.893305943121204388e-09
1.917772716932170540e-09
1.942441613318074245e-09
1.967276824239346293e-09
1.992429567331096648e-09
2.017903902421107849e-09
2.043703941244357635e-09
2.069833848106648163e-09
2.096297840556803170e-09
2.123100190067386328e-09
2.150245222724119480e-09
2.177737319924194711e-09
2.205580919083427748e-09
2.233780514352507452e-09
2.262340657342343458e-09
2.291265957858784961e-09
2.320561084646646508e-09
2.349919036338626003e-09
2.379620990444376484e-09
2.409698364325907480e-09
2.440155903125808740e-09
2.470998411963239148e-09
2.502230756691961655e-09
2.533857864668024376e-09
2.565884725527080821e-09
2.598316391971639196e-09
2.631157980568168792e-09
2.664414672554281437e-09
2.698091714656208460e-09
2.732194419916508623e-09
2.766728168532297803e-09
2.801516566973457686e-09
2.836473890344710963e-09
2.871867411192617190e-09
2.907702572389223799e-09
2.943984884722734175e-09
2.980719927745002997e-09
3.017913350629495413e-09
3.055570873040075254e-09
3.093698286010557341e-09
3.132301452835315070e-09
3.171386309970869643e-09
3.210958867948858822e-09
3.251025212300319857e-09
3.291591504491586038e-09
3.332663982871725719e-09
3.373714046362073288e-09
3.415205179594553153e-09
3.457206585515606785e-09
3.499724539639938151e-09
3.542765394660745540e-09
3.586335581398946879e-09
3.630441609763935954e-09
3.675090069726297593e-09
3.720287632302415640e-09
3.766041050551201188e-09
3.812357160583082116e-09
3.859242882581399920e-09
3.906705221836367276e-09
3.954751269791743517e-09
4.003093308365293556e-09
4.051539588344527338e-09
4.100572175427550123e-09
4.150198165226659889e-09
4.200424739226766741e-09
4.251259165824559238e-09
4.302708801380517658e-09
4.354781091283227438e-09
4.407483571027006919e-09
4.460823867302300132e-09
4.514809699099367354e-09
4.569448878825319725e-09
4.624749313434665875e-09
4.680719005573548380e-09
4.737366054737820610e-09
4.793837482366274638e-09
4.850848206710228405e-09
4.908536931237162201e-09
4.966911719065962102e-09
5.025980729206173578e-09
5.085752217698387424e-09
5.146234538768173263e-09
5.207436145993753335e-09
5.269365593487548945e-09
5.332031537091783178e-09
5.395442735588307825e-09
5.459608051922807522e-09
5.524536454443570552e-09
5.590237018154991721e-09
5.656244799849925223e-09
5.722154780582528637e-09
5.788832784219682948e-09
5.856287760228201138e-09
5.924528762359413035e-09
5.993564949864430947e-09
6.063405588723564210e-09
6.134060052889848763e-09
6.205537825547280670e-09
6.277848500383721358e-09
6.351001782878402579e-09
6.425007491604658125e-09
6.499875559547850842e-09
6.575616035438406451e-09
6.652239085100628313e-09
6.728279708924678029e-09
6.804905768274619324e-09
6.882404495412718458e-09
6.960785828851676590e-09
7.040059820290576359e-09
7.120236635903841039e-09
7.201326557644861253e-09
7.283339984564771510e-09
7.366287434145795867e-09
7.450179543650232269e-09
7.535027071484491580e-09
7.620840898578678505e-09
7.707632029782185078e-09
7.795411595274712720e-09
7.883437282496926678e-09
7.970887866260748435e-09
8.059308535068294249e-09
8.148710050025387924e-09
8.239103291610375263e-09
8.330499260998177188e-09
8.422909081399213910e-09
8.516343999413129017e-09
8.610815386397551698e-09
8.706334739852055938e-09
8.802913684817310058e-09
8.900563975290094875e-09
8.999297495653666081e-09
9.099126262124163910e-09
9.200062424213025452e-09
9.299651573246029605e-09
9.399747448513531154e-09
9.500920695784344857e-09
9.603182911244969955e-09
9.706545815896189207e-09
9.811021256896729494e-09
9.916621208920992770e-09
1.002335777553164317e-08
1.013124319056671116e-08
1.024028981954207160e-08
1.035051016106850017e-08
1.046191684828440634e-08
1.057452265030366753e-08
1.068834047367925072e-08
1.080220009048402719e-08
1.091448595894297341e-08
1.102793900780498340e-08
1.114257136958605775e-08
1.125839530291626420e-08
1.137542319385081231e-08
1.149366755719442253e-08
1.161314103783983019e-08
1.173385641211981553e-08
1.185582658917369113e-08
1.197906461232758187e-08
1.210358366048944345e-08
1.222939704955831189e-08
1.235651823384822539e-08
1.248496080752717288e-08
1.261066420163257996e-08
1.273651915093324328e-08
1.286363013782324689e-08
1.299200969760953033e-08
1.312167049070201593e-08
1.325262530386193683e-08
1.338488705146303929e-08
1.351846877676493788e-08
1.365338365319963447e-08
1.378964498567040686e-08
1.392726621186413743e-08
1.406626090357625795e-08
1.420664276804939748e-08
1.434842564932491444e-08
1.448979311576284270e-08
1.462764714996345802e-08
1.476681270977344400e-08
1.490730227287926018e-08
1.504912843567859196e-08
1.519230391440952324e-08
1.533684154629091079e-08
1.548275429067314800e-08
1.563005523020034702e-08
1.577875757198310218e-08
1.592887464878287699e-08
1.608041992020720402e-08
1.623340697391671678e-08
1.638784952684318968e-08
1.654376142641964500e-08
1.669454621789664733e-08
1.684460267733399758e-08
1.699600789706257874e-08
1.714877400021474700e-08
1.730291321888994144e-08
1.745843789513387068e-08
1.761536048192704992e-08
1.777369354418161649e-08
1.793344975974770423e-08
1.809464192042829153e-08
1.825728293300372738e-08
1.842138582026489322e-08
1.858696372205626111e-08
1.875402989632769030e-08
1.891986215748683645e-08
1.907874871308847481e-08
1.923896957743616857e-08
1.940053595588221662e-08
1.956345914787996041e-08
1.972775054777422448e-08
1.989342164559789476e-08
2.006048402787584211e-08
2.022894937843494394e-08
2.039882947922138163e-08
2.057013621112456873e-08
2.074288155480820600e-08
2.091707759154793754e-08
2.109273650407639509e-08
2.126987057743535296e-08
2.143814231712375090e-08
2.160395943710583969e-08
2.177105909905781565e-08
2.193945122302846706e-08
2.210914580579482351e-08
2.228015292145580357e-08
2.245248272203023987e-08
2.262614543805955302e-08
2.280115137921510066e-08
2.297751093491023821e-08
2.315523457491702498e-08
2.333433284998797288e-08
2.351481639248213277e-08
2.369669591699645828e-08
2.387609398682828533e-08
2.404299280185840350e-08
2.421105827398385081e-08
2.438029855837798532e-08
2.455072186722065374e-08
2.472233647009638293e-08
2.489515069439585364e-08
2.506917292571991544e-08
2.524441160828650325e-08
2.542087524534031350e-08
2.559857239956563999e-08
2.577751169350153921e-08
2.595770180996044651e-08
2.613915149244944937e-08
2.632186954559449197e-08
2.649025457727322200e-08
2.665320949019107338e-08
2.681716682094405901e-08
2.698213273590961500e-08
2.714811343939789695e-08
2.731511517388467762e-08
2.748314422024651105e-08
2.765220689799679669e-08
2.782230956552332251e-08
2.799345862032753858e-08
2.816566049926525337e-08
2.833892167878863704e-08
2.851324867518959780e-08
2.868864804484527262e-08
2.885988507351928816e-08
2.901020728979921988e-08
2.916131248801577177e-08
2.931320474647983770e-08
2.946588816474477618e-08
2.961936686371726253e-08
2.977364498576868359e-08
2.992872669484656561e-08
3.008461617658721638e-08
3.024131763842862876e-08
3.039883530972397318e-08
3.055717344185601326e-08
3.071633630835144200e-08
3.087632820499651507e-08
3.103715344995288912e-08
3.117609412646453123e-08
3.130494093990332254e-08
3.143432026075846237e-08
3.156423428981494251e-08
3.169468523695355850e-08
3.182567532118801364e-08
3.195720677070316121e-08
3.208928182289239965e-08
3.222190272439619930e-08
3.235507173114007996e-08
3.248879110837283982e-08
3.262306313070551902e-08
3.275789008214956244e-08
3.289327425615621995e-08
3.302262434295374384e-08
3.311950102741602578e-08
3.321666191376047574e-08
3.331410783573475933e-08
3.341183962953240275e-08
3.350985813380022414e-08
3.360816418964513635e-08
3.370675864064162464e-08
3.380564233283892661e-08
3.390481611476821214e-08
3.400428083745016032e-08
3.410403735440182841e-08
3.420408652164426189e-08
3.430442919770976700e-08
3.440506624364920982e-08
3.447494912582257826e-08
3.452850721167536261e-08
3.458214850196014104e-08
3.463587312593802572e-08
3.468968121307094184e-08
3.474357289302192533e-08
3.479754829565545379e-08
3.485160755103776406e-08
3.490575078943715007e-08
3.495997814132426721e-08
3.501428973737247645e-08
3.506868570845815532e-08
3.512316618566097591e-08
3.517773130026426216e-08
3.522471449654515386e-08
3.522480874709024381e-08
3.522490299788752460e-08
3.522499724893691017e-08
3.522509150023855937e-08
3.522518575179232660e-08
3.522528000359835083e-08
3.522537425565649309e-08
3.522546850796689897e-08
3.522556276052949567e-08
3.522565701334420379e-08
3.522575126641118215e-08
3.522584551973027854e-08
3.522593977330164516e-08
3.522603402712512982e-08
3.518757843553679922e-08
3.512628829906740077e-08
3.506510491847593794e-08
3.500402810781377074e-08
3.494305768145615665e-08
3.488219345410166165e-08
3.482143524077161760e-08
3.476078285680955973e-08
3.470023611788064435e-08
3.463979483997112604e-08
3.457945883938775548e-08
3.451922793275725665e-08
3.445910193702575114e-08
3.439908066945820225e-08
3.433151663875380286e-08
3.420470901894943475e-08
3.407836977846566093e-08
3.395249718728672853e-08
3.382708952178684165e-08
3.370214506470670256e-08
3.357766210512969552e-08
3.345363893845891094e-08
3.333007386639348151e-08
3.320696519690551368e-08
3.308431124421660241e-08
3.296211032877517966e-08
3.284036077723330033e-08
3.271906092242353423e-08
3.259820910333653950e-08
3.243570756451264098e-08
3.224617830463933043e-08
3.205775650759150473e-08
3.187043570221063862e-08
3.168420945515041936e-08
3.149907137065628653e-08
3.131501509034530275e-08
3.113203429298824782e-08
3.095012269429205700e-08
3.076927404668446947e-08
3.058948213909896802e-08
3.041074079676190908e-08
3.023304388098026153e-08
3.005638528893058964e-08
2.987471694126490931e-08
2.963132868654484159e-08
2.938992330726597518e-08
2.915048464901272630e-08
2.891299668897895273e-08
2.867744353489575571e-08
2.844380942396797374e-08
2.821207872181938182e-08
2.798223592144645678e-08
2.775426564218068587e-08
2.752815262865931253e-08
2.730388174980447307e-08
2.708143799781066146e-08
2.686080648714042948e-08
2.664197245352826604e-08
2.638851133890846867e-08
2.611071235669525428e-08
2.583583783935720899e-08
2.556385700026315979e-08
2.529473937688105842e-08
2.502845482736630796e-08
2.476497352718549289e-08
2.450426596577611122e-08
2.424630294324146520e-08
2.399105556707991305e-08
2.373849524894896819e-08
2.348859370146348826e-08
2.324132293502713657e-08
2.299665525469764556e-08
2.275142665090130018e-08
2.246070686270035091e-08
2.217370191825617043e-08
2.189036434895908152e-08
2.161064729275773511e-08
2.133450448640817978e-08
2.106189025782238817e-08
2.079275951851452300e-08
2.052706775614337780e-08
2.026477102715051246e-08
2.000582594949221091e-08
1.975018969546455291e-08
1.949781998461978004e-08
1.924867507677351932e-08
1.900271376510136866e-08
1.873933313991280315e-08
1.846284175123874562e-08
1.819042988276110521e-08
1.792203734278594060e-08
1.765760482772376038e-08
1.739707390898600274e-08
1.714038702007451962e-08
1.688748744386192775e-08
1.663831930005941212e-08
1.639282753286963585e-08
1.615095789882150087e-08
1.591265695478469783e-08
1.567787204616109406e-08
1.544655129525002801e-08
1.521793641540050217e-08
1.497286255088282290e-08
1.473173542378276199e-08
1.449449147474744161e-08
1.426106816800132502e-08
1.403140397486241607e-08
1.380543835752363629e-08
1.358311175309552160e-08
1.336436555790591402e-08
1.314914211205234557e-08
1.293738468420347628e-08
1.272903745664504351e-08
1.252404551056664151e-08
1.232235481158568525e-08
1.212391219550422874e-08
1.192178111567765393e-08
1.171678923719557147e-08
1.151532213993834229e-08
1.131731921622352532e-08
1.112272090050168846e-08
1.093146865143738025e-08
1.074350493429786897e-08
1.055877320364505007e-08
1.037721788632460759e-08
1.019878436474802726e-08
1.002341896046172398e-08
9.851068917999012180e-09
9.681682389009524118e-09
9.515208416661548117e-09
9.351515084991187537e-09
9.179652687394968810e-09
9.010948781598183393e-09
8.845345320752853162e-09
8.682785324797698627e-09
8.523212860852507538e-09
8.366573023973059944e-09
8.212811918259687850e-09
8.061876638313022426e-09
7.913715251030566108e-09
7.768276777737781490e-09
7.625511176647590781e-09
7.485369325642240774e-09
7.347803005371583435e-09
7.212764882661997537e-09
7.074620839834653769e-09
6.933512151362688490e-09
6.795217982907167755e-09
6.659682196727655485e-09
6.526849774793605189e-09
6.396666796450979732e-09
6.269080416534050612e-09
6.144038843914181037e-09
6.021491320476047968e-09
5.901388100513583044e-09
5.783680430536625234e-09
5.668320529480348398e-09
5.555261569309668426e-09
5.444457656010150515e-09
5.335863810958442628e-09
5.223157720338966374e-09
5.112710928839686483e-09
5.004599600752679497e-09
4.898774351308395179e-09
4.795186840007690555e-09
4.693789748540165706e-09
4.594536759169432267e-09
4.497382533575240389e-09
4.402282692143293221e-09
4.309193793692705288e-09
4.218073315632324235e-09
4.128879634536650687e-09
4.041572007132325902e-09
3.956110551686922022e-09
3.872615271668830717e-09
3.791059665438138125e-09
3.711221585075898226e-09
3.633064860228592192e-09
3.556554082274735171e-09
3.481654588283143462e-09
3.408332445308961047e-09
3.336554435020548024e-09
3.266288038649977397e-09
3.197501422260540570e-09
3.130163422324496437e-09
3.064243531604547547e-09
2.999711885332648818e-09
2.936539247679878781e-09
2.874696998511256757e-09
2.815072583045687489e-09
2.756728082716229501e-09
2.699592816116361310e-09
2.643641720965950079e-09
2.588850254419457150e-09
2.535194382300353591e-09
2.482650568558495672e-09
2.431195764946122930e-09
2.380807400907765964e-09
2.331463373679753125e-09
2.283142038594812899e-09
2.235822199587713865e-09
2.189483099897673134e-09
2.144104412963386610e-09
2.099881587242182155e-09
2.056838598314892131e-09
2.014677896706579634e-09
1.973381397453065497e-09
1.932931386292454126e-09
1.893310512066550233e-09
1.854501779278036374e-09
1.816488540800168937e-09
1.779254490735988476e-09
1.742783657423822933e-09
1.707060396586208882e-09
1.672069384619201457e-09
1.637795612019316162e-09
1.604224376945099925e-09
1.571341278910778897e-09
1.540370404885468750e-09
1.510105077595285739e-09
1.480434406001612637e-09
1.451346706259278322e-09
1.422830524088326299e-09
1.394874630263426740e-09
1.367468016192036727e-09
1.340599889579348289e-09
1.314259670178475950e-09
1.288436985624109281e-09
1.263121667348060065e-09
1.238303746575007089e-09
1.213973450396971173e-09
1.190121197924885489e-09
1.167060480897975039e-09
1.144894849391952620e-09
1.123150203111724482e-09
1.101818546410498307e-09
1.080892035500417020e-09
1.060362975568354314e-09
1.040223817946469132e-09
1.020467157336520880e-09
1.001085729086880809e-09
9.820724065212806471e-10
9.634201983182971780e-10
9.451222459405876036e-10
9.271718211129521329e-10
9.095623233483290010e-10
8.922872775207228881e-10
8.757740543520715316e-10
8.596133661830648239e-10
8.437508917380145603e-10
8.281811280690228535e-10
8.128986737742542448e-10
7.978982271241341121e-10
7.831745842220885901e-10
7.687226371992134738e-10
7.545373724422848086e-10
7.406138688544525237e-10
7.269472961480300168e-10
7.135329131688008720e-10
7.003660662512188084e-10
6.874421876039874913e-10
6.748044297799405633e-10
6.624729477007033166e-10
6.503668130607506137e-10
6.384819078256075710e-10
6.268141892144000832e-10
6.153596883246687096e-10
6.041145087822982446e-10
5.930748254161331503e-10
5.822368829567861600e-10
5.715969947592621362e-10
5.611515415488877413e-10
5.508969701901836872e-10
5.408297924782327823e-10
5.309465839521152946e-10
5.212439827300502597e-10
5.116038119306527701e-10
5.021256925356189080e-10
4.928231675071055400e-10
4.836929837333668366e-10
4.747319483707404750e-10
4.659369277270986721e-10
4.573048461660013771e-10
4.488326850311337938e-10
4.405174815906709937e-10
4.323563280012173451e-10
4.243463702909133196e-10
4.164848073614084270e-10
4.087688900083042146e-10
4.011959199597555355e-10
3.936637253770310032e-10
3.860999770691577497e-10
3.786815565747869451e-10
3.714056716046335127e-10
3.642695835196987066e-10
3.572706063004526766e-10
3.504061055358222187e-10
3.436734974315915755e-10
3.370702478378693364e-10
3.305938712952330239e-10
3.242419300992091725e-10
3.180120333827144971e-10
3.119018362161388596e-10
3.059090387247192563e-10
3.000313852228601007e-10
2.939926799196313709e-10
2.880272172390253431e-10
2.821828009225785407e-10
2.764569747949585340e-10
2.708473325195678446e-10
2.653515165872487490e-10
2.599672173255250629e-10
2.546921719279309213e-10
2.495241635030480161e-10
2.444610201428321157e-10
2.395006140098507961e-10
2.346408604430321804e-10
2.298797170815687682e-10
2.252151830065927492e-10
2.205400625575179933e-10
2.157567820539326447e-10
2.110772458411162171e-10
2.064992038152190604e-10
2.020204546747655095e-10
1.976388448621754257e-10
1.933522675282553299e-10
1.891586615191405609e-10
1.850560103852103493e-10
1.810423414115017301e-10
1.771157246691525823e-10
1.732742720874147642e-10
1.695161365457946985e-10
1.658395109858869819e-10
1.622426275424716353e-10
1.585090886771175326e-10
1.548157226567119108e-10
1.512084144937738241e-10
1.476851589836225604e-10
1.442439976441652069e-10
1.408830176272298482e-10
1.376003506552650068e-10
1.343941719828150564e-10
1.312626993821935626e-10
1.282041921527913974e-10
1.252169501534680521e-10
1.222993128574912993e-10
1.194496584294929131e-10
1.166664028239344716e-10
1.138853158478968183e-10
1.110328521873958244e-10
1.082518336370383170e-10
1.055404707248555965e-10
1.028970187994388349e-10
1.003197769073296405e-10
9.780708669852420430e-11
9.535733135939315924e-11
9.296893457232835483e-11
9.064035950144562800e-11
8.837010780369442622e-11
8.615671866473591936e-11
8.399876785896744433e-11
8.189486683309211585e-11
7.984366181264015312e-11
7.773098665459674470e-11
7.564576928088471139e-11
7.361649010740327934e-11
7.164164853172899649e-11
6.971978420671340191e-11
6.784947596059111058e-11
6.602934074605969230e-11
6.425803261754884478e-11
6.253424173592668239e-11
6.085669339990603221e-11
5.922414710343283486e-11
5.763539561836377679e-11
5.608926410174972165e-11
5.458460922706735816e-11
5.309391128825785479e-11
5.157821757847183266e-11
5.010579300004462576e-11
4.867540233129776030e-11
4.728584561293318051e-11
4.593595714138490671e-11
4.462460449090508664e-11
4.335068756356989344e-11
4.211313766640242678e-11
4.091091661484400487e-11
3.974301586181727434e-11
3.860845565165252750e-11
3.750628419816791329e-11
3.643557688621324659e-11
3.539543549600694746e-11
3.434169715718542086e-11
3.330661982317309609e-11
3.230274028007037189e-11
3.132911820957838139e-11
3.038484163510110488e-11
2.946902606751018677e-11
2.858081367665833089e-11
2.771937248786290033e-11
2.688389560260859976e-11
2.607360044273797718e-11
2.528772801742246034e-11
2.452554221222784605e-11
2.378632909960717319e-11
2.306939627017633392e-11
2.236583519778645418e-11
2.166032305223126809e-11
2.097706571554515430e-11
2.031536117781812584e-11
1.967452957347404557e-11
1.905391248274513659e-11
1.845287225518169563e-11
1.787079135450068164e-11
1.730707172410063644e-11
1.676113417259085432e-11
1.623241777870386189e-11
1.572037931497884271e-11
1.522449268962480508e-11
1.474424840599032142e-11
1.427915303908268644e-11
1.381618196832269854e-11
1.336397932824385520e-11
1.292657724798409710e-11
1.250349130628729120e-11
1.209425293697004882e-11
1.169840890998634454e-11
1.131552082947708710e-11
1.094516464824777180e-11
1.058693019813819993e-11
1.024042073576244343e-11
9.905252503117006233e-12
9.581054302570226577e-12
9.267467085762055795e-12
8.964143555959474260e-12
8.668770492991641491e-12
8.376644308901655086e-12
8.094362393673057888e-12
7.821593008370163587e-12
7.558015593223766335e-12
7.303320390908012645e-12
7.057208082512301727e-12
6.819389435780328427e-12
6.589584965203027439e-12
6.367524603566044024e-12
6.152947384565646304e-12
5.945601136119803387e-12
5.745242184014638859e-12
5.551635065537377662e-12
5.364552252759379086e-12
5.183773885144629516e-12
5.009087511168404199e-12
4.840287838643492915e-12
4.677176493459874341e-12
4.519561786454469153e-12
4.367258488137433587e-12
4.220087611009515330e-12
4.077876199215137890e-12
3.940457125284044765e-12
3.807668893722250310e-12
3.679355451221883881e-12
3.555366003266694707e-12
3.435554836917643647e-12
3.319781149570397281e-12
3.207908883483525555e-12
3.099806565882888735e-12
2.995347154454169008e-12
2.894407888042280682e-12
2.796870142381897650e-12
2.702619290689621409e-12
2.611544568954223552e-12
2.523538945766217973e-12
2.438498996534059503e-12
2.356324781939191229e-12
2.276919730486847127e-12
2.200190525014842842e-12
2.126046993026860265e-12
2.054402000721314574e-12
1.985171350591316688e-12
1.918273682475423213e-12
1.853630377942802328e-12
1.791165467900535937e-12
1.730805543314388055e-12
1.672479668938207590e-12
1.616119299950465476e-12
1.561658201400170201e-12
1.509032370367183574e-12
1.458179960745764119e-12
1.409041210562738881e-12
1.361558371744932791e-12
1.315675642253451561e-12
1.271339100504841493e-12
1.228496642002199826e-12
1.187097918101780065e-12
1.147094276843011069e-12
1.108438705772515778e-12
1.071085776694881380e-12
1.034991592285235727e-12
1.000113734500911694e-12
9.664112147315891136e-13
9.338444256293112926e-13
9.023750945617305843e-13
8.719662386339717421e-13
8.425821212261633882e-13
8.141882099955835339e-13
7.867511362941418235e-13
7.602386559533740942e-13
7.346196113909493466e-13
7.098638949941628364e-13
6.859424137373311143e-13
6.628270549915220755e-13
6.404906534865058002e-13
6.189069593859893216e-13
5.980506074386911628e-13
5.778970871690050978e-13
5.584227140721647039e-13
5.396046017801183991e-13
5.214206351653762011e-13
5.038494443511999591e-13
4.868703795976491130e-13
4.704634870339008808e-13
4.546094852083814115e-13
4.392897424291234170e-13
4.244862548677165239e-13
4.101816254011263586e-13
3.963590431665237825e-13
3.830022638050901964e-13
3.700955903715652065e-13
3.576238548871392114e-13
3.455724005139752498e-13
3.339270643304194720e-13
3.226741606866913623e-13
3.118004651214380102e-13
3.012931988202874716e-13
2.911400135981393303e-13
2.813289773875151590e-13
2.718485602159445811e-13
2.626876206558935542e-13
2.538353927313079647e-13
2.452814732653895673e-13
2.370158096547396575e-13
2.290286880554985164e-13
2.213107219675870830e-13
2.138528412036579654e-13
2.066462812297694735e-13
1.996825728652614702e-13
1.929535323297484992e-13
1.864512516254951944e-13
1.801680892439096205e-13
1.740966611852071472e-13
1.682298322806970423e-13
1.625607078075095732e-13
1.570826253858820770e-13
1.517891471495031879e-13
1.466740521797025370e-13
1.417313291946018876e-13
1.369551694846293227e-13
1.323399600861002189e-13
1.278802771848365732e-13
1.235708797420760485e-13
1.194067033351814826e-13
1.153828542059108087e-13
1.114946035092476281e-13
1.077373817560453408e-13
1.041067734429424996e-13
1.005985118632411785e-13
9.720847409265975982e-14
9.393267614405136048e-14
9.076726828540407008e-14
8.770853051562185240e-14
8.475286819276036442e-14
8.189680780958931473e-14
7.913699291151257253e-14
7.647018015204580233e-14
7.389323548122412839e-14
7.140313046245076859e-14
6.899693871346616644e-14
6.667183246725130693e-14
6.442507924882277713e-14
6.225403866401702016e-14
6.015615929648565604e-14
5.812897570926287312e-14
5.617010554737140536e-14
5.427724673806815258e-14
5.244817478543988735e-14
5.068074015616436659e-14
4.897286575337015433e-14
4.732254447562387617e-14
4.572783685817448054e-14
4.418686879368722689e-14
4.269782932978413134e-14
4.125896854080363335e-14
3.986859547128247982e-14
