6.784317767814728399e-09
6.886609315422125168e-09
6.990443178862892396e-09
7.095842612630567956e-09
7.202831221841644521e-09
7.311432967522313285e-09
7.421672171974627798e-09
7.533573524223753817e-09
7.647162085547170433e-09
7.762463295087533895e-09
7.879502975549889872e-09
7.998307338984905046e-09
8.118902992659323255e-09
8.241316945014764523e-09
8.365576611716691735e-09
8.491709821794257999e-09
8.619744823872890875e-09
8.749710292500852597e-09
8.881635334571012090e-09
9.015549495839794165e-09
9.151482767544075175e-09
9.289465593118007044e-09
9.429528875011131224e-09
9.571703981609094479e-09
9.715898829076903950e-09
9.862013655783236015e-09
1.001032586463186760e-08
1.016086850147027076e-08
1.031367510911369358e-08
1.046877973481887109e-08
1.062621693787020447e-08
1.078602179728003669e-08
1.094822991960460767e-08
1.111287744687778672e-08
1.128000106466390413e-08
1.144963801023170508e-08
1.162182608085140965e-08
1.179660364221636931e-08
1.197400963699135153e-08
1.215408359348961148e-08
1.233686563448020168e-08
1.252239648612788522e-08
1.271071748706734520e-08
1.290187059761411045e-08
1.309589840911374296e-08
1.329284415343178817e-08
1.349275171258627338e-08
1.369566562852534324e-08
1.390163111305169498e-08
1.411069405789625356e-08
1.432290104494360307e-08
1.453829935661094443e-08
1.475693698638312563e-08
1.497886264950637969e-08
1.520412579384257878e-08
1.543277661088688623e-08
1.566486604695108121e-08
1.590044581451493519e-08
1.613956840374857309e-08
1.638228709420788407e-08
1.662865596670577097e-08
1.687872991536224619e-08
1.713256465983543852e-08
1.739021675773653853e-08
1.765174361723176944e-08
1.791720350983350120e-08
1.818665558338397510e-08
1.846015987523403466e-08
1.873777732562044271e-08
1.901956979124402464e-08
1.930560005905201613e-08
1.959593186022801997e-08
1.989062988439198069e-08
2.018975979401392254e-08
2.049338823904423014e-08
2.080158287176433965e-08
2.111441236186037826e-08
2.143194641172371592e-08
2.175425577198137724e-08
2.208141225726044636e-08
2.241278428622488117e-08
2.274898552238229416e-08
2.309022991916407655e-08
2.343659312611079416e-08
2.378815192753822376e-08
2.414498425955929083e-08
2.450716922736158951e-08
2.487478712274381669e-08
2.524791944191573272e-08
2.562664890356468260e-08
2.601105946719312807e-08
2.640123635173175327e-08
2.679726605443101260e-08
2.719923637003682175e-08
2.760723641025340288e-08
2.802135662349802515e-08
2.844168881495260734e-08
2.886832616691560337e-08
2.930136325945914410e-08
2.974089609139665300e-08
3.018702210156407911e-08
3.063984019042128201e-08
3.109945074197679805e-08
3.156595564604153990e-08
3.203945832081683928e-08
3.252006373582073696e-08
3.300787843515822778e-08
3.350301056114115821e-08
3.400556987826148881e-08
3.451566779752516113e-08
3.503341740115020207e-08
3.555893346763579550e-08
3.609233249720687408e-08
3.663373273764129864e-08
3.718325421048325146e-08
3.774101873765103597e-08
3.830714996844322011e-08
3.888177340694985331e-08
3.946501643987562608e-08
4.005700836477963749e-08
4.065788041873875846e-08
4.126776580744173780e-08
4.188679973471893468e-08
4.251511943251505594e-08
4.315286419131232294e-08
4.380017539100868715e-08
4.445719653226061010e-08
4.512407326829502687e-08
4.580095343719856627e-08
4.648798709469190256e-08
4.718532654739494292e-08
4.789312638659097681e-08
4.861154352249815844e-08
4.934073721905422503e-08
5.008086912922298729e-08
5.083155715861032328e-08
5.159238588224033823e-08
5.236460242043010881e-08
5.314837722194984800e-08
5.394388328678694845e-08
5.475129620433095573e-08
5.557079419213111589e-08
5.640255813523411418e-08
5.724677162610942301e-08
5.810362100517393894e-08
5.897329540192140782e-08
5.985598677666922444e-08
6.075188996292827791e-08
6.166120271040886576e-08
6.258412572866830173e-08
6.352086273141393514e-08
6.447162048146723311e-08
6.543660883640225994e-08
6.641604079486726196e-08
6.741013254359817248e-08
6.841910350513786725e-08
6.944317638626750994e-08
7.048257722716494297e-08
7.153753545129666192e-08
7.260828391605888465e-08
7.369505896417426645e-08
7.479810047585956077e-08
7.591765192177403257e-08
7.705396041675876219e-08
7.820727677438284079e-08
7.937785556230324678e-08
8.056595515845605864e-08
8.177183780808600533e-08
8.299576968163234057e-08
8.423802093347854515e-08
8.549886576158315525e-08
8.677858246800297966e-08
8.807745352032070996e-08
8.939576561399431437e-08
9.073380973563701629e-08
9.209188122724720717e-08
9.347027985139686973e-08
9.486930985739861544e-08
9.628928004846030943e-08
9.773050384984672502e-08
9.919329937806147580e-08
1.006779895110623809e-07
1.021849019595308966e-07
1.037143693392048787e-07
1.052667292442974924e-07
1.068423243220115215e-07
1.084415023481724224e-07
1.100646163039900364e-07
1.117120244539726904e-07
1.133840904250041549e-07
1.150811832866064343e-07
1.168004726944168324e-07
1.185447945160054579e-07
1.203151663915626279e-07
1.221119773578499510e-07
1.239356222615814402e-07
1.257865018461927201e-07
1.276650228399015907e-07
1.295715980450881872e-07
1.315066464290056448e-07
1.334705932158493237e-07
1.354638699801985198e-07
1.374869147418535554e-07
1.395401720620919150e-07
1.416240931413577201e-07
1.437391359184147175e-07
1.458857651709753819e-07
1.480644526178374983e-07
1.502756770225413017e-07
1.525199242985792272e-07
1.547976876161738630e-07
1.571094675106504427e-07
1.594557719924309818e-07
1.618371166586663648e-07
1.642540248065405809e-07
1.667070275482620371e-07
1.691966639277773933e-07
1.717234810392229257e-07
1.742880341471501598e-07
1.768908868085434547e-07
1.795326109966597938e-07
1.822137872267216177e-07
1.849350046834813367e-07
1.876968613506967751e-07
1.904999641425343570e-07
1.933449290369402408e-07
1.962323812109994662e-07
1.991629551783166253e-07
2.021372949284520701e-07
2.051560540684345694e-07
2.082198959663937173e-07
2.113294938973308896e-07
2.144855311910739289e-07
2.176887013824343817e-07
2.209397083636138980e-07
2.242392665388823205e-07
2.275881009815655805e-07
2.309869475933827326e-07
2.344365532661557415e-07
2.379376760459415968e-07
2.414910852996080924e-07
2.450975618839050701e-07
2.487578983170523834e-07
2.524728989528986331e-07
2.562433801576748678e-07
2.600701704893886973e-07
2.638788117861274991e-07
2.675900701718799440e-07
2.713535246347353386e-07
2.751699092735307440e-07
2.790399685116554719e-07
2.829644572422563019e-07
2.869441409754897124e-07
2.909797959878403955e-07
2.950722094735418430e-07
2.992221796981270615e-07
3.034305161541356743e-07
3.076980397190172210e-07
3.120255828152486017e-07
3.164139895727072223e-07
3.208641159933273170e-07
3.253768301180689362e-07
3.299530121962418444e-07
3.345935548572042331e-07
3.392993632844794494e-07
3.440713553923216548e-07
3.489104620047613316e-07
3.538176270371756895e-07
3.587938076804060995e-07
3.638399745874679782e-07
3.689571120628872686e-07
3.741462182546955453e-07
3.794083053491331369e-07
3.847443997680830829e-07
3.901555423692855823e-07
3.956427886493680845e-07
4.012072089497275534e-07
4.068498886653154594e-07
4.125719284563518120e-07
4.183744444630204299e-07
4.242585685231831964e-07
4.302254483931569731e-07
4.362762479715911848e-07
4.424121475265030888e-07
4.486343439254972546e-07
4.549440508692278012e-07
4.613424991281394483e-07
4.678309367825465637e-07
4.744106294660799087e-07
4.810828606125620669e-07
4.878489317063544903e-07
4.947101625362213205e-07
5.016678914527725592e-07
5.087234756295190400e-07
5.158782913276032593e-07
5.231337341642537628e-07
5.304912193850097825e-07
5.379521821397850502e-07
5.455180777628041395e-07
5.531903820564799469e-07
5.609705915792853559e-07
5.688602239376671548e-07
5.758478844328609529e-07
5.827156171843427997e-07
5.896652565546052069e-07
5.966977793862893024e-07
6.038141741721514051e-07
6.110154411940059687e-07
6.183025926633252158e-07
6.256766528635154737e-07
6.331386582938924468e-07
6.406896578153663309e-07
6.483307127978776381e-07
6.560628972695786514e-07
6.638872980677996835e-07
6.718050149918160215e-07
6.798171609574352514e-07
6.879248621534291028e-07
6.961292581998323658e-07
7.044315023081220098e-07
7.128327614433219249e-07
7.213342164880254525e-07
7.299370624083822911e-07
7.386425084220631180e-07
7.474517781682271263e-07
7.563661098795190527e-07
7.653867565561073433e-07
7.745149861418229610e-07
7.837520817023606118e-07
7.930993416056432940e-07
8.025580797043136406e-07
8.121296255204108189e-07
8.218153244322483391e-07
8.316165378635223123e-07
8.415346434746669933e-07
8.515710353565085347e-07
8.617271242262127192e-07
8.720043376255765364e-07
8.824041201216841477e-07
8.929279335099555063e-07
9.035772570196165396e-07
9.143535875216196910e-07
9.252584397390465864e-07
9.362933464600102955e-07
9.474598587531153133e-07
9.587595461854684894e-07
9.701939970433002989e-07
9.817648185552135055e-07
9.934736371180984946e-07
1.005322098525729255e-06
1.017311868200119629e-06
1.029444631425585195e-06
1.041722093585651612e-06
1.054145980402751807e-06
1.066718038180796948e-06
1.079440034050636848e-06
1.092313756218449835e-06
1.104583452423154245e-06
1.115456186920666202e-06
1.126435944889507068e-06
1.137523779792673636e-06
1.148720755462694200e-06
1.160027946203718047e-06
1.170969921318090664e-06
1.181894059069729880e-06
1.192920109589104681e-06
1.204049023634292035e-06
1.215281760833127994e-06
1.226438039241860566e-06
1.237189762015324215e-06
1.248035741113933243e-06
1.258976802847574685e-06
1.270013780770084585e-06
1.281147515742755984e-06
1.291795100744461148e-06
1.302314934343762363e-06
1.312920437023936387e-06
1.323612306437785887e-06
1.334391245919510370e-06
1.345082638424706514e-06
1.355141570770304866e-06
1.365275726836021851e-06
1.375485669167457146e-06
1.385771964517083840e-06
1.396135183875728838e-06
1.405892908802965488e-06
1.415370347901206781e-06
1.424911676539897646e-06
1.434517325412739509e-06
1.444187728116848017e-06
1.453773348725297844e-06
1.462410939390917083e-06
1.471099850279574099e-06
1.479840386310249288e-06
1.488632854213587603e-06
1.497477562542681287e-06
1.505580580737611642e-06
1.513186364563491479e-06
1.520830570741748919e-06
1.528513393371663704e-06
1.536235027533052349e-06
1.543903894507742986e-06
1.550220332814482590e-06
1.556562613010101780e-06
1.562930840819249588e-06
1.569325122399116232e-06
1.575745564341207437e-06
1.581309311345288116e-06
1.586102126686415414e-06
1.590909468647179254e-06
1.595731381256540911e-06
1.600567908676908735e-06
1.605419095204543883e-06
1.608396021528918072e-06
1.611368064309362400e-06
1.614345598920286441e-06
1.617328635509656934e-06
1.620317184244192871e-06
1.622363821045211939e-06
1.623303315047278459e-06
1.624243353100542683e-06
1.625183935520059150e-06
1.626125062621064301e-06
1.627066734718981135e-06
1.625887657917312310e-06
1.624542356100519078e-06
1.623198167421506039e-06
1.621855090959233918e-06
1.620513125793425559e-06
1.618210084071254711e-06
1.614427868932411784e-06
1.610654493901226836e-06
1.606889938315865519e-06
1.603134181562785586e-06
1.599387203076624872e-06
1.593391270700045577e-06
1.587049687964391840e-06
1.580733344272234696e-06
1.574442139174001093e-06
1.568175972619887884e-06
1.561059616370541564e-06
1.552171349912038363e-06
1.543333690925411164e-06
1.534546351264919068e-06
1.525809044425425529e-06
1.517121485533104705e-06
1.506360760926934890e-06
1.495122051730717045e-06
1.483967192690234335e-06
1.472895558213304172e-06
1.461906527375186885e-06
1.450326056673640622e-06
1.436915575908893266e-06
1.423629095532553750e-06
1.410465468971530036e-06
1.397423560254558255e-06
1.384502243914162664e-06
1.370035271940290589e-06
1.355091776846937421e-06
1.340311276130572179e-06
1.325691991949620208e-06
1.311232165854089090e-06
1.296558705589233624e-06
1.280486794986248123e-06
1.264614108922277708e-06
1.248938177845453565e-06
1.233456562816024240e-06
1.218166855126902882e-06
1.202166204157064173e-06
1.185910686787307764e-06
1.169874974170040670e-06
1.154056094137226396e-06
1.138451114710045165e-06
1.122961484023984084e-06
1.107007038688547220e-06
1.091279265709716303e-06
1.075774944646030009e-06
1.060490900810363486e-06
1.045424004619874188e-06
1.030465112926345928e-06
1.015647234776923280e-06
1.001042434693021404e-06
9.866476486555196998e-07
9.724598567052678696e-07
9.584926024202332325e-07
9.450064210378379712e-07
9.317099929073922442e-07
9.186006481629327182e-07
9.056757545040460108e-07
8.929327166673030856e-07
8.806158242211166794e-07
8.686926526464810260e-07
8.569309158501993896e-07
8.453284280725937692e-07
8.338830331482620436e-07
8.225926041053836361e-07
8.117078592034822183e-07
8.009703685822972629e-07
7.903749163848310443e-07
7.799196236884803114e-07
7.696026364255388070e-07
7.593116614987596060e-07
7.490269384723717866e-07
7.388815199412152957e-07
7.288735190540549904e-07
7.190010745166640493e-07
7.092623502456815235e-07
6.988340901105209433e-07
6.884884413175800239e-07
6.782959511218833381e-07
6.682543521396813737e-07
6.583614105539364724e-07
6.481178401850281095e-07
6.372553144150030764e-07
6.265748457629731636e-07
6.160733829317592406e-07
6.057479257642610711e-07
5.955955243863353558e-07
5.845671012177874886e-07
5.735646580388075735e-07
5.627692975978979460e-07
5.521771222825299581e-07
5.417843078391753183e-07
5.313382141195909126e-07
5.205707776613080778e-07
5.100215406187689878e-07
4.996860812352056651e-07
4.895600673596491596e-07
4.796392546310897516e-07
4.696946043913726231e-07
4.598956053544458344e-07
4.503010378379758938e-07
4.409066368913890668e-07
4.317082265416007175e-07
4.226764233218782027e-07
4.137594879177802748e-07
4.050306674228989390e-07
3.964859932967578296e-07
3.881215807206531678e-07
3.799336268314280717e-07
3.717734166042621907e-07
3.637324007212411027e-07
3.558653024276535158e-07
3.481683600933308086e-07
3.406378934476864975e-07
3.332219108324768006e-07
3.257559400750781049e-07
3.184572473913556650e-07
3.113220848488755619e-07
3.043467884891400773e-07
2.975277764461107306e-07
2.909375847090168238e-07
2.845335768906301260e-07
2.782705316645430176e-07
2.721453462156135772e-07
2.661549860266905033e-07
2.603350863041834304e-07
2.549325602858675739e-07
2.496421485729755568e-07
2.444615245469159154e-07
2.393884098715515606e-07
2.344205734912362728e-07
2.295603097200433406e-07
2.248039721861542673e-07
2.201461828148978042e-07
2.155848997536322772e-07
2.111181234555495865e-07
2.067282782744907667e-07
2.021239080021880989e-07
1.976220888940580949e-07
1.932205368720073344e-07
1.889170187302343922e-07
1.847093510021717057e-07
1.805174040368951777e-07
1.763484845136064684e-07
1.722758431862308738e-07
1.682972565791283808e-07
1.644105525662274616e-07
1.606136091851449340e-07
1.570010553032311298e-07
1.534716901489019334e-07
1.500216647058159753e-07
1.466491954266475816e-07
1.433525388580046361e-07
1.401918189812366262e-07
1.371758919819211560e-07
1.342248461984381902e-07
1.313372858502625597e-07
1.285118451841021609e-07
1.257471878279232067e-07
1.231181798171049094e-07
1.205513074517809379e-07
1.180379514213282522e-07
1.155769959717514002e-07
1.131673486112416745e-07
1.107917740066326033e-07
1.084400842695828176e-07
1.061383119985983862e-07
1.038853976349383897e-07
1.016803041102797711e-07
9.952201636933291538e-08
9.742897834228465547e-08
9.538345833324738656e-08
9.338088398759038195e-08
9.142035366172423147e-08
8.950098464205381627e-08
8.765149479947161100e-08
8.590448451199239511e-08
8.419229445149876110e-08
8.251423060478687861e-08
8.086961279125400550e-08
7.925777438719727065e-08
7.770531586227740731e-08
7.619093482953453954e-08
7.470606722051156685e-08
7.325013785488012993e-08
7.182258276186917076e-08
7.042863165998537438e-08
6.907938161574298935e-08
6.775598008848849466e-08
6.645793188029051779e-08
6.518475128006785180e-08
6.393596188184188704e-08
6.274656989861645723e-08
6.159357092318113386e-08
6.046175886903085411e-08
5.935074441610301396e-08
5.826014539828177738e-08
5.720611467084074987e-08
5.624741821059595036e-08
5.530478819548849066e-08
5.437795537381051018e-08
5.346665500614564504e-08
5.257062678974843455e-08
5.168961478419316539e-08
5.082336733826605425e-08
4.997163701808486727e-08
4.913418053642145860e-08
4.831075868320990360e-08
4.750113625721866051e-08
4.670508199886830442e-08
4.592236852417419380e-08
4.515277225979760537e-08
4.439607337918340717e-08
4.365205573977035311e-08
4.292050682125128168e-08
4.220121766486989093e-08
4.149398281373336406e-08
4.079860025412620788e-08
4.011487135780753618e-08
3.944260082527453308e-08
3.878159662997802123e-08
3.813166996347163230e-08
3.749263518148115305e-08
3.686430975087711955e-08
3.624651419753659086e-08
3.563907205507785632e-08
3.504180981445545697e-08
3.445455687439837543e-08
3.387714549268071346e-08
3.330941073820717561e-08
3.275119044390292970e-08
3.220232516039194251e-08
3.166265811045232923e-08
3.113203514423455533e-08
3.061030469523045375e-08
3.009731773697980921e-08
2.959292774050250576e-08
2.909699063244435237e-08
2.860936475392401703e-08
2.810986379151187077e-08
2.761798200573731523e-08
2.713470743673802632e-08
2.665988947072272442e-08
2.619338012942265433e-08
2.573503402397392695e-08
2.528470830960658687e-08
2.484226264112655916e-08
2.440755912917681021e-08
2.398046229726392191e-08
2.356083903953611975e-08
2.314855857930085332e-08
2.274349242826776456e-08
2.234551434650466917e-08
2.195450030309515922e-08
2.157032843748346716e-08
2.119287902149667817e-08
2.082203442203104620e-08
2.045767906439100843e-08
2.009969939627055508e-08
1.974798385236405393e-08
1.940242281959653711e-08
1.906290860296284252e-08
1.872933539196368181e-08
1.840159922763005879e-08
1.807959797012387542e-08
1.776323126690573545e-08
1.745240052146002307e-08
1.714700886256697285e-08
1.684696111411223172e-08
1.655216376542542619e-08
1.626252494213703754e-08
1.597795437754547212e-08
1.569836338448545607e-08
1.542366482768806976e-08
1.515377309662521233e-08
1.488860407882864611e-08
1.462807513367606243e-08
1.437210506663611833e-08
1.412061410396374917e-08
1.387352386783854889e-08
1.357698866903562977e-08
1.326622613620877790e-08
1.296257662042594545e-08
1.266587731244811497e-08
1.237596912956310209e-08
1.209269663028928812e-08
1.181590793103184296e-08
1.154545462464659691e-08
1.128119170086767289e-08
1.102297746855691437e-08
1.077067347973246310e-08
1.052414445533647899e-08
1.028325821270195694e-08
1.004788559467952630e-08
9.817900400386892539e-09
9.593179317542902203e-09
9.373601856350743409e-09
9.159050284894162296e-09
8.949409566012709821e-09
8.744567295621631372e-09
8.544413642443763619e-09
8.348841289120515151e-09
8.157745374671280549e-09
7.971023438269367000e-09
7.788575364305189309e-09
7.610303328706885319e-09
7.436111746489311909e-09
7.265907220503914510e-09
7.099598491361453534e-09
6.937096388501135297e-09
6.778313782379395600e-09
6.623165537753451878e-09
6.471568468033734842e-09
6.323441290681437169e-09
6.178704583626807214e-09
6.037280742685135025e-09
5.899093939947157966e-09
5.764070083122242724e-09
5.632136775811791494e-09
5.503223278692182037e-09
5.377260471586194020e-09
5.237997276646100034e-09
5.085975665029619964e-09
4.938366153912221215e-09
4.795040691560947709e-09
4.655874942669141907e-09
4.520748180495136134e-09
4.389543182131507356e-09
4.262146126813632594e-09
4.138446497179973823e-09
4.018336983397883618e-09
3.901713390071887545e-09
3.788474545853909020e-09
3.678522215676774645e-09
3.571761015534976323e-09
3.468098329738733610e-09
3.367444230569564030e-09
3.269711400267766537e-09
3.174815055283838754e-09
3.082672872728598177e-09
2.993204918957787542e-09
2.906333580229315617e-09
2.821983495373121081e-09
2.740081490415157123e-09
2.660556515098614868e-09
2.583339581247696576e-09
2.508363702920135075e-09
2.435563838296615459e-09
2.364876833256838734e-09
2.296241366593055669e-09
2.229597896813816072e-09
2.164888610491433966e-09
2.102057372108689915e-09
2.041049675361120170e-09
1.981812595872532738e-09
1.924294745283016665e-09
1.868446226669361040e-09
1.814218591259271322e-09
1.761564796401941502e-09
1.710439164758355358e-09
1.660797344676118832e-09
1.612596271714184296e-09
1.564110010768078281e-09
1.512473044952940525e-09
1.462540803370892563e-09
1.414257006868733385e-09
1.367567234272970747e-09
1.322418861051194934e-09
1.278760999998402658e-09
1.236544443881458461e-09
1.195721609977174384e-09
1.156246486441261684e-09
1.118074580447938339e-09
1.081162868041588049e-09
1.045469745643977385e-09
1.010954983162484532e-09
9.775796786462873608e-10
9.453062144396046864e-10
9.140982147824124010e-10
8.839205048109568248e-10
8.547390709118063391e-10
8.265210223847257754e-10
7.992345543712515006e-10
7.728489120070779430e-10
7.473343557579407415e-10
7.226621278998696344e-10
6.988044201060650778e-10
6.757343421038350402e-10
6.534258913662811834e-10
6.318539238045866562e-10
6.109941254278445392e-10
5.908229849385114186e-10
5.713177672325715563e-10
5.524564877745583990e-10
5.342178878185613062e-10
5.165814104472652048e-10
4.995271774020406402e-10
4.830359666779445939e-10
4.670891908583935464e-10
4.516688761650977022e-10
4.367576421996226911e-10
4.223386823537676357e-10
4.083957448666481706e-10
3.948866030768296239e-10
3.810673304736532401e-10
3.677316708717610213e-10
3.548626999697279144e-10
3.424440857413116732e-10
3.304600677084602730e-10
3.188954369396650079e-10
3.077355167482971392e-10
2.969661440663967087e-10
2.865736514703152958e-10
2.765448498353673321e-10
2.668670115974987080e-10
2.575278546007156249e-10
2.485155265097926530e-10
2.398185897684564098e-10
2.314260070839665333e-10
2.233271274196812977e-10
2.155116724778066861e-10
2.079697236552029731e-10
2.006917094556699711e-10
1.936683933427509058e-10
1.868908620176343859e-10
1.803505141072703092e-10
1.740390492483663179e-10
1.679484575533807086e-10
1.620710094451661909e-10
1.563992458473549996e-10
1.509259687180342743e-10
1.456442319147039407e-10
1.405473323789201487e-10
1.356288016294339368e-10
1.308823975530353013e-10
1.263020964826776598e-10
1.218820855528380764e-10
1.176167553224011636e-10
1.135006926557091552e-10
1.095286738527485441e-10
1.056956580197423278e-10
1.019967806717489672e-10
9.842734755913701608e-11
9.498282871010768094e-11
9.165885268170311068e-11
8.838700168832708800e-11
8.521687185737618240e-11
8.216044339600553955e-11
7.921363823734352464e-11
7.637252458038493086e-11
7.363331164395029740e-11
7.099234460880513873e-11
6.844609974118178210e-11
6.599117969120749878e-11
6.362430895996124835e-11
6.134232952910735698e-11
5.914219664728400602e-11
5.702097476761614505e-11
5.497583363093482873e-11
5.300404448947969378e-11
5.110297646604272287e-11
4.927009304369693087e-11
4.750294868142590180e-11
4.579918555113967667e-11
4.415653039172066493e-11
4.257279147590465572e-11
4.104585568595080753e-11
3.957368569419355754e-11
3.815431724472158094e-11
3.678585653255085495e-11
3.546647767679843729e-11
3.419442028448594588e-11
3.296798710171810735e-11
3.178554174910722098e-11
3.064550653841994113e-11
2.954636036753137407e-11
2.848663669088224376e-11
2.746492156272723411e-11
2.647985175056471748e-11
2.553011291623214827e-11
2.461443786223853525e-11
2.373160484099492648e-11
2.288043592468671975e-11
2.205979543361336705e-11
2.126858842089706446e-11
2.050575921154051048e-11
1.976599319510486519e-11
1.904986148784826346e-11
1.835967558645510030e-11
1.769449546154937802e-11
1.705341514148428937e-11
1.643556147841355582e-11
1.584009295906932849e-11
1.526619855862549419e-11
1.471309663608642069e-11
1.418003386969630606e-11
1.366628423091888544e-11
1.317114799559094329e-11
1.269395079090163497e-11
1.223404267690051306e-11
1.179079726128296189e-11
1.136361084624715302e-11
1.095190160626127653e-11
1.055510879562019251e-11
1.017269198471292871e-11
9.804130323960590948e-12
9.448921834421956272e-12
9.106582724101176696e-12
8.776646729025597131e-12
8.458664478196813542e-12
8.152202881550068436e-12
7.856844540087497360e-12
7.572187177383555927e-12
7.297843091686450843e-12
7.033438627870533195e-12
6.778613668520260510e-12
6.533021143451873302e-12
6.296326557006156900e-12
6.068207532467052119e-12
5.848353372986251967e-12
5.636464638415942836e-12
5.432252737472888394e-12
5.235439534678725119e-12
5.045756971541107484e-12
4.862946701459332905e-12
4.686759737857827068e-12
4.516956115067708721e-12
4.353112614615657104e-12
4.194864129603007793e-12
4.042368443845951720e-12
3.895416426121049785e-12
3.753806547741767205e-12
3.617344606183868815e-12
3.485843458757703236e-12
3.359122765962494345e-12
3.237008744170323709e-12
3.119333927300721733e-12
3.005936937159339985e-12
2.896662262125237899e-12
2.791360043883612446e-12
2.689885871911524085e-12
2.592100585434513620e-12
2.497870082582790304e-12
2.407065136485146911e-12
2.319561218048354911e-12
2.235238325179061094e-12
2.153980818214006698e-12
2.075677261332850510e-12
2.000220269736015938e-12
1.927506362378196901e-12
1.857435820055354438e-12
1.789912548650638050e-12
1.724843947351863268e-12
1.662140781659528186e-12
1.601717061011404160e-12
1.543489920855895285e-12
1.487379509012281997e-12
1.433308876162175266e-12
1.381203870321917837e-12
1.330993035151202781e-12
1.282607511958469634e-12
1.235980945268752163e-12
1.191049391824309309e-12
1.147751232893478363e-12
1.106027089767254822e-12
1.065819742327875033e-12
1.027074050577644193e-12
9.897368790204439113e-13
9.537570237921994446e-13
