7.471711555353535586e-10
7.572173613188593775e-10
7.673986449220813640e-10
7.777168225548209184e-10
7.881737348470010242e-10
7.987712471770291371e-10
8.095112500045450626e-10
8.203956592076568042e-10
8.314264164247126712e-10
8.426054894006503830e-10
8.539348723380381490e-10
8.654165862528008990e-10
8.770526793347471600e-10
8.888452273129431083e-10
9.007963338259812555e-10
9.128684379190819486e-10
9.250599031250712706e-10
9.374141867807938198e-10
9.499334633457612749e-10
9.626199363196590832e-10
9.754758386301660585e-10
9.885034330259720847e-10
1.001705012475042007e-09
1.015082900568196844e-09
1.028639451928090290e-09
1.042377052623625373e-09
1.056298120589948380e-09
1.070405106054008880e-09
1.084700491965825847e-09
1.099186794435506615e-09
1.113754569676985861e-09
1.128512310039367817e-09
1.143465596984931450e-09
1.158617021592346706e-09
1.173969209273206261e-09
1.189524820226981678e-09
1.205286549901963606e-09
1.221257129462308629e-09
1.237439326261321405e-09
1.253835944320960316e-09
1.270449824817699565e-09
1.287283846574877843e-09
1.304340926561494641e-09
1.321624020397694119e-09
1.339072492821877170e-09
1.356675661515829374e-09
1.374510237806996210e-09
1.392579263731563298e-09
1.410885821315692044e-09
1.429433033101201394e-09
1.448224062678220242e-09
1.467262115224751352e-09
1.486550438053419745e-09
1.506092321165347466e-09
1.525891097811308978e-09
1.545950145060325400e-09
1.566272884375640496e-09
1.586862782198361534e-09
1.607723350538710203e-09
1.628677596654067517e-09
1.649894659046903115e-09
1.671388119750556299e-09
1.693161579453228218e-09
1.715218685749902951e-09
1.737563133753409815e-09
1.760198666713447077e-09
1.783129076643668405e-09
1.806358204956939998e-09
1.829889943108872427e-09
1.853728233249735727e-09
1.877877068884867589e-09
1.902340495543685242e-09
1.927122611457410457e-09
1.952121192801703131e-09
1.977303199381302788e-09
2.002810049243018948e-09
2.028645932805832915e-09
2.054815094544331338e-09
2.081321833686081097e-09
2.108170504917873214e-09
2.135365519101162942e-09
2.162911343996737475e-09
2.190812504998655520e-09
2.219073585877731703e-09
2.247699229534613387e-09
2.276694138762491233e-09
2.306063077019726844e-09
2.335810869212453302e-09
2.365649135136040985e-09
2.395842771410409537e-09
2.426421779994623792e-09
2.457391079534969588e-09
2.488755651456193829e-09
2.520520540762803032e-09
2.552690856850490696e-09
2.585271774328017345e-09
2.618268533849580039e-09
2.651686442957710667e-09
2.685530876937027245e-09
2.719807279678884165e-09
2.754521164556948246e-09
2.789678115314113779e-09
2.825113062969852569e-09
2.860745994877363150e-09
2.896828362190829158e-09
2.933365833604161182e-09
2.970364149310078995e-09
3.007829121901870365e-09
3.045766637286648492e-09
3.084182655610005100e-09
3.123083212192384273e-09
3.162474418477259322e-09
3.202362462991266549e-09
3.242753612316448114e-09
3.283654212074759503e-09
3.325070687924993392e-09
3.367009546572278312e-09
3.408978690827209259e-09
3.451410772428435285e-09
3.494371012669611226e-09
3.537865985622515147e-09
3.581902347187365196e-09
3.626486836111391620e-09
3.671626275020090271e-09
3.717327571461166736e-09
3.763597718961693414e-09
3.810443798098188416e-09
3.857872977580256077e-09
3.905892515347483456e-09
3.954509759680147033e-09
4.003732150323743241e-09
4.053288618868379517e-09
4.102998615752987195e-09
4.153318261745423459e-09
4.204255033652327181e-09
4.255816499976750862e-09
4.308010322042737488e-09
4.360844255133705515e-09
4.414326149644704843e-09
4.468463952248987155e-09
4.523265707078696225e-09
4.578739556920138939e-09
4.634893744423685837e-09
4.691736613328538562e-09
4.749276609702414700e-09
4.807522283196633876e-09
4.865684069272118520e-09
4.924425397972113690e-09
4.983875885682068039e-09
5.044044093776315767e-09
5.104938686986928143e-09
5.166568434651675933e-09
5.228942211976718948e-09
5.292069001314883819e-09
5.355957893459023742e-09
5.420618088951345308e-09
5.486058899408188706e-09
5.552289748861157985e-09
5.619320175114078590e-09
5.687159831116706960e-09
5.755367317524074929e-09
5.823557947276566839e-09
5.892556511906104682e-09
5.962372583970771212e-09
6.033015849446137478e-09
6.104496109068790262e-09
6.176823279696383261e-09
6.250007395683187996e-09
6.324058610272339692e-09
6.398987197004429914e-09
6.474803551142809894e-09
6.551518191115786552e-09
6.629141759975903096e-09
6.707685026876505222e-09
6.787158888565812932e-09
6.866198152493787790e-09
6.945893085409903439e-09
7.026513025468465157e-09
7.108068709088743182e-09
7.190570997306018561e-09
7.274030877217981234e-09
7.358459463447915767e-09
7.443867999624875705e-09
7.530267859881028548e-09
7.617670550366393851e-09
7.706087710781147334e-09
7.795531115925718469e-09
7.886012677268882564e-09
7.977544444534049977e-09
8.069428571613687884e-09
8.160892216582406825e-09
8.253392564246544675e-09
8.346941365203679480e-09
8.441550503239463679e-09
8.537231996837392505e-09
8.633998000705481611e-09
8.731860807320452801e-09
8.830832848489077140e-09
8.930926696927563837e-09
9.032155067858640866e-09
9.134530820626946061e-09
9.238066960332382915e-09
9.342776639482331136e-09
9.448673159662377774e-09
9.553443471389106732e-09
9.658836526456326165e-09
9.765392271823612204e-09
9.873123534225446326e-09
9.982043281900133672e-09
1.009216462615083679e-08
1.020350082292392724e-08
1.031606527440463352e-08
1.042987153063030302e-08
1.054493329112153932e-08
1.066126440653135712e-08
1.077887888031231350e-08
1.089779087040236155e-08
1.101801469092896818e-08
1.113844279723223621e-08
1.125754403404925956e-08
1.137791879759437511e-08
1.149958070544507429e-08
1.162254352078908960e-08
1.174682115398119312e-08
1.187242766411701360e-08
1.199937726062329938e-08
1.212768430486558035e-08
1.225736331177263979e-08
1.238842895147862181e-08
1.252089605098267820e-08
1.265477959582612675e-08
1.279009473178790851e-08
1.292685676659780619e-08
1.306120575398269651e-08
1.319589098223871288e-08
1.333196506471324963e-08
1.346944232306626233e-08
1.360833722664055612e-08
1.374866439398466164e-08
1.389043859439143072e-08
1.403367474945248404e-08
1.417838793462869629e-08
1.432459338083687085e-08
1.447230647605278105e-08
1.462154276693073691e-08
1.477231796043985591e-08
1.492464792551720989e-08
1.507679616822862248e-08
1.522579631629916358e-08
1.537626899499738824e-08
1.552822875696953708e-08
1.568169029868205307e-08
1.583666846184273076e-08
1.599317823483619226e-08
1.615123475417355770e-08
1.631085330595614791e-08
1.647204932735393413e-08
1.663483840809862214e-08
1.679923629199118235e-08
1.696525887842456356e-08
1.713292222392148128e-08
1.730224254368708867e-08
1.746687858713628055e-08
1.763105812868326646e-08
1.779678087222413376e-08
1.796406132305212336e-08
1.813291412280265805e-08
1.830335405073489344e-08
1.847539602502530272e-08
1.864905510407343749e-08
1.882434648781993749e-08
1.900128551907695799e-08
1.917988768487107434e-08
1.936016861779883249e-08
1.954214409739502147e-08
1.972583005151378718e-08
1.990858681856571525e-08
2.008486658346363188e-08
2.026270721030493021e-08
2.044212251967771325e-08
2.062312645454373972e-08
2.080573308132232839e-08
2.098995659098315635e-08
2.117581130014942677e-08
2.136331165221012572e-08
2.155247221844281397e-08
2.174330769914564686e-08
2.193583292478014742e-08
2.213006285712337634e-08
2.232601259043101081e-08
2.252369735261005827e-08
2.271293970631512554e-08
2.290004175381694138e-08
2.308868508908823672e-08
2.327888240877256979e-08
2.347064651410431321e-08
2.366399031177037105e-08
2.385892681477901623e-08
2.405546914333545461e-08
2.425363052572499247e-08
2.445342429920354940e-08
2.465486391089495735e-08
2.485796291869641901e-08
2.506273499219067955e-08
2.526919391356620220e-08
2.547351543064261599e-08
2.566580277631806689e-08
2.585954160690566845e-08
2.605474287896858532e-08
2.625141763177583756e-08
2.644957698792657048e-08
2.664923215397911229e-08
2.685039442108471358e-08
2.705307516562611088e-08
2.725728584986089117e-08
2.746303802256978648e-08
2.767034331970950132e-08
2.787921346507140322e-08
2.808966027094372057e-08
2.830169563878021549e-08
2.849977363496135874e-08
2.869274837596965223e-08
2.888702976773053826e-08
2.908262665770331867e-08
2.927954795325452769e-08
2.947780262206312140e-08
2.967739969252931335e-08
2.987834825418525326e-08
3.008065745810944777e-08
3.028433651734299112e-08
3.048939470730962401e-08
3.069584136623764866e-08
3.090368589558564887e-08
3.111293776047022844e-08
3.131834804063373353e-08
3.150309119849108712e-08
3.168892413395512625e-08
3.187585327549265172e-08
3.206388508949100439e-08
3.225302608048205247e-08
3.244328279136708542e-08
3.263466180364320993e-08
3.282716973763096357e-08
3.302081325270337104e-08
3.321559904751621801e-08
3.341153386024006533e-08
3.360862446879292507e-08
3.380687769107498784e-08
3.400630038520442226e-08
3.418366117970018849e-08
3.435097935134592895e-08
3.451911649233540931e-08
3.468807661126355355e-08
3.485786373634630098e-08
3.502848191551622165e-08
3.519993521651922372e-08
3.537222772701175047e-08
3.554536355465782515e-08
3.571934682722724722e-08
3.589418169269386803e-08
3.606987231933476652e-08
3.624642289582919976e-08
3.642383763135875812e-08
3.659534409641136290e-08
3.673373276030458586e-08
3.687264475367500840e-08
3.701208205554125447e-08
3.715204665240577530e-08
3.729254053828323819e-08
3.743356571472864407e-08
3.757512419086627881e-08
3.771721798341804249e-08
3.785984911673224855e-08
3.800301962281248244e-08
3.814673154134652647e-08
3.829098691973543689e-08
3.843578781312270696e-08
3.858113628442354249e-08
3.869455609235629115e-08
3.879106835113429377e-08
3.888782133152893020e-08
3.898481563394981718e-08
3.908205186030421832e-08
3.917953061400066387e-08
3.927725249995270281e-08
3.937521812458260202e-08
3.947342809582539610e-08
3.957188302313220278e-08
3.967058351747431907e-08
3.976953019134693365e-08
3.986872365877291209e-08
3.996816453530655549e-08
4.005968348740719367e-08
4.010132813686731078e-08
4.014301607865221973e-08
4.018474735776703094e-08
4.022652201926387840e-08
4.026834010824150274e-08
4.031020166984559539e-08
4.035210674926877207e-08
4.039405539175056619e-08
4.043604764257777955e-08
4.047808354708403900e-08
4.052016315065019350e-08
4.056228649870424789e-08
4.060445363672137618e-08
4.064666461022425899e-08
4.064693068817080375e-08
4.062225084929055311e-08
4.059758599541492233e-08
4.057293611744544746e-08
4.054830120628912393e-08
4.052368125285845949e-08
4.049907624807156690e-08
4.047448618285181976e-08
4.044991104812836209e-08
4.042535083483575098e-08
4.040080553391414187e-08
4.037627513630892462e-08
4.035175963297125287e-08
4.032725901485768671e-08
4.029422738431364437e-08
4.019479040285976484e-08
4.009559880924245460e-08
3.999665199790029697e-08
3.989794936476636563e-08
3.979949030726441299e-08
3.970127422430523058e-08
3.960330051628294332e-08
3.950556858507129707e-08
3.940807783402032350e-08
3.931082766795219751e-08
3.921381749315794844e-08
3.911704671739372774e-08
3.902051474987723562e-08
3.892422100128406156e-08
3.877956714412245558e-08
3.860327142534971961e-08
3.842777716421948884e-08
3.825308071722648896e-08
3.807917845742942642e-08
3.790606677437542383e-08
3.773374207402485235e-08
3.756220077867717005e-08
3.739143932689633664e-08
3.722145417343702239e-08
3.705224178917071107e-08
3.688379866101286837e-08
3.671612129184971991e-08
3.654920620046578355e-08
3.637578912391500074e-08
3.612760553302015268e-08
3.588111524132980714e-08
3.563630669585551984e-08
3.539316842243197231e-08
3.515168902517945014e-08
3.491185718596987466e-08
3.467366166389587875e-08
3.443709129474445528e-08
3.420213499047325914e-08
3.396878173869107821e-08
3.373702060214190435e-08
3.350684071819188282e-08
3.327823129832041759e-08
3.305118162761467130e-08
3.277972485471328391e-08
3.247669139203119788e-08
3.217645933417816214e-08
3.187900278345651813e-08
3.158429608158084195e-08
3.129231380746478622e-08
3.100303077502807208e-08
3.071642203102431951e-08
3.043246285288834622e-08
3.015112874660371582e-08
2.987239544458995978e-08
2.959623890360901963e-08
2.932263530269168721e-08
2.905156104108259683e-08
2.877874061904715959e-08
2.844318881637375827e-08
2.811154945079293865e-08
2.778377690441839106e-08
2.745982609125519037e-08
2.713965245099791008e-08
2.682321194290159120e-08
2.651046103972362692e-08
2.620135672173633488e-08
2.589585647080983975e-08
2.559391826456316518e-08
2.529550057058431917e-08
2.500056234071723883e-08
2.470906300541534633e-08
2.442096246816145796e-08
2.410704368607928262e-08
2.377335445678473575e-08
2.344428414730454771e-08
2.311976882264053587e-08
2.279974543278166126e-08
2.248415180045377816e-08
2.217292660903934621e-08
2.186600939066439501e-08
2.156334051444995221e-08
2.126486117492650881e-08
2.097051338060885493e-08
2.068023994272865570e-08
2.039398446412344359e-08
2.011169132827912558e-08
1.983214131001406245e-08
1.952378180084525608e-08
1.922021681110874017e-08
1.892137179334966695e-08
1.862717335921226430e-08
1.833754926141760831e-08
1.805242837602161828e-08
1.777174068494889651e-08
1.749541725879832014e-08
1.722339023991543510e-08
1.695559282572892587e-08
1.669195925234530446e-08
1.643242477839921816e-08
1.617692566915467418e-08
1.592539918085348216e-08
1.566846024606453310e-08
1.540722398500262872e-08
1.515034324982022163e-08
1.489774542193974685e-08
1.464935909353471961e-08
1.440511404734331565e-08
1.416494123681820535e-08
1.392877276660762085e-08
1.369654187336184915e-08
1.346818290685947361e-08
1.324363131144856111e-08
1.302282360779726276e-08
1.280569737494843163e-08
1.259219123267370460e-08
1.238214959626712184e-08
1.216282090341428420e-08
1.194737724483067673e-08
1.173574980375062184e-08
1.152787098238015063e-08
1.132367438030519006e-08
1.112309477328182321e-08
1.092606809240263218e-08
1.073253140363170875e-08
1.054242288770241520e-08
1.035568182037120661e-08
1.017224855302101317e-08
9.992064493608532689e-09
9.815072087948564479e-09
9.641214801330487676e-09
9.463097995863665055e-09
9.280897526938398205e-09
9.102205106951379609e-09
8.926953192677070392e-09
8.755075541352881922e-09
8.586507185640244958e-09
8.421184409067746428e-09
8.259044721947456529e-09
8.100026837754424029e-09
7.944070649961463361e-09
7.791117209319636559e-09
7.641108701576163181e-09
7.493988425621675037e-09
7.349700772057735728e-09
7.208191202177486450e-09
7.057147651872122985e-09
6.909032272353848368e-09
6.764025537677944627e-09
6.622062203622053152e-09
6.483078395309227717e-09
6.347011578468091690e-09
6.213800531296321754e-09
6.083385316914395310e-09
5.955707256397743925e-09
5.830708902374771929e-09
5.708334013179033094e-09
5.588527527543891374e-09
5.471235539828279584e-09
5.356405275762518929e-09
5.242811182054053963e-09
5.130316677447341949e-09
5.020235956806403121e-09
4.912517227796506008e-09
4.807109809386237507e-09
4.703964108002232536e-09
4.603031594195747332e-09
4.504264779809896223e-09
4.407617195636617370e-09
4.313043369553333788e-09
4.220498805128454538e-09
4.129939960686124126e-09
4.041324228820163220e-09
3.954609916347420131e-09
3.869756224691502701e-09
3.788658873543633634e-09
3.709352467398478777e-09
3.631706148969226330e-09
3.555685168336423924e-09
3.481255502986112751e-09
3.408383842583354862e-09
3.337037574064430540e-09
3.267184767041238883e-09
3.198794159511077318e-09
3.131835143865625597e-09
3.066277753192795972e-09
3.002092647865256465e-09
2.939251102409818349e-09
2.877724992651555126e-09
2.817327252761409073e-09
2.757998923195867238e-09
2.699919951753545457e-09
2.643064028984447752e-09
2.587405399472824192e-09
2.532918850170056776e-09
2.479579698973332934e-09
2.427363783544780841e-09
2.376247450366063355e-09
2.326207544023467892e-09
2.277221396718622230e-09
2.229266818000156448e-09
2.182322084711458361e-09
2.136365931150288942e-09
2.091377539435527060e-09
2.048963521425019083e-09
2.007534587087788199e-09
1.966943323398361259e-09
1.927172793109246496e-09
1.888206401434936396e-09
1.850027889127513030e-09
1.812621325692257633e-09
1.775971102740446845e-09
1.740061927476515351e-09
1.704878816316967907e-09
1.670407088638278822e-09
1.636632360651169121e-09
1.603540539398815008e-09
1.571117816876337764e-09
1.539776776514731935e-09
1.509652138952341502e-09
1.480116868499591116e-09
1.451159434608131299e-09
1.422768532316590553e-09
1.394933077837126732e-09
1.367642204228324079e-09
1.340885257152747228e-09
1.314651790717501133e-09
1.288931563396139658e-09
1.263714534030414259e-09
1.238990857910191239e-09
1.214750882930088961e-09
1.190985145821303104e-09
1.167684368457153756e-09
1.145611987502081755e-09
1.124040400637051806e-09
1.102875001351195477e-09
1.082108141234109722e-09
1.061732315893031724e-09
1.041740162241048227e-09
1.022124455836324345e-09
1.002878108271455989e-09
9.839941646119797849e-10
9.654658008830943841e-10
9.472863216037477895e-10
9.294491573671150384e-10
9.119478624666571563e-10
8.947761125668789868e-10
8.780718083734773797e-10
8.619030127004421167e-10
8.460319488883131228e-10
8.304531345089126600e-10
8.151611880873791659e-10
8.001508272432152079e-10
7.854168668655658262e-10
7.709542173220946782e-10
7.567578827008563146e-10
7.428229590845128709e-10
7.291446328563595771e-10
7.157181790375276337e-10
7.025389596548089019e-10
6.896024221385356833e-10
6.769040977499616898e-10
6.644511791572025273e-10
6.522289925624237434e-10
6.402316258638918929e-10
6.284549436325340047e-10
6.168948865080523853e-10
6.055474697996822321e-10
5.944087821126867635e-10
5.834749840001303687e-10
5.727423066394239560e-10
5.622070505332535168e-10
5.518655842343548595e-10
5.417143430938049850e-10
5.317498280322813728e-10
5.219686043339567533e-10
5.122861956751797675e-10
5.026423878237252694e-10
4.931801250356746304e-10
4.838959897180463661e-10
4.747866286141798096e-10
4.658487515926034179e-10
4.570791304587000729e-10
4.484745977887441025e-10
4.400320457858862466e-10
4.317484251576757182e-10
4.236207440147123859e-10
4.156460667900338420e-10
4.078215131788365337e-10
4.001442570981735650e-10
3.926115256662178538e-10
3.849385869572504878e-10
3.773658545992523994e-10
3.699420973695171730e-10
3.626643845439969991e-10
3.555298430535245364e-10
3.485356563495946435e-10
3.416790632924589969e-10
3.349573570610876941e-10
3.283678840845886454e-10
3.219080429946360610e-10
3.155752835985078844e-10
3.093671058723392097e-10
3.032810589741612906e-10
2.973147402763761401e-10
2.913449778735908954e-10
2.852593047894007580e-10
2.793007504808900708e-10
2.734666596652483275e-10
2.677544325237519508e-10
2.621615235432178669e-10
2.566854403816626586e-10
2.513237427576454510e-10
2.460740413628208647e-10
2.409339967972006613e-10
2.359013185266616882e-10
2.309737638622200213e-10
2.261491369606357430e-10
2.214252878458877720e-10
2.168001114510935473e-10
2.120059624446269842e-10
2.072611785958328373e-10
2.026225850329738297e-10
1.980878051721653957e-10
1.936545156184838231e-10
1.893204449755761905e-10
1.850833726819085462e-10
1.809411278730594440e-10
1.768915882694790631e-10
1.729326790891411119e-10
1.690623719845229158e-10
1.652786840033864901e-10
1.615796765728112196e-10
1.579634545059610807e-10
1.543467600974440275e-10
1.506339021133008330e-10
1.470103580506265600e-10
1.434739794360354898e-10
1.400226694783170933e-10
1.366543818252074541e-10
1.333671193500667368e-10
1.301589329677381636e-10
1.270279204789003913e-10
1.239722254422082718e-10
1.209900360735781374e-10
1.180795841719378008e-10
1.152391440708284171e-10
1.124670316152182292e-10
1.097616031629339711e-10
1.069669780173314440e-10
1.042045794962384704e-10
1.015135193052617405e-10
9.889195514782277646e-11
9.633809230424469108e-11
9.385018240308767745e-11
9.142652222421836536e-11
8.906545253278581183e-11
8.676535694331164822e-11
8.452466081311493396e-11
8.234183016431226187e-11
8.021537063366037511e-11
7.814382644951557409e-11
7.612577943521447418e-11
7.412201697737979571e-11
7.207677162008691368e-11
7.008796062254472289e-11
6.815402679409626002e-11
6.627345591157481815e-11
6.444477553370208445e-11
6.266655384820355878e-11
6.093739855073374555e-11
5.925595575473682781e-11
5.762090893138455244e-11
5.603097787876819140e-11
5.448491771952985132e-11
5.298151792615454766e-11
5.151960137315720345e-11
5.009802341542068525e-11
4.865080798224261251e-11
4.722634017440115293e-11
4.584357996854478228e-11
4.450130618996266669e-11
4.319833341924043199e-11
4.193351094536558819e-11
4.070572174948535931e-11
3.951388151841955702e-11
3.835693768705719242e-11
3.723386850879119548e-11
3.614368215317040735e-11
3.508541582997106242e-11
3.405813493891644625e-11
3.306093224429080613e-11
3.208006251829768222e-11
3.109170617176142596e-11
3.013380014829337936e-11
2.920540630227636504e-11
2.830561539147110799e-11
2.743354618653033731e-11
2.658834460794890479e-11
2.576918288960195713e-11
2.497525876805550013e-11
2.420579469685177511e-11
2.346003708500336838e-11
2.273725555894761698e-11
2.203674224723911724e-11
2.135781108728189540e-11
2.069979715341867717e-11
2.004175794537041677e-11
1.939777020860442418e-11
1.877447527764081559e-11
1.817120824507936575e-11
1.758732556852213114e-11
1.702220438406743756e-11
1.647524184186210246e-11
1.594585446300362183e-11
1.543347751710780391e-11
1.493756441987532626e-11
1.445758615001620776e-11
1.399303068491040628e-11
1.354340245440105527e-11
1.310822181213920334e-11
1.268373516004108352e-11
1.226219955826637749e-11
1.185467341516617514e-11
1.146069113558911621e-11
1.107980259813249557e-11
1.071157264088277417e-11
1.035558056424642193e-11
1.001141965030453653e-11
9.678696698140927386e-12
9.357031574613349877e-12
9.046056780054704919e-12
8.745417028407871445e-12
8.454768841314285775e-12
8.173780155692953051e-12
7.902129944360928764e-12
7.639507849262902102e-12
7.385613826889481111e-12
7.140157805480141516e-12
6.902859353618609391e-12
6.673447359842424289e-12
6.451659722900451057e-12
6.237243052304369213e-12
6.029952378832122525e-12
5.829550874652845095e-12
5.635809582752882518e-12
5.448507155354540989e-12
5.267429601027948893e-12
5.092370040207831131e-12
4.923128468835291662e-12
4.759511529854838382e-12
4.601332292305640924e-12
4.448410037754530145e-12
4.300570053826669335e-12
4.157643434598203971e-12
4.019466887622546179e-12
3.885882547370350278e-12
3.756737794869346766e-12
3.631885083338503794e-12
3.511181769617111464e-12
3.394489951196069622e-12
3.281676308665617700e-12
3.172611953398928418e-12
3.067172280297987463e-12
2.965236825433292977e-12
2.866689128414866601e-12
2.771416599337273208e-12
2.679310390146583799e-12
2.590265270282370183e-12
2.504179506452761695e-12
2.420954746404936959e-12
2.340495906558597169e-12
2.262711063373702621e-12
2.187511348328679359e-12
2.114810846388859468e-12
2.044526497849267775e-12
1.976578003439634386e-12
1.910887732583176699e-12
1.847380634704302513e-12
1.785984153483986595e-12
1.726628143964736192e-12
1.669244792410662317e-12
1.613768538830803816e-12
1.560136002077416820e-12
1.508285907433532977e-12
1.458159016607130823e-12
1.409698060051902465e-12
1.362847671537271368e-12
1.317554324892927819e-12
1.273766272855675428e-12
1.231433487948578197e-12
1.190507605325036758e-12
1.150941867512320719e-12
1.112691070991590180e-12
1.075711514553239119e-12
1.039960949368649032e-12
1.005398530721227517e-12
9.719847713417188122e-13
9.396814962942994659e-13
9.084517993620520588e-13
8.782600008819144184e-13
8.490716069809764925e-13
8.208532701675306409e-13
7.935727512318385318e-13
7.671988824130987026e-13
7.417015317905680188e-13
7.170515688580731422e-13
6.932208312426792939e-13
6.701820925293953193e-13
6.479090311552465810e-13
6.263762003371037971e-13
6.055589989989453814e-13
5.854336436653424705e-13
5.659771412890457353e-13
5.471672629816165362e-13
5.289825186171181336e-13
5.114021322798122365e-13
4.944060185278782105e-13
4.779747594459489663e-13
4.620895824603125208e-13
4.467323388914097699e-13
4.318854832191075953e-13
4.175320530371139409e-13
4.036556496735578279e-13
3.902404194556515546e-13
3.772710355969997232e-13
3.647326806868794655e-13
3.526110297614776214e-13
3.408922339377384663e-13
3.295629045911282301e-13
3.186100980592555583e-13
3.080213008538362123e-13
2.977844153641498194e-13
2.878877460356123746e-13
2.783199860077132265e-13
2.690702041960194618e-13
2.601278328035025775e-13
2.514826552469229172e-13
2.431247944844720822e-13
2.350447017313336154e-13
2.272331455502803022e-13
2.196812013048284085e-13
2.123802409629276527e-13
2.053219232395004083e-13
1.984981840665971635e-13
1.919012273802649924e-13
1.855235162136127028e-13
1.793577640858916336e-13
1.733969266777517616e-13
1.676341937831646830e-13
1.620629815288262797e-13
1.566769248521317082e-13
1.514698702291510880e-13
1.464358686442754915e-13
1.415691687935215913e-13
1.368642105137139928e-13
1.323156184300448890e-13
1.279181958147553362e-13
1.236669186499190275e-13
1.195569298875429503e-13
1.155835339004322794e-13
1.117421911174749593e-13
1.080285128372212826e-13
1.044382562138306622e-13
1.009673194096554249e-13
9.761173690892539924e-14
9.436767498718075944e-14
9.123142733127519045e-14
8.819941080494385855e-14
8.526816135509958546e-14
8.243433005418392591e-14
7.969467927404475890e-14
7.704607898697303145e-14
7.448550318967344013e-14
7.201002644608201879e-14
6.961682054507936076e-14
6.730315126928432966e-14
6.506637527123177011e-14
6.290393705337388086e-14
