7.622710963322654830e-10
7.725549276676940816e-10
7.829774986030391301e-10
7.935406808800692602e-10
8.042463714922903317e-10
8.150964930256265916e-10
8.260929940036999242e-10
8.372378492377361424e-10
8.485330601812219841e-10
8.599806552893474513e-10
8.715826903832627553e-10
8.833412490193015492e-10
8.952584428631326072e-10
9.073364120689949421e-10
9.195773256640489306e-10
9.319433659209086411e-10
9.444329272020998746e-10
9.570898689773219607e-10
9.699164344182246821e-10
9.829148967586125135e-10
9.960875596973434110e-10
1.009436757806585665e-09
1.022964856945582742e-09
1.036674254679963129e-09
1.050567380706633653e-09
1.064646697284402468e-09
1.078914699670375762e-09
1.093373916562161489e-09
1.108026910546045120e-09
1.122876278551143451e-09
1.137819706866956295e-09
1.152959095146098830e-09
1.168299922261367083e-09
1.183844868479876436e-09
1.199596649731357835e-09
1.215558018082631486e-09
1.231731762218472376e-09
1.248120707928795257e-09
1.264727718602400820e-09
1.281555695727211307e-09
1.298607579397244965e-09
1.315886348826255492e-09
1.333395022868261090e-09
1.351136660544998452e-09
1.369048237303743954e-09
1.387118628247826695e-09
1.405427534548764141e-09
1.423978104427070114e-09
1.442773527657363481e-09
1.461817036116851973e-09
1.481111904341048045e-09
1.500661450086854909e-09
1.520469034902990704e-09
1.540538064708091168e-09
1.560871990376292093e-09
1.581474308330637739e-09
1.602348561144285625e-09
1.623498338149653090e-09
1.644927276055603421e-09
1.666469479633684405e-09
1.688284136979428110e-09
1.710384355675629445e-09
1.732773873818364635e-09
1.755456478436663270e-09
1.778436006133071797e-09
1.801716343732558929e-09
1.825301428939987540e-09
1.849195251006121203e-09
1.873401851402384985e-09
1.897925324504459710e-09
1.922769818284785159e-09
1.947939535014207130e-09
1.973438731972731555e-09
1.999164466909703492e-09
2.025083532582965771e-09
2.051338637624921076e-09
2.077934138768900803e-09
2.104874449233051953e-09
2.132164039452698029e-09
2.159807437822102083e-09
2.187809231445937559e-09
2.216174066900448308e-09
2.244906651004528987e-09
2.274011751600715903e-09
2.303494198346380310e-09
2.333358883515184115e-09
2.363610762808840604e-09
2.394254856179492857e-09
2.425008389838273522e-09
2.456131626302401641e-09
2.487654307095077094e-09
2.519581558796612289e-09
2.551918573783316140e-09
2.584670611071877964e-09
2.617842997174689193e-09
2.651441126966092556e-09
2.685470464559758902e-09
2.719936544197321959e-09
2.754844971148411637e-09
2.790201422622290196e-09
2.826011648691079277e-09
2.862281473224947560e-09
2.898850766622230810e-09
2.935642078675099611e-09
2.972900334614199948e-09
3.010631460746062178e-09
3.048841458592056169e-09
3.087536405842992462e-09
3.126722457325844123e-09
3.166405845982732368e-09
3.206592883862340574e-09
3.247289963123910542e-09
3.288503557053980640e-09
3.330240221096027565e-09
3.372506593893177540e-09
3.415309398344149521e-09
3.458655442672602031e-09
3.502058828316024221e-09
3.545947398092129156e-09
3.590385989056175930e-09
3.635381494194396036e-09
3.680940892877421734e-09
3.727071251942935195e-09
3.773779726791733680e-09
3.821073562497668610e-09
3.868960094931490788e-09
3.917446751898648908e-09
3.966541054291477702e-09
4.016250617255834452e-09
4.066583151372207027e-09
4.117546463851783957e-09
4.168880733537815421e-09
4.220413045376394607e-09
4.272582357727363776e-09
4.325396544672812626e-09
4.378863577627827711e-09
4.432991526543589418e-09
4.487788561125521979e-09
4.543262952066227681e-09
4.599423072293936501e-09
4.656277398236206473e-09
4.713834511099238741e-09
4.772103098163201039e-09
4.831091954093272566e-09
4.890809982267187807e-09
4.951266196118992264e-09
5.011663572861308337e-09
5.072672350519188953e-09
5.134423809902846761e-09
5.196926991943247638e-09
5.260191047629787711e-09
5.324225239350201880e-09
5.389038942246570914e-09
5.454641645587965648e-09
5.521042954159661244e-09
5.588252589669497267e-09
5.656280392171127127e-09
5.725136321504726824e-09
5.794830458755108396e-09
5.865373007727816283e-09
5.936340827038441915e-09
6.007365095157804839e-09
6.079239120191211068e-09
6.151973068900417677e-09
6.225577229685550793e-09
6.300062014040449643e-09
6.375437958025299507e-09
6.451715723757132603e-09
6.528906100917913171e-09
6.607020008280789100e-09
6.686068495254580413e-09
6.766062743446772593e-09
6.847014068245072690e-09
6.928933920418165925e-09
7.011833887735346915e-09
7.094358232971384206e-09
7.177590706726443360e-09
7.261799681027384076e-09
7.346996612380039288e-09
7.433193091700211810e-09
7.520400845890808321e-09
7.608631739437181260e-09
7.697897776021176567e-09
7.788211100154437382e-09
7.879583998830394563e-09
7.972028903196114512e-09
8.065558390243448430e-09
8.160185184520007439e-09
8.255922159860554171e-09
8.352089471912962875e-09
8.447933734000083806e-09
8.544877855302819681e-09
8.642934457237041049e-09
8.742116306055501880e-09
8.842436314509837320e-09
8.943907543531854611e-09
9.046543203933756515e-09
9.150356658128231968e-09
9.255361421868078117e-09
9.361571166005995642e-09
9.468999718274213248e-09
9.577661065084905829e-09
9.687569353351047293e-09
9.798738892328387935e-09
9.908907902910473048e-09
1.001978813213516279e-08
1.013190910608706180e-08
1.024528470864331264e-08
1.035992897904095255e-08
1.047585611361550812e-08
1.059308046755880866e-08
1.071161655669671818e-08
1.083147905928640024e-08
1.095268281783413511e-08
1.107524284093315624e-08
1.119917430512216957e-08
1.132449255676466158e-08
1.145121311394922763e-08
1.157825198184658718e-08
1.170410920623189455e-08
1.183133451631399778e-08
1.195994278337642174e-08
1.208994904035572972e-08
1.222136848359851795e-08
1.235421647463790177e-08
1.248850854198891777e-08
1.262426038296384111e-08
1.276148786550683408e-08
1.290020703004891684e-08
1.304043409138284667e-08
1.318218544055840224e-08
1.332547764679837206e-08
1.347032745943537645e-08
1.361295463751371574e-08
1.375605312792347470e-08
1.390065586032204459e-08
1.404677864720300926e-08
1.419443746727981547e-08
1.434364846723319852e-08
1.449442796347665208e-08
1.464679244394077917e-08
1.480075856987622660e-08
1.495634317767559495e-08
1.511356328071463173e-08
1.527243607121249449e-08
1.543297892211184953e-08
1.559520938897860475e-08
1.575742421738018928e-08
1.591671072065200820e-08
1.607760739762830182e-08
1.624013052501359306e-08
1.640429654404823391e-08
1.657012206217151489e-08
1.673762385470175161e-08
1.690681886653333514e-08
1.707772421385080904e-08
1.725035718586055874e-08
1.742473524653972284e-08
1.760087603640289867e-08
1.777879737428676792e-08
1.795851725915251658e-08
1.814005387190689627e-08
1.831714918119359788e-08
1.849397568049705372e-08
1.867250919275032465e-08
1.885276619677998611e-08
1.903476333049257766e-08
1.921851739241049869e-08
1.940404534322238975e-08
1.959136430734870088e-08
1.978049157452212937e-08
1.997144460138372434e-08
2.016424101309398305e-08
2.035889860495975970e-08
2.055543534407663250e-08
2.075386937098751664e-08
2.095159103077788175e-08
2.114310936320290479e-08
2.133637836323121442e-08
2.153141403370190141e-08
2.172823252373588886e-08
2.192685013007308615e-08
2.212728329842178524e-08
2.232954862482036539e-08
2.253366285701145853e-08
2.273964289582869770e-08
2.294750579659609160e-08
2.315726877054024686e-08
2.336894918621545136e-08
2.358256457094181707e-08
2.379813261225655517e-08
2.400560813253942497e-08
2.421120841292330192e-08
2.441856959330440334e-08
2.462770675522251951e-08
2.483863510938581931e-08
2.505136999677741280e-08
2.526592688977093325e-08
2.548232139325594620e-08
2.570056924577270223e-08
2.592068632065711383e-08
2.614268862719505279e-08
2.636659231178678890e-08
2.659241365912114971e-08
2.682016909336021519e-08
2.704604018485194636e-08
2.726013363152502127e-08
2.747592181811547930e-08
2.769341815999605618e-08
2.791263617873414238e-08
2.813358950293218206e-08
2.835629186907529496e-08
2.858075712238502935e-08
2.880699921768023208e-08
2.903503222024435737e-08
2.926487030670026323e-08
2.949652776589132098e-08
2.973001899976985350e-08
2.996535852429225719e-08
3.020256097032179679e-08
3.042606989561785327e-08
3.064473501741226341e-08
3.086497163482380382e-08
3.108679104182785865e-08
3.131020461356673761e-08
3.153522380693346034e-08
3.176186016115902816e-08
3.199012529840428173e-08
3.222003092435564318e-08
3.245158882882580138e-08
3.268481088635809643e-08
3.291970905683525185e-08
3.315629538609318222e-08
3.339458200653815602e-08
3.362929304045179250e-08
3.384349630306107624e-08
3.405906394278215150e-08
3.427600465007524465e-08
3.449432717075455575e-08
3.471404030634143819e-08
3.493515291441862389e-08
3.515767390898781681e-08
3.538161226082887461e-08
3.560697699786118069e-08
3.583377720550815955e-08
3.606202202706294352e-08
3.629172066405757331e-08
3.652288237663334986e-08
3.675551648391474650e-08
3.696643750893624435e-08
3.716761562225870460e-08
3.736988858366519197e-08
3.757326235151912226e-08
3.777774291661066182e-08
3.798333630233270529e-08
3.819004856485863337e-08
3.839788579332063975e-08
3.860685410998907711e-08
3.881695967045274274e-08
3.902820866380050100e-08
3.924060731280313727e-08
3.945416187409697886e-08
3.966887863836811137e-08
3.987781903839268156e-08
4.005307190684224229e-08
4.022909496705856736e-08
4.040589160383849837e-08
4.058346521685422476e-08
4.076181922071861110e-08
4.094095704505086872e-08
4.112088213454253817e-08
4.130159794902368359e-08
4.148310796352944431e-08
4.166541566836686441e-08
4.184852456918190105e-08
4.203243818702720684e-08
4.221716005842928379e-08
4.240269373545687450e-08
4.255577543433885323e-08
4.269173736804522056e-08
4.282813368808887317e-08
4.296496578229549628e-08
4.310223504292504555e-08
4.323994286668553118e-08
4.337809065474730500e-08
4.351667981275734752e-08
4.365571175085356822e-08
4.379518788367911250e-08
4.393510963039680752e-08
4.407547841470358164e-08
4.421629566484493015e-08
4.435756281362948687e-08
4.449091536030834114e-08
4.457334392229274939e-08
4.465592520012433083e-08
4.473865947674048531e-08
4.482154703560307164e-08
4.490458816069876496e-08
4.498778313654074418e-08
4.507113224816904269e-08
4.515463578115177924e-08
4.523829402158642844e-08
4.532210725610013845e-08
4.540607577185147795e-08
4.549019985653074716e-08
4.557447979836126165e-08
4.565891588610059639e-08
4.569977410638544527e-08
4.571466128166177867e-08
4.572955330658982840e-08
4.574445018274931751e-08
4.575935191172077639e-08
4.577425849508496044e-08
4.578916993442314782e-08
4.580408623131741078e-08
4.581900738735005982e-08
4.583393340410390171e-08
4.584886428316257044e-08
4.586380002610990513e-08
4.587874063453028751e-08
4.589368611000886696e-08
4.589961487162602951e-08
4.583534278636506240e-08
4.577116069970124550e-08
4.570706848561169345e-08
4.564306601824998826e-08
4.557915317194621244e-08
4.551532982120605565e-08
4.545159584071129112e-08
4.538795110531890879e-08
4.532439549006112194e-08
4.526092887014542010e-08
4.519755112095364923e-08
4.513426211804255437e-08
4.507106173714282673e-08
4.500794985415919629e-08
4.489269411491501321e-08
4.474310477529521804e-08
4.459401389028967215e-08
4.444541979897118262e-08
4.429732084594701691e-08
4.414971538134047319e-08
4.400260176077247730e-08
4.385597834534327885e-08
4.370984350161420695e-08
4.356419560158944575e-08
4.341903302269792252e-08
4.327435414777520226e-08
4.313015736504550820e-08
4.298644106810373549e-08
4.283518959378572985e-08
4.260093024821568262e-08
4.236795203251832659e-08
4.213624794038281079e-08
4.190581100381505043e-08
4.167663429292780177e-08
4.144871091573243091e-08
4.122203401793132458e-08
4.099659678271227951e-08
4.077239243054313665e-08
4.054941421896808956e-08
4.032765544240457521e-08
4.010710943194213013e-08
3.988776955514149137e-08
3.966962921583531879e-08
3.940016080698578552e-08
3.909382975345299303e-08
3.878988038345743349e-08
3.848829417972374326e-08
3.818905276894593482e-08
3.789213792066804269e-08
3.759753154617349124e-08
3.730521569738310475e-08
3.701517256576171365e-08
3.672738448123293989e-08
3.644183391110314743e-08
3.615850345899300945e-08
3.587737586377775102e-08
3.559843399853555108e-08
3.531648452854333014e-08
3.495716406308598088e-08
3.460149943140208255e-08
3.424945343794639454e-08
3.390098926561253875e-08
3.355607047188210983e-08
3.321466098501405265e-08
3.287672510027168638e-08
3.254222747618928766e-08
3.221113313087547998e-08
3.188340743835537489e-08
3.155901612494883109e-08
3.123792526568662504e-08
3.092010128076206442e-08
3.060551093201967926e-08
3.025553644910641172e-08
2.987803932262581725e-08
2.950525221279762508e-08
2.913711635293104632e-08
2.877357370956517733e-08
2.841456697332007114e-08
2.806003954986286967e-08
2.770993555098573106e-08
2.736419978579598561e-08
2.702277775201531734e-08
2.668561562738834192e-08
2.635266026119781149e-08
2.602385916588570181e-08
2.569916050877938457e-08
2.537674066287837867e-08
2.500853640753446089e-08
2.464567461816969710e-08
2.428807777818198686e-08
2.393566949569783588e-08
2.358837448725276076e-08
2.324611856170919726e-08
2.290882860440702159e-08
2.257643256154458050e-08
2.224885942478604793e-08
2.192603921609240162e-08
2.160790297277205263e-08
2.129438273274876522e-08
2.098541152004335664e-08
2.068092333046563311e-08
2.036502183672897422e-08
2.003959965267771769e-08
1.971937754151222347e-08
1.940427240884221041e-08
1.909420248808111698e-08
1.878908731922907734e-08
1.848884772799394301e-08
1.819340580524656162e-08
1.790268488680408898e-08
1.761660953353642770e-08
1.733510551179052485e-08
1.705809977412750932e-08
1.678552044036760656e-08
1.651729677893796353e-08
1.625322499447706951e-08
1.597533869175253901e-08
1.570220349517886145e-08
1.543373817365740143e-08
1.516986288492218537e-08
1.491049915179469602e-08
1.465556983884437926e-08
1.440499912944849205e-08
1.415871250324398624e-08
1.391663671396508661e-08
1.367869976765948619e-08
1.344483090127725089e-08
1.321496056162579459e-08
1.298902038468441472e-08
1.276694317527274372e-08
1.254098839544405384e-08
1.231131400415634206e-08
1.208584584640860627e-08
1.186450688966579175e-08
1.164722151215896056e-08
1.143391547704851688e-08
1.122451590706082939e-08
1.101895125958934382e-08
1.081715130225148845e-08
1.061904708889343015e-08
1.042457093603428497e-08
1.023365639974151153e-08
1.004623825293004423e-08
9.862252463077028474e-09
9.681636170344822415e-09
9.489066685972224053e-09
9.300032229753002625e-09
9.114763583894343463e-09
8.933185728593250789e-09
8.755225138537926452e-09
8.580809753135795988e-09
8.409868947334257562e-09
8.242333503022922336e-09
8.078135581005530824e-09
7.917208693530078833e-09
7.759487677366493976e-09
7.604908667420328511e-09
7.453409070872277676e-09
7.304927541832690740e-09
7.154662971810904307e-09
7.002200075030064807e-09
6.852986099265657101e-09
6.706951811360070509e-09
6.564029453485422660e-09
6.424152711705138395e-09
6.287256685204908848e-09
6.153277856180008436e-09
6.022154060363623866e-09
5.893824458183755225e-09
5.768229506534338364e-09
5.645310931148178416e-09
5.525011699558581947e-09
5.407275994636945063e-09
5.292049188694584556e-09
5.178507475952851019e-09
5.067365469145506225e-09
4.958608810961180538e-09
4.852186306642712819e-09
4.748047860183433854e-09
4.646144450745774064e-09
4.546428109585568081e-09
4.448851897472117625e-09
4.353369882592370924e-09
4.259937118929721001e-09
4.168509625106544581e-09
4.079044363681036023e-09
3.991499220888252969e-09
3.905832986816080313e-09
3.822520268160975163e-09
3.741624362241232360e-09
3.662440454462864976e-09
3.584932313849791317e-09
3.509064476181158554e-09
3.434802227764581593e-09
3.362111589552780598e-09
3.290959301596151038e-09
3.221312807824711259e-09
3.153140241151762940e-09
3.086410408893009686e-09
3.021092778494245426e-09
2.957157463560897154e-09
2.894575210183539911e-09
2.833317383552491962e-09
2.773584116922831874e-09
2.715127669484595003e-09
2.657903258322564715e-09
2.601884916867527106e-09
2.547047225825394888e-09
2.493365301642641104e-09
2.440814785215010387e-09
2.389371830834140588e-09
2.339013095367161078e-09
2.289715727664338528e-09
2.241457358189965512e-09
2.194216088871829510e-09
2.147970483164528373e-09
2.102699556322304427e-09
2.059087648378908233e-09
2.017357558053938948e-09
1.976473182305480167e-09
1.936417381627250102e-09
1.897173363867363479e-09
1.858724677188763751e-09
1.821055203172248854e-09
1.784149150059375670e-09
1.747991046132233119e-09
1.712565733227389725e-09
1.677858360381318650e-09
1.643854377604606475e-09
1.610539529782305789e-09
1.577899850697907435e-09
1.545921657178452938e-09
1.515500205315719508e-09
1.485775612781420968e-09
1.456634030000754313e-09
1.428064021985257715e-09
1.400054378029082761e-09
1.372594107310013218e-09
1.345672434576706201e-09
1.319278795920552270e-09
1.293402834630458731e-09
1.268034397128935680e-09
1.243163528987891668e-09
1.218780471022572904e-09
1.194875655462116127e-09
1.171439702195215902e-09
1.148744921795847680e-09
1.126926463501293927e-09
1.105522409756713678e-09
1.084524889651673377e-09
1.063926181770315825e-09
1.043718711351948369e-09
1.023895047505602353e-09
1.004447900477455404e-09
9.853701189701746100e-10
9.666546875131759653e-10
9.482947238828083102e-10
9.302834765715802861e-10
9.126143223054109181e-10
8.952807636080591667e-10
8.782764264118072491e-10
8.618206945745754502e-10
8.457051813087168811e-10
8.298910181606461483e-10
8.143725700697858405e-10
7.991443073477046766e-10
7.842008037077107311e-10
7.695367343313226459e-10
7.551468739708636127e-10
7.410260950875526737e-10
7.271693660244083328e-10
7.135717492133185508e-10
7.002283994156373020e-10
6.871345619956806889e-10
6.742855712265072948e-10
6.616508707591721319e-10
6.492077551601506479e-10
6.369986468490380115e-10
6.250191450461157276e-10
6.132649317334533916e-10
6.017317700984766533e-10
5.904155030068182014e-10
5.793120515038519596e-10
5.684174133444561658e-10
5.577276615503876360e-10
5.472389429948113343e-10
5.369474770134278316e-10
5.268495540417307800e-10
5.169415342779031601e-10
5.072198463708385191e-10
4.974526143964706615e-10
4.878331597946381172e-10
4.783997207129933085e-10
4.691487000896275809e-10
4.600765704205591995e-10
4.511798724146661226e-10
4.424552136746171641e-10
4.338992674033308812e-10
4.255087711354210023e-10
4.172805254931992461e-10
4.092113929667144050e-10
4.012982967173927539e-10
3.935382194048030163e-10
3.859282020361268690e-10
3.783456171846944259e-10
3.706782269481081141e-10
3.631662207581973299e-10
3.558064496684213843e-10
3.485958285474416347e-10
3.415313347858710738e-10
3.346100070292258995e-10
3.278289439365681247e-10
3.211853029642911695e-10
3.146762991745598296e-10
3.082992040678962678e-10
3.020513444394244044e-10
2.959301012582946486e-10
2.899329085698111190e-10
2.840572524198205170e-10
2.780115834373329692e-10
2.720328638586918979e-10
2.661827183752668579e-10
2.604583819639214395e-10
2.548571490641423391e-10
2.493763722992771723e-10
2.440134612252777999e-10
2.387658811063422234e-10
2.336311517168966515e-10
2.286068461693361252e-10
2.236905897669753341e-10
2.188800588816712573e-10
2.141729798555739905e-10
2.095671279265047985e-10
2.049646890575073747e-10
2.002528451620868044e-10
1.956493197921485496e-10
1.911516228603272128e-10
1.867573215227850048e-10
1.824640388632761125e-10
1.782694526074430707e-10
1.741712938666815576e-10
1.701673459108803864e-10
1.662554429693686384e-10
1.624334690594339941e-10
1.586993568417676794e-10
1.550510865022251811e-10
1.514866846592869724e-10
1.480042232966417480e-10
1.444101268475463974e-10
1.408548790549113663e-10
1.373871582740099151e-10
1.340048096683215903e-10
1.307057314514692375e-10
1.274878735811679709e-10
1.243492364853382602e-10
1.212878698195711516e-10
1.183018712551860934e-10
1.153893852971303609e-10
1.125486021309731505e-10
1.097777564982935152e-10
1.070751265997476110e-10
1.044390330251484305e-10
1.018181132346695047e-10
9.913895692286785565e-11
9.653029767995768744e-11
9.399028050527987480e-11
9.151709920910607292e-11
8.910899512826625561e-11
8.676425587557628775e-11
8.448121412217010931e-11
8.225824641187265696e-11
8.009377200677211259e-11
7.798625176316533214e-11
7.593418703708414494e-11
7.393611861861900255e-11
7.199062569428399872e-11
7.009632483668681109e-11
6.816118989007354087e-11
6.625279786483964781e-11
6.439783742036088668e-11
6.259481256745667888e-11
6.084226920198148344e-11
5.913879393211844789e-11
5.748301293850582206e-11
5.587359086627998731e-11
5.430922974813703484e-11
5.278866795754806298e-11
5.131067919128130265e-11
4.987407148041412672e-11
4.847768622903182840e-11
4.712039727984422036e-11
4.578192304212370840e-11
4.442683070059832102e-11
4.311184753605868717e-11
4.183578636293192855e-11
4.059749513497395141e-11
3.939585590518652238e-11
3.822978381651876257e-11
3.709822612244190127e-11
3.600016123651628339e-11
3.493459781008696405e-11
3.390057383728075453e-11
3.289715578649346896e-11
3.192343775758423188e-11
3.097854066401592456e-11
3.006161143920328524e-11
2.913933724163158756e-11
2.823435555040180411e-11
2.735747991576028414e-11
2.650783744665907366e-11
2.568458236146604418e-11
2.488689514602710659e-11
2.411398173787545235e-11
2.336507273577728842e-11
2.263942263382770136e-11
2.193630907933140539e-11
2.125503215373295562e-11
2.059491367587858258e-11
1.995529652691672895e-11
1.933554399616520776e-11
1.872941988047483535e-11
1.812383665648979830e-11
1.753783391302758900e-11
1.697077854929814945e-11
1.642205793472467255e-11
1.589107924707471186e-11
1.537726883199205967e-11
1.488007158323636148e-11
1.439895034296259449e-11
1.393338532139019753e-11
1.348287353523773201e-11
1.304692826431325890e-11
1.262507852567613060e-11
1.221686856479994561e-11
1.182185736318847758e-11
1.143961816191165510e-11
1.106973800054748138e-11
1.071181727103093775e-11
1.036546928592914469e-11
1.003031986067467082e-11
9.706006909307673730e-12
9.392180053288156935e-12
9.088500242956839449e-12
8.794639391235802329e-12
8.510280019172040003e-12
8.235114912942686267e-12
7.968846791949467200e-12
7.711187987645452554e-12
7.461860132745867431e-12
7.220593860488077274e-12
6.987128513615300671e-12
6.761211862769991964e-12
6.542599833992177759e-12
6.331056245029104700e-12
6.126352550170290457e-12
5.928267593333572891e-12
5.736587369134020811e-12
5.551104791678796479e-12
5.371619470837242028e-12
5.197937495745146642e-12
5.029871225308891529e-12
4.867239085483398741e-12
4.709865373104524269e-12
4.557580066064511989e-12
4.410218639624681848e-12
4.267621888667824155e-12
4.129635755697267994e-12
3.996111164397682671e-12
3.866903858577119593e-12
3.741874246316771647e-12
3.620887249159780752e-12
3.503812156176354696e-12
3.390522482747267989e-12
3.280895833913588722e-12
3.174813772144460684e-12
3.072161689380733530e-12
2.972828683215497268e-12
2.876707437078376088e-12
2.783694104293651586e-12
2.693688195887301794e-12
2.606592472021533770e-12
2.522312836939653399e-12
2.440758237307599309e-12
2.361840563842587525e-12
2.285474556122215498e-12
2.211577710471649383e-12
2.140070190828872755e-12
2.070874742492137131e-12
2.003916608656148513e-12
1.939123449646869703e-12
1.876425264767892964e-12
1.815754316673567526e-12
1.757045058187558548e-12
1.700234061487471596e-12
1.645259949579292195e-12
1.592063329987333522e-12
1.540586730588381862e-12
1.490774537520358935e-12
1.442572935098736950e-12
1.395929847675550994e-12
1.350794883378367153e-12
1.307119279668316545e-12
1.264855850658449451e-12
1.223958936135400143e-12
1.184384352229430207e-12
1.146089343679365966e-12
1.109032537641091468e-12
1.073173898989440140e-12
1.038474687065420790e-12
1.004897413821872393e-12
9.724058033224566497e-13
9.409647525501545881e-13
9.105402934829745908e-13
8.810995563958352117e-13
8.526107343490779639e-13
8.250430488251056867e-13
7.983667164761923594e-13
7.725529169473548801e-13
7.475737617396867873e-13
7.234022640803898726e-13
7.000123097670415882e-13
6.773786289545428061e-13
6.554767688543032168e-13
6.342830673161208326e-13
6.137746272642881439e-13
5.939292919602083170e-13
5.747256210649167550e-13
5.561428674755156462e-13
5.381609549106099546e-13
5.207604562204555110e-13
5.039225723984016707e-13
4.876291122710032524e-13
4.718624728447684798e-13
4.566056202883911549e-13
4.418420715298882708e-13
4.275558764487348377e-13
4.137316006438288503e-13
4.003543087585877936e-13
3.874095483452086803e-13
3.748833342506654949e-13
3.627621335075262721e-13
3.510328507133396273e-13
3.396828138827139108e-13
3.286997607568761127e-13
3.180718255558639783e-13
3.077875261590788354e-13
2.978357517003245694e-13
2.882057505639469031e-13
2.788871187690833545e-13
2.698697887295073166e-13
2.611440183768789736e-13
2.527003806357056490e-13
2.445297532385832758e-13
2.366233088707658118e-13
2.289725056333771578e-13
2.215690778149892328e-13
2.144050269615790763e-13
2.074726132352291094e-13
2.007643470522187811e-13
1.942729809914979741e-13
1.879915019647683707e-13
1.819131236397524907e-13
1.760312791084227204e-13
1.703396137923065456e-13
1.648319785771744613e-13
1.595024231697137945e-13
1.543451896689988754e-13
1.493547063458200996e-13
1.445255816231408915e-13
1.398525982511948744e-13
1.353307076709152140e-13
1.309550245596104456e-13
1.267208215530073087e-13
1.226235241379339405e-13
1.186587057101474765e-13
1.148220827919578855e-13
1.111095104044746517e-13
1.075169775894948534e-13
