7.866889804355271415e-10
7.973557909462588318e-10
8.081672340237341435e-10
8.191252707583287506e-10
8.302318888310656631e-10
8.414891028741872889e-10
8.528989548365667085e-10
8.644635143541073661e-10
8.761848791251651942e-10
8.880651752910302921e-10
9.001065578215977156e-10
9.123112109062697695e-10
9.246813483501206173e-10
9.372192139754889526e-10
9.499270820289587194e-10
9.627693748675629896e-10
9.757447913068043542e-10
9.888950797726872216e-10
1.002222597047042017e-09
1.015729731674476607e-09
1.029418904390432543e-09
1.043292568555052053e-09
1.057353210592850171e-09
1.071603350438337414e-09
1.086045541987623167e-09
1.100682373556148486e-09
1.115516468342543136e-09
1.130550484898763204e-09
1.145787117606534309e-09
1.161229097160264610e-09
1.176771612547650316e-09
1.192519174377935032e-09
1.208477470135648571e-09
1.224649319862943592e-09
1.241037581339787190e-09
1.257645150588968105e-09
1.274474962387866956e-09
1.291529990787050299e-09
1.308813249635854781e-09
1.326327793114954966e-09
1.344076716276081111e-09
1.362063155588957396e-09
1.380290289495561529e-09
1.398761338971776458e-09
1.417419122194483138e-09
1.436253890280800353e-09
1.455338936131337584e-09
1.474677585455175586e-09
1.494273208153658923e-09
1.514129218907631551e-09
1.534249077772445817e-09
1.554636290780938875e-09
1.575294410554360157e-09
1.596227036921448440e-09
1.617437817545733572e-09
1.638930448561144123e-09
1.660708675216123205e-09
1.682776292526240889e-09
1.705137145935509185e-09
1.727618671129803757e-09
1.750386546790515780e-09
1.773454474870651588e-09
1.796826409689683422e-09
1.820506357680141646e-09
1.844498378074370694e-09
1.868806583600373045e-09
1.893435141186815468e-09
1.918388272677326366e-09
1.943670255554208703e-09
1.969285423671685785e-09
1.995238167998816982e-09
2.021532937372197342e-09
2.048174239258582133e-09
2.075067425384365971e-09
2.102182331687197102e-09
2.129651548474032158e-09
2.157479705519992314e-09
2.185671493097495864e-09
2.214231662766752954e-09
2.243165028176583538e-09
2.272476465875784365e-09
2.302170916135016875e-09
2.332253383779431075e-09
2.362728939032256587e-09
2.393602718369330680e-09
2.424879925384791168e-09
2.456565831668171172e-09
2.488665777692865543e-09
2.520902359181651627e-09
2.553531635856303486e-09
2.586583249275745654e-09
2.620062665951779582e-09
2.653975423151950877e-09
2.688327129815378866e-09
2.723123467480433860e-09
2.758370191224427151e-09
2.794073130615460151e-09
2.830238190676595630e-09
2.866871352862509032e-09
2.903978676048779121e-09
2.941566297533986272e-09
2.979640434054778062e-09
3.018041486822523270e-09
3.056692412160620887e-09
3.095838325402633282e-09
3.135485565673003129e-09
3.175640553278922623e-09
3.216309790750089165e-09
3.257499863891646314e-09
3.299217442850673542e-09
3.341469283196322397e-09
3.384262227013784789e-09
3.427603204012271221e-09
3.471499232647193791e-09
3.515957421256646593e-09
3.560984969212587185e-09
3.606589168086615723e-09
3.652313229594338934e-09
3.698560930966138169e-09
3.745394247466669768e-09
3.792820594493245584e-09
3.840847481341161663e-09
3.889482512392817523e-09
3.938733388321648996e-09
3.988607907311469384e-09
4.039113966291254068e-09
4.090259562185390087e-09
4.142052793180013562e-09
4.194501860005103244e-09
4.247615067233092866e-09
4.301400824593643294e-09
4.355606889019371612e-09
4.410065544484758046e-09
4.465205102802643239e-09
4.521034077379969958e-09
4.577561088067736443e-09
4.634794862491985423e-09
4.692744237401257357e-09
4.751418160030981006e-09
4.810825689484898971e-09
4.870975998133794545e-09
4.931878373031603410e-09
4.993542217349423876e-09
5.055977051827270137e-09
5.119192516244067353e-09
5.183198370906007644e-09
5.247204168932966790e-09
5.311875892806929210e-09
5.377344694845601662e-09
5.443620399027086282e-09
5.510712950409957327e-09
5.578632416625439581e-09
5.647388989388207422e-09
5.716992986025661446e-09
5.787454851026202958e-09
5.858785157606345831e-09
5.930994609297361427e-09
6.004094041551478879e-09
6.078094423367664746e-09
6.153006858937679345e-09
6.228422049714243960e-09
6.303983156490247013e-09
6.380460945021513810e-09
6.457866536180675963e-09
6.536211185754920926e-09
6.615506286082940240e-09
6.695763367711311563e-09
6.776994101071408839e-09
6.859210298176215257e-09
6.942423914338167278e-09
7.026647049907387843e-09
7.111891952031466803e-09
7.198171016436121039e-09
7.285496789227904745e-09
7.373881968718485126e-09
7.462027232827860020e-09
7.550973625267704960e-09
7.640980247117257256e-09
7.732059736172924358e-09
7.824224880872022404e-09
7.917488622088348750e-09
8.011864054949322418e-09
8.107364430674485653e-09
8.204003158436213620e-09
8.301793807242441998e-09
8.400750107842014659e-09
8.500885954652408231e-09
8.602215407710746761e-09
8.704752694648068423e-09
8.807841980246067813e-09
8.910755774069989924e-09
9.014872047341542164e-09
9.120204850235810887e-09
9.226768397094865053e-09
9.334577068345893769e-09
9.443645412441958950e-09
9.553988147825038841e-09
9.665620164912381489e-09
9.778556528105893544e-09
9.892812477825024292e-09
1.000840343256340301e-08
1.012534499096959527e-08
1.024365293395196984e-08
1.036334322680834804e-08
1.048221034800948503e-08
1.060192596405745802e-08
1.072300883264568108e-08
1.084547456894261013e-08
1.096933896645492873e-08
1.109461799906447866e-08
1.122132782308810673e-08
1.134948477936139400e-08
1.147910539534594300e-08
1.161020638726072607e-08
1.174280466223800425e-08
1.187691732050363969e-08
1.201256165758231121e-08
1.214975516652816727e-08
1.228744202871800825e-08
1.242415926480322383e-08
1.256239769647974064e-08
1.270217424945568900e-08
1.284350603776437707e-08
1.298641036585989675e-08
1.313090473073577301e-08
1.327700682406719138e-08
1.342473453437732435e-08
1.357410594922736485e-08
1.372513935743135694e-08
1.387785325129522485e-08
1.403226632888117491e-08
1.418839749629682858e-08
1.434626587001025614e-08
1.450218437796905253e-08
1.465878312220446855e-08
1.481707286457209393e-08
1.497707186495451850e-08
1.513879858040977179e-08
1.530227166730049745e-08
1.546750998344605386e-08
1.563453259029806207e-08
1.580335875513894592e-08
1.597400795330498990e-08
1.614649987043260767e-08
1.632085440472940278e-08
1.649709166926951881e-08
1.667523199431384460e-08
1.685360802109233537e-08
1.702936386789047487e-08
1.720695256363381958e-08
1.738639322196957354e-08
1.756770515586936594e-08
1.775090787970783023e-08
1.793602111136303405e-08
1.812306477433848872e-08
1.831205899990758183e-08
1.850302412928041663e-08
1.869598071579286272e-08
1.889094952711881430e-08
1.908795154750549677e-08
1.928700798003174602e-08
1.948814024889021949e-08
1.968520034875992135e-08
1.988228860646351483e-08
2.008135011212173669e-08
2.028240462189629717e-08
2.048547208974763008e-08
2.069057266941525582e-08
2.089772671641795705e-08
2.110695479007401843e-08
2.131827765554164296e-08
2.153171628587983279e-08
2.174729186412988997e-08
2.196502578541776212e-08
2.218493965907743496e-08
2.240705531079557007e-08
2.262880965958981259e-08
2.284480036632705518e-08
2.306285269212856300e-08
2.328298631503159694e-08
2.350522110089913247e-08
2.372957710521267443e-08
2.395607457488216790e-08
2.418473395007316403e-08
2.441557586605143947e-08
2.464862115504520821e-08
2.488389084812512777e-08
2.512140617710228493e-08
2.536118857644399569e-08
2.560325968520871307e-08
2.584764134899811378e-08
2.608431544536596147e-08
2.631947929067904221e-08
2.655676326194513885e-08
2.679618647321663499e-08
2.703776821086915246e-08
2.728152793515516522e-08
2.752748528177155958e-08
2.777566006344138885e-08
2.802607227150982895e-08
2.827874207755457334e-08
2.853368983501071025e-08
2.879093608081026741e-08
2.905050153703648066e-08
2.931240711259325615e-08
2.957281619075053636e-08
2.982177115603594649e-08
3.007282191680930448e-08
3.032598611625660729e-08
3.058128154609056634e-08
3.083872614780116893e-08
3.109833801391669192e-08
3.136013538927481362e-08
3.162413667230529302e-08
3.189036041632244939e-08
3.215882533082957320e-08
3.242955028283324328e-08
3.270255429816978046e-08
3.297785656284187213e-08
3.325547642436710831e-08
3.351968950563631969e-08
3.377942808881995264e-08
3.404117934373747215e-08
3.430495886625237793e-08
3.457078237307797341e-08
3.483866570271399229e-08
3.510862481638984245e-08
3.538067579901615488e-08
3.565483486014269191e-08
3.593111833492436842e-08
3.620954268509473091e-08
3.649012449994633864e-08
3.677288049731974068e-08
3.705782752459907720e-08
3.733958197336569213e-08
3.760083622592438739e-08
3.786391839890612435e-08
3.812884128174143806e-08
3.839561775334456741e-08
3.866426078273979630e-08
3.893478342969214242e-08
3.920719884534171880e-08
3.948152027284366716e-08
3.975776104801142653e-08
4.003593459996525606e-08
4.031605445178532391e-08
4.059813422116864746e-08
4.088218762109132087e-08
4.116822846047540798e-08
4.143245250412535189e-08
4.168711673031743054e-08
4.194334624806686481e-08
4.220115067842509333e-08
4.246053970157958346e-08
4.272152305721666578e-08
4.298411054488791558e-08
4.324831202437741440e-08
4.351413741607269754e-08
4.378159670133649561e-08
4.405069992288228783e-08
4.432145718515063607e-08
4.459387865468931073e-08
4.486797456053434973e-08
4.513653054998647810e-08
4.537047721845204551e-08
4.560563645339135346e-08
4.584201453964482203e-08
4.607961779462745559e-08
4.631845256849828246e-08
4.655852524432967549e-08
4.679984223827802919e-08
4.704240999975536329e-08
4.728623501160127708e-08
4.753132379025680292e-08
4.777768288593816044e-08
4.802531888281203289e-08
4.827423839917113450e-08
4.852444808761166389e-08
4.874189602530204599e-08
4.894220878614784437e-08
4.914334476491149087e-08
4.934530734474109074e-08
4.954809992268848403e-08
4.975172590976590414e-08
4.995618873100403272e-08
5.016149182550914787e-08
5.036763864652121871e-08
5.057463266147153671e-08
5.078247735204169037e-08
5.099117621422169944e-08
5.120073275836902271e-08
5.141115050926720177e-08
5.161340424258551463e-08
5.176100852398979995e-08
5.190903492488434371e-08
5.205748465244863727e-08
5.220635891731449960e-08
5.235565893357591080e-08
5.250538591879902433e-08
5.265554109403167626e-08
5.280612568381399302e-08
5.295714091618792715e-08
5.310858802270740846e-08
5.326046823844834301e-08
5.341278280201874437e-08
5.356553295556879217e-08
5.371871994480095680e-08
5.382532864618293894e-08
5.390415725239659913e-08
5.398310130517258065e-08
5.406216097358538971e-08
5.414133642695717054e-08
5.422062783485791717e-08
5.430003536710630057e-08
5.437955919376937090e-08
5.445919948516334497e-08
5.453895641185387755e-08
5.461883014465641874e-08
5.469882085463647863e-08
5.477892871311042142e-08
5.485915389164518085e-08
5.492960034321319849e-08
5.492303516799542869e-08
5.491647077744613782e-08
5.490990717147153019e-08
5.490334434997784324e-08
5.489678231287131439e-08
5.489022106005807518e-08
5.488366059144462112e-08
5.487710090693711022e-08
5.487054200644181961e-08
5.486398388986504627e-08
5.485742655711310041e-08
5.485087000809229887e-08
5.484431424270897171e-08
5.483775926086934312e-08
5.477254133198218850e-08
5.466845181317429252e-08
5.456456010567236091e-08
5.446086583355646156e-08
5.435736862162117441e-08
5.425406809537401641e-08
5.415096388103450850e-08
5.404805560553217715e-08
5.394534289650552200e-08
5.384282538230101666e-08
5.374050269197109701e-08
5.363837445527312886e-08
5.353644030266844179e-08
5.343469986532027117e-08
5.332389421496482648e-08
5.311665799262760583e-08
5.291022716630421700e-08
5.270459860593040412e-08
5.249976919360613820e-08
5.229573582354871937e-08
5.209249540204597164e-08
5.189004484740859072e-08
5.168838108992427846e-08
5.148750107181044142e-08
5.128740174716815324e-08
5.108808008193629580e-08
5.088953305384478044e-08
5.069175765236962222e-08
5.049475087868648535e-08
5.023516847589838749e-08
4.993017545254526280e-08
4.962703413482210439e-08
4.932573328045968821e-08
4.902626171544374405e-08
4.872860833360092847e-08
4.843276209618678299e-08
4.813871203147672963e-08
4.784644723435855548e-08
4.755595686592834484e-08
4.726723015308873417e-08
4.698025638814884124e-08
4.669502492842743676e-08
4.641152519585853809e-08
4.612322184757362207e-08
4.573619060784735454e-08
4.535240704195043376e-08
4.497184389785732643e-08
4.459447415222062947e-08
4.422027100845244776e-08
4.384920789482190515e-08
4.348125846256773675e-08
4.311639658402757692e-08
4.275459635078295050e-08
4.239583207181898786e-08
4.204007827170040562e-08
4.168730968876279352e-08
4.133750127331820821e-08
4.099062818587711214e-08
4.059372027916981994e-08
4.015732252585729414e-08
3.972561621244696511e-08
3.929855090419623844e-08
3.887607670855496640e-08
3.845814426933674954e-08
3.804470476095250846e-08
3.763570988270683521e-08
3.723111185315488117e-08
3.683086340452029739e-08
3.643491777717316215e-08
3.604322871416693606e-08
3.565575045583486833e-08
3.527243773444374977e-08
3.489055919367275288e-08
3.443716259579194840e-08
3.398965780588780086e-08
3.354796826096594762e-08
3.311201839295426568e-08
3.268173361577428353e-08
3.225704031258051073e-08
3.183786582316503806e-08
3.142413843152642249e-08
3.101578735360007082e-08
3.061274272514741552e-08
3.021493558980350561e-08
2.982229788727883697e-08
2.943476244171531939e-08
2.905226295019310494e-08
2.864785385431940157e-08
2.822468600806603878e-08
2.780776892764711971e-08
2.739701028073195464e-08
2.699231909886422335e-08
2.659360575731563066e-08
2.620078195523743298e-08
2.581376069610461150e-08
2.543245626844943941e-08
2.505678422687938753e-08
2.468666137337542436e-08
2.432200573886684580e-08
2.396273656507748636e-08
2.360877428664134316e-08
2.325980067822353284e-08
2.288371535571254841e-08
2.251371091806235668e-08
2.214968904407159403e-08
2.179155300228441871e-08
2.143920762528592957e-08
2.109255928441324297e-08
2.075151586487584556e-08
2.041598674127762583e-08
2.008588275353529401e-08
1.976111618318576871e-08
1.944160073007664748e-08
1.912725148943396435e-08
1.881798492930014381e-08
1.851371886833735681e-08
1.820378996266851639e-08
1.788839532342088423e-08
1.757846513848033423e-08
1.727390473197994143e-08
1.697462106838496983e-08
1.668052272407272996e-08
1.639151985940499934e-08
1.610752419128427077e-08
1.582844896618549055e-08
1.555420893365504124e-08
1.528472032026891219e-08
1.501990080404188867e-08
1.475966948928046554e-08
1.450394688187110602e-08
1.425265486499683444e-08
1.398559625780156699e-08
1.372315194411602723e-08
1.346563248429560873e-08
1.321294546183770291e-08
1.296500019446580008e-08
1.272170770158613288e-08
1.248298067235501394e-08
1.224873343434553537e-08
1.201888192280197841e-08
1.179334365047144297e-08
1.157203767800145729e-08
1.135488458489309728e-08
1.114180644099929568e-08
1.093272677855775133e-08
1.071923612669133899e-08
1.050060731692985737e-08
1.028643764547755872e-08
1.007663616405328293e-08
9.871113779350811834e-09
9.669783215204974560e-09
9.472558975529198202e-09
9.279357308009384384e-09
9.090096168537890822e-09
8.904695186373102473e-09
8.723075630009613704e-09
8.545160373744329082e-09
8.370873864924845901e-09
8.200142091865480651e-09
8.032892552417845152e-09
7.861852682882265396e-09
7.694114944390332755e-09
7.529955999606387229e-09
7.369299492639832134e-09
7.212070696702640230e-09
7.058196479351481634e-09
6.907605268471162725e-09
6.760227018984104637e-09
6.615993180270082040e-09
6.474836664280811828e-09
6.336691814335246106e-09
6.201494374580236036e-09
6.069181460103061963e-09
5.939691527681479932e-09
5.812891868666614248e-09
5.688709083250211758e-09
5.567179256901700110e-09
5.448245713554508206e-09
5.331852987932124393e-09
5.217946799681596233e-09
5.106474028059608414e-09
4.997382687159344889e-09
4.890621901666595225e-09
4.786141883133780241e-09
4.683893906760859041e-09
4.583830288672278057e-09
4.485904363679253427e-09
4.390070463517410090e-09
4.296283895548956404e-09
4.203297406480200076e-09
4.112231252072421575e-09
4.023138083079832841e-09
3.935975153967862142e-09
3.850700645301446772e-09
3.767273643680640681e-09
3.685654122111011800e-09
3.605802920799319389e-09
3.527681728365187137e-09
3.451253063459979489e-09
3.376480256783768158e-09
3.303327433491977630e-09
3.231759495983201702e-09
3.161742107059856795e-09
3.094127107746808085e-09
3.029184776956065375e-09
2.965605514385116156e-09
2.903360710728597486e-09
2.842422357159065930e-09
2.782763032723603493e-09
2.724355892005008445e-09
2.667174653041912280e-09
2.611193585502435813e-09
2.556387499106126843e-09
2.502731732288852755e-09
2.450202141105654374e-09
2.398775088366468950e-09
2.348427432999879528e-09
2.299136519640160914e-09
2.251514219609370154e-09
2.204946771398953293e-09
2.159342464888439630e-09
2.114681379683455275e-09
2.070944007397604347e-09
2.028111243131122308e-09
1.986164377125612476e-09
1.945085086591432091e-09
1.904855427704179739e-09
1.865457827766606079e-09
1.826875077532716901e-09
1.789090323690633859e-09
1.752087061500854938e-09
1.715849127586885517e-09
1.680941791547102059e-09
1.647645183092693300e-09
1.615008124029080017e-09
1.583017549800461313e-09
1.551660654637755811e-09
1.520924886432467237e-09
1.490797941712092007e-09
1.461267760715086897e-09
1.432322522563330282e-09
1.403950640530271838e-09
1.376140757402778857e-09
1.348881740934861015e-09
1.322162679391472856e-09
1.295972877180533200e-09
1.270301850571521851e-09
1.245590370503424841e-09
1.221423328725183416e-09
1.197725177781474913e-09
1.174486820215658232e-09
1.151699335080663240e-09
1.129353974514317449e-09
1.107442160381169127e-09
1.085955480979416347e-09
1.064885687811753517e-09
1.044224692418868787e-09
1.023964563274358363e-09
1.004097522739925963e-09
9.846159440796181431e-10
9.655123485320085980e-10
9.468540392255805840e-10
9.286859985313253047e-10
9.108665624677669627e-10
8.933890420808980633e-10
8.762468767629967007e-10
8.594336317899193128e-10
8.429429959057005152e-10
8.267687789534468225e-10
8.109049095517232350e-10
7.953454328155235164e-10
7.800845081209381488e-10
7.651164069127615425e-10
7.504355105541183677e-10
7.360363082173829487e-10
7.219133948155666083e-10
7.079668192950180412e-10
6.942729698378120275e-10
6.808439936880094609e-10
6.676747675331869214e-10
6.547602671586086271e-10
6.420955655304188954e-10
6.296758309159226946e-10
6.174963250402260565e-10
6.055524012785177370e-10
5.938395028833428914e-10
5.823531612461399148e-10
5.710889941924183049e-10
5.600427043098987407e-10
5.492100773090131914e-10
5.384849360342720484e-10
5.277699168577643816e-10
5.172681100262452732e-10
5.069752729431028939e-10
4.968872474328501178e-10
4.869999580612747611e-10
4.773094104890137068e-10
4.678116898579005468e-10
4.585029592093929417e-10
4.493794579345095653e-10
4.404375002545803021e-10
4.316734737322477324e-10
4.230838378120788919e-10
4.146651223902265281e-10
4.064139264125579849e-10
3.980217329853262016e-10
3.897376209536559457e-10
3.816259279294583280e-10
3.736830653188035774e-10
3.659055192179401044e-10
3.582898488587548467e-10
3.508326850865807208e-10
3.435307288696936202e-10
3.363807498398242931e-10
3.293795848630538038e-10
3.225241366404533760e-10
3.158113723378423886e-10
3.092383222440723679e-10
3.028020784572284277e-10
2.963881878082417088e-10
2.898642963540101601e-10
2.834840042787608463e-10
2.772441507724482898e-10
2.711416445985856823e-10
2.651734625628446261e-10
2.593366480153577294e-10
2.536283093859830051e-10
2.480456187518183351e-10
2.425858104362411843e-10
2.372461796387869510e-10
2.320240810951848242e-10
2.269169277668886262e-10
2.219221895594523739e-10
2.170373920691161370e-10
2.120168240933391997e-10
2.070508481212833896e-10
2.022011880003893673e-10
1.974651193160994173e-10
1.928399814666088727e-10
1.883231761682082376e-10
1.839121659956342033e-10
1.796044729566092289e-10
1.753976770997690775e-10
1.712894151551969341e-10
1.672773792067963508e-10
1.633593153957666488e-10
1.595330226544428539e-10
1.557963514697890488e-10
1.520801175547638929e-10
1.482849951005194003e-10
1.445845790068057514e-10
1.409765058993620789e-10
1.374584713813591739e-10
1.340282285616323839e-10
1.306835866196395722e-10
1.274224094062355582e-10
1.242426140793585954e-10
1.211421697737654370e-10
1.181190963039630224e-10
1.151714628995051159e-10
1.122973869718566400e-10
1.094950329120209977e-10
1.067626109181794198e-10
1.039685129663725411e-10
1.012092725265289186e-10
9.852326010147214000e-11
9.590853227877891806e-11
9.336319722262390538e-11
9.088541330497719184e-11
8.847338777313077300e-11
8.612537545258766178e-11
8.383967748437374663e-11
8.161464009586022249e-11
7.944865340421076198e-11
7.734015025157913538e-11
7.528760507122505840e-11
7.328953278371730005e-11
7.131521956776170727e-11
6.931061836334072452e-11
6.736236454189216663e-11
6.546887423348702164e-11
6.362860808923384239e-11
6.184007002983501353e-11
6.010180602932250588e-11
5.841240293297789070e-11
5.677048730848328812e-11
5.517472432936161458e-11
5.362381668980569781e-11
5.211650355000815180e-11
5.065155951113732741e-11
4.922779361912651629e-11
4.784404839646563553e-11
4.644634606477385371e-11
4.507154825853809319e-11
4.373744405186744282e-11
4.244282892651361268e-11
4.118653401760440483e-11
3.996742505831407982e-11
3.878440135577279998e-11
3.763639479728636785e-11
3.652236888597400340e-11
3.544131780494917733e-11
3.439226550920136594e-11
3.337426484435707239e-11
3.238639669152602730e-11
3.142776913745960082e-11
3.048768134403281314e-11
2.954335807621800037e-11
2.862828420995909026e-11
2.774155377637799770e-11
2.688228886801208068e-11
2.604963876964215948e-11
2.524277911604115808e-11
2.446091107581208339e-11
2.370326056050473781e-11
2.296907745822881359e-11
2.225763489100677358e-11
2.156822849512761662e-11
2.090017572379143487e-11
2.025281517135457482e-11
1.962550591850436443e-11
1.901762689771722329e-11
1.842857627837092022e-11
1.785777087090198917e-11
1.730464554941876914e-11
1.676865269219866414e-11
1.624926163951548000e-11
1.574595816825926100e-11
1.525824398283019113e-11
1.478563622180088730e-11
1.432766697985901437e-11
1.388388284455837986e-11
1.345384444741750224e-11
1.303712602892274445e-11
1.263331501700550222e-11
1.224201161857484227e-11
1.186282842370252374e-11
1.149539002206789794e-11
1.113933263128280819e-11
1.079430373672875656e-11
1.045996174254990329e-11
1.013597563345621499e-11
9.822024647001480422e-12
9.517797956012745301e-12
9.222994360855742007e-12
8.937321991232120244e-12
8.660498017213335076e-12
8.392248369224957149e-12
8.132307466704007188e-12
7.880417955160852631e-12
7.636330451385510051e-12
7.399803296545722358e-12
7.170602316932735980e-12
6.948500592117546810e-12
6.733278230288281521e-12
6.524722150546367455e-12
6.322625871945843324e-12
6.126789309066842601e-12
5.937018573920948208e-12
5.753125783992570566e-12
5.574928876225683872e-12
5.402251426772381827e-12
5.234922476324484876e-12
5.072776360855232575e-12
4.915652547603571553e-12
4.763395476138746886e-12
4.615854404347746605e-12
4.472883259192944923e-12
4.334340492092619616e-12
4.200088938780743696e-12
4.069995683507377463e-12
3.943931927445648781e-12
3.821772861174342718e-12
3.703397541110309295e-12
3.588688769768382952e-12
3.477532979729896823e-12
3.369820121205315751e-12
3.265443553079463262e-12
3.164299937331460053e-12
3.066289136724876594e-12
2.971314115666954416e-12
2.879280844138428857e-12
2.790098204599145781e-12
2.703677901777166896e-12
2.619934375252008395e-12
2.538784714745528091e-12
2.460148578036626233e-12
2.383948111418461628e-12
2.310107872619315757e-12
2.238554756111045479e-12
2.169217920730929677e-12
2.102028719545316335e-12
2.036920631885834844e-12
1.973829197490543466e-12
1.912691952685031819e-12
1.853448368540319015e-12
1.796039790946130324e-12
1.740409382540420637e-12
1.686502066437557544e-12
1.634264471699436976e-12
1.583644880495571190e-12
1.534593176899866898e-12
1.487060797273370751e-12
1.441000682183794024e-12
1.396367229814366305e-12
1.353116250815742912e-12
1.311204924556301332e-12
1.270591756727642222e-12
1.231236538263109792e-12
1.193100305528796461e-12
1.156145301747632291e-12
1.120334939618253196e-12
1.085633765091759051e-12
1.052007422270441107e-12
1.019422619393715355e-12
9.878470958776083130e-13
9.572495903751737355e-13
9.275998098262082395e-13
8.988683994655797009e-13
8.710269137605691417e-13
8.440477882483624356e-13
8.179043122458306258e-13
7.925706024046595472e-13
7.680215770855164910e-13
7.442329315259670476e-13
7.211811137775680349e-13
6.988433013882382445e-13
6.771973788069003364e-13
6.562219154879843775e-13
6.358961446741104303e-13
6.161999428359555353e-13
5.971138097489589896e-13
5.786188491871302127e-13
5.606967502148345832e-13
5.433297690580451459e-13
5.265007115371374681e-13
5.101929160437656750e-13
4.943902370450652160e-13
4.790770290987530542e-13
4.642381313633536127e-13
4.498588525882219906e-13
4.359249565684553552e-13
4.224226480503537204e-13
4.093385590734144390e-13
3.966597357353952973e-13
3.843736253672997761e-13
3.724680641055963628e-13
3.609312648494058737e-13
3.497518055906638270e-13
3.389186181057732648e-13
3.284209769975056068e-13
3.182484890763183876e-13
3.083910830705810384e-13
2.988389996555147625e-13
2.895827817909704701e-13
2.806132653584827194e-13
2.719215700883435095e-13
2.634990907676779203e-13
2.553374887208673540e-13
2.474286835538361719e-13
2.397648451540554826e-13
2.323383859383474510e-13
2.251419533407907469e-13
2.181684225333201684e-13
