1.035029634407596840e-08
1.050839393860865545e-08
1.066890642529187711e-08
1.083187069086079322e-08
1.099732418548410183e-08
1.116530493137030920e-08
1.133585153150547687e-08
1.150900317852439950e-08
1.168479966371735107e-08
1.186328138617425388e-08
1.204448936206878335e-08
1.222846523408403316e-08
1.241525128098227535e-08
1.260489042732088146e-08
1.279742625331663833e-08
1.299290300486074634e-08
1.319136560368678820e-08
1.339285965769402243e-08
1.359743147142833908e-08
1.380512805672333774e-08
1.401599714350391688e-08
1.423008719075490872e-08
1.444744739765723651e-08
1.466812771489418803e-08
1.489217885613038131e-08
1.511956901892968817e-08
1.535018688607964564e-08
1.558432235353833304e-08
1.582202907504938922e-08
1.606336152273385549e-08
1.630837499957261888e-08
1.655712565207957026e-08
1.680967048316806782e-08
1.706606736521333663e-08
1.732637505331443037e-08
1.759065319875845198e-08
1.785896236268986220e-08
1.813136402998857177e-08
1.840792062335973895e-08
1.868869551763810125e-08
1.897375305431105018e-08
1.926315855626265250e-08
1.955697834274295580e-08
1.985527974456562566e-08
2.015813111953700486e-08
2.046560186812090247e-08
2.077776244934230577e-08
2.109468439693331385e-08
2.141644033572567363e-08
2.174310399829342212e-08
2.207475024184887764e-08
2.241145506539705549e-08
2.275329562715103588e-08
2.310035026221343262e-08
2.345269850052755576e-08
2.381042108510196401e-08
2.417359999051342305e-08
2.454231844169207463e-08
2.491666093299271761e-08
2.529671324755739873e-08
2.568256247697338311e-08
2.607429704123045479e-08
2.647200670898313601e-08
2.687578261812193119e-08
2.728571729665789369e-08
2.770190468392619646e-08
2.812444015211315671e-08
2.855342052811101945e-08
2.898894411570697143e-08
2.943111071810969794e-08
2.988002166082017556e-08
3.033577981485125407e-08
3.079848962030092414e-08
3.126825711028562038e-08
3.174518993523865844e-08
3.222939738757868656e-08
3.272099042675494108e-08
3.322008170467462619e-08
3.372678559151734157e-08
3.424121820194437283e-08
3.476349742170666989e-08
3.529318328180580275e-08
3.583075759776763195e-08
3.637652007128029209e-08
3.693059542170273941e-08
3.749311026807865419e-08
3.806419315807215163e-08
3.864397459734340721e-08
3.923258707937246841e-08
3.983016511573732754e-08
4.043684526685243635e-08
4.105276617317625194e-08
4.167806858689371668e-08
4.231289540408129543e-08
4.295739169736236545e-08
4.361170474905919261e-08
4.427598408485067225e-08
4.495038150794220742e-08
4.563505113375667112e-08
4.633014942515275910e-08
4.703583522818076517e-08
4.775226980838237670e-08
4.847961688764397965e-08
4.921804268161030900e-08
4.996771593766897950e-08
5.072880797351293779e-08
5.150149271629097371e-08
5.228594674235344436e-08
5.308234931760448690e-08
5.389088243846821788e-08
5.471173087347956625e-08
5.554508220550748281e-08
5.639112687462245045e-08
5.725005822161617012e-08
5.812207253218491029e-08
5.900736908178462639e-08
5.990615018117035050e-08
6.081862122262925467e-08
6.174499072691681119e-08
6.268547039090911257e-08
6.364027513598039072e-08
6.460962315711734885e-08
6.559373597278235001e-08
6.659283847553469999e-08
6.760715898342429203e-08
6.863692929216739377e-08
6.968238472811778485e-08
7.074376420204350238e-08
7.182131026372400385e-08
7.291526915737819005e-08
7.402589087793738301e-08
7.515342922817417784e-08
7.629814187670278554e-08
7.746029041686197094e-08
7.864014042649585879e-08
7.983796152864361944e-08
8.105364905666323814e-08
8.228673777480552119e-08
8.353858576911231637e-08
8.480947842897795888e-08
8.609970548549450831e-08
8.740956107750246470e-08
8.873934381864805085e-08
9.008935686545890616e-08
9.145990798645551654e-08
9.285130963231567825e-08
9.426387900710475424e-08
9.569793814058948414e-08
9.715381396165371790e-08
9.863183837282932128e-08
1.001323483259608350e-07
1.016556858990231043e-07
1.032021983741057498e-07
1.047722383165839737e-07
1.063661636554957262e-07
1.079843377651397646e-07
1.096271295479150784e-07
1.112949135184225122e-07
1.129880698888438744e-07
1.147069846556199696e-07
1.164520496874492353e-07
1.182236628146232219e-07
1.200222279197209114e-07
1.218481550296851432e-07
1.237018604092975961e-07
1.255837666560756886e-07
1.274943027966156672e-07
1.294339043843988133e-07
1.314030135990858594e-07
1.334020793473244714e-07
1.354315573650863665e-07
1.374919103215653273e-07
1.395836079246529470e-07
1.417071270280206411e-07
1.438629517398288345e-07
1.460515735330933700e-07
1.482734913577265260e-07
1.505292117542867920e-07
1.528192489694564585e-07
1.551441250732757147e-07
1.575043700781630862e-07
1.599005220597436790e-07
1.623331272795172058e-07
1.648027403093903314e-07
1.673099241581073250e-07
1.698552503995988985e-07
1.724392993032889603e-07
1.750626599663797219e-07
1.777259304481517621e-07
1.804297179063045682e-07
1.831746387353757220e-07
1.859613187072600922e-07
1.887858958637560744e-07
1.916519109744415179e-07
1.945614359171362070e-07
1.975151312276040569e-07
2.005136674694000907e-07
2.035577253861047857e-07
2.066479960558715875e-07
2.097851810483166555e-07
2.129699925837941966e-07
2.162031536950898408e-07
2.194853983915646413e-07
2.228174718257956514e-07
2.262001304627434121e-07
2.296341422514905562e-07
2.331202867995828407e-07
2.366593555500216574e-07
2.402521519609406854e-07
2.438994916880131656e-07
2.476022027696233614e-07
2.513611258148542716e-07
2.551771141943261391e-07
2.590510342339351201e-07
2.629837654115282993e-07
2.669762005565692085e-07
2.710292460528319101e-07
2.751438220441749468e-07
2.793208626434343303e-07
2.835613161444925863e-07
2.878661452375646191e-07
2.922363272277549756e-07
2.966728542569273263e-07
3.011767335289475200e-07
3.057489875383461093e-07
3.103906543024468835e-07
3.151027875970256217e-07
3.198864571955429027e-07
3.247427491120094674e-07
3.296727658475412576e-07
3.346776266406511404e-07
3.397584677213465100e-07
3.449164425690839609e-07
3.501527221746346054e-07
3.554684953059310284e-07
3.608649687779471257e-07
3.663433677266748806e-07
3.719049358872640970e-07
3.775509358763776025e-07
3.832826494788388447e-07
3.891013779386323365e-07
3.950084422543140731e-07
4.010051834789146107e-07
4.070929630243907133e-07
4.132731629707033339e-07
4.195471863795800585e-07
4.259164576130485167e-07
4.322862739001767421e-07
4.384695017980055400e-07
4.447411717990081479e-07
4.511025489391384507e-07
4.575549163488570405e-07
4.640995755119437224e-07
4.707378465280126124e-07
4.774710683787910789e-07
4.843005991981934455e-07
4.912278165462719334e-07
4.982541176870752852e-07
5.053809198704882308e-07
5.126096606180956843e-07
5.199417980131468975e-07
5.273788109946521811e-07
5.349221996557016621e-07
5.425734855460394285e-07
5.503342119789718359e-07
5.582059443426596327e-07
5.661902704158728910e-07
5.742888006882535283e-07
5.825031686851569957e-07
5.908350312971537059e-07
5.992860691142247181e-07
6.078579867647558640e-07
6.165525132593671619e-07
6.253714023396683623e-07
6.343164328319940947e-07
6.433894090062140120e-07
6.525921609396549903e-07
6.619265448862483580e-07
6.713944436509447162e-07
6.809977669694833844e-07
6.907384518936065732e-07
7.006184631817695310e-07
7.106397936954477784e-07
7.208044648011041103e-07
7.311145267779218816e-07
7.415720592313466086e-07
7.521791715125670722e-07
7.629380031439802848e-07
7.738507242507416479e-07
7.849195359985028969e-07
7.961466710373965970e-07
8.075343939523710560e-07
8.190850017199811111e-07
8.308008241716967277e-07
8.426842244638479961e-07
8.547375995542824407e-07
8.669633806858566140e-07
8.793640338768284687e-07
8.919420604182634795e-07
9.046999973785738422e-07
9.176404181152466520e-07
9.307659327939193520e-07
9.440791889148616382e-07
9.560415167712002812e-07
9.676551835424981532e-07
9.794099291827683362e-07
9.913074674700634989e-07
1.003349533000834534e-06
1.015537881442819232e-06
1.027874289791003146e-06
1.040360556626710028e-06
1.052998502379808711e-06
1.065789969594136183e-06
1.078736823196124973e-06
1.091840950766692051e-06
1.105104262816451052e-06
1.118528693064248264e-06
1.132116198719080813e-06
1.145868760765463970e-06
1.159788384252228094e-06
1.173877098584861885e-06
1.188136957821377824e-06
1.202570040971788288e-06
1.217178452301206763e-06
1.231964321636641907e-06
1.246929804677521312e-06
1.262077083309972067e-06
1.277408365924933932e-06
1.292925887740119529e-06
1.308631911125915983e-06
1.324528725935204309e-06
1.340618649837227184e-06
1.356904028655483733e-06
1.373387236709729460e-06
1.390070677162156490e-06
1.406956782367752662e-06
1.424048014228917793e-06
1.441346864554414436e-06
1.458855855422638498e-06
1.476577539549343559e-06
1.494514500659805127e-06
1.512669353865504871e-06
1.531044746045416571e-06
1.549643356231898664e-06
1.568467896001273626e-06
1.587521109869181234e-06
1.606805775690690676e-06
1.626324705065317822e-06
1.646080743746931998e-06
1.666076772058641829e-06
1.686315705312753534e-06
1.706800494235780305e-06
1.727534125398666849e-06
1.748519621652205196e-06
1.769760042567737683e-06
1.791258484883248973e-06
1.813018082954842026e-06
1.835042009213699035e-06
1.856352859679103495e-06
1.875047772195294156e-06
1.893930956974580061e-06
1.913004310064609034e-06
1.932269746607710838e-06
1.951729201033178950e-06
1.970658908823611270e-06
1.989491946986503249e-06
2.008504967248199537e-06
2.027699689647483118e-06
2.047077850661056031e-06
2.066421766486716776e-06
2.085001116163569441e-06
2.103747514136183055e-06
2.122662462348033146e-06
2.141747476246693714e-06
2.161004084905219590e-06
2.179576263842934826e-06
2.197853916759029898e-06
2.216284843777831662e-06
2.234870330236718319e-06
2.253611672251759260e-06
2.272326645649460632e-06
2.289863534311040610e-06
2.307535765514384016e-06
2.325344383777927930e-06
2.343290441681280060e-06
2.361374999927422730e-06
2.378600140340074473e-06
2.395246128262160503e-06
2.412008608615746197e-06
2.428888396641506747e-06
2.445886313285372983e-06
2.462896559806147166e-06
2.478151864901073362e-06
2.493501662122602329e-06
2.508946536759716196e-06
2.524487077726706577e-06
2.540123877585624755e-06
2.554717923342343379e-06
2.568339844145439949e-06
2.582034397909173569e-06
2.595801971917177698e-06
2.609642955518105105e-06
2.623557740136637614e-06
2.635088913359991856e-06
2.646637129657805471e-06
2.658235955746805130e-06
2.669885613423226214e-06
2.681586325455337095e-06
2.692056282321022568e-06
2.701012140491667101e-06
2.709997792762860244e-06
2.719013338252794897e-06
2.728058876409401606e-06
2.737134507011458175e-06
2.743378896608007831e-06
2.749384595291413227e-06
2.755403441417450029e-06
2.761435463768001322e-06
2.767480691187935986e-06
2.772191712636409642e-06
2.774756886031970603e-06
2.777324433042068822e-06
2.779894355863065390e-06
2.782466656693352583e-06
2.785041337733358097e-06
2.784393075370714079e-06
2.783181977927834427e-06
2.781971407262960893e-06
2.780761363146954546e-06
2.779551845350794619e-06
2.777013571195868368e-06
2.771624334593367157e-06
2.766245556661818987e-06
2.760877217104497978e-06
2.755519295664083920e-06
2.750171772122569093e-06
2.741406123967129514e-06
2.731725558008396423e-06
2.722079176461979401e-06
2.712466858614487383e-06
2.702888484178781270e-06
2.692201282244987788e-06
2.678141476201002539e-06
2.664155096370470188e-06
2.650241759290854195e-06
2.636401083502219050e-06
2.622632689536791023e-06
2.605617912880635437e-06
2.587407006722855162e-06
2.569323378283518450e-06
2.551366138006802550e-06
2.533534402554068004e-06
2.515019665148491367e-06
2.493044310610043828e-06
2.471260968966671936e-06
2.449667962477450936e-06
2.428263628060943907e-06
2.407046317167146896e-06
2.383339833141029803e-06
2.358431785737322427e-06
2.333784049858157085e-06
2.309393905013700850e-06
2.285258659145676984e-06
2.260981907470227955e-06
2.233953787315440458e-06
2.207248765402482093e-06
2.180862979366026880e-06
2.154792613012067562e-06
2.129033895765938537e-06
2.102054538298574670e-06
2.074328106320631913e-06
2.046967390367764051e-06
2.019967566587722718e-06
1.993323874755650833e-06
1.966954481267007148e-06
1.939387749269028614e-06
1.912207363127191114e-06
1.885407908230844934e-06
1.858984045854740255e-06
1.832930512095495335e-06
1.806939994652146161e-06
1.781035410914565288e-06
1.755502199475232917e-06
1.730335036280876563e-06
1.705528673604708418e-06
1.681077938952200029e-06
1.657219320180095703e-06
1.633704357724074627e-06
1.610523058683978549e-06
1.587670688573183843e-06
1.565142580084642877e-06
1.543216274534277739e-06
1.521943543988911677e-06
1.500964051061838745e-06
1.480273753568601586e-06
1.459868665044930158e-06
1.439744853978657978e-06
1.420372439120927148e-06
1.401306030214920308e-06
1.382495559778682665e-06
1.363937592215053588e-06
1.345628738044708240e-06
1.327475540801552777e-06
1.309420850211537103e-06
1.291611717330332147e-06
1.274044802383818680e-06
1.256716811021382995e-06
1.239624493698111186e-06
1.221785362829721441e-06
1.204024614231668765e-06
1.186522048617594940e-06
1.169273912854422665e-06
1.152276508367292628e-06
1.134964966948769765e-06
1.116685032489118706e-06
1.098699517693140196e-06
1.081003680588780133e-06
1.063592855578974856e-06
1.046462452211540565e-06
1.028128439601612017e-06
1.009697267412121109e-06
9.915965092985334809e-07
9.738202419554579770e-07
9.563626482641022185e-07
9.388588049944401655e-07
9.205748221077851137e-07
9.026469140946051911e-07
8.850681465076137906e-07
8.678317199457256775e-07
8.509309674240746394e-07
8.337325995584655971e-07
8.166295651089286863e-07
7.998773791059284131e-07
7.834688443101194638e-07
7.673969111249832789e-07
7.515506718567554316e-07
7.355512911913190308e-07
7.198925132174418609e-07
7.045670870173587059e-07
6.895679160344114653e-07
6.748880547869332716e-07
6.601241488725244797e-07
6.454661483272938734e-07
6.311336274366872956e-07
6.171193589526739537e-07
6.034162761076507708e-07
5.899896536262220619e-07
5.766354524864814884e-07
5.635835188305596631e-07
5.508270109439413742e-07
5.383592419718294456e-07
5.261736764139547949e-07
5.144948969074578646e-07
5.032434044718889486e-07
4.922379710017037184e-07
4.814732154316953164e-07
4.709438743752121214e-07
4.606730968074249084e-07
4.512979470551865145e-07
4.421135908037773892e-07
4.331161452181543367e-07
4.243018064827854809e-07
4.156668481935154403e-07
4.072000505873857071e-07
3.988984697463159224e-07
3.907661330994975715e-07
3.827995902682815477e-07
3.749954612168332962e-07
3.673504348180508182e-07
3.592191450292942427e-07
3.512497517529550314e-07
3.434571620520148722e-07
3.358374534817912224e-07
3.283867906183109105e-07
3.209359092842587482e-07
3.134467819915327055e-07
3.061324155341776501e-07
2.989887318202604675e-07
2.920117479212434790e-07
2.851975738513153044e-07
2.787007256405360129e-07
2.723682478288946268e-07
2.661796529409250938e-07
2.601316717514783802e-07
2.542211093168604759e-07
2.485665173934661532e-07
2.432399527191417033e-07
2.380275317015214336e-07
2.329268083411371960e-07
2.279353890541644391e-07
2.230509315492034222e-07
2.184025272600107972e-07
2.138761139101511047e-07
2.094435109116221760e-07
2.051027740358840026e-07
2.008519993487210032e-07
1.966447131888679550e-07
1.924250704735157367e-07
1.882959737197430482e-07
1.842554799736761205e-07
1.803016879737462422e-07
1.764327372560458321e-07
1.726786264532594802e-07
1.690137479739899935e-07
1.654266517573182822e-07
1.619156869762362871e-07
1.584792378403850210e-07
1.551630046801520636e-07
1.520667595962791469e-07
1.490322994310417592e-07
1.460583912793993355e-07
1.431438268386719962e-07
1.402874219176045918e-07
1.375214283454064256e-07
1.348239158348431897e-07
1.321793156146206456e-07
1.295865897987390186e-07
1.270447208595558534e-07
1.245583151440700081e-07
1.221478624879827404e-07
1.197840569144328151e-07
1.174659957090262492e-07
1.151927936266983114e-07
1.129635825536484985e-07
1.108401958034306404e-07
1.087922788330264782e-07
1.067821997957590156e-07
1.048092595865354641e-07
1.028727720171392526e-07
1.009887567665685034e-07
9.928691832644829908e-08
9.761375886178043812e-08
9.596879508131159095e-08
9.435155183809681176e-08
9.276156199225465769e-08
9.119836627603338448e-08
8.966151316115183587e-08
8.815055872837593093e-08
8.666506653929211655e-08
8.520460751024337450e-08
8.376875978838797247e-08
8.235710862984763360e-08
8.096924627990917860e-08
7.960477185524405180e-08
7.826329122811447036e-08
7.694441691252924472e-08
7.564776795231819498e-08
7.437296981109429920e-08
7.311965426406778665e-08
7.188745929168564000e-08
7.067602897506184425e-08
6.948501339317058921e-08
6.831406852177182630e-08
6.716285613403953379e-08
6.603104370286591596e-08
6.491830430481051394e-08
6.382431652566873750e-08
6.274876436763161458e-08
6.169133715800948111e-08
6.065172945949514010e-08
5.962964098193791573e-08
5.862477649560508394e-08
5.763684574590511005e-08
5.666556336954723568e-08
5.571064881211516742e-08
5.477182624702858930e-08
5.384882449587092609e-08
5.294137695005970683e-08
5.204922149383637405e-08
5.117210042855492538e-08
5.030976039824537943e-08
4.943640502259386949e-08
4.857450668898999753e-08
4.772763511020618133e-08
4.689552830248939546e-08
4.607792884963838846e-08
4.527458382337121705e-08
4.448524470508100114e-08
4.370966730895458794e-08
4.294761170643335963e-08
4.219884215199007878e-08
4.146312701019944423e-08
4.074023868408091028e-08
4.002995354469042959e-08
3.933205186193973861e-08
3.864631773662174521e-08
3.797253903362138523e-08
3.731050731629023607e-08
3.666001778196556453e-08
3.602086919861434020e-08
3.539286384258040344e-08
3.477580743741797293e-08
3.416950909379162728e-08
3.357378125042306714e-08
3.298843961606881570e-08
3.241330311250846257e-08
3.184819381852756916e-08
3.129293691487651486e-08
3.074736063018956096e-08
3.021129618784653648e-08
2.968457775376096296e-08
2.916704238507843202e-08
2.865852997976971106e-08
2.815888322710209636e-08
2.766794755897455461e-08
2.718557110210186260e-08
2.671160463103130109e-08
2.624590152197928631e-08
2.578831770747281854e-08
2.533871163178098406e-08
2.489694420712450325e-08
2.446287877064820055e-08
2.395283170432943398e-08
2.340808579282422584e-08
2.287572873420136106e-08
2.235547877567945840e-08
2.184706057222367189e-08
2.135020504081794376e-08
2.086464921805143271e-08
2.039013612094356260e-08
1.992641461093470470e-08
1.947323926096957900e-08
1.903037022560373264e-08
1.859757311406416160e-08
1.817461886619644857e-08
1.776128363123392346e-08
1.735734864932315845e-08
1.696260013574423550e-08
1.657682916776410511e-08
1.619983157406296315e-08
1.583140782667573656e-08
1.547136293539070570e-08
1.511950634454993495e-08
1.477565183219672911e-08
1.443961741151654225e-08
1.411122523451969825e-08
1.379030149791426729e-08
1.347667635111979483e-08
1.317018380637303338e-08
1.287066165087783591e-08
1.257795136095349630e-08
1.229189801813503568e-08
1.201235022718185415e-08
1.173916003595100963e-08
1.147218285709267966e-08
1.121127739152668707e-08
1.095630555365911741e-08
1.070713239829981169e-08
1.046362604924194456e-08
1.022565762946574846e-08
9.993101192929825631e-09
9.765833657913375840e-09
9.543734741874684200e-09
9.302185982752638280e-09
9.033089858410812413e-09
8.771778218734244101e-09
8.518025872068202382e-09
8.271614141162521260e-09
8.032330674720913729e-09
7.799969264402200122e-09
7.574329667115346808e-09
7.355217432454896374e-09
7.142443735128851361e-09
6.935825212233685013e-09
6.735183805236991581e-09
6.540346606531300464e-09
6.351145710426556415e-09
6.167418068453520160e-09
5.989005348852609446e-09
5.815753800127735581e-09
5.647514118547287853e-09
5.484141319477846098e-09
5.325494612440339188e-09
5.171437279780246610e-09
5.021836558848012940e-09
4.876563527587458849e-09
4.735492993434132992e-09
4.598503385427635291e-09
4.465476649444747918e-09
4.336298146463585165e-09
4.210856553770494591e-09
4.089043769025062408e-09
3.970754817100330491e-09
3.855887759617890904e-09
3.744343607099981359e-09
3.636026233662947103e-09
3.530842294178393931e-09
3.428701143830800875e-09
3.329514760002114398e-09
3.233197666416094126e-09
3.139666859477095963e-09
3.048841736739681973e-09
2.960644027447540025e-09
2.874997725081733506e-09
2.789657778049973505e-09
2.697630501315840117e-09
2.608639087879981667e-09
2.522583388457373706e-09
2.439366557561096845e-09
2.358894944514151655e-09
2.281077988056764233e-09
2.205828114430408394e-09
2.133060638823958478e-09
2.062693670070910109e-09
1.994648018490662771e-09
1.928847106769818930e-09
1.865216883783614755e-09
1.803685741260061236e-09
1.744184433193392126e-09
1.686645997915843927e-09
1.631005682740266484e-09
1.577200871088636523e-09
1.525171012024549953e-09
1.474857552110275114e-09
1.426203869511858976e-09
1.379155210277891311e-09
1.333658626720509515e-09
1.289662917828981817e-09
1.247118571649090606e-09
1.205977709563261603e-09
1.166194032408875515e-09
1.127722768374042341e-09
1.090520622612251414e-09
1.054545728519123827e-09
1.019757600616552782e-09
9.861170889910459985e-10
9.535863352351990075e-10
9.221287298424970853e-10
8.917088710076903921e-10
8.622925247862339948e-10
8.338465865680564646e-10
8.063390438222391658e-10
7.797389400707216377e-10
7.540163400504323535e-10
7.291422960247282115e-10
7.050888152061117849e-10
6.804667315426378071e-10
6.566456106225066488e-10
6.336583964542945110e-10
6.114758964373238764e-10
5.900699399172172654e-10
5.694133424106250495e-10
5.494798710822774150e-10
5.302442114306191668e-10
5.116819351396775855e-10
4.937694690563224324e-10
4.764840652535611593e-10
4.598037721418165336e-10
4.437074065915245854e-10
4.281745270316170295e-10
4.131854074897751803e-10
3.987210125414205072e-10
3.847629731357112337e-10
3.712935632677554562e-10
3.582956774674951838e-10
3.457528090766137085e-10
3.336490292859129184e-10
3.219689669065427617e-10
3.106977888493525296e-10
2.998211812876291376e-10
2.893253314792514352e-10
2.791969102252103803e-10
2.694230549421975474e-10
2.599913533277783288e-10
2.508898275973874951e-10
2.421069192731572590e-10
2.336314745052231093e-10
2.254527299069070711e-10
2.175602988857593466e-10
2.099441584531048376e-10
2.025946364953621077e-10
1.955023994909374504e-10
1.886584406571357261e-10
1.820540685119914826e-10
1.756808958365331179e-10
1.695308290234330852e-10
1.635960577985385285e-10
1.577634542047609319e-10
1.521008719467868341e-10
1.466415359855552084e-10
1.413781512293109120e-10
1.363036844280380668e-10
1.314113547752088883e-10
1.266946248468659451e-10
1.221471918659208670e-10
1.177629792800107280e-10
1.135361286416387574e-10
1.094609917797727068e-10
1.055321232524145781e-10
1.017442730700785803e-10
9.809237968043964181e-11
9.457156320478114312e-11
9.117711891721399338e-11
8.790451095793523041e-11
8.474936627214388253e-11
8.170746876650054947e-11
7.877475367533245699e-11
7.594730212904933923e-11
7.322133591751636933e-11
7.059321244138131768e-11
6.805941984461772470e-11
6.561657232176909705e-11
6.326140559363675180e-11
6.099077254535109884e-11
5.880163902101058393e-11
5.669107976925905704e-11
5.465627453439068009e-11
5.269450428775479317e-11
5.080314759442788794e-11
4.897967711029363538e-11
4.722165620485622145e-11
4.552673570526625454e-11
4.389265075721789079e-11
4.231721779851339371e-11
4.079833164125621831e-11
3.933396265877406597e-11
3.792215407350892319e-11
3.656101934225436120e-11
3.524198030572770413e-11
3.396401399012088044e-11
3.273239007325718586e-11
3.154542805863614616e-11
3.040150838895222548e-11
2.929907023628107668e-11
2.823660937239822861e-11
2.721267611632611796e-11
2.622587335630848034e-11
2.527485464351254498e-11
2.435832235485967933e-11
2.347502592247548320e-11
2.262376012734520910e-11
2.180336345484576910e-11
2.101271650990955725e-11
2.025074048966033492e-11
1.951639571143358231e-11
1.880868019417554494e-11
1.812662829128436473e-11
1.746930937302760242e-11
1.683582655673945060e-11
1.622531548306363084e-11
1.563694313657323824e-11
1.506990670915800784e-11
1.452343250462781489e-11
1.399677488303873701e-11
1.348921524329998995e-11
1.300006104267449823e-11
1.252864485183494407e-11
1.207432344418567615e-11
1.163647691820877038e-11
1.121450785163533972e-11
1.080784048628955729e-11
1.041591994249186725e-11
1.003821146195002297e-11
9.674199678105244834e-12
9.323387912937111968e-12
8.985297499268361034e-12
8.659467127644671723e-12
8.345452216898129225e-12
8.042824307536044230e-12
7.750895841158393306e-12
7.468852915872951018e-12
7.197073089632345516e-12
6.935182904382551921e-12
6.682822491621629568e-12
6.439645077897228686e-12
6.205316508298169738e-12
5.979514787285683250e-12
5.761929636232799751e-12
5.552262067064571231e-12
5.350223971412381640e-12
5.155537724718615573e-12
4.967935804747328408e-12
4.787160423976417522e-12
4.612963175366866295e-12
4.445104691021666520e-12
4.283354313265553218e-12
4.127489777693801398e-12
3.977296907754197710e-12
3.832569320442951853e-12
3.693108142709553143e-12
3.558721738181425774e-12
3.429225443832647698e-12
3.304441316234671951e-12
3.184197887040864773e-12
3.068329927368423344e-12
2.956678220754026243e-12
2.849089344371394954e-12
2.745415458209869793e-12
2.645514101924636075e-12
2.549247999079016706e-12
2.456484868510247509e-12
2.367097242559330968e-12
2.280962291915146105e-12
2.197961656832248721e-12
2.117981284490476779e-12
2.040911272272615443e-12
1.966645716745065715e-12
1.895082568133866067e-12
1.826123490095993152e-12
1.759673724593518522e-12
