4.874567024953813889e-09
4.941935435732647961e-09
5.010234904131088341e-09
5.079478297727292104e-09
5.149678661934348392e-09
5.220849222458002405e-09
5.293003387788458422e-09
5.366154751726401613e-09
5.440317095944146920e-09
5.515504392582077104e-09
5.591730806880987053e-09
5.669010699850800880e-09
5.747358630976186230e-09
5.826789360959542269e-09
5.907317854501916385e-09
5.988959283122337632e-09
6.071729028016124452e-09
6.155642682952695229e-09
6.240716057213419346e-09
6.326965178570080332e-09
6.414406296304496208e-09
6.503055884269875229e-09
6.592930643994479432e-09
6.684047507828184118e-09
6.776423642132489958e-09
6.870076450514770238e-09
6.965023577106933562e-09
7.061282909889674143e-09
7.158536301285189725e-09
7.255461862831162235e-09
7.353699782670172728e-09
7.453267829946518948e-09
7.554184014396181999e-09
7.656466589604431518e-09
7.760134056307388046e-09
7.865205165738598093e-09
7.971698923020605344e-09
8.079634590602638837e-09
8.189031691744646418e-09
8.299910014048833180e-09
8.412289613038685029e-09
8.526190815786653635e-09
8.641634224590752568e-09
8.758640720701273965e-09
8.877231468097635649e-09
8.997427917316516759e-09
9.119251809331847669e-09
9.242725179487130675e-09
9.367870361481396710e-09
9.494709991408738565e-09
9.623267011852740766e-09
9.753564676036338829e-09
9.885626552027673677e-09
1.001947652700328953e-08
1.015513881156868188e-08
1.029263794413742803e-08
1.043199879536981681e-08
1.057324657267124691e-08
1.071640682475188142e-08
1.086150544624768732e-08
1.100856868240440857e-08
1.115762313382458192e-08
1.130869576127918206e-08
1.146181389058418214e-08
1.161700521754313667e-08
1.177429781295693632e-08
1.193372012770101111e-08
1.209530099787169251e-08
1.225906965000185023e-08
1.242505570634754246e-08
1.259328919024585334e-08
1.276380053154564797e-08
1.293662057211161405e-08
1.311178057140280758e-08
1.328931221212701968e-08
1.346924760597127876e-08
1.365161929941038715e-08
1.383646027959367442e-08
1.402380398031184983e-08
1.421368428804438906e-08
1.440613554808878376e-08
1.460119257077307823e-08
1.479889063775207539e-08
1.499926550838928341e-08
1.519872884905758294e-08
1.539903392762860372e-08
1.560197884041863831e-08
1.580759837798195363e-08
1.601592778937984078e-08
1.622700278822350362e-08
1.644085955879601580e-08
1.665753476225580484e-08
1.687706554292109062e-08
1.709948953463748536e-08
1.732484486722980386e-08
1.755317017303827929e-08
1.778450459354140456e-08
1.801888778606587926e-08
1.825635993058499528e-08
1.849696173660664590e-08
1.874073445015208320e-08
1.898771986082667775e-08
1.923796030898383876e-08
1.949149869298337175e-08
1.974837847654546820e-08
2.000864369620164415e-08
2.027233896884384850e-08
2.053950949937307462e-08
2.081020108844877543e-08
2.108446014034039889e-08
2.136233367088241374e-08
2.164386931553415228e-08
2.192911533754590275e-08
2.221812063623260151e-08
2.251093475535657391e-08
2.280760789162075360e-08
2.310819090327376960e-08
2.341273531882876414e-08
2.372129334589630189e-08
2.403391788013493729e-08
2.435066251431854347e-08
2.467158154752365182e-08
2.499672999443830430e-08
2.532616359479264705e-08
2.565993882291456708e-08
2.599811289741094472e-08
2.634074379097655650e-08
2.668789024033227306e-08
2.703961175629417651e-08
2.739596863397544031e-08
2.775702196312262274e-08
2.812283363858820023e-08
2.849346637094110096e-08
2.886898369721710144e-08
2.924944999181087942e-08
2.963493047751162897e-08
3.002549123668411378e-08
3.042119922259704789e-08
3.082212227090083219e-08
3.122585670775187031e-08
3.162263082484973589e-08
3.202444658744909875e-08
3.243136805766543316e-08
3.284346011162536948e-08
3.326078844980980677e-08
3.368341960752840171e-08
3.411142096552785551e-08
3.454486076073428352e-08
3.498380809713215572e-08
3.542833295678203805e-08
3.587850621097778981e-08
3.633439963154540084e-08
3.679608590228624118e-08
3.726363863056455124e-08
3.773713235904329501e-08
3.821664257756838305e-08
3.870224573520393202e-08
3.919401925242109524e-08
3.969204153344111287e-08
4.019639197873516900e-08
4.070715099768382180e-08
4.122440002139654942e-08
4.174822151569420412e-08
4.227869899425714071e-08
4.281591703193971428e-08
4.335996127825389325e-08
4.391091847102503848e-08
4.446887645022037135e-08
4.503392417195318115e-08
4.560615172266586243e-08
4.618565033349180861e-08
4.677251239480117126e-08
4.736683147093055133e-08
4.796870231509977874e-08
4.857822088451918173e-08
4.919548435568788861e-08
4.982059113988651704e-08
5.045364089886767182e-08
5.109473456074484043e-08
5.174397433608322642e-08
5.240146373419596194e-08
5.306730757964643366e-08
5.374161202896032891e-08
5.442448458755107451e-08
5.511603412685870797e-08
5.581637090170823626e-08
5.652560656788735611e-08
5.724385419994758598e-08
5.797122830923262777e-08
5.870784486213471280e-08
5.945382129858294877e-08
6.020927655076770434e-08
6.097433106210175268e-08
6.174910680642240915e-08
6.253372730743873276e-08
6.330221684566850557e-08
6.406712573157713276e-08
6.484127735230461747e-08
6.562478339193294501e-08
6.641775688407316322e-08
6.722031222817122989e-08
6.803256520601315125e-08
6.885463299842725399e-08
6.968663420219057918e-08
7.052868884713730659e-08
7.138091841347595954e-08
7.224344584931459595e-08
7.311639558839755917e-08
7.399989356805815600e-08
7.489406724738599140e-08
7.579904562561625226e-08
7.671495926073873016e-08
7.764194028833416645e-08
7.858012244063580232e-08
7.952964106582345260e-08
8.049063314754934900e-08
8.146323732469965692e-08
8.244759391139666891e-08
8.344384491724004652e-08
8.445213406779539592e-08
8.547260682532763593e-08
8.650541040978776134e-08
8.755069382005030146e-08
8.860860785541008987e-08
8.967930513733704838e-08
9.076294013149370997e-08
9.185966917002081444e-08
9.296965047408921660e-08
9.409304417672741086e-08
9.523001234592189325e-08
9.638071900799957207e-08
9.754533017128975241e-08
9.872401385007514414e-08
9.991694008882906121e-08
1.011242809867485795e-07
1.023462107225819990e-07
1.035829055797564468e-07
1.048345439718110336e-07
1.061013064681343211e-07
1.073833758200160637e-07
1.086809369870104341e-07
1.099941771636211218e-07
1.113232858063055370e-07
1.126684546608085510e-07
1.140298777898242492e-07
1.154077516009920381e-07
1.168022748752332588e-07
1.182136487954267197e-07
1.196420769754345308e-07
1.210877654894748762e-07
1.225350145334103723e-07
1.239208489354728943e-07
1.253223567105484471e-07
1.267397151198027590e-07
1.281731034291723463e-07
1.296227029320379707e-07
1.310886969721542976e-07
1.325712709668391168e-07
1.340706124304246414e-07
1.355869109979741650e-07
1.371203584492669382e-07
1.386711487330541480e-07
1.402394779915894421e-07
1.418255445854367236e-07
1.434295491185586058e-07
1.450516944636886482e-07
1.466921857879903406e-07
1.483512305790064871e-07
1.500290386709020331e-07
1.517258222710036463e-07
1.534417959866394115e-07
1.551771768522822126e-07
1.569321843569996093e-07
1.587070404722162681e-07
1.605019696797854020e-07
1.623171990003838291e-07
1.641529580222250931e-07
1.660094789300958316e-07
1.678869965347239439e-07
1.697857483024751163e-07
1.717059743853907273e-07
1.736479176515585856e-07
1.756118237158324317e-07
1.775979409708965543e-07
1.796065206186822688e-07
1.816378167021397254e-07
1.836920861373689139e-07
1.857695887461141493e-07
1.878705872886260658e-07
1.899953474968951659e-07
1.921441381082613994e-07
1.943172308994037696e-07
1.965149007207142531e-07
1.987374255310606946e-07
2.009850864329426173e-07
2.032581677080448756e-07
2.055569568531932506e-07
2.078817446167166481e-07
2.102328250352207692e-07
2.126104954707774362e-07
2.150150566485346817e-07
2.174468126947521012e-07
2.199060711752663932e-07
2.223931431343919821e-07
2.249083431342615693e-07
2.274519892946115361e-07
2.298426119137530382e-07
2.321678288492317683e-07
2.345165689850079203e-07
2.368890702949866225e-07
2.392855731605487976e-07
2.417063203949103214e-07
2.441515572677199128e-07
2.466215315299138860e-07
2.491164934388140810e-07
2.516366957834879771e-07
2.541823939103571457e-07
2.567538457490730485e-07
2.593513118386468386e-07
2.619750553538484663e-07
2.646253421318734995e-07
2.673024406992733716e-07
2.700066222991673740e-07
2.727381609187207749e-07
2.754973333169067484e-07
2.782844190525495702e-07
2.810997005126450584e-07
2.839434629409769994e-07
2.868159944670129359e-07
2.897175861351024509e-07
2.926485319339606910e-07
2.956091288264602091e-07
2.985996767797143450e-07
3.016204787954746445e-07
3.046718409408259564e-07
3.077540723792022383e-07
3.108674854017058643e-07
3.140123954587538349e-07
3.171891211920348474e-07
3.203979844667958103e-07
3.236393104044553107e-07
3.269134274155399620e-07
3.302206672329644337e-07
3.335613649456372720e-07
3.369358590324171272e-07
3.403444913964029766e-07
3.437876073995774017e-07
3.472655558978009071e-07
3.507786892761530472e-07
3.543273634846414286e-07
3.579119380742610684e-07
3.615327762334296742e-07
3.651902448247798447e-07
3.688847144223357682e-07
3.726165593490534059e-07
3.763861577147531155e-07
3.801938914544241744e-07
3.840401463669246573e-07
3.879253121540729056e-07
3.918497824601265693e-07
3.958139549116728291e-07
3.996908809228340484e-07
4.029773632501347478e-07
4.062908688761976078e-07
4.096316200017231789e-07
4.129998406544709198e-07
4.163957567042819091e-07
4.198195958782255409e-07
4.232715877758707884e-07
4.267519638846829332e-07
4.302609575955468734e-07
4.337988042184180161e-07
4.373657409981021834e-07
4.409620071301647975e-07
4.445878437769711960e-07
4.482434940838588204e-07
4.519292031954423358e-07
4.556452182720517342e-07
4.593917885063115226e-07
4.631691651398408774e-07
4.669776014801150526e-07
4.708173529174413496e-07
4.746886769420903585e-07
4.785918331615616661e-07
4.825270833179934533e-07
4.864946913057141295e-07
4.904949231889392861e-07
4.945280472196132809e-07
4.985943338553986298e-07
5.026940557778120407e-07
5.068274879105102671e-07
5.109949074377266268e-07
5.151965938228582930e-07
5.194328288272071101e-07
5.237038965288743579e-07
5.280100833418103102e-07
5.323516780350214486e-07
5.367289717519345883e-07
5.411422580299208818e-07
5.455918328199804409e-07
5.500779945065881071e-07
5.546010439277030166e-07
5.591612843949425959e-07
5.637590217139221524e-07
5.683945642047623884e-07
5.730682227227644174e-07
5.777803106792559854e-07
5.825311440626071000e-07
5.873210414594248061e-07
5.921503240759111217e-07
5.970193157594019213e-07
6.019283430200944954e-07
6.068777350529311762e-07
6.118678237596805338e-07
6.168989437711935899e-07
6.219714324698435213e-07
6.270856300121505443e-07
6.315699087261779891e-07
6.357527932366165152e-07
6.399633809713327558e-07
6.442018554086471978e-07
6.484684012420600521e-07
6.527289479043762183e-07
6.567983265587734152e-07
6.608930753805059089e-07
6.650133525375521291e-07
6.691593171839705817e-07
6.733311294660550248e-07
6.773582653454055086e-07
6.812960401556344435e-07
6.852567069437860254e-07
6.892403987907699592e-07
6.932472495511536090e-07
6.972554102409720961e-07
7.009851227407451015e-07
7.047347859718092431e-07
7.085045066532959834e-07
7.122943920751918871e-07
7.161045501013919626e-07
7.197399325586503925e-07
7.232229637712951672e-07
7.267228503866756759e-07
7.302396739729962073e-07
7.337735164931932264e-07
7.373241998752319703e-07
7.404873915665650331e-07
7.436641536543112005e-07
7.468545443567723553e-07
7.500586221420186908e-07
7.532764457289481381e-07
7.562900189850823409e-07
7.590656837480298212e-07
7.618515354957091106e-07
7.646476116154387580e-07
7.674539496317477560e-07
7.702705872068890545e-07
7.726081618411922122e-07
7.749175955047931670e-07
7.772339323880450646e-07
7.795571931256385531e-07
7.818873984139375963e-07
7.839898351322127422e-07
7.857438139729327032e-07
7.875017168974044698e-07
7.892635526847739745e-07
7.910293301338234912e-07
7.927990580630249979e-07
7.940005897136337898e-07
7.951148307193044305e-07
7.962306353674157386e-07
7.973480058522632092e-07
7.984669443712282904e-07
7.993386542721661358e-07
7.997093911331753044e-07
8.000802999436055833e-07
8.004513807832109477e-07
8.008226337317778780e-07
8.011940588691295945e-07
8.008965950632364770e-07
8.004297489493037190e-07
7.999631749620026322e-07
7.994968729427128504e-07
7.990308427328995581e-07
7.983222794342179669e-07
7.969381157135730920e-07
7.955563519124279237e-07
7.941769838697044155e-07
7.928000074315387003e-07
7.914254184512709263e-07
7.893019589867459654e-07
7.869073914146499004e-07
7.845200884309563758e-07
7.821400279965107901e-07
7.797671881390191938e-07
7.771817141679452446e-07
7.737082402351576601e-07
7.702502903695757727e-07
7.668077951891723322e-07
7.633806856220109095e-07
7.599688929048608917e-07
7.557860649488892773e-07
7.512281341518499175e-07
7.466976909390792443e-07
7.421945695407776581e-07
7.377186051868514312e-07
7.331113999729691415e-07
7.274686817571270918e-07
7.218693952337447442e-07
7.163132061114699291e-07
7.107997826719729312e-07
7.053287957501387307e-07
6.991535638625377973e-07
6.925288870071891994e-07
6.859669808301380787e-07
6.794672505615353166e-07
6.730291070671422656e-07
6.665791793690188671e-07
6.590822667611589577e-07
6.516696707662228596e-07
6.443404430883483722e-07
6.370936460970057470e-07
6.299283527070557043e-07
6.222875112677339523e-07
6.142470225574147883e-07
6.063104238618101055e-07
5.984763728327649067e-07
5.907435444664190093e-07
5.831106308790983264e-07
5.747331162615112971e-07
5.664704073740969817e-07
5.583264881583159267e-07
5.502996508224185390e-07
5.423882121268928419e-07
5.343303687727334992e-07
5.260909844608644233e-07
5.179786516096761176e-07
5.099914110832600159e-07
5.021273339556231772e-07
4.943845210448445173e-07
4.865619195533950631e-07
4.788473680218077743e-07
4.712551324852486808e-07
4.637832735953894135e-07
4.564298827527111305e-07
4.492409613133767364e-07
4.422384011924612824e-07
4.353449937367517318e-07
4.285590375250379465e-07
4.218788576570740557e-07
4.153028053401838674e-07
4.091657161740609045e-07
4.031741686187773226e-07
3.972703572561613792e-07
3.914529973364162812e-07
3.857208229227572754e-07
3.802368128914937050e-07
3.751683677483974918e-07
3.701674834918267827e-07
3.652332595549885457e-07
3.603648073753808610e-07
3.555612502347792393e-07
3.511139000616779063e-07
3.467987091196172886e-07
3.425365518878802421e-07
3.383267765819991876e-07
3.341687394279396389e-07
3.300545035785608752e-07
3.259700335978537615e-07
3.219361094962132914e-07
3.179521057614182162e-07
3.140174046220477170e-07
3.101313959516856841e-07
3.058692066008690828e-07
3.015052746441587231e-07
2.972036042741384399e-07
2.929633071852135770e-07
2.887835077455223867e-07
2.844583606316995175e-07
2.793331463217994410e-07
2.743002753048301173e-07
2.693580837901211797e-07
2.645049379642698592e-07
2.597392334510215844e-07
2.542664633282146731e-07
2.485014232147083553e-07
2.428670951387838080e-07
2.373605154373216462e-07
2.319787876429946056e-07
2.266207389491537580e-07
2.206920493698107144e-07
2.149184619240636560e-07
2.092959189409017644e-07
2.038204689031964578e-07
1.984882636705835417e-07
1.933035728766905396e-07
1.882597924253814346e-07
1.833476169975209947e-07
1.785636126842843598e-07
1.739044351762377345e-07
1.694057680559371365e-07
1.656932710504774235e-07
1.620621327506495592e-07
1.585105701950196061e-07
1.550368394954344004e-07
1.516392349807360663e-07
1.486914112642608062e-07
1.461415888805802168e-07
1.436354919154224236e-07
1.411723705470600479e-07
1.387514878120216502e-07
1.363721193845921400e-07
1.340187284821081743e-07
1.317057445240253231e-07
1.294326795746581660e-07
1.271988446853215359e-07
1.250035627976628361e-07
1.225265525636835242e-07
1.197202787832368264e-07
1.169782781939154411e-07
1.142990787215662598e-07
1.116812420075298949e-07
1.091233626364400624e-07
1.061488713560986613e-07
1.032145049284114545e-07
1.003612557676528110e-07
9.758688147800842326e-08
9.488920165218062590e-08
9.235595860713846280e-08
9.003046638707337323e-08
8.776352928513123800e-08
8.555367290297641714e-08
8.339945996713156703e-08
8.129948939418605794e-08
7.960011630972829955e-08
7.799612545333967905e-08
7.642445599026855401e-08
7.488445662474144266e-08
7.337548918499130147e-08
7.186321495477051723e-08
7.031101147249727905e-08
6.879233467911344866e-08
6.730646041771516651e-08
6.585268017276511946e-08
6.443030073224711022e-08
6.286218975945944967e-08
6.128465977180194556e-08
5.974671798289286767e-08
5.824737092478420339e-08
5.678565006065809135e-08
5.538667373518198508e-08
5.409876803107983489e-08
5.284080998389211553e-08
5.161210322108830037e-08
5.041196756287986433e-08
4.923973864569171227e-08
4.815165454967759962e-08
4.710975104543655428e-08
4.609039220601142631e-08
4.509309021087969268e-08
4.411736779495935196e-08
4.315393230216684966e-08
4.217267775391683803e-08
4.121373543625854168e-08
4.027659800312662510e-08
3.936076964473101276e-08
3.846576582523959983e-08
3.760740217443713429e-08
3.677685146692283039e-08
3.596464327811129078e-08
3.517037251775439744e-08
3.439364304192733563e-08
3.363701053577997905e-08
3.291938947855314753e-08
3.221707834255802566e-08
3.152975050180482205e-08
3.085708629863082651e-08
3.019877289503591712e-08
2.955768457093646101e-08
2.893245807671559968e-08
2.832045684606839304e-08
2.772140112821926099e-08
2.713501708989281404e-08
2.656189353895558194e-08
2.601811153168105311e-08
2.548546197138369128e-08
2.496371695170756151e-08
2.445265323205509760e-08
2.395205214206833146e-08
2.348256384832003920e-08
2.304174477461289411e-08
2.260920083887616726e-08
2.218477669867462150e-08
2.176831992769012694e-08
2.135968096097986714e-08
2.095871304126215498e-08
2.056527216621034358e-08
2.017921703673640581e-08
1.980040900624505146e-08
1.942871203084093182e-08
1.906399262046995288e-08
1.870611979097835202e-08
1.835496501707137003e-08
1.801040218615496156e-08
1.767230755304440081e-08
1.734055969552252412e-08
1.701503947073285589e-08
1.669562997239072345e-08
1.638221648879816984e-08
1.607468646164665024e-08
1.577292944559310582e-08
1.547683706859521743e-08
1.518630299299075118e-08
1.490122287730801594e-08
1.462149433879292225e-08
1.434701691663949054e-08
1.407769203591075241e-08
1.381342297213692583e-08
1.355411481657800676e-08
1.329967444213861072e-08
1.305001046992252122e-08
1.280503323641523036e-08
1.256465476128251556e-08
1.232878871577339748e-08
1.209735039171635188e-08
1.187025667109741986e-08
1.164742599620952439e-08
1.142877834036214541e-08
1.121423517914071110e-08
1.100371946220567648e-08
1.079827882843269707e-08
1.059945288654285993e-08
1.040428787578809178e-08
1.021271638838125812e-08
1.002467225769750060e-08
9.840090535421013516e-09
9.658907469112833691e-09
9.481060480191165163e-09
9.306488142317730476e-09
9.135130160181674876e-09
8.966927348674184321e-09
8.801821612446696902e-09
8.639755925845489735e-09
8.480674313215593707e-09
8.324521829567365719e-09
8.171244541599182035e-09
8.020789509069554220e-09
7.873104766512099875e-09
7.728139305287156016e-09
7.585843055964203493e-09
7.446166871028197141e-09
7.309062507904819545e-09
7.174482612297793661e-09
7.042380701833460769e-09
6.912711150006197403e-09
6.785429170419456704e-09
6.660490801317249421e-09
6.537852890400028650e-09
6.417473079920592561e-09
6.299309792053981619e-09
6.183322214537180606e-09
6.069470286572816993e-09
5.957714684992790894e-09
5.848016810676426834e-09
5.740338775218716969e-09
5.634643387844153393e-09
5.530894142561497479e-09
5.429055205554972335e-09
5.329091402807606799e-09
5.230968207952679458e-09
5.134651730348530380e-09
5.038988349006879594e-09
4.926418250963778627e-09
4.816362948767731476e-09
4.708766262329510127e-09
4.603573266613047299e-09
4.500730263597697116e-09
4.400184754867041247e-09
4.301885414809854200e-09
4.205782064419934141e-09
4.111825645681063080e-09
4.019968196524293328e-09
3.930162826344766209e-09
3.842363692065327769e-09
3.756525974734963900e-09
3.672605856650023944e-09
3.590560498986468221e-09
3.510348019931951833e-09
3.431927473306352844e-09
3.355258827659841332e-09
3.280302945838042448e-09
3.207021565003566180e-09
3.135377277104003312e-09
3.065333509776128865e-09
2.996854507676766962e-09
2.929905314230723047e-09
2.864451753786389587e-09
2.800460414170171120e-09
2.737898629630405077e-09
2.676734464162487132e-09
2.616936695206452414e-09
2.558474797708705605e-09
2.501318928539920125e-09
2.445439911260926412e-09
2.390809221228985847e-09
2.337398971036774093e-09
2.285181896276656522e-09
2.234131341622986462e-09
2.184221247225322017e-09
2.135426135405617304e-09
2.087721097652603948e-09
2.041081781906672215e-09
1.995484380128891583e-09
1.941070025147418274e-09
1.886142588661209441e-09
1.832769461519781776e-09
1.780906660648470739e-09
1.730511447583859095e-09
1.681542293254354383e-09
1.633958843757426587e-09
1.587721887105264196e-09
1.542793320911412112e-09
1.499136120991861043e-09
1.456714310854584689e-09
1.415492932052477942e-09
1.375438015375232190e-09
1.336516552856381202e-09
1.298696470572533541e-09
1.261946602212262001e-09
1.226236663392957051e-09
1.191537226704446750e-09
1.157819697458797085e-09
1.125056290126380228e-09
1.093220005438694407e-09
1.062284608139142480e-09
1.032224605363405174e-09
1.003015225631576845e-09
9.746323984348120646e-10
9.470527343995779607e-10
9.202535060132281136e-10
8.942126288949971172e-10
8.689086435969574552e-10
8.443206979200027047e-10
8.204285297302073874e-10
7.972124502614580768e-10
7.746533278905762740e-10
7.527325723715668490e-10
7.314321195159828744e-10
7.107344163068283285e-10
6.906224064336702658e-10
6.710795162370854500e-10
6.520896410508444787e-10
6.336371319305644117e-10
6.157067827579340691e-10
5.965603136761161577e-10
5.768908204851123674e-10
5.578698601474035383e-10
5.394760495567898702e-10
5.216887106403274677e-10
5.044878471123280112e-10
4.878541219947911036e-10
4.717688358790448331e-10
4.562139059041208620e-10
4.411718454282471572e-10
4.266257443705998977e-10
4.125592502012268720e-10
3.989565495577452715e-10
3.858023504681728799e-10
3.730818651599146433e-10
3.607807934355323117e-10
3.488853065966629934e-10
3.373820318979889453e-10
3.262580375137627999e-10
3.155008180000435205e-10
3.050982802362304277e-10
2.950387298301463454e-10
2.853108579713648028e-10
2.759037287179863920e-10
2.668067667026116986e-10
2.580097452436549651e-10
2.495027748486414288e-10
2.412762920965783751e-10
2.333210488868853324e-10
2.256281020428046356e-10
2.181888032576024333e-10
2.109947893722625842e-10
2.040379729737320914e-10
1.973105333031602008e-10
1.908049074639145257e-10
1.845137819194660479e-10
1.784300842716172859e-10
1.725469753098035476e-10
1.668578413225442104e-10
1.613562866624042835e-10
1.560361265560869635e-10
1.507471076701539572e-10
1.454000840957220966e-10
1.402427202868886139e-10
1.352682889819953311e-10
1.304703015364088708e-10
1.258424994587396110e-10
1.213788462472721940e-10
1.170735195159515919e-10
1.129209033996718362e-10
1.089155812289447094e-10
1.050523284643973177e-10
1.013261058818906430e-10
9.773205299935447346e-11
9.426548173678189183e-11
9.092187030110060739e-11
8.769685728794725151e-11
8.458623599265634280e-11
8.158594892303724855e-11
7.869208250678431434e-11
7.590086198661565961e-11
7.320864649648370921e-11
7.061192431243020295e-11
6.810730827189732543e-11
6.569153135551490529e-11
6.336144242560270736e-11
6.111400211582847857e-11
5.894627886666163056e-11
5.685544510144785247e-11
5.483877353811997330e-11
5.289363363173525103e-11
5.101748814319192984e-11
4.920788982965834816e-11
4.746247825238983882e-11
4.577897669777419571e-11
4.415518920758884023e-11
4.258899771459446278e-11
4.107835927972849946e-11
3.962130342729851517e-11
3.821592957469324369e-11
3.686040455326548140e-11
3.555296021714804754e-11
3.428626277835039545e-11
3.303169419744211539e-11
3.182303153326709914e-11
3.065859504250718053e-11
2.953676644532874461e-11
2.845598667637306034e-11
2.741475371803895427e-11
2.641162051304843245e-11
2.544519295339414726e-11
2.451412794287227302e-11
2.361713153050982020e-11
2.275295711229166152e-11
2.192040369868761727e-11
2.111831424557384857e-11
2.034557404622563830e-11
1.960110918215017204e-11
1.888388503060438107e-11
1.819290482672393781e-11
1.752720827826614023e-11
1.688587023103990072e-11
1.626799938316971252e-11
1.567273704640528716e-11
1.509925595275645995e-11
1.454675910479483400e-11
1.401447866802344392e-11
1.350167490377604816e-11
1.300763514116269529e-11
1.253167278663255174e-11
1.207312636977829899e-11
1.163135862405522670e-11
1.120575560113748965e-11
1.079572581768144329e-11
1.040069943330930064e-11
1.002012745867166129e-11
9.653480992487400224e-12
9.300250486501197947e-12
8.959945037337200483e-12
8.632091704263892297e-12
8.316234851923372204e-12
8.011935517110288441e-12
7.718770798721159279e-12
7.436333270026065590e-12
7.161078709689993628e-12
6.895722049144723516e-12
6.640198286707478719e-12
6.394143060372002150e-12
6.157205509713224486e-12
5.929047775580597176e-12
5.709344518330749856e-12
5.497782453912089140e-12
5.294059907139873782e-12
5.097886381525077874e-12
4.908982145043187609e-12
4.727077831252832779e-12
4.551914055194714092e-12
4.383241043523863651e-12
4.220818278347374561e-12
4.064414154259893335e-12
3.913805648087795687e-12
3.768778000871131932e-12
3.629124411629849932e-12
3.494645742477628626e-12
3.365150234662918921e-12
3.240453235131985714e-12
3.120376933224549314e-12
