7.738301350576699841e-10
7.842945374765240833e-10
7.949004486232278230e-10
8.056497821015643842e-10
8.165444773927240789e-10
8.275865002052546885e-10
8.387778428297098779e-10
8.501205244981283451e-10
8.616165917483560092e-10
8.732681187932954031e-10
8.850772078951662303e-10
8.970459897447908370e-10
9.091766238460450128e-10
9.214712989054896312e-10
9.339322332272740154e-10
9.465231855239895291e-10
9.592427431303848879e-10
9.721332285578552161e-10
9.851969387667999409e-10
9.984362015845951020e-10
1.011853376120400440e-09
1.025450853185543958e-09
1.039231055719511458e-09
1.053196439221725102e-09
1.067349492189059503e-09
1.081692736559281257e-09
1.096228728160446867e-09
1.110960057166295649e-09
1.125889348557829965e-09
1.141019262591029601e-09
1.156245566440070788e-09
1.171672092513960858e-09
1.187304437934204053e-09
1.203145348724314091e-09
1.219197607545007342e-09
1.235464034183013640e-09
1.251947486046407741e-09
1.268650858666549969e-09
1.285577086206724539e-09
1.302729141977561993e-09
1.320110038959340694e-09
1.337722830331255437e-09
1.355570610007747303e-09
1.373656513181991095e-09
1.391920772169849021e-09
1.410353018559835133e-09
1.429029350470909969e-09
1.447953000159203600e-09
1.467127242683408016e-09
1.486555396471532951e-09
1.506240823895265567e-09
1.526186931851836176e-09
1.546397172353690075e-09
1.566875043125865596e-09
1.587624088211386498e-09
1.608647898584566560e-09
1.629950112772541305e-09
1.651534417484924080e-09
1.673404548251906632e-09
1.695391611967127946e-09
1.717657723325652168e-09
1.740216262528888106e-09
1.763071070123709620e-09
1.786226037096093003e-09
1.809685105533579052e-09
1.833452269296363249e-09
1.857531574697269660e-09
1.881927121190622190e-09
1.906643062070167887e-09
1.931683605176166644e-09
1.957053013611768698e-09
1.982755606468790752e-09
2.008795759563065069e-09
2.035073280275616389e-09
2.061555988822001116e-09
2.088383320757987454e-09
2.115559760718545999e-09
2.143089851697856288e-09
2.170978195808758687e-09
2.199229455052040224e-09
2.227848352095817391e-09
2.256839671064974166e-09
2.286208258340926132e-09
2.315959023371737184e-09
2.346096939492869640e-09
2.376627044758533841e-09
2.407554442783853142e-09
2.438884303598075899e-09
2.470341092229634805e-09
2.502178915459248570e-09
2.534427065421135806e-09
2.567090830417409657e-09
2.600175566905934563e-09
2.633686700378749059e-09
2.667629726251813092e-09
2.702010210766113759e-09
2.736833791900546799e-09
2.772106180296401765e-09
2.807833160193866140e-09
2.844020590380608350e-09
2.880674405152464915e-09
2.917800615286685440e-09
2.955238016689682013e-09
2.992908684785820184e-09
3.031059544063445033e-09
3.069696715560022994e-09
3.108826398338399700e-09
3.148454870481398645e-09
3.188588490099093076e-09
3.229233696348922761e-09
3.270397010468808247e-09
3.312085036823441280e-09
3.354304463963905643e-09
3.397062065700810834e-09
3.440364702191099851e-09
3.484219321038715573e-09
3.528632958409293215e-09
3.573131118665553432e-09
3.618132278237495268e-09
3.663700196849495835e-09
3.709842012446723057e-09
3.756564952871898737e-09
3.803876336997563642e-09
3.851783575872439399e-09
3.900294173882387246e-09
3.949415729925912741e-09
3.999155938604487763e-09
4.049522591427844484e-09
4.100523578034539915e-09
4.152166887427719081e-09
4.204460609226613635e-09
4.257149647841584915e-09
4.310064316174650023e-09
4.363636692682530574e-09
4.417874952414921634e-09
4.472787372034117661e-09
4.528382331078018034e-09
4.584668313238826690e-09
4.641653907657651813e-09
4.699347810235191721e-09
4.757758824958712889e-09
4.816895865245526922e-09
4.876767955303156724e-09
4.937384231506419340e-09
4.998753943791616538e-09
5.060886457068062282e-09
5.122988316820834578e-09
5.185727366613242684e-09
5.249234754751442838e-09
5.313519890746961253e-09
5.378592299345660062e-09
5.444461621938829686e-09
5.511137617991783526e-09
5.578630166489816812e-09
5.646949267402002796e-09
5.716105043162701346e-09
5.786107740171421035e-09
5.856967730310928000e-09
5.928695512484075559e-09
6.001301714169226359e-09
6.074368518854745289e-09
6.147531697959933029e-09
6.221576096365557744e-09
6.296512327982373767e-09
6.372351134561243978e-09
6.449103387232761969e-09
6.526780088065681837e-09
6.605392371643957865e-09
6.684951506662941717e-09
6.765468897544536134e-09
6.846956086072042135e-09
6.929424753044703054e-09
7.012886719951926366e-09
7.097353950667947641e-09
7.182838553166736418e-09
7.268022573840539577e-09
7.353960843903298351e-09
7.440915261919141288e-09
7.528897842985204481e-09
7.617920744267101851e-09
7.707996266678637803e-09
7.799136856581694820e-09
7.891355107505916310e-09
7.984663761888899406e-09
8.079075712836781065e-09
8.174604005905958640e-09
8.271261840905594193e-09
8.369062573721415389e-09
8.468019718161396989e-09
8.567458933788866152e-09
8.666632594877261663e-09
8.766954252720517125e-09
8.868437196094518819e-09
8.971094867600889054e-09
9.074940865447712458e-09
9.179988945250895473e-09
9.286253021856036618e-09
9.393747171181715765e-09
9.502485632084132946e-09
9.612482808242980891e-09
9.723753270069495929e-09
9.836311756636596263e-09
9.950173177631010023e-09
1.006535261532837411e-08
1.017962049341215390e-08
1.029466539783400085e-08
1.041101048137765285e-08
1.052867043800767397e-08
1.064766012775235586e-08
1.076799457858051452e-08
1.088968898829937012e-08
1.101275872647411892e-08
1.113721933636895886e-08
1.126308653691016787e-08
1.139037622467135716e-08
1.151910447588113785e-08
1.164928754845350524e-08
1.178094188404116416e-08
1.191299908790042411e-08
1.204397981252247093e-08
1.217640064052200785e-08
1.231027740550923775e-08
1.244562611518131957e-08
1.258246295323641457e-08
1.272080428130877612e-08
1.286066664092511625e-08
1.300206675548248543e-08
1.314502153224789408e-08
1.328954806437992044e-08
1.343566363297254647e-08
1.358338570912146666e-08
1.373273195601310777e-08
1.388372023103663608e-08
1.403260789285556469e-08
1.418206318620772728e-08
1.433311026384414763e-08
1.448576607917711744e-08
1.464004776618249025e-08
1.479597264132266295e-08
1.495355820549034271e-08
1.511282214597271216e-08
1.527378233843668101e-08
1.543645684893524742e-08
1.560086393593510792e-08
1.576702205236615949e-08
1.593494984769251167e-08
1.610466617000573327e-08
1.627448496061117108e-08
1.644152074603302494e-08
1.661027093001673322e-08
1.678075310856678756e-08
1.695298505828707823e-08
1.712698473823449006e-08
1.730277029179167243e-08
1.748036004855868227e-08
1.765977252626440315e-08
1.784102643269736027e-08
1.802414066765657959e-08
1.820913432492208424e-08
1.839602669424601750e-08
1.858483726336397884e-08
1.877558572002703273e-08
1.896208761115859975e-08
1.914846691313991829e-08
1.933667814654774403e-08
1.952673931752715121e-08
1.971866860920652319e-08
1.991248438343706692e-08
2.010820518254965522e-08
2.030584973112854027e-08
2.050543693780288120e-08
2.070698589705569217e-08
2.091051589105061117e-08
2.111604639147661866e-08
2.132359706141085828e-08
2.153318775719995983e-08
2.174221612588306847e-08
2.194520217974411753e-08
2.215008331816432863e-08
2.235687723371620951e-08
2.256560178415086261e-08
2.277627499393980343e-08
2.298891505583166151e-08
2.320354033242317505e-08
2.342016935774489951e-08
2.363882083886165976e-08
2.385951365748821584e-08
2.408226687161949363e-08
2.430709971717654527e-08
2.453403160966762378e-08
2.476308214586481196e-08
2.498419932207893575e-08
2.520360286242004926e-08
2.542493313705004949e-08
2.564820706595579762e-08
2.587344171771026744e-08
2.610065431077737978e-08
2.632986221482829834e-08
2.656108295206929277e-08
2.679433419858124519e-08
2.702963378567093908e-08
2.726699970123418671e-08
2.750645009113097723e-08
2.774800326057263540e-08
2.799167767552121926e-08
2.823364873586178225e-08
2.846399905363586230e-08
2.869622873420124764e-08
2.893035311074501333e-08
2.916638764155328809e-08
2.940434791103202827e-08
2.964424963073575262e-08
2.988610864040526354e-08
3.012994090901325955e-08
3.037576253581872598e-08
3.062358975143001417e-08
3.087343891887620585e-08
3.112532653468786098e-08
3.137926922998606389e-08
3.163528377158028390e-08
3.187769730915837873e-08
3.211541928644013711e-08
3.235491403099346486e-08
3.259619476289945274e-08
3.283927480082526357e-08
3.308416756275974729e-08
3.333088656675382718e-08
3.357944543166676893e-08
3.382985787791794227e-08
3.408213772824417427e-08
3.433629890846285990e-08
3.459235544824034660e-08
3.485032148186683047e-08
3.511021124903624863e-08
3.536667772488581457e-08
3.560254666187224522e-08
3.583998866590968006e-08
3.607901422816331898e-08
3.631963390976616853e-08
3.656185834228629969e-08
3.680569822819599163e-08
3.705116434134518343e-08
3.729826752743695071e-08
3.754701870450727703e-08
3.779742886340685680e-08
3.804950906828736499e-08
3.830327045708964587e-08
3.855872424203650095e-08
3.881588171012742235e-08
3.905133806384844885e-08
3.927716107886178821e-08
3.950428996549527317e-08
3.973273227524097701e-08
3.996249560325906838e-08
4.019358758863040581e-08
4.042601591461060127e-08
4.065978830888516235e-08
4.089491254382689105e-08
4.113139643675397072e-08
4.136924785018996549e-08
4.160847469212530859e-08
4.184908491627987596e-08
4.209108652236795534e-08
4.232734240214603976e-08
4.252912030408970684e-08
4.273186009778952045e-08
4.293556636866196691e-08
4.314024372398291181e-08
4.334589679299114980e-08
4.355253022699376751e-08
4.376014869947068598e-08
4.396875690618101625e-08
4.417835956526859430e-08
4.438896141736939550e-08
4.460056722571802247e-08
4.481318177625617165e-08
4.502680987774016017e-08
4.524145636185039159e-08
4.542372985770167789e-08
4.558898880335347146e-08
4.575484898803171887e-08
4.592131259914217577e-08
4.608838183204863119e-08
4.625605889010224266e-08
4.642434598467004413e-08
4.659324533516447304e-08
4.676275916907256650e-08
4.693288972198529637e-08
4.710363923762710298e-08
4.727500996788545521e-08
4.744700417284055622e-08
4.761962412079514180e-08
4.778415295419585832e-08
4.789573351719816387e-08
4.800757463147679206e-08
4.811967690544386222e-08
4.823204094893230540e-08
4.834466737319875620e-08
4.845755679092751005e-08
4.857070981623343484e-08
4.868412706466540538e-08
4.879780915320966508e-08
4.891175670029318759e-08
4.902597032578702525e-08
4.914045065100969059e-08
4.925519829873053122e-08
4.937021389317323049e-08
4.944001703812123408e-08
4.948285771781016780e-08
4.952573551973228396e-08
4.956865047605448591e-08
4.961160261897183422e-08
4.965459198070718937e-08
4.969761859351135067e-08
4.974068248966303645e-08
4.978378370146896342e-08
4.982692226126382689e-08
4.987009820141033376e-08
4.991331155429934822e-08
4.995656235234950120e-08
4.999985062800779927e-08
5.003372452037391154e-08
4.999402848561175078e-08
4.995436394511052668e-08
4.991473087388314449e-08
4.987512924696234854e-08
4.983555903940067598e-08
4.979602022627045670e-08
4.975651278266380678e-08
4.971703668369258873e-08
4.967759190448843800e-08
4.963817842020269017e-08
4.959879620600640743e-08
4.955944523709036532e-08
4.952012548866499983e-08
4.948083693596042722e-08
4.938608731116188190e-08
4.925470401787146703e-08
4.912367024750735934e-08
4.899298507022320616e-08
4.886264755864635501e-08
4.873265678787126258e-08
4.860301183545305599e-08
4.847371178140055137e-08
4.834475570817036434e-08
4.821614270065996167e-08
4.808787184620128873e-08
4.795994223455429757e-08
4.783235295790047510e-08
4.770510311083639768e-08
4.756955397870727112e-08
4.734428381632341489e-08
4.712008044229084650e-08
4.689693880473152605e-08
4.667485387569106511e-08
4.645382065102552876e-08
4.623383415028829049e-08
4.601488941661839592e-08
4.579698151662848310e-08
4.558010554029372198e-08
4.536425660084116410e-08
4.514942983463964153e-08
4.493562040109027460e-08
4.472282348251702606e-08
4.451103428405868444e-08
4.424241431089810930e-08
4.393277493711345311e-08
4.362530263633526074e-08
4.331998224187031865e-08
4.301679869317254487e-08
4.271573703509984329e-08
4.241678241717692029e-08
4.211992009286250199e-08
4.182513541882167340e-08
4.153241385420416002e-08
4.124174095992639462e-08
4.095310239795988382e-08
4.066648393062367092e-08
4.038187141988182130e-08
4.009342289455727521e-08
3.971733907176334751e-08
3.934478298572912231e-08
3.897572154562238565e-08
3.861012197100938300e-08
3.824795178894265386e-08
3.788917883107730805e-08
3.753377123081356009e-08
3.718169742046614359e-08
3.683292612846061236e-08
3.648742637655595909e-08
3.614516747709260525e-08
3.580611903026725134e-08
3.547025092143216519e-08
3.513753331842095342e-08
3.476245559635426118e-08
3.435419525920727260e-08
3.395072964959118890e-08
3.355200245683838143e-08
3.315795803161026840e-08
3.276854137812993674e-08
3.238369814650704415e-08
3.200337462515190460e-08
3.162751773327927979e-08
3.125607501350021577e-08
3.088899462450026367e-08
3.052622533380462719e-08
3.016771651062733180e-08
2.981341811880500455e-08
2.946110038720908829e-08
2.905160825281370386e-08
2.864780782055857930e-08
2.824961997909953430e-08
2.785696671669376228e-08
2.746977110591629217e-08
2.708795728858855910e-08
2.671145046091648014e-08
2.634017685883514978e-08
2.597406374355718731e-08
2.561303938732194348e-08
2.525703305934301219e-08
2.490597501195055967e-08
2.455979646692679046e-08
2.421842960203107599e-08
2.386113959341419563e-08
2.349038327258417592e-08
2.312538779351508745e-08
2.276606364378090687e-08
2.241232270180674220e-08
2.206407821525788243e-08
2.172124477976456324e-08
2.138373831797689695e-08
2.105147605894572150e-08
2.072437651782358498e-08
2.040235947588117037e-08
2.008534596083438961e-08
1.977325822747678335e-08
1.946601973861322285e-08
1.916338073997665452e-08
1.884199661812767287e-08
1.852600234659676374e-08
1.821530753359267659e-08
1.790982330326162062e-08
1.760946227026384217e-08
1.731413851477661371e-08
1.702376755791642812e-08
1.673826633757336369e-08
1.645755318465075124e-08
1.618154779970329729e-08
1.591017122996702959e-08
1.564334584677443410e-08
1.538099532334838780e-08
1.512304461296848154e-08
1.486099628659569733e-08
1.459501296865755104e-08
1.433379024173611957e-08
1.407724290038692425e-08
1.382528726417945012e-08
1.357784115040232315e-08
1.333482384725700215e-08
1.309615608753127672e-08
1.286176002274392905e-08
1.263155919775218168e-08
1.240547852581360658e-08
1.218344426409438750e-08
1.196538398961596163e-08
1.175122657563201511e-08
1.154090216842865925e-08
1.131724701319911657e-08
1.109759526580953945e-08
1.088220664796686116e-08
1.067099841836010208e-08
1.046388944157004746e-08
1.026080015690113478e-08
1.006165254781828826e-08
9.866370111977018733e-09
9.674877831835010071e-09
9.487102145834291457e-09
9.302970920142625113e-09
9.122413420943362752e-09
8.945360287263095164e-09
8.771743504326847807e-09
8.594945503806289159e-09
8.414400089447734938e-09
8.237647211834349691e-09
8.064607204944070377e-09
7.895202076219193118e-09
7.729355471413615847e-09
7.566992640178336334e-09
7.408040402370184834e-09
7.252427115067953320e-09
7.100082640281546561e-09
6.950938313339430400e-09
6.804926911939985118e-09
6.661982625853262645e-09
6.522041027258890321e-09
6.385039041707210592e-09
6.247061310635790849e-09
6.111883454916414616e-09
5.979630662961944351e-09
5.850239640396341008e-09
5.723648462447298985e-09
5.599796544309746992e-09
5.478624612150892011e-09
5.360074674742526718e-09
5.244089995707306747e-09
5.130615066365348506e-09
5.019595579168722437e-09
4.910978401710357050e-09
4.804711551295884024e-09
4.700744170065185356e-09
4.599731911616347546e-09
4.501766504326829146e-09
4.405887571033997379e-09
4.312050673870879461e-09
4.220212321411238206e-09
4.130329948512229362e-09
4.042361896586370651e-09
3.956267394293598619e-09
3.872006538644727065e-09
3.789540276507117917e-09
3.708830386504492084e-09
3.629839461302075779e-09
3.552530890269045011e-09
3.476868842510359168e-09
3.402818250259834700e-09
3.330360005724022491e-09
3.259445824188202323e-09
3.190041635906640225e-09
3.122115288218480721e-09
3.055635313097487406e-09
2.990570912573859396e-09
2.926891944466656163e-09
2.864568908419832397e-09
2.803572932235742318e-09
2.743875758499638684e-09
2.685449731488869995e-09
2.628267784360977769e-09
2.572303426614493761e-09
2.517530731816744468e-09
2.464541091077249665e-09
2.413521525802001468e-09
2.363558139322178883e-09
2.314629067209088572e-09
2.266712897659297673e-09
2.219788662124701984e-09
2.173835826136462539e-09
2.128834280318946388e-09
2.084764331589690384e-09
2.041606694541496894e-09
1.999342483003017309e-09
1.957953201773957927e-09
1.917420738531422062e-09
1.877727355903802965e-09
1.838855683708718027e-09
1.801964124628897538e-09
1.765939687960298205e-09
1.730635443230894356e-09
1.696036992535347558e-09
1.662130225807798941e-09
1.628901315067465053e-09
1.596336708779233531e-09
1.564423126327067596e-09
1.533147552597829648e-09
1.502497232673423336e-09
1.472459666629012231e-09
1.443022604435291416e-09
1.414174040962612716e-09
1.385902211085019285e-09
1.358553251124252014e-09
1.332298574570627296e-09
1.306551281912602790e-09
1.281301567719248889e-09
1.256539816054172402e-09
1.232256596813444883e-09
1.208442662134304110e-09
1.185088942873257893e-09
1.162186545152251184e-09
1.139726746971579023e-09
1.117700994888257168e-09
1.096100900758585261e-09
1.074918238543660089e-09
1.054144941176625466e-09
1.033773097490462435e-09
1.014166511485505939e-09
9.949843022058786632e-10
9.761649102236876511e-10
9.577014731181655191e-10
9.395872582661575275e-10
9.218156603870945008e-10
9.043801991344028401e-10
8.872745167324665444e-10
8.704923756583027900e-10
8.540276563670504761e-10
8.378743550605160015e-10
8.220265814979069081e-10
8.064785568479777006e-10
7.912246115818006779e-10
7.762731177466694251e-10
7.616283801406971210e-10
7.472599220227585369e-10
7.331625312574425160e-10
7.193310940385843669e-10
7.057605930342560573e-10
6.924461055667213330e-10
6.793828018267436467e-10
6.665659431215940467e-10
6.539908801560837333e-10
6.416530513460536321e-10
6.295479811636529320e-10
6.176712785138491710e-10
6.060186351415759542e-10
5.945858240689194269e-10
5.831826478396925779e-10
5.719653251439063684e-10
5.609637638891133069e-10
5.501738139763431157e-10
5.395914051323786228e-10
5.292125453743502437e-10
5.190333195038400277e-10
5.090498876299525353e-10
4.992584837208147758e-10
4.896554141829058098e-10
4.802370564677436956e-10
4.709998577053519949e-10
4.619403333640109759e-10
4.530550659358062016e-10
4.442230807550556971e-10
4.353335357381273972e-10
4.266218833477471469e-10
4.180845636956939433e-10
4.097180881322483337e-10
4.015190378206106335e-10
3.934840623398398136e-10
3.856098783157506798e-10
3.778932680792145114e-10
3.703310783513092067e-10
3.629202189547752209e-10
3.556576615512555490e-10
3.485404384038207087e-10
3.415656411642362457e-10
3.347304196845137802e-10
3.277264131029209971e-10
3.208036912572082034e-10
3.140272013776643337e-10
3.073938545364926720e-10
3.009006270547963691e-10
2.945445591242986727e-10
2.883227534581643541e-10
2.822323739703393239e-10
2.762706444827685612e-10
2.704348474599347836e-10
2.647223227701271489e-10
2.591304664728653568e-10
2.536567296319542507e-10
2.482986171535944451e-10
2.429483969682636622e-10
2.374816242274999983e-10
2.321378636348800935e-10
2.269143471974210289e-10
2.218083692069217018e-10
2.168172848384496203e-10
2.119385087803550153e-10
2.071695138951164816e-10
2.025078299103202137e-10
1.979510421390900769e-10
1.934967902293196681e-10
1.891427669410363753e-10
1.848867169512891746e-10
1.807264356859204940e-10
1.766597681776255940e-10
1.724657713047685137e-10
1.683160219607891424e-10
1.642661209489603925e-10
1.603136657893716369e-10
1.564563118088842999e-10
1.526917707502238051e-10
1.490178094145441115e-10
1.454322483366506582e-10
1.419329604920963355e-10
1.385178700353922167e-10
1.351849510685728725e-10
1.319322264393977816e-10
1.287577665684639975e-10
1.256596883045421391e-10
1.225779376225333338e-10
1.194264903778508285e-10
1.163560660311599744e-10
1.133645815045950223e-10
1.104500072756877319e-10
1.076103660004694720e-10
1.048437311719755525e-10
1.021482258132411010e-10
9.952202120389574881e-11
9.696333563949940601e-11
9.447043322277484378e-11
9.204162268591729782e-11
8.967525624318217784e-11
8.736972847297254505e-11
8.512347522866774264e-11
8.282561638110120035e-11
8.055759123646710684e-11
7.835167173355893563e-11
7.620615722512269587e-11
7.411939363295999110e-11
7.208977217272153276e-11
7.011572811361831252e-11
6.819573957209869766e-11
6.632832633855553322e-11
6.451204873616313641e-11
6.274550651096284810e-11
6.102733775234027274e-11
5.935621784306585001e-11
5.773085843808386890e-11
5.612621535901297174e-11
5.449838273208194743e-11
5.291776225092499691e-11
5.138298461831154790e-11
4.989272025083603405e-11
4.844567812709459271e-11
4.704060466927003668e-11
4.567628265715140497e-11
4.435153017365235097e-11
4.306519958091261438e-11
4.181617652609393955e-11
4.060337897601360363e-11
3.942575627977393082e-11
3.828228825858019288e-11
3.717198432195629864e-11
3.605239123663273862e-11
3.495245895981592502e-11
3.388608481803757847e-11
3.285224497696639837e-11
3.184994683871291881e-11
3.087822808882837885e-11
2.993615577237956001e-11
2.902282539821001953e-11
2.813736007053219518e-11
2.727890964701211774e-11
2.644664992254108018e-11
2.563978183790974064e-11
2.485753071262499092e-11
2.409914550113302154e-11
2.335650203051395693e-11
2.261243503698275089e-11
2.189207175088776214e-11
2.119465704432898058e-11
2.051945984548063148e-11
1.986577237223816817e-11
1.923290939027814014e-11
1.862020749475515435e-11
1.802702441488096890e-11
1.745273834065766794e-11
1.689674727105938418e-11
1.635846838297893667e-11
1.583733742027756184e-11
1.533280810229805243e-11
1.484435155122019514e-11
1.437145573766015174e-11
1.391362494393010895e-11
1.347037924439751598e-11
1.304125400239816086e-11
1.262579938317632515e-11
1.222357988234119101e-11
1.183417386934495154e-11
1.145717314550431532e-11
1.109218251610255568e-11
1.073881937612237678e-11
1.039671330917682120e-11
1.006550569921627942e-11
9.744849354606004639e-12
9.434408144178924978e-12
9.133856644882770029e-12
8.842879800652240259e-12
8.561172592148452363e-12
8.288439717019312593e-12
8.024395280346021564e-12
7.768762494950644717e-12
7.521273391251639557e-12
7.281668536361828936e-12
7.049696762135428920e-12
6.825114901878476065e-12
6.607687535447013936e-12
6.397186742465664841e-12
6.193391863407793960e-12
5.996089268286916113e-12
5.805072132717140365e-12
5.620140221107276779e-12
5.441099676762094354e-12
5.267762818669954497e-12
5.099947944764498770e-12
4.937479141453603833e-12
4.780186099216186009e-12
4.627903934073618329e-12
4.480473014748511886e-12
4.337738795329600701e-12
4.199551653267526146e-12
4.065766732531388277e-12
3.936243791762194279e-12
3.810847057263337630e-12
3.689445080674532693e-12
3.571910601179735064e-12
3.458120412104767658e-12
3.347955231764744315e-12
3.241299578425838471e-12
3.138041649250379655e-12
3.038073203098523687e-12
2.941289447063310074e-12
2.847588926620565335e-12
2.756873419278103425e-12
2.669047831613116519e-12
2.584020099589521099e-12
2.501701092050906558e-12
2.422004517287948132e-12
2.344846832582290738e-12
2.270147156632044099e-12
2.197827184767179967e-12
2.127811106865865885e-12
2.060025527885778197e-12
1.994399390927042108e-12
1.930863902746121639e-12
1.869352461642600349e-12
1.809800587643350399e-12
1.752145854910703905e-12
1.696327826304015358e-12
1.642287990025775515e-12
1.589969698286094259e-12
1.539318107921076358e-12
1.490280122902921915e-12
1.442804338681508306e-12
1.396840988299074948e-12
1.352341890221508580e-12
1.309260397831564650e-12
1.267551350531104437e-12
1.227171026401064119e-12
1.188077096369511627e-12
1.150228579839765932e-12
1.113585801732118528e-12
1.078110350894002647e-12
1.043765039835160826e-12
1.010513865745457584e-12
9.783219727546100934e-13
9.471556153941654844e-13
9.169821232234741457e-13
8.877698665825880654e-13
8.594882234361648590e-13
8.321075472736072231e-13
8.055991360318267379e-13
7.799352020079978628e-13
7.550888427308645185e-13
7.310340127599337931e-13
7.077454963830960400e-13
6.851988811839978220e-13
6.633705324514926971e-13
6.422375684043281770e-13
6.217778362050873897e-13
6.019698887382518594e-13
5.827929621280700085e-13
5.642269539725997842e-13
5.462524022711877399e-13
5.288504650232162892e-13
5.120029004768078242e-13
4.956920480067214645e-13
4.799008096014248070e-13
4.646126319399402020e-13
4.498114890396664326e-13
4.354818654569790339e-13
4.216087400230193474e-13
4.081775700975926249e-13
3.951742763247234557e-13
3.825852278738182165e-13
3.703972281510180031e-13
3.585975009657344532e-13
3.471736771378859312e-13
3.361137815317853869e-13
3.254062205030835066e-13
3.150397697456130498e-13
3.050035625254090957e-13
2.952870782895376809e-13
2.858801316378327630e-13
2.767728616459406397e-13
2.679557215285173517e-13
2.594194686317143493e-13
2.511551547444685226e-13
2.431541167184645434e-13
2.354079673868960583e-13
2.279085867725376438e-13
2.206481135759006000e-13
2.136189369345411913e-13
2.068136884449103023e-13
2.002252344383444165e-13
1.938466685031300793e-13
1.876713042447865323e-13
1.816926682769926974e-13
1.759044934357898168e-13
1.703007122099715130e-13
1.648754503807493821e-13
1.596230208640505747e-13
1.545379177489736048e-13
1.496148105261620050e-13
1.448485385000467674e-13
