2.175917354573358907e-08
2.205452389227230011e-08
2.235388320666156541e-08
2.265730590503270141e-08
2.296484714213984287e-08
2.327656282138577223e-08
2.359250960498382349e-08
2.391274492425747201e-08
2.423732699008023065e-08
2.456631480345674891e-08
2.489976816624779526e-08
2.523774769204075371e-08
2.558031481716771922e-08
2.592753181187292561e-08
2.627946179163221270e-08
2.663616872862569047e-08
2.699771746336638311e-08
2.736417371648642115e-08
2.773560410068376291e-08
2.811207613283051394e-08
2.849365824624588181e-08
2.888041980313566569e-08
2.927243110720065929e-08
2.966778549002408351e-08
3.006000228988664324e-08
3.045740431053840759e-08
3.086006010211457873e-08
3.126803912100311832e-08
3.168141174182582335e-08
3.210024926957738032e-08
3.252462395192553433e-08
3.295460899167327311e-08
3.339027855938604339e-08
3.383170780618592558e-08
3.427897287671459947e-08
3.473215092226839664e-08
3.519132011410626011e-08
3.565655965693404565e-08
3.612794980256704405e-08
3.660557186377280902e-08
3.708950822829767206e-08
3.757984237307798329e-08
3.807665887863969144e-08
3.858004344368778490e-08
3.909008289988944525e-08
3.960686522685179339e-08
4.013047956729808619e-08
4.066101624244453426e-08
4.119856676757999732e-08
4.174322386785244824e-08
4.229508149426336387e-08
4.285423483987393358e-08
4.342078035622552090e-08
4.399481576997683982e-08
4.457644009976183610e-08
4.516575367326970299e-08
4.576285814455109447e-08
4.636785651155266014e-08
4.698085313388430908e-08
4.760195375082042023e-08
4.823126549953949250e-08
4.886889693360496109e-08
4.951495804168982034e-08
5.016956026654976469e-08
5.083281652424623080e-08
5.150484122362399305e-08
5.218575028604632305e-08
5.287566116539048623e-08
5.357469286830867721e-08
5.428296597475573762e-08
5.500060265878874490e-08
5.572772670964168176e-08
5.646446355307804487e-08
5.721094027302695154e-08
5.796728563350410756e-08
5.873363010082327426e-08
5.951010586610068979e-08
6.029684686805814243e-08
6.109398881612639632e-08
6.188179910712606667e-08
6.267077960060921030e-08
6.346981943671118605e-08
6.427904687002761289e-08
6.509859179037400495e-08
6.592858574363499780e-08
6.676916195287886816e-08
6.762045533974118501e-08
6.848260254608120543e-08
6.935574195591448243e-08
7.024001371762487466e-08
7.113555976645996805e-08
7.204252384731308565e-08
7.296105153779661075e-08
7.389129027160713923e-08
7.483338936219232129e-08
7.578750002671563375e-08
7.675377541032914143e-08
7.773237061075475070e-08
7.872344270317918273e-08
7.972715076546617384e-08
8.074365590369023081e-08
8.177312127799591147e-08
8.281571212878679962e-08
8.387159580324825066e-08
8.494094178220905633e-08
8.602392170734398716e-08
8.712070940872482291e-08
8.823148093272178985e-08
8.935641457026096376e-08
9.049569088544182064e-08
9.164949274451981897e-08
9.281800534525840744e-08
9.400141624665526240e-08
9.519991539904754616e-08
9.641369517460084464e-08
9.764295039818793876e-08
9.888787837865819038e-08
1.001486789405104732e-07
1.014255544559650563e-07
1.027187098774475162e-07
1.040283527704856301e-07
1.053546933470259218e-07
1.066979444991749410e-07
1.080583218333708090e-07
1.094360437049903248e-07
1.108313312533974811e-07
1.122444084374384198e-07
1.136755020713902380e-07
1.151248418613657630e-07
1.165926604421847767e-07
1.180791934147142330e-07
1.195846793836847976e-07
1.211093599959893900e-07
1.226534799794702778e-07
1.242023135884739827e-07
1.257065943231324135e-07
1.272290942073642310e-07
1.287700339030474957e-07
1.303296367446133028e-07
1.319081287714167875e-07
1.335057387604956479e-07
1.351226982597298697e-07
1.367592416213988165e-07
1.384156060361487856e-07
1.400920315673679877e-07
1.417887611859820249e-07
1.435060408056665589e-07
1.452441193184895845e-07
1.470032486309850006e-07
1.487836837006604979e-07
1.505856825729519126e-07
1.524095064186202866e-07
1.542554195716068818e-07
1.561236895673415951e-07
1.580145871815204972e-07
1.599283864693477837e-07
1.618653648052583650e-07
1.638258029231160907e-07
1.658099849569043920e-07
1.678181984819044709e-07
1.698507345563757533e-07
1.719078877637411736e-07
1.739899562552799121e-07
1.760972417933422742e-07
1.782300497950826374e-07
1.803886893767275631e-07
1.825734733983742312e-07
1.847847185093375402e-07
1.870227451940403140e-07
1.892878778184653825e-07
1.915804446771645344e-07
1.939007780408406720e-07
1.962492142045063192e-07
1.986260935362214214e-07
2.010317605264273497e-07
2.034665638378721348e-07
2.059308563561466228e-07
2.084249952408264193e-07
2.109493419772397367e-07
2.135042624288554295e-07
2.160901268903124979e-07
2.187073101410848919e-07
2.213561914998032172e-07
2.240371548792278614e-07
2.267505888418921763e-07
2.294968866564198725e-07
2.322764463545197222e-07
2.350896707886775025e-07
2.379369676905393563e-07
2.408187497300096513e-07
2.435886600800294554e-07
2.463241384151589322e-07
2.490903359213676190e-07
2.518875975721323012e-07
2.547162722149501977e-07
2.575767126148445852e-07
2.604692754983559832e-07
2.633943215980329307e-07
2.663522156974167937e-07
2.693433266765347406e-07
2.723680275579034250e-07
2.754266955530466054e-07
2.785197121095403085e-07
2.816474629585815640e-07
2.848103381630933642e-07
2.880087321663700845e-07
2.912430438412664328e-07
2.945136765399445953e-07
2.978210381441738578e-07
3.011655411161984291e-07
3.045476025501764806e-07
3.079676442241933167e-07
3.114260926528654557e-07
3.149233791405288991e-07
3.184599398350277355e-07
3.220362157821071555e-07
3.256526529804135242e-07
3.293097024371192467e-07
3.330078202241652796e-07
3.367474675351386518e-07
3.405291107427888077e-07
3.443532214571864245e-07
3.482202765845420155e-07
3.521307583866786541e-07
3.560851545411760251e-07
3.600839582021863311e-07
3.641276680619397375e-07
3.682167884129338487e-07
3.723518292108248459e-07
3.765333061380248913e-07
3.807617406680101400e-07
3.850376601303583646e-07
3.893615977765094175e-07
3.937340928462679574e-07
3.981556906350532071e-07
4.026269425618992877e-07
4.071484062382282060e-07
4.117206455373862302e-07
4.163442306649656765e-07
4.210197382299162905e-07
4.257477513164508789e-07
4.305288595567671654e-07
4.353636592045775552e-07
4.402527532094689407e-07
4.451967512920978389e-07
4.500975485134563242e-07
4.546303923535693741e-07
4.592088855720163568e-07
4.638334878947016733e-07
4.685046636773415634e-07
4.732228819520874462e-07
4.779886164746181992e-07
4.828023457717169929e-07
4.876645531893120351e-07
4.925757269410171704e-07
4.975363601571455474e-07
5.025469509342316117e-07
5.076080023850421549e-07
5.127200226890903946e-07
5.178835251436696037e-07
5.230990282153851129e-07
5.283670555922212136e-07
5.336881362361169170e-07
5.390628044360859311e-07
5.444915998618615865e-07
5.499750676180814284e-07
5.555137582990291559e-07
5.611082280439105097e-07
5.667590385927044014e-07
5.724667573425578376e-07
5.782319574047676264e-07
5.840552176623167840e-07
5.899371228280097946e-07
5.958782635031738988e-07
6.018792362369698233e-07
6.079406435862872807e-07
6.140630941762444030e-07
6.202472027613079456e-07
6.264935902870108605e-07
6.328028839523117089e-07
6.391757172725608670e-07
6.456127301431211707e-07
6.521145689036157881e-07
6.586818864028231196e-07
6.653153420642383124e-07
6.720156019522755558e-07
6.787833388391579555e-07
6.856192322724598349e-07
6.925239686433497444e-07
6.994982412555065443e-07
7.065427503947310074e-07
7.136582033992646950e-07
7.208453147308158923e-07
7.281048060462966289e-07
7.354374062702789359e-07
7.428438516681969157e-07
7.503248859202627540e-07
7.578812601961519448e-07
7.655137332304157977e-07
7.732230713986767105e-07
7.810100487945749716e-07
7.879791835089626097e-07
7.946068900588071558e-07
8.012903423631463910e-07
8.080300093004862577e-07
8.148263636930759608e-07
8.216798823400862481e-07
8.285910460510485774e-07
8.355603396795918030e-07
8.425882521574621958e-07
8.496752765288141952e-07
8.568219099848051410e-07
8.640286538984810660e-07
8.712960138599402103e-07
8.786244997118095141e-07
8.860146255850093130e-07
8.934669099348293185e-07
9.009818755772903659e-07
9.085600497258298348e-07
9.162019640282841664e-07
9.239081546041950531e-07
9.316791620824088078e-07
9.395155316390108401e-07
9.474178130355773463e-07
9.553865606577330968e-07
9.634223335540518473e-07
9.715256954752725879e-07
9.796972149138572524e-07
9.879374651438625707e-07
9.962470242611620636e-07
1.004626475224010663e-06
1.013076405893928660e-06
1.021597409076950098e-06
1.030190082565216743e-06
1.038855029178904522e-06
1.047592856808521810e-06
1.056404178457553088e-06
1.065289612285471703e-06
1.074249781651094825e-06
1.083285315156321260e-06
1.092396846690238157e-06
1.101585015473577737e-06
1.110850466103571080e-06
1.120193848599165706e-06
1.129615818446636817e-06
1.139117036645558319e-06
1.148698169755183803e-06
1.158359889941215042e-06
1.168102875022943619e-06
1.177927808520813934e-06
1.187835379704370146e-06
1.197826283640621331e-06
1.207901221242790340e-06
1.218060899319492961e-06
1.228306030624332121e-06
1.238637333905886166e-06
1.248519813612219290e-06
1.256199765988772086e-06
1.263926959640844319e-06
1.271701685161135217e-06
1.279524234929859447e-06
1.287394903125725723e-06
1.295313985737011758e-06
1.303281780572691316e-06
1.311298587273635164e-06
1.319364707323877664e-06
1.327480444061953891e-06
1.335646102692316365e-06
1.343861990296797311e-06
1.352128415846167484e-06
1.360445690211753014e-06
1.368814126177125943e-06
1.377234038449863581e-06
1.385705743673396171e-06
1.394229560438896901e-06
1.402805809297273985e-06
1.411434812771223729e-06
1.420116895367358348e-06
1.428852383588410444e-06
1.437641605945507568e-06
1.446484892970539963e-06
1.455382577228570654e-06
1.464334993330356287e-06
1.473342477944925573e-06
1.482405369812242002e-06
1.491524009755941319e-06
1.500698740696149453e-06
1.509929907662375214e-06
1.519217857806498268e-06
1.528562940415805186e-06
1.537965506926137940e-06
1.547425910935106553e-06
1.556944508215387096e-06
1.566521656728100786e-06
1.576157716636275665e-06
1.585853050318387908e-06
1.595608022382002440e-06
1.605422999677465433e-06
1.615298351311712855e-06
1.625234448662148251e-06
1.635231665390608837e-06
1.645290377457417778e-06
1.655410963135519049e-06
1.665593803024716903e-06
1.675839280065968288e-06
1.686147779555797646e-06
1.696519689160783090e-06
1.706955398932134680e-06
1.717455301320364195e-06
1.728019791190042344e-06
1.738649265834645780e-06
1.749344124991511460e-06
1.758051888391152737e-06
1.765882155478494063e-06
1.773747298147755054e-06
1.781647471732876365e-06
1.789582832259647538e-06
1.797443426630442302e-06
1.804746637591987238e-06
1.812079522305461492e-06
1.819442201338592933e-06
1.826834795748990085e-06
1.834257427086127579e-06
1.841234299862667966e-06
1.847949395801336211e-06
1.854688982112288464e-06
1.861453148113434831e-06
1.868241983448432688e-06
1.874978271503607780e-06
1.880952281677349465e-06
1.886945326097029508e-06
1.892957465409107061e-06
1.898988760453260288e-06
1.905039272263016565e-06
1.910581825558208691e-06
1.915718257932085413e-06
1.920868499155803534e-06
1.926032586353242497e-06
1.931210556748096533e-06
1.936378847582197328e-06
1.940515385135846829e-06
1.944660759257275509e-06
1.948814988823365186e-06
1.952978092751322799e-06
1.957150089998762149e-06
1.960759563986821646e-06
1.963775963081032141e-06
1.966797002552202258e-06
1.969822689539000316e-06
1.972853031191092933e-06
1.975888034669134861e-06
1.977650812171745259e-06
1.979354241169325252e-06
1.981059137397789832e-06
1.982765502120922743e-06
1.984473336603596591e-06
1.985554152337791037e-06
1.985769869405929927e-06
1.985985609910269374e-06
1.986201373853363607e-06
1.986417161237755419e-06
1.986632972065990990e-06
1.985387628758670990e-06
1.983956829778464754e-06
1.982527061924720994e-06
1.981098324454338553e-06
1.979670616624764728e-06
1.977581734259394040e-06
1.974283336048317723e-06
1.970990439218328671e-06
1.967703034593709551e-06
1.964421113014036631e-06
1.961144665334167499e-06
1.956168815173647752e-06
1.950830498099949794e-06
1.945506749109005168e-06
1.940197528445020101e-06
1.934902796460691770e-06
1.928966347630958738e-06
1.921411105064259184e-06
1.913885454351405985e-06
1.906389279589071437e-06
1.898922465327878838e-06
1.891484896570638546e-06
1.882194609459802080e-06
1.872331380663088693e-06
1.862519837957612485e-06
1.852759710493716270e-06
1.843050728841085899e-06
1.832807149051448404e-06
1.820530468405035235e-06
1.808336020571702685e-06
1.796223254731906477e-06
1.784191623755668587e-06
1.772240584177833079e-06
1.758462686172189450e-06
1.743918199216613423e-06
1.729494011714905868e-06
1.715189128653729925e-06
1.701002563249630540e-06
1.686508613382098128e-06
1.669756019096302461e-06
1.653169833338209088e-06
1.636748403122153023e-06
1.620490091882083740e-06
1.604393279308437007e-06
1.586774279188895307e-06
1.568313888276999535e-06
1.550068263911984236e-06
1.532034907518934100e-06
1.514211349591132039e-06
1.496393362303976448e-06
1.476568401700403513e-06
1.457006091996546071e-06
1.437702953463157015e-06
1.418655552472177865e-06
1.399860500885946915e-06
1.380219074606127549e-06
1.359965420794270236e-06
1.340008973781157633e-06
1.320345372285510383e-06
1.300970319024498232e-06
1.281859997022888108e-06
1.261749800071534627e-06
1.241955097809428060e-06
1.222470940663022222e-06
1.203292456709127658e-06
1.184414850456729185e-06
1.165580412975546690e-06
1.146776922991663724e-06
1.128276776502264803e-06
1.110075079879854085e-06
1.092167018442383181e-06
1.074547855179696450e-06
1.057470203293317822e-06
1.040678080172774123e-06
1.024152607968747349e-06
1.007889552391695905e-06
9.918847463905790905e-07
9.764994022757069384e-07
9.618633061187482356e-07
9.474465806139543737e-07
9.332459377614045875e-07
9.192581388428031917e-07
9.054799936828436640e-07
8.929604867893847182e-07
8.807562536321663312e-07
8.687188176727645040e-07
8.568458992673142272e-07
8.451352499282133595e-07
8.338985326376561878e-07
8.233976093449564277e-07
8.130289196342631062e-07
8.027907983453080558e-07
7.926816012864723783e-07
7.826997049707258294e-07
7.728543578596795374e-07
7.631353345704917293e-07
7.535385327745681983e-07
7.440624154765842847e-07
7.347054650096758223e-07
7.251033234572823155e-07
7.146979079443483957e-07
7.044418127675571515e-07
6.943328951424366011e-07
6.843690430340121869e-07
6.745481747155423141e-07
6.629852167596776915e-07
6.509858074166762241e-07
6.392035761056129463e-07
6.276345921082187795e-07
6.162749958485255909e-07
6.045076456066349235e-07
5.907134028703349620e-07
5.772339305658911745e-07
5.640620459557901676e-07
5.511907302052034215e-07
5.386131246418874769e-07
5.250242024322247879e-07
5.111744311377549504e-07
4.976900071244600341e-07
4.845612927865613271e-07
4.717789047515785823e-07
4.593455032487017240e-07
4.473087110722498285e-07
4.355873336867863954e-07
4.241731058926740533e-07
4.130579790734042940e-07
4.022341155202220340e-07
3.927974887748621569e-07
3.842757668692176840e-07
3.759389232948075153e-07
3.677829471254647153e-07
3.598039144518681911e-07
3.521381972782813454e-07
3.463281756914364381e-07
3.406140151929391599e-07
3.349941341452464287e-07
3.294669770066750868e-07
3.240310139008363137e-07
3.186827697089985835e-07
3.134211583557002385e-07
3.082464188281307722e-07
3.031571168291528130e-07
2.981518417425888226e-07
2.932148661851876991e-07
2.865112278957030832e-07
2.799608518432276949e-07
2.735602340628590273e-07
2.673059506992513228e-07
2.611946561751081536e-07
2.545728189327958148e-07
2.474166802792365360e-07
2.404617034018781244e-07
2.337022335667687060e-07
2.271327749966777026e-07
2.207479864027592311e-07
2.152135319122212680e-07
2.098597175861243071e-07
2.046390887878319205e-07
1.995483322935864845e-07
1.945842173018872907e-07
1.902347381017393623e-07
1.866869682699922275e-07
1.832053623308372202e-07
1.797886863652518253e-07
1.764357294661021688e-07
1.731453033089862043e-07
1.695704627867141800e-07
1.660198998582328449e-07
1.625436806385665783e-07
1.591402484767984796e-07
1.558080793160544988e-07
1.523018530111978341e-07
1.484097589222328358e-07
1.446171278148261751e-07
1.409214178992692034e-07
1.373201523416275355e-07
1.338109176037853834e-07
1.307546076615870336e-07
1.278544375807849204e-07
1.250185940017252992e-07
1.222456501464225845e-07
1.195342108831852243e-07
1.169383978128227643e-07
1.145452396737371045e-07
1.122010577989563448e-07
1.099048498834405263e-07
1.076556341344393261e-07
1.054524488517091191e-07
1.031167687450302503e-07
1.007709248235021455e-07
9.847844742781833923e-08
9.623812250189589688e-08
9.404876360869251155e-08
9.194369935693802892e-08
9.001810488022423689e-08
8.813283849684058920e-08
8.628705560781636199e-08
8.447992930277968923e-08
8.271064998950037104e-08
8.098831522128734572e-08
7.930662990231530783e-08
7.765986400973590744e-08
7.604729245763335244e-08
7.446820521616935082e-08
7.292547285550637810e-08
7.143697707001098116e-08
6.997886325691385455e-08
6.855051128396095561e-08
6.715131367653624039e-08
6.578067535930417397e-08
6.446258030630008198e-08
6.318683721670308242e-08
6.193634164935730721e-08
6.071059394458595623e-08
5.950910433119912076e-08
5.833290930240158606e-08
5.720037379197801504e-08
5.608982649880109164e-08
5.500084052085020676e-08
5.393299724442300989e-08
5.288588618321686405e-08
5.189639478949871423e-08
5.095736076400407113e-08
5.003531799396393717e-08
4.912995903283848868e-08
4.824098199714806906e-08
4.736809046581257410e-08
4.651099338131332153e-08
4.566940495264182899e-08
4.484304456000618557e-08
4.403163666126069188e-08
4.323491070002863965e-08
4.245260101548837950e-08
4.168444675379082701e-08
4.093019178108026991e-08
4.018958459808904188e-08
3.946237825627715130e-08
3.874833027548980633e-08
3.804720256310481800e-08
3.735876133464260420e-08
3.668277703581300634e-08
3.601902426597272702e-08
3.536728170296698480e-08
3.472733202933260918e-08
3.409896185983497405e-08
3.348196167031682655e-08
3.287612572783448674e-08
3.228125202205784697e-08
3.169714219791239950e-08
3.112360148943904597e-08
3.056043865485167772e-08
3.000746591276919365e-08
2.946449887960135242e-08
2.893135650806818961e-08
2.840786102683122514e-08
2.789383788121740284e-08
2.738911567501528763e-08
2.689352611332472356e-08
2.640690394644058340e-08
2.592908691475162440e-08
2.545991569463660618e-08
2.499923384533940997e-08
2.454080499506422509e-08
2.407721411266246251e-08
2.362238074682502220e-08
2.317613946268403134e-08
2.273832795053796453e-08
2.230878696681511165e-08
2.188736027615280985e-08
2.147389459457033061e-08
2.106823953371549700e-08
2.067024754616454991e-08
2.027977387175506698e-08
1.989667648493316045e-08
1.952081604309485010e-08
1.915205583590356567e-08
1.879026173556499825e-08
1.843530214804117229e-08
1.808704796518643683e-08
1.774537251778729058e-08
1.741015152948949048e-08
1.708126307159550654e-08
1.675858751871571301e-08
1.644200750525766916e-08
1.613140788273706154e-08
1.582667567789517066e-08
1.552770005160757224e-08
1.523437225856889599e-08
1.494658560773949723e-08
1.466423542353897653e-08
1.438721900777295373e-08
1.411543560227905718e-08
1.384878635227841707e-08
1.358717427041975376e-08
1.333050420150240269e-08
1.307868278786589634e-08
1.283161843543335305e-08
1.258922128039619221e-08
1.235140315652846626e-08
1.211807756311836367e-08
1.188915963350566643e-08
1.166456610421352194e-08
1.144421528466324153e-08
1.122382664394408363e-08
1.095837673002452763e-08
1.069920485825895042e-08
1.044616254936292806e-08
1.019910483567182761e-08
9.957890178089210102e-09
9.722380384999092627e-09
9.492440533096293404e-09
9.267938890088782502e-09
9.048746839228553359e-09
8.834738805627187766e-09
8.625792184314138193e-09
8.421787269996434612e-09
8.222607188479798470e-09
8.028137829711359876e-09
7.838267782406111340e-09
7.652888270219793857e-09
7.471893089430724216e-09
7.295178548095957598e-09
7.122643406646251437e-09
6.954188819886031953e-09
6.789718280365082563e-09
6.629137563089506363e-09
6.472354671540439645e-09
6.319279784969177072e-09
6.169825206939076404e-09
6.023905315084335251e-09
5.881436512057028481e-09
5.742337177634261478e-09
5.606527621958143120e-09
5.473930039881320375e-09
5.344468466392707390e-09
5.218068733097183295e-09
5.094658425724487977e-09
4.974166842643258113e-09
4.856524954356111800e-09
4.741665363952727467e-09
4.629522268498206794e-09
4.520031421334722787e-09
4.413130095274579864e-09
4.308757046663862518e-09
4.206852480296175833e-09
4.086180337168158662e-09
3.965304113765539823e-09
3.848003616390291283e-09
3.734173068933046163e-09
3.623709824323237670e-09
3.516514271966700577e-09
3.412489747921492810e-09
3.311542447730939228e-09
3.213581341835012668e-09
3.118518093484269689e-09
3.026266979081826132e-09
2.936744810881834976e-09
2.849870861974663248e-09
2.765566793491136419e-09
2.683756583960204431e-09
2.604366460756331065e-09
2.527324833574785636e-09
2.452562229874859427e-09
2.380011232232725737e-09
2.309606417547654356e-09
2.241284298046415767e-09
2.174983264033023214e-09
2.110643528331985199e-09
2.048207072374987201e-09
1.987617593882504166e-09
1.928820456093029456e-09
1.871762638494156087e-09
1.816392689011196113e-09
1.762660677610063784e-09
1.710518151272742311e-09
1.659918090304613152e-09
1.610814865934255837e-09
1.563164199167589644e-09
1.516923120859111037e-09
1.472049932964364883e-09
1.428504170938562906e-09
1.386246567247578916e-09
1.345239015958283627e-09
1.305444538376424526e-09
1.266827249700938444e-09
1.229352326664746701e-09
1.189900097723233575e-09
1.149885528210020020e-09
1.111216589121072544e-09
1.073848028907735382e-09
1.037736117763619875e-09
1.002838596450630435e-09
9.691146268459647951e-10
9.365247441521195350e-10
9.050308107139898546e-10
8.745959713890648570e-10
8.451846104184363775e-10
8.167623097481551766e-10
7.892958087522133510e-10
7.627529653099484547e-10
7.371027181923927994e-10
7.123150507134780726e-10
6.883609556036277144e-10
6.652124010645668292e-10
6.428422979656753604e-10
6.212244681434910423e-10
6.003336137672259620e-10
5.801452877345015208e-10
5.606358650626057073e-10
5.417825152418326627e-10
5.235631755185490604e-10
5.059565250766909202e-10
4.889419600875076576e-10
4.724995695983551324e-10
4.566101122322843107e-10
4.412549936712261850e-10
4.264162448963548733e-10
4.120765011602051905e-10
3.982189816659340522e-10
3.848274699299135593e-10
3.718862948047340724e-10
3.593803121403501933e-10
3.472948870619456761e-10
3.356158768437649611e-10
3.243296143588730871e-10
3.134228920854747739e-10
3.028829466510777114e-10
2.924576093126050987e-10
2.820311323486247446e-10
2.719763722366534007e-10
2.622800768092982245e-10
2.529294663553889619e-10
2.439122167763292456e-10
2.352164433429444661e-10
2.268306850314083918e-10
2.187438894176330754e-10
2.109453981101729341e-10
2.034249327024736848e-10
1.961725812259406264e-10
1.891787850859639982e-10
1.824343264637071245e-10
1.759303161670205175e-10
1.696581819144939357e-10
1.636096570371956950e-10
1.577767695832062623e-10
1.521518318105921158e-10
1.467274300549680869e-10
1.414964149582903815e-10
1.364518920460086238e-10
1.315872126401509412e-10
1.268959650963719824e-10
1.223719663534107686e-10
1.180092537838181666e-10
1.138020773352184725e-10
1.097448919517443062e-10
1.058323502656552938e-10
1.020592955495117144e-10
9.842075491961189722e-11
9.491193278173329567e-11
9.152820451054328314e-11
8.826511035434471358e-11
8.511834955712684401e-11
8.208377469017242265e-11
7.915738618574810259e-11
7.633532706567747049e-11
7.361387785784529690e-11
7.098945169393636097e-11
6.845858958194586748e-11
6.600813758092641477e-11
6.359668396457998791e-11
6.127332719139391617e-11
5.903484884832428835e-11
5.687814809955316298e-11
5.480023739108010642e-11
5.279823831223420364e-11
5.086937760837514929e-11
4.901098333926530354e-11
4.722048117778135303e-11
4.549539084384812022e-11
4.383332266864813662e-11
4.223197428434914009e-11
4.068912743476794972e-11
3.920264490254598060e-11
3.777046754858416013e-11
3.639061145963676299e-11
3.506116520010821868e-11
3.378028716425283047e-11
3.254620302510273976e-11
3.135720327659422017e-11
3.021164086548776182e-11
2.910792890979865241e-11
2.804453850058070373e-11
2.701999658401645247e-11
2.603288392087986455e-11
2.508183312054532842e-11
2.416552674681997206e-11
2.328269549297508258e-11
2.243211642344749498e-11
2.161261127977770420e-11
2.082304484843570500e-11
2.006232338827411708e-11
1.932939311543235454e-11
1.862323874358919173e-11
1.794288207754544999e-11
1.728738065818601942e-11
1.665582645694477264e-11
1.604734461796544928e-11
1.546109224621345432e-11
1.489625723986153259e-11
1.435205716533213608e-11
1.382289927501889387e-11
1.331292249657060371e-11
1.282176060705272853e-11
1.234871945712284135e-11
1.189313050711973712e-11
1.145434988222956934e-11
1.103175746251080584e-11
1.062475600649054232e-11
1.023277030709519461e-11
9.855246378721923768e-12
9.491650674301376338e-12
9.141469331246581458e-12
8.804207445221111278e-12
8.479388370700390454e-12
8.166553047338368580e-12
7.865259351186263816e-12
7.575081469847893956e-12
7.295609300687413191e-12
7.026447871239259089e-12
6.767216781001504399e-12
6.517549663823493866e-12
6.277093670127562037e-12
6.045508968233988907e-12
5.822468264083592991e-12
5.607656338679397454e-12
5.400769602594095340e-12
5.201515666912890786e-12
5.009612930006259604e-12
