5.065136569055907715e-09
5.136124306105782787e-09
5.208106934160620763e-09
5.281098396587986058e-09
5.355112832171384388e-09
5.430164577848885720e-09
5.506268171490313698e-09
5.583438354713370459e-09
5.661690075739020263e-09
5.741038492287094788e-09
5.821498974512483209e-09
5.903087107982241252e-09
5.985818696694775608e-09
6.069709766140983788e-09
6.154776566408534748e-09
6.241035575329665827e-09
6.328503501672863284e-09
6.417197288379500915e-09
6.506173307539663912e-09
6.595871512392619299e-09
6.686806353217831085e-09
6.778994879058064002e-09
6.872454374004844577e-09
6.967202360439188505e-09
7.063256602316583019e-09
7.160635108497685872e-09
7.259356136124655742e-09
7.359438194044028914e-09
7.460900046277050488e-09
7.563760715537589154e-09
7.668039486798538810e-09
7.773755910907707084e-09
7.880929808253080759e-09
7.989581272479101761e-09
8.099730674253857772e-09
8.211398665088199936e-09
8.324606181207858026e-09
8.439374447478424024e-09
8.555724981384962724e-09
8.673679597066150068e-09
8.793260409404016221e-09
8.914489838170431587e-09
9.037390612230226565e-09
9.161985773802788015e-09
9.288298682782066255e-09
9.416353021116112596e-09
9.546172797247384864e-09
9.677782350613710088e-09
9.811206356211853173e-09
9.946469829223635315e-09
1.008359812970581481e-08
1.022261696734501571e-08
1.036355240627772078e-08
1.050643086997703791e-08
1.065127914620672775e-08
1.079812439204352349e-08
1.094699413896878980e-08
1.109791629803017952e-08
1.125091916507465446e-08
1.140603142605355699e-08
1.156328216240079941e-08
1.172270085648534573e-08
1.188431739713859797e-08
1.204816208525822384e-08
1.221426563948923320e-08
1.238265920198315691e-08
1.255337434423687487e-08
1.272644307301181794e-08
1.290189783633476950e-08
1.307977152958153905e-08
1.326009750164423051e-08
1.344290956118381784e-08
1.362824198296877873e-08
1.381552408700576510e-08
1.400205174293939907e-08
1.419109776634201680e-08
1.438269615847033649e-08
1.457688137964251339e-08
1.477368835543608993e-08
1.497315248296962020e-08
1.517530963726908372e-08
1.538019617772025325e-08
1.558784895460823743e-08
1.579830531574511822e-08
1.601160311318741849e-08
1.622778071004392085e-08
1.644687698737559808e-08
1.666893135118861787e-08
1.689398373952180826e-08
1.712207462962979154e-08
1.735324504526310007e-08
1.758753656404658102e-08
1.782499132495747640e-08
1.806565203590425692e-08
1.830956198140815539e-08
1.855676503038805793e-08
1.880730564405066549e-08
1.906122888388715985e-08
1.931858041977782332e-08
1.957940653820609445e-08
1.984375415058351216e-08
2.011167080168710697e-08
2.038320467821050295e-08
2.065840461743086804e-08
2.093732011599249351e-08
2.122000133880913672e-08
2.150649912808654986e-08
2.179686501246680285e-08
2.209115121629606122e-08
2.238941066901752307e-08
2.269169701469117932e-08
2.299806462164189292e-08
2.330856859223821551e-08
2.362326477280273577e-08
2.394220976365648401e-08
2.426546092929890165e-08
2.459307640872524515e-08
2.492511512588329380e-08
2.526163680027124726e-08
2.560270195767872208e-08
2.594837194107256433e-08
2.629870892163010561e-08
2.665377590992088466e-08
2.701363676723959084e-08
2.737835621709196990e-08
2.774799985683580288e-08
2.812263416947904607e-08
2.850232653563727599e-08
2.888714524565255377e-08
2.927035595523629169e-08
2.965503074141150503e-08
3.004476097314889869e-08
3.043961308976499056e-08
3.083965440373012057e-08
3.124495311214402003e-08
3.165557830836130569e-08
3.207159999377033982e-08
3.249308908972694500e-08
3.292011744964427745e-08
3.335275787124255136e-08
3.379108410895872004e-08
3.423517088652026975e-08
3.468509390968351662e-08
3.514092987913943070e-08
3.560275650358933657e-08
3.607065251299254832e-08
3.654469767198732202e-08
3.702497279348938078e-08
3.751155975246787991e-08
3.800454149990364961e-08
3.850400207692978140e-08
3.901002662915874041e-08
3.952270142119783666e-08
4.004211385135463023e-08
4.056835246653674373e-08
4.110150697734665115e-08
4.164166827337494377e-08
4.218892843869492519e-08
4.274338076756089131e-08
4.330511978031188857e-08
4.387424123948578793e-08
4.445084216614370742e-08
4.503502085641039510e-08
4.562687689823055248e-08
4.622651118834686215e-08
4.683402594949958735e-08
4.744952474785381167e-08
4.807311251065408053e-08
4.870489554411271139e-08
4.934498155153162687e-08
4.999347965166343499e-08
5.065050039731371536e-08
5.131615579418687352e-08
5.199055931998108267e-08
5.267382594373263678e-08
5.336607214541612095e-08
5.406741593580051148e-08
5.477797687656794869e-08
5.549787610069514299e-08
5.622723633310442858e-08
5.696618191158439857e-08
5.771483880798736110e-08
5.847333464970343774e-08
5.924179874141882161e-08
6.001623529508456534e-08
6.077812690439834342e-08
6.154969054364683438e-08
6.233104899691364669e-08
6.312232660699678587e-08
6.392364929519568826e-08
6.473514458135061760e-08
6.555694160413529814e-08
6.638917114160772054e-08
6.723196563202172825e-08
6.808545919490278535e-08
6.894978765239136722e-08
6.982508855085718990e-08
7.071150118278806351e-08
7.160916660895584448e-08
7.251822768086523063e-08
7.343882906348616672e-08
7.437111725827537941e-08
7.531524062649024440e-08
7.627134941279845348e-08
7.723959576918745169e-08
7.822013377917758884e-08
7.921311948234177779e-08
8.021871089913810495e-08
8.123706805605605476e-08
8.226835301108274046e-08
8.331272987949223838e-08
8.437036485996241948e-08
8.544142626102320898e-08
8.652608452784068141e-08
8.762451226934126579e-08
8.873688428567950210e-08
8.986337759605620466e-08
9.100417146688799869e-08
9.215944744033536344e-08
9.332938936319263642e-08
9.451418341614482257e-08
9.571401814339593323e-08
9.692908448267250780e-08
9.815957579561000751e-08
9.940568789852294162e-08
1.006676190935666271e-07
1.019455702002943411e-07
1.032397445876150793e-07
1.045503482061570047e-07
1.058775896210417725e-07
1.072216800450750794e-07
1.085828333723575133e-07
1.099612662123242532e-07
1.113571979242147175e-07
1.127708506519808964e-07
1.142024493596385758e-07
1.156522218670673575e-07
1.171203988862652042e-07
1.186072140580631754e-07
1.201129039893062164e-07
1.215980177827853494e-07
1.230803988049103450e-07
1.245808512852287210e-07
1.260995955298538741e-07
1.276368545306133274e-07
1.291928539977912927e-07
1.307678223932681987e-07
1.323619909640640695e-07
1.339755937762933487e-07
1.356088677495312502e-07
1.372620526915988067e-07
1.389353913337748766e-07
1.406291293664342876e-07
1.423435154751222553e-07
1.440788013770668763e-07
1.458352418581395966e-07
1.476130948102636009e-07
1.494126212692784088e-07
1.512340854532684597e-07
1.530777548013565602e-07
1.549439000129700552e-07
1.568327950875884309e-07
1.587447173649729069e-07
1.606799475658861683e-07
1.626387698333115831e-07
1.646214717741719309e-07
1.666283445015566949e-07
1.686596826774671825e-07
1.707157845560797128e-07
1.727969520275361610e-07
1.749034906622714424e-07
1.770357097558780419e-07
1.791939223745194472e-07
1.813784454008950799e-07
1.835895995807692713e-07
1.858277095700641498e-07
1.880931039825265265e-07
1.903861154379793381e-07
1.927070806111580466e-07
1.950563402811420264e-07
1.974342393813924793e-07
1.998411270503964553e-07
2.022773566829284926e-07
2.047432859819407555e-07
2.072392770110820424e-07
2.097656962478570170e-07
2.123229146374373912e-07
2.149113076471252438e-07
2.175312553214800685e-07
2.201831423381222574e-07
2.228673580642123581e-07
2.255842966136193390e-07
2.283343569047895623e-07
2.311179427193166776e-07
2.339354627612285015e-07
2.367535518954741952e-07
2.394202715773325080e-07
2.421170283750220035e-07
2.448441606174382248e-07
2.476020104443121970e-07
2.503909238491305918e-07
2.532112507225451605e-07
2.560633448962706401e-07
2.589475641874719265e-07
2.618642704436594149e-07
2.648138295880814425e-07
2.677966116656343739e-07
2.708129908892885833e-07
2.738633456870329261e-07
2.769480587493558587e-07
2.800675170772526723e-07
2.832221120307798563e-07
2.864122393781556399e-07
2.896382993454081926e-07
2.929006966665918668e-07
2.961998406345592528e-07
2.995361451523151449e-07
3.029100287849393437e-07
3.063219148121010577e-07
3.097722312811640043e-07
3.132614110608842754e-07
3.167898918957219311e-07
3.203581164607548871e-07
3.239665324172180175e-07
3.276155924686675277e-07
3.313057544177713898e-07
3.350374812237498233e-07
3.388112410604522150e-07
3.426275073750950420e-07
3.464867589476618576e-07
3.503894799509647557e-07
3.543361600113933098e-07
3.583272942703363728e-07
3.623633834463069671e-07
3.664449338977556014e-07
3.705724576866026121e-07
3.747464726424751301e-07
3.789675024276749844e-07
3.832360766028786540e-07
3.875527306935689501e-07
3.919180062572274397e-07
3.963324509512712531e-07
4.007966186017634429e-07
4.053110692728970031e-07
4.098763693372536577e-07
4.144930915468661665e-07
4.191618151050678416e-07
4.238831257391648513e-07
4.286576157739142631e-07
4.334858842058380563e-07
4.383685367783749021e-07
4.428057056715839060e-07
4.470225380125613236e-07
4.512795271870306251e-07
4.555770556079373223e-07
4.599155093299397869e-07
4.642952780840894262e-07
4.687167553128407786e-07
4.731803382053962397e-07
4.776864277333821896e-07
4.822354286868749988e-07
4.868277497107601819e-07
4.914638033414424348e-07
4.961440060439049677e-07
5.008687782491206205e-07
5.056385443918218036e-07
5.104537329486231209e-07
5.153147764765194416e-07
5.202221116517382419e-07
5.251761793089684540e-07
5.301774244809615859e-07
5.352262964385094526e-07
5.403232487308029671e-07
5.454687392261770720e-07
5.506632301532363065e-07
5.559071881423852556e-07
5.612010842677419637e-07
5.665453940894563358e-07
5.719405976964307737e-07
5.773871797494475997e-07
5.828856295247075028e-07
5.884364409577781612e-07
5.940401126879720978e-07
5.996971481031353478e-07
6.054080553848693826e-07
6.111733475541816332e-07
6.169935425175723409e-07
6.228691631135531835e-07
6.288007371596278513e-07
6.347887974996897881e-07
6.408338820519023161e-07
6.469365338570142426e-07
6.530973011271437696e-07
6.593167372950248835e-07
6.655954010637253302e-07
6.719338564568293998e-07
6.783326728691146376e-07
6.847924251176947400e-07
6.913136934936590242e-07
6.978970638142002124e-07
7.045431274752397417e-07
7.112524815045554704e-07
7.180257286154074397e-07
7.248634772606901724e-07
7.317663416875845095e-07
7.387349419927385241e-07
7.455842642617037390e-07
7.514817724540467957e-07
7.574259294351933285e-07
7.634171041930998674e-07
7.694556686343866144e-07
7.755419976074230094e-07
7.814791307600343531e-07
7.873408251522074097e-07
7.932464867596198328e-07
7.991964453701926043e-07
8.051910332455143137e-07
8.111988893745949784e-07
8.169208877426928087e-07
8.226832476864223498e-07
8.284862539064552624e-07
8.343301931116732928e-07
8.402153540333330993e-07
8.459160149464802140e-07
8.514723764221544217e-07
8.570652346094423302e-07
8.626948292353620790e-07
8.683614016015661623e-07
8.740556554098260862e-07
8.793263987948365897e-07
8.846289258948315119e-07
8.899634283724391732e-07
8.953300990460559864e-07
9.007291318968130906e-07
9.059012654247711562e-07
9.108278442834059199e-07
9.157812154429000009e-07
9.207615246082946104e-07
9.257689182770232933e-07
9.308035437432190917e-07
9.352834043767910734e-07
9.397558363248690860e-07
9.442496549964094479e-07
9.487649626605944115e-07
9.533018620756395370e-07
9.575744833757995349e-07
9.614679911168086601e-07
9.653773299005119920e-07
9.693025640960928844e-07
9.732437583344600369e-07
9.772009775093122150e-07
9.804780166754385298e-07
9.836754160604300559e-07
9.868832423623467332e-07
9.901015295840095165e-07
9.933303118391233848e-07
9.962574061601813044e-07
9.986151743394103849e-07
1.000978522472928821e-06
1.003347463766401025e-06
1.005722011456737818e-06
1.008102178812182829e-06
1.009677435577049916e-06
1.011073999386657585e-06
1.012472494892872260e-06
1.013872924767570223e-06
1.015275291686329926e-06
1.016361921263289773e-06
1.016647090311722809e-06
1.016932339372388350e-06
1.017217668467735945e-06
1.017503077620221496e-06
1.017788566852307259e-06
1.017133129084225539e-06
1.016164589467171796e-06
1.015196972117778938e-06
1.014230276157838759e-06
1.013264500709979073e-06
1.012000641450692154e-06
1.009655380069184565e-06
1.007315553714814769e-06
1.004981149792172134e-06
1.002652155735041987e-06
1.000328559006330643e-06
9.969926547372379706e-07
9.931957473254366267e-07
9.894132999057175799e-07
9.856452574092188636e-07
9.818915649768023871e-07
9.779113764516245887e-07
9.725721908722846236e-07
9.672621560967260600e-07
9.619811129678363089e-07
9.567289031974662589e-07
9.515053693616839265e-07
9.452768019659133803e-07
9.384456345438037618e-07
9.316638334535982137e-07
9.249310419429933914e-07
9.182469058378034145e-07
9.114739677262032597e-07
9.032032275941239912e-07
8.950075363880199969e-07
8.868862131118499561e-07
8.788385829489494782e-07
8.708639772059590038e-07
8.620726044170587067e-07
8.526415737865193573e-07
8.433137181534204700e-07
8.340879087885171133e-07
8.249630293108005018e-07
8.159187006133016822e-07
8.055403775530625296e-07
7.952940646912205962e-07
7.851780828843925244e-07
7.751907743475652497e-07
7.653305023824204527e-07
7.550264791433299302e-07
7.442516447761280759e-07
7.336305759507285273e-07
7.231610783093291974e-07
7.128409888093821275e-07
7.026681752766840819e-07
6.918999321106574032e-07
6.812546798830064050e-07
6.707732105807917658e-07
6.604530043157031085e-07
6.502915799692602172e-07
6.401632002825537243e-07
6.300191441642445502e-07
6.200358312353052795e-07
6.102107143516148167e-07
6.005412867312127946e-07
5.910250813147281835e-07
5.817989673368327564e-07
5.727359611211437555e-07
5.638141343957546827e-07
5.550312879291956437e-07
5.463852567486488603e-07
5.380624444999113414e-07
5.302206144822988095e-07
5.224930728686692809e-07
5.148781539968945548e-07
5.073742164805372132e-07
4.999796428550582993e-07
4.932820407806750849e-07
4.868104376433060650e-07
4.804237385642762139e-07
4.741208296466141019e-07
4.679006116070994768e-07
4.619198368169476443e-07
4.564237278909030868e-07
4.509930138903840022e-07
4.456269167201320431e-07
4.403246675429844393e-07
4.350855066697101637e-07
4.299357280698416900e-07
4.248561690100438325e-07
4.198366233861086514e-07
4.148763821576583200e-07
4.099747446614064854e-07
4.049744055287407799e-07
3.994491814739504966e-07
3.939993402098713078e-07
3.886238532596351289e-07
3.833217061782849921e-07
3.780918983613326837e-07
3.719232514413327514e-07
3.653775877290823804e-07
3.589471244332292593e-07
3.526298340839061128e-07
3.464237248937046847e-07
3.400774997399132353e-07
3.323614713274036272e-07
3.248205121109108885e-07
3.174506499402865620e-07
3.102480027896171569e-07
3.032087767123858704e-07
2.955899581694939613e-07
2.876974609427033728e-07
2.800156999427480980e-07
2.725390483374578384e-07
2.652620295357496453e-07
2.581770967900013723e-07
2.512541923135432639e-07
2.445169224537341358e-07
2.379603095005662472e-07
2.315795092191191703e-07
2.253698072704867372e-07
2.198896522425071480e-07
2.150124966181049217e-07
2.102435163750458117e-07
2.055803121818271220e-07
2.010205379241541310e-07
1.965686139102708030e-07
1.933387796400222779e-07
1.901620150292978974e-07
1.870374480863706193e-07
1.839642211472777476e-07
1.809414906404009897e-07
1.780015246642020786e-07
1.751457568483297948e-07
1.723358055491053302e-07
1.695709357091527977e-07
1.668504240639904983e-07
1.641735589528322159e-07
1.605255689082916262e-07
1.568935309980492778e-07
1.533436712695825796e-07
1.498741303663193605e-07
1.464830910013312857e-07
1.428073744367487922e-07
1.387065290561517046e-07
1.347234432303527544e-07
1.308547353851985107e-07
1.270971210515538715e-07
1.234474100768434496e-07
1.202106849682342916e-07
1.171035155849915543e-07
1.140766593750635059e-07
1.111280404278669676e-07
1.082556364903264122e-07
1.057095745552059844e-07
1.037100005434321524e-07
1.017482499383403285e-07
9.982360728249557109e-08
9.793537065186422324e-08
9.608285139982055784e-08
9.412352824401819936e-08
9.217008317259968607e-08
9.025718001156468968e-08
8.838397735179388120e-08
8.654965124682040667e-08
8.462753517488915827e-08
8.241475992140171185e-08
8.025984260165093155e-08
7.816127039119113634e-08
7.611757002173901686e-08
7.412730674688850419e-08
7.236216063905687908e-08
7.069997666695056307e-08
6.907597363820924014e-08
6.748927452329809733e-08
6.593902243835467051e-08
6.445593226019995487e-08
6.312860495891690906e-08
6.182861102638614407e-08
6.055538759235956404e-08
5.930838337765614821e-08
5.808705845547011781e-08
5.679015196343220110e-08
5.547323911805881352e-08
5.418686430405816348e-08
5.293031937178772545e-08
5.170291259296274944e-08
5.051599227435569672e-08
4.943243162955967718e-08
4.837211320209127900e-08
4.733453844978839657e-08
4.631921952414568816e-08
4.532567904093705463e-08
4.436577451094777274e-08
4.343424320482351692e-08
4.252227090750384224e-08
4.162944694591449319e-08
4.075536926972749601e-08
3.990022128463995682e-08
3.907098869953867241e-08
3.825898977024301000e-08
3.746386633560786806e-08
3.668526767802773530e-08
3.592285036874084672e-08
3.519191527846985470e-08
3.448931516306657082e-08
3.380074232973250581e-08
3.312591672636115413e-08
3.246456389203502311e-08
3.181641484539841663e-08
3.123760601648902330e-08
3.066940809016066768e-08
3.011154542714639606e-08
2.956383003368073120e-08
2.902607733551965941e-08
2.849810611574106894e-08
2.797973845367688722e-08
2.747079966495541036e-08
2.697111824263482279e-08
2.648052579940691322e-08
2.599885701085233251e-08
2.552594955972832828e-08
2.506164408126927297e-08
2.460578410948271030e-08
2.415821602442171650e-08
2.371878900041663871e-08
2.328735495524869110e-08
2.286376850024762424e-08
2.244788689129730118e-08
2.203956998073265014e-08
2.163868017011114217e-08
2.124508236384360698e-08
2.085864392366867706e-08
2.047923462395488546e-08
2.010672660781623957e-08
1.974099434402558404e-08
1.938191458471194901e-08
1.902936632382750383e-08
1.868323075636964066e-08
1.834339123834512511e-08
1.800973324746212945e-08
1.768214434453745604e-08
1.736051413560590811e-08
1.704473423471851011e-08
1.673469822741779844e-08
1.643030163487708361e-08
1.613144187869222867e-08
1.583801824631396338e-08
1.554993185710869015e-08
1.526708562903690930e-08
1.498938424593744170e-08
1.471922328758986819e-08
1.445466190326571649e-08
1.419485571048312564e-08
1.393971924005449491e-08
1.368916855900410348e-08
1.344312124295653205e-08
1.320149634902122575e-08
1.296421438916455271e-08
1.273119730406035170e-08
1.250236843741046911e-08
1.227765251072700811e-08
1.205697559856769097e-08
1.184026510421647106e-08
1.162744973580112955e-08
1.141845948284013915e-08
1.121322559321118810e-08
1.101168055053355252e-08
1.081375805195712080e-08
1.061939298635041002e-08
1.042852141288096229e-08
1.024108053998028238e-08
1.005700870468740567e-08
9.876245352363274715e-09
9.698731016769996670e-09
9.524407300507901057e-09
9.353216855804655491e-09
9.185103365649099020e-09
9.020011525264737323e-09
8.857887023915822422e-09
8.698676527040663382e-09
8.542327658705864897e-09
8.388788984376279211e-09
8.238009993994295457e-09
8.089941085363470252e-09
7.944533547830623263e-09
7.801739546261575262e-09
7.661512105304437325e-09
7.523805093936211056e-09
7.388573210286811937e-09
7.255771966736042441e-09
7.125357675278249883e-09
6.980341695292389437e-09
6.824246321445455137e-09
6.671641574103617060e-09
6.522449395390532486e-09
6.376593472970884259e-09
6.233999201016436573e-09
6.094593642044958211e-09
5.958305489612259339e-09
5.825065031838894068e-09
5.694804115752104097e-09
5.567456112425410979e-09
5.442955882897721881e-09
5.321239744854467210e-09
5.202245440053807949e-09
5.085912102481469992e-09
4.972180227217412064e-09
4.860991639998908585e-09
4.752289467464262376e-09
4.646018108061741814e-09
4.542123203609338717e-09
4.440551611490231087e-09
4.341251377470202122e-09
4.244171709122913724e-09
4.149262949849276019e-09
4.056476553478055186e-09
3.965765059434198497e-09
3.877082068462713714e-09
3.790382218895150013e-09
3.705621163447071373e-09
3.622755546534151115e-09
3.541742982095682195e-09
3.462542031913997982e-09
3.385112184418574149e-09
3.309413833964327555e-09
3.235408260573089548e-09
3.163057610128240227e-09
3.092324875012229691e-09
3.023173875176958758e-09
2.955569239637645143e-09
2.889476388380406914e-09
2.824861514674382762e-09
2.756183931692119353e-09
2.677409221489003685e-09
2.600885977487483538e-09
2.526549850354593387e-09
2.454338329930704423e-09
2.384190692663988296e-09
2.316047950547258400e-09
2.249852801514200128e-09
2.185549581253382896e-09
2.123084216399429468e-09
2.062404179062082486e-09
2.003458442654873095e-09
1.946197438986213574e-09
1.890573016576922961e-09
1.836538400168995538e-09
1.784048151391808191e-09
1.733058130552374415e-09
1.683525459517759407e-09
1.635408485658311705e-09
1.588666746821471077e-09
1.543260937306662861e-09
1.499152874812631623e-09
1.456305468329489720e-09
1.414682686948415027e-09
1.374249529562830766e-09
1.334971995435557419e-09
1.296817055607164308e-09
1.259752625121498488e-09
1.223747536045088025e-09
1.188771511257603968e-09
1.154795138991495653e-09
1.121789848099258340e-09
1.089727884027592226e-09
1.058582285478291570e-09
1.028326861736122007e-09
9.989361706447628495e-10
9.703854972121519498e-10
9.426508328273759422e-10
9.157088550715217599e-10
8.895369081055586995e-10
8.641129836187916879e-10
8.390853617991977112e-10
8.113042570074510371e-10
7.844429511045711245e-10
7.584709906581967466e-10
7.333589305123777250e-10
7.090783004048021034e-10
6.856015726892093089e-10
6.629021311265215937e-10
6.409542407092614787e-10
6.197330184850085755e-10
5.992144053459084445e-10
5.793751387521687645e-10
5.601927263586361389e-10
5.416454205146021430e-10
5.237121936078421050e-10
5.063727142250298664e-10
4.896073241014285339e-10
4.733970158337417871e-10
4.577234113308847385e-10
4.425687409782130644e-10
4.279158234916016386e-10
4.137480464385285762e-10
4.000493474040912181e-10
3.868041957805754696e-10
3.739975751599680485e-10
3.616149663094221492e-10
3.496423307103860008e-10
3.380660946427375171e-10
3.268731337958613803e-10
3.160507583892413094e-10
3.055866987857039366e-10
2.954690915809649658e-10
2.856864661537591626e-10
2.762277316612609522e-10
2.670821644650769798e-10
2.582393959735603270e-10
2.496894008866293161e-10
2.414224858298025536e-10
2.334292783645459393e-10
2.257007163624597197e-10
2.182280377312976389e-10
2.110027704811209223e-10
2.035967775842559105e-10
1.963824682901028401e-10
1.894237929957062499e-10
1.827116934892331265e-10
1.762374325302421801e-10
1.699925824762938830e-10
1.639690143125576550e-10
1.581588870701511556e-10
1.525546376194395402e-10
1.471489708249891175e-10
1.419348500493861104e-10
1.369054879935359472e-10
1.320543378615369276e-10
1.273750848386173244e-10
1.228616378710459077e-10
1.185081217373180703e-10
1.143088694002891294e-10
1.102584146303090333e-10
1.063514848897490357e-10
1.025829944696600001e-10
9.894803786963063221e-11
9.544188341222155839e-11
9.205996708367164889e-11
8.879788659285221060e-11
8.565139564074014506e-11
8.261639839294468891e-11
7.968894414809995108e-11
7.686522219517743683e-11
7.414155685302609889e-11
7.151440268568437837e-11
6.898033988723099022e-11
6.653606983017471826e-11
6.417841077157984991e-11
6.190429371134358765e-11
5.971075839723499835e-11
5.759494947148750674e-11
5.555411275393915265e-11
5.358559165687360494e-11
5.168682372689997471e-11
4.985533730937082820e-11
4.808874833098995014e-11
4.635378282568410627e-11
4.466366816525700087e-11
4.303517711764519584e-11
4.146606281182600282e-11
3.995416030039512338e-11
3.849738357253455156e-11
3.709372267588871744e-11
3.574124094338137070e-11
3.443807232114740369e-11
3.318241879388930258e-11
3.197254790410893681e-11
3.080679036179243387e-11
2.968353774124631237e-11
2.860124026191233822e-11
2.755840465009519811e-11
2.655359207865365488e-11
2.558541618181473077e-11
2.465254114236782597e-11
2.375367984860484532e-11
2.288759211845776374e-11
2.205308298838840700e-11
2.124900106466582606e-11
2.047423693475909671e-11
1.972772163665211363e-11
1.900842518396951082e-11
1.831535514487737068e-11
1.764755527280016817e-11
1.700410418706187115e-11
1.638411410163431754e-11
1.578672960023510700e-11
1.521112645608837000e-11
1.465651049471739156e-11
1.412211649820190727e-11
1.360720714938710653e-11
1.311107201458841309e-11
1.263302656338743835e-11
1.217241122416822802e-11
1.172859047408870150e-11
1.130095196223413953e-11
1.088890566474026058e-11
1.049188307072253887e-11
1.010756111086675938e-11
9.734736522732403694e-12
9.375663834981625049e-12
9.029835798977455141e-12
8.696763876310055381e-12
8.375977548656746552e-12
8.067023653097983829e-12
7.769465741951359351e-12
7.482883466217921286e-12
7.206871981770825406e-12
6.941041377447125049e-12
6.685016124234649026e-12
6.438434544776300575e-12
6.200948302441785445e-12
5.972221909245431288e-12
5.751932251914832842e-12
5.539768135440550563e-12
5.335429843462780643e-12
5.138628714872999374e-12
4.949086736033199155e-12
4.766536148036373193e-12
4.590719068453385189e-12
4.421387127032168257e-12
4.258301114834221674e-12
4.101230646313058359e-12
3.949953833857122775e-12
3.804256974337362958e-12
3.663934247216799518e-12
3.528787423795533828e-12
3.398625587180386283e-12
3.273264862583713373e-12
3.152528157570346303e-12
3.036244911885638261e-12
2.924250856511411363e-12
