6.760702923352610183e-10
6.849813185483762279e-10
6.940097976196794303e-10
7.031572776507660746e-10
7.124253271481715572e-10
7.218155352923216567e-10
7.313295122100265074e-10
7.409688892505673279e-10
7.507353192654219178e-10
7.606304768916766908e-10
7.706560588391745669e-10
7.808137841814476280e-10
7.911053946504846872e-10
8.015326549353832982e-10
8.120973529849391439e-10
8.227580951880199657e-10
8.335126201143145378e-10
8.444077207542566385e-10
8.554452346163742586e-10
8.666270232278363830e-10
8.779549724484081515e-10
8.894309927885093527e-10
9.010570197314348761e-10
9.128350140597677306e-10
9.247669621860961928e-10
9.368548764880166816e-10
9.491007956475340289e-10
9.615067849948948177e-10
9.740749368569142748e-10
9.868073709098574145e-10
9.995837474241280691e-10
1.012522147216825715e-09
1.025628018909328834e-09
1.038903530222350087e-09
1.052350876935123965e-09
1.065972283248571545e-09
1.079770002153211606e-09
1.093746315801789162e-09
1.107903535886750438e-09
1.122244004022601939e-09
1.136770092133197659e-09
1.151484202844083657e-09
1.166388769879877082e-09
1.181486258466814229e-09
1.196709465726422457e-09
1.212045966266077355e-09
1.227579012630383424e-09
1.243311123663910647e-09
1.259244850491629815e-09
1.275382776932619458e-09
1.291727519919022286e-09
1.308281729920450049e-09
1.325048091373747917e-09
1.342029323118319160e-09
1.359228178837029376e-09
1.376647447502707207e-09
1.394289953830448977e-09
1.412158558735636037e-09
1.430256159797879697e-09
1.448384615492388875e-09
1.466731392527402953e-09
1.485310569315894717e-09
1.504125089679827441e-09
1.523177934730762958e-09
1.542472123342161726e-09
1.562010712627758755e-09
1.581796798425937199e-09
1.601833515790236124e-09
1.622124039486136362e-09
1.642671584494042367e-09
1.663479406518732830e-09
1.684550802505199602e-09
1.705889111161018874e-09
1.727383312864043331e-09
1.748996917062943643e-09
1.770880957987142963e-09
1.793038819432407441e-09
1.815473927533708756e-09
1.838189751294954724e-09
1.861189803125426050e-09
1.884477639382848737e-09
1.908056860923299618e-09
1.931931113657983902e-09
1.956104089116981509e-09
1.980579525020052981e-09
2.005361205854547968e-09
2.030452963460626835e-09
2.055858677623720912e-09
2.081260004722075822e-09
2.106946849774783821e-09
2.132950721055472601e-09
2.159275531291823012e-09
2.185925241502241895e-09
2.212903861591935879e-09
2.240215450956198600e-09
2.267864119091287725e-09
2.295854026212696955e-09
2.324189383881205615e-09
2.352874455636503959e-09
2.381913557638793333e-09
2.411311059318148597e-09
2.441071384032051027e-09
2.471007527670457241e-09
2.501028151726025078e-09
2.531413500639193404e-09
2.562168005504470737e-09
2.593296151250334928e-09
2.624802477293301831e-09
2.656691578199939866e-09
2.688968104356820965e-09
2.721636762648773938e-09
2.754702317145198707e-09
2.788169589794902152e-09
2.822043461129203707e-09
2.856328870973694907e-09
2.891030819168650425e-09
2.926154366298073626e-09
2.961172916067613768e-09
2.996546392854324227e-09
3.032342432893990804e-09
3.068566084028074894e-09
3.105222454398367586e-09
3.142316713167322115e-09
3.179854091246994787e-09
3.217839882036701483e-09
3.256279442169425744e-09
3.295178192267271237e-09
3.334541617705807669e-09
3.374375269387613694e-09
3.414684764525048680e-09
3.455475787432372448e-09
3.496456412541998477e-09
3.537431965310302973e-09
3.578887717379432274e-09
3.620829296284659529e-09
3.663262395511291133e-09
3.706192775267488346e-09
3.749626263266291697e-09
3.793568755516662488e-09
3.838026217123871447e-09
3.883004683099244848e-09
3.928510259179407915e-09
3.974549122655129721e-09
4.021127523209870091e-09
4.068251783768186494e-09
4.115928301353986869e-09
4.163258391356766060e-09
4.210992100089349155e-09
4.259273098164824198e-09
4.308107660512050280e-09
4.357502134004819414e-09
4.407462938286873243e-09
4.457996566606127923e-09
4.509109586658627477e-09
4.560808641442185915e-09
4.613100450119643675e-09
4.665991808892193331e-09
4.719489591882716674e-09
4.773600752029057880e-09
4.828332321987831653e-09
4.883228493968776178e-09
4.937892727790729787e-09
4.993168888427685840e-09
5.049063825960637431e-09
5.105584467152232136e-09
5.162737816305306915e-09
5.220530956130837972e-09
5.278971048625597582e-09
5.338065335959848756e-09
5.397821141374661671e-09
5.458245870089613700e-09
5.519347010220307241e-09
5.581132133706482914e-09
5.643608897250307069e-09
5.706785043265154567e-09
5.769154551849530231e-09
5.831914659281030796e-09
5.895357506453606713e-09
5.959490520594044207e-09
6.024321209726750345e-09
6.089857163552620028e-09
6.156106054337584312e-09
6.223075637810794540e-09
6.290773754072613548e-09
6.359208328512345250e-09
6.428387372736213002e-09
6.498318985505173965e-09
6.569011353683058342e-09
6.640472753195007007e-09
6.711988154457568302e-09
6.782768295933885353e-09
6.854294837480064127e-09
6.926575650132398673e-09
6.999618687929953246e-09
7.073431988789687132e-09
7.148023675391091228e-09
7.223401956070004670e-09
7.299575125721888619e-09
7.376551566714601865e-09
7.454339749810941304e-09
7.532948235100615585e-09
7.612385672942350879e-09
7.692660804915776423e-09
7.773782464783342095e-09
7.853354697126725096e-09
7.933184773393844763e-09
8.013826329763745857e-09
8.095287615006669035e-09
8.177576961742361978e-09
8.260702787292426140e-09
8.344673594541310856e-09
8.429497972806075554e-09
8.515184598714981302e-09
8.601742237095010929e-09
8.689179741868433556e-09
8.777506056958448247e-09
8.866730217204063969e-09
8.956861349284262164e-09
9.046781697114740861e-09
9.134952380813544158e-09
9.223982383298207415e-09
9.313880079560790300e-09
9.404653926216716295e-09
9.496312462300283876e-09
9.588864310067928364e-09
9.682318175809269212e-09
9.776682850666263658e-09
9.871967211459950580e-09
9.968180221525638222e-09
1.006533093155604608e-08
1.016342848045269214e-08
1.026248209618558829e-08
1.036250109666128200e-08
1.045968361212235578e-08
1.055673611914198351e-08
1.065468914949177142e-08
1.075355105887828489e-08
1.085333028053831363e-08
1.095403532595837819e-08
1.105567478560070668e-08
1.115825732963606720e-08
1.126179170868327385e-08
1.136628675455577523e-08
1.147175138101494953e-08
1.157819458453052182e-08
1.168562544504789477e-08
1.179405312676284306e-08
1.190181308409505021e-08
1.200607447101939375e-08
1.211124920087114534e-08
1.221734527464973858e-08
1.232437076344445099e-08
1.243233380904829276e-08
1.254124262457741454e-08
1.265110549509592488e-08
1.276193077824606624e-08
1.287372690488415969e-08
1.298650237972186841e-08
1.310026578197320183e-08
1.321502576600720083e-08
1.333079106200618492e-08
1.344757047663006100e-08
1.355946560588270209e-08
1.367041434856154273e-08
1.378227091636126782e-08
1.389504273745474978e-08
1.400873730079510309e-08
1.412336215661298038e-08
1.423892491691786370e-08
1.435543325600351820e-08
1.447289491095790100e-08
1.459131768217666832e-08
1.471070943388132965e-08
1.483107809464150315e-08
1.495243165790127216e-08
1.507477818251033443e-08
1.519573419396777929e-08
1.531031252331203231e-08
1.542575479206110418e-08
1.554206751445987264e-08
1.565925725387169321e-08
1.577733062314875773e-08
1.589629428500524875e-08
1.601615495239330636e-08
1.613691938888179751e-08
1.625859440903810620e-08
1.638118687881247793e-08
1.650470371592558036e-08
1.662915189025882993e-08
1.675453842424769313e-08
1.688087039327795229e-08
1.699934635474131584e-08
1.711543468475846532e-08
1.723231578057289549e-08
1.734999505597261701e-08
1.746847796171633572e-08
1.758776998578592145e-08
1.770787665364060389e-08
1.782880352847290558e-08
1.795055621146633187e-08
1.807314034205479126e-08
1.819656159818382898e-08
1.832082569657363404e-08
1.844593839298367414e-08
1.857190548247967981e-08
1.869549013417674913e-08
1.880835131067874939e-08
1.892189380898990960e-08
1.903612174212250173e-08
1.915103924791839072e-08
1.926665048919870452e-08
1.938295965391478127e-08
1.949997095529984123e-08
1.961768863202156511e-08
1.973611694833579423e-08
1.985526019424076657e-08
1.997512268563263668e-08
2.009570876446193851e-08
2.021702279889062735e-08
2.033906918345047166e-08
2.044921664259682988e-08
2.055469853027237117e-08
2.066072451842966218e-08
2.076729741366750405e-08
2.087442003706174501e-08
2.098209522424005416e-08
2.109032582545680782e-08
2.119911470566879639e-08
2.130846474461089155e-08
2.141837883687232218e-08
2.152885989197332761e-08
2.163991083444200927e-08
2.175153460389201286e-08
2.186373415510015435e-08
2.197237369508542367e-08
2.206424826893805739e-08
2.215650700416705087e-08
2.224915150709237882e-08
2.234218339075062989e-08
2.243560427492308778e-08
2.252941578616394805e-08
2.262361955782861759e-08
2.271821723010216303e-08
2.281321045002782862e-08
2.290860087153588499e-08
2.300439015547216025e-08
2.310057996962712366e-08
2.319717198876490314e-08
2.329416789465242847e-08
2.337439133458642192e-08
2.344679823794396251e-08
2.351942943632500953e-08
2.359228562452870316e-08
2.366536749950660348e-08
2.373867576036907961e-08
2.381221110839213563e-08
2.388597424702426292e-08
2.395996588189288556e-08
2.403418672081124578e-08
2.410863747378533244e-08
2.418331885302036608e-08
2.425823157292777709e-08
2.433337635013217381e-08
2.440384555776109580e-08
2.444999214915406940e-08
2.449622600170808398e-08
2.454254728043013069e-08
2.458895615063921980e-08
2.463545277796697631e-08
2.468203732835822557e-08
2.472870996807158885e-08
2.477547086368007233e-08
2.482232018207166591e-08
2.486925809044993556e-08
2.491628475633462872e-08
2.496340034756225340e-08
2.501060503228670019e-08
2.505789897897982790e-08
2.508366944808055005e-08
2.509801535710857999e-08
2.511236947088143303e-08
2.512673179409154266e-08
2.514110233143400590e-08
2.515548108760678179e-08
2.516986806731029107e-08
2.518426327524786287e-08
2.519866671612535415e-08
2.521307839465131188e-08
2.522749831553713845e-08
2.524192648349671450e-08
2.525636290324683562e-08
2.527080757950682530e-08
2.527996096585735213e-08
2.525669321579144427e-08
2.523344688143080131e-08
2.521022194306434785e-08
2.518701838099914026e-08
2.516383617556037335e-08
2.514067530709134725e-08
2.511753575595345088e-08
2.509441750252614870e-08
2.507132052720696749e-08
2.504824481041147320e-08
2.502519033257325768e-08
2.500215707414392217e-08
2.497914501559306404e-08
2.495615413740825365e-08
2.490809056749765459e-08
2.484523958254959141e-08
2.478254719050122253e-08
2.472001299117253680e-08
2.465763658539330541e-08
2.459541757500052763e-08
2.453335556283590293e-08
2.447145015274327331e-08
2.440970094956612193e-08
2.434810755914502538e-08
2.428666958831515560e-08
2.422538664490376527e-08
2.416425833772767644e-08
2.410328427659079244e-08
2.403764575998064744e-08
2.393479977790578875e-08
2.383239382627873171e-08
2.373042602241250324e-08
2.362889449167523825e-08
2.352779736745575894e-08
2.342713279112928657e-08
2.332689891202311345e-08
2.322709388738283739e-08
2.312771588233831167e-08
2.302876306986994242e-08
2.293023363077511163e-08
2.283212575363477897e-08
2.273443763477999088e-08
2.263716747825899187e-08
2.251466178951205608e-08
2.237586085268763965e-08
2.223791561159800515e-08
2.210082079095313189e-08
2.196457114798484237e-08
2.182916147224603241e-08
2.169458658541159849e-08
2.156084134108035779e-08
2.142792062457820568e-08
2.129581935276269265e-08
2.116453247382836885e-08
2.103405496711376313e-08
2.090438184290935476e-08
2.077550814226670311e-08
2.064384381343150991e-08
2.047574476767396585e-08
2.030901452171161477e-08
2.014364192965806282e-08
1.997961593638568252e-08
1.981692557678688421e-08
1.965555997504078072e-08
1.949550834388647282e-08
1.933675998390162860e-08
1.917930428278735938e-08
1.902313071465886930e-08
1.886822883934170661e-08
1.871458830167378205e-08
1.856219883081319405e-08
1.841105023955174820e-08
1.823973870321662843e-08
1.805429776712730615e-08
1.787074218374706784e-08
1.768905278495208984e-08
1.750921059749810533e-08
1.733119684103938621e-08
1.715499292616726954e-08
1.698058045246921792e-08
1.680794120660703746e-08
1.663705716041520269e-08
1.646791046901794872e-08
1.630048346896606672e-08
1.613475867639208605e-08
1.597071878518477592e-08
1.580643469274370762e-08
1.561450127445414744e-08
1.542489845365687189e-08
1.523759793051367344e-08
1.505257174882404116e-08
1.486979229185219497e-08
1.468923227820530590e-08
1.451086475776130079e-08
1.433466310764641535e-08
1.416060102826159384e-08
1.398865253935684538e-08
1.381879197615369591e-08
1.365099398551428310e-08
1.348523352215739885e-08
1.332148584492005142e-08
1.314632685197032588e-08
1.296253958903480826e-08
1.278132169459268600e-08
1.260263724855706425e-08
1.242645083300824497e-08
1.225272752517347319e-08
1.208143289050456525e-08
1.191253297585257354e-08
1.174599430273774078e-08
1.158178386071356438e-08
1.141986910082363563e-08
1.126021792914995188e-08
1.110279870045142447e-08
1.094758021189131689e-08
1.079392676976512957e-08
1.062544550944418302e-08
1.045959405528039793e-08
1.029633135890790033e-08
1.013561701268032566e-08
9.977411239670026407e-09
9.821674883823286160e-09
9.668369400268911036e-09
9.517456845778656791e-09
9.368899869376071953e-09
9.222661703092144026e-09
9.078706152865234099e-09
8.936997589582869639e-09
8.797500940263731151e-09
8.660181679376916080e-09
8.519322632893722457e-09
8.375609284601087817e-09
8.234320251875248054e-09
8.095414638682279629e-09
7.958852238867745794e-09
7.824593524519085930e-09
7.692599634524154236e-09
7.562832363323080443e-09
7.435254149849564821e-09
7.309828066658882738e-09
7.186517809239250345e-09
7.065287685503535483e-09
6.946102605458087820e-09
6.828928071046129734e-09
6.713673508904171557e-09
6.592756090390042174e-09
6.474016469482652021e-09
6.357415422698121733e-09
6.242914432991835750e-09
6.130475677034937074e-09
6.020062012720224857e-09
5.911636966892854035e-09
5.805164723302018746e-09
5.700610110769848412e-09
5.597938591573148148e-09
5.497116250034531669e-09
5.398109781318905921e-09
5.300886480431953218e-09
5.205414231416540329e-09
5.109000858031990645e-09
5.011699275571284999e-09
4.916250814339650413e-09
4.822620181403478602e-09
4.730772755987650922e-09
4.640674576674190474e-09
4.552292328844719895e-09
4.465593332362079410e-09
4.380545529486552323e-09
4.297117473022221253e-09
4.215278314689102498e-09
4.134997793716643849e-09
4.056246225654637731e-09
3.978994491397053122e-09
3.903214026415001882e-09
3.824990751166006069e-09
3.748259943433455684e-09
3.673068385659482312e-09
3.599385199888999017e-09
3.527180127590765922e-09
3.456423517231450382e-09
3.387086312099096988e-09
3.319140038370722147e-09
3.252556793419346437e-09
3.187309234355594283e-09
3.123370566799086476e-09
3.060714533875213358e-09
2.999315405432507971e-09
2.939147967476387325e-09
2.879260472589283422e-09
2.819558392936153473e-09
2.761094248630962046e-09
2.703842370820364699e-09
2.647777622900206357e-09
2.592875389479144824e-09
2.539111565571224643e-09
2.486462546012534602e-09
2.434905215097266623e-09
2.384416936428671631e-09
2.334975542980550661e-09
2.286559327364689551e-09
2.239147032300196831e-09
2.192717841280449270e-09
2.147251369433526147e-09
2.102593264864173884e-09
2.058857604898199754e-09
2.016031682438106329e-09
1.974096574199547021e-09
1.933033750517971245e-09
1.892825067161016181e-09
1.853452757311172632e-09
1.814899423715292588e-09
1.777148030997318556e-09
1.740181898130950528e-09
1.703984691068881908e-09
1.668540415525352744e-09
1.633833409908830659e-09
1.599848338401699555e-09
1.566804740535722313e-09
1.534735238747481368e-09
1.503322138435652109e-09
1.472552004315187288e-09
1.442411676095650458e-09
1.412888262852649566e-09
1.383969137514386390e-09
1.355641931461115703e-09
1.327894529235142244e-09
1.300715063359037519e-09
1.274091909260000213e-09
1.248013680298026319e-09
1.222469222895893417e-09
1.197447611768822072e-09
1.172938145251753239e-09
1.149342973958742564e-09
1.126254127214772973e-09
1.103629106200851066e-09
1.081458593244663548e-09
1.059733457854162307e-09
1.038444752957333074e-09
1.017583711217522697e-09
9.971417414227868719e-10
9.771104249477516336e-10
9.574815122865919024e-10
9.382469196556172816e-10
9.193987256641276556e-10
9.009291680521436518e-10
8.828306404936757596e-10
8.652787789093344223e-10
8.483298944719470807e-10
8.317130009381515862e-10
8.154215953454489608e-10
7.994493021098708210e-10
7.837898705309647322e-10
7.684371723455673999e-10
7.533851993295447201e-10
7.386280609465029711e-10
7.241599820425298137e-10
7.099753005861209644e-10
6.960684654523579280e-10
6.824340342505061990e-10
6.690666711941381980e-10
6.559611450130031864e-10
6.433690024376782220e-10
6.310463372241179759e-10
6.189596922064200824e-10
6.071045468095368790e-10
5.954764670425336830e-10
5.840711038402118116e-10
5.728841914364942000e-10
5.619115457689786675e-10
5.511490629140255225e-10
5.405927175518421484e-10
5.302385614609540079e-10
5.200827220415129216e-10
5.101214008668979212e-10
5.003508722630385449e-10
4.908021785552627750e-10
4.814895340211632208e-10
4.723535907162081236e-10
4.633909958522362505e-10
4.545984602580050022e-10
4.459727571721024947e-10
4.375107210587716148e-10
4.292092464461847907e-10
4.210652867867799797e-10
4.130758533392027685e-10
4.052380140714727914e-10
3.975488925849691463e-10
3.900056670588162045e-10
3.826055692143152642e-10
3.753458832990095416e-10
3.681785808864741044e-10
3.611417302755866560e-10
3.542393721884092373e-10
3.474689361228929275e-10
3.408279007059664479e-10
3.343137927545595558e-10
3.279241863545652986e-10
3.216567019574055492e-10
3.155090054938708136e-10
3.094788075048828604e-10
3.035638622888846634e-10
2.977619670655186685e-10
2.920709611552901173e-10
2.864887251749145443e-10
2.809614007944762809e-10
2.754507665141893294e-10
2.700482150171075145e-10
2.647516264223899943e-10
2.595589224274659165e-10
2.544680654925315793e-10
2.494770580410598971e-10
2.445839416759683944e-10
2.397867964111880108e-10
2.350837399182775457e-10
2.304729267878304183e-10
2.259525478053661368e-10
2.215208292414156166e-10
2.171760321555401249e-10
2.129164517139950334e-10
2.085887785339117972e-10
2.043223396966316965e-10
2.001431658621960771e-10
1.960494721273146928e-10
1.920395100968009193e-10
1.881115671368387215e-10
1.842639656435313947e-10
1.804950623263994497e-10
1.768032475065452121e-10
1.731869444291649979e-10
1.696446085901233080e-10
1.661747270763082659e-10
1.627758179194685732e-10
1.594464294632775749e-10
1.561250800789160142e-10
1.527557924658749695e-10
1.494592164185461585e-10
1.462337827708625837e-10
1.430779562204527012e-10
1.399902345978336390e-10
1.369691481513845396e-10
1.340132588477448570e-10
1.311211596873105349e-10
1.282914740345075081e-10
1.255228549625124559e-10
1.228139846121179568e-10
1.201635735644337119e-10
1.175703602271226921e-10
1.150331102338883179e-10
1.124241527515545948e-10
1.098474056235832059e-10
1.073297172085218578e-10
1.048697338882631605e-10
1.024661330694527272e-10
1.001176224724054033e-10
9.782293943632152821e-11
9.558085024042339960e-11
9.339014944065536076e-11
9.124965922158415878e-11
8.915822876315597073e-11
8.711473362196352175e-11
8.511807512669829102e-11
8.316717978745688132e-11
8.122316154614504381e-11
7.924143098536779021e-11
7.730805185465998722e-11
7.542184444733697582e-11
7.358165783989298230e-11
7.178636918973219690e-11
7.003488305003411060e-11
6.832613070133508626e-11
6.665906949941981190e-11
6.503268223911937246e-11
6.344597653363706558e-11
6.189798420901358717e-11
6.038776071336917817e-11
5.891438454055695079e-11
5.747695666787935785e-11
5.600351176000400648e-11
5.454990353894592590e-11
5.313402468152837363e-11
5.175489589714145241e-11
5.041156331331240366e-11
4.910309781595846133e-11
4.782859440676938843e-11
4.658717157726417811e-11
4.537797069909875841e-11
4.420015543019556175e-11
4.305291113628946643e-11
4.193544432748681406e-11
4.084698210944992386e-11
3.978677164882461659e-11
3.873674183485522595e-11
3.767123896668984585e-11
3.663504409677879806e-11
3.562735107172024893e-11
3.464737591237694053e-11
3.369435620394567379e-11
3.276755050280173015e-11
3.186623775966160854e-11
3.098971675861014954e-11
3.013730557155940527e-11
2.930834102771204218e-11
2.850217819761833598e-11
2.771818989142597992e-11
2.695576617092896536e-11
2.621431387503988463e-11
2.546299807625149008e-11
2.472432155562743400e-11
2.400707389426357721e-11
2.331063344520581018e-11
2.263439659535476878e-11
2.197777724230712590e-11
2.134020628637403824e-11
2.072113113733561202e-11
2.012001523550480826e-11
1.953633758668429547e-11
1.896959231061531934e-11
1.841928820252479972e-11
1.788494830739263983e-11
1.736610950656943320e-11
1.685612517882909058e-11
1.634348626165711036e-11
1.584643803668805251e-11
1.536450635013623382e-11
1.489723146847419481e-11
1.444416763987545237e-11
1.400488266899392753e-11
1.357895750467610279e-11
1.316598584021158503e-11
1.276557372574142992e-11
1.237733919245354624e-11
1.200091188820814323e-11
1.163593272424370493e-11
1.128205353262883556e-11
1.093893673413064009e-11
1.059602468530091348e-11
1.026039931203169560e-11
9.935404754990899410e-12
9.620704286795385544e-12
9.315971845783979359e-12
9.020891698184384718e-12
8.735158110981218677e-12
8.458475035145106951e-12
8.190555798896302549e-12
7.931122810683182041e-12
7.679907271569488312e-12
7.436648896731093689e-12
7.201095645774578865e-12
6.973003461597858016e-12
6.750379898785783379e-12
6.529097896293545157e-12
6.315069666975730383e-12
6.108057427259058782e-12
5.907831188275888305e-12
5.714168500348808108e-12
5.526854205850702618e-12
5.345680200166478592e-12
5.170445200490597370e-12
5.000954522203477437e-12
4.837019862578638950e-12
4.678459091579860483e-12
4.525096049516254353e-12
4.376760351330357873e-12
4.233287197301616913e-12
4.094517189955489079e-12
3.960296156974039511e-12
3.830474979911817843e-12
3.704909428526530540e-12
3.583460000540382554e-12
3.465991766654309916e-12
3.352374220642591255e-12
3.242481134361539010e-12
3.136190417511112278e-12
3.033383981993512002e-12
2.933947610718446295e-12
2.837770830708794677e-12
2.744746790366079602e-12
2.654772140759244315e-12
2.567746920804811838e-12
2.483574446211023506e-12
2.402161202062352937e-12
2.323416738925228908e-12
2.247253572359490230e-12
2.173587085723828519e-12
2.102335436167519771e-12
2.033419463703626274e-12
1.966762603262932146e-12
1.902290799630799185e-12
1.839932425172410211e-12
1.779618200255115764e-12
1.721281116279305974e-12
1.664856361232427659e-12
1.610281247683391833e-12
1.557495143137309381e-12
1.506439402673376096e-12
1.457057303790802655e-12
1.409293983390603497e-12
1.363096376823158017e-12
1.318413158933806721e-12
1.275194687041066849e-12
1.233392945784005765e-12
1.192961493777581962e-12
1.153855412016664464e-12
1.116031253971355065e-12
1.079446997318314477e-12
1.044061997254274365e-12
1.009836941340009810e-12
9.767338058245522892e-13
9.447158134011038652e-13
9.137473923477817717e-13
8.837941370077160387e-13
8.548227695646564494e-13
8.268011030716036352e-13
7.996980056913532694e-13
7.734833661093259375e-13
7.481280600801208382e-13
7.236039180707296276e-13
6.998836939644238084e-13
6.769410347905350013e-13
6.547504514465424655e-13
6.332872903798818797e-13
6.125277061980567581e-13
5.924486351766098912e-13
5.730277696355107370e-13
5.542435331555142294e-13
5.360750566069446381e-13
5.185021549642591070e-13
5.015053048806556763e-13
4.850656229978005132e-13
4.691648449665662543e-13
4.537853051555052436e-13
4.389099170244722610e-13
4.245221541416237273e-13
4.106060318226929590e-13
3.971460893721265605e-13
3.841273729064009717e-13
3.715354187403694660e-13
3.593562373182321541e-13
3.475762976712578731e-13
3.361825123849855681e-13
3.251622230592244807e-13
3.145031862446719293e-13
3.041935598405461488e-13
2.942218899381073445e-13
2.845770980954636200e-13
2.752484690295171104e-13
2.662256387113701345e-13
2.574985828519771777e-13
2.490576057652444259e-13
2.408933295961996370e-13
2.329966839022798319e-13
2.253588955761411308e-13
2.179714790988110728e-13
2.108262271123496714e-13
2.039152013015363410e-13
1.972307235744786126e-13
1.907653675323091886e-13
1.845119502185206586e-13
1.784635241387615678e-13
1.726133695422254003e-13
1.669549869560680232e-13
1.614820899645447028e-13
1.561885982248555759e-13
1.510686307119361509e-13
1.461164991846858865e-13
1.413267018663810891e-13
1.366939173322482118e-13
1.322129985974035073e-13
1.278789673985970738e-13
1.236870086634018901e-13
1.196324651607116867e-13
1.157108323265941909e-13
1.119177532597585535e-13
1.082490138810755522e-13
1.047005382517671816e-13
1.012683840450782332e-13
9.794873816638054848e-14
9.473791251685774529e-14
9.163233989605856843e-14
8.862857003876558612e-14
8.572326578178157795e-14
8.291319935636765694e-14
8.019524880221953775e-14
7.756639449899605791e-14
7.502371581154529982e-14
7.256438784510395624e-14
7.018567830686355739e-14
6.788494447041497693e-14
6.565963023970213708e-14
6.350726330921950836e-14
6.142545241730308474e-14
5.941188468945751228e-14
5.746432306877216162e-14
5.558060383057002620e-14
5.375863417852592118e-14
5.199638991958996828e-14
5.029191321512424539e-14
4.864331040576083534e-14
4.704874990756214683e-14
4.550646017714663633e-14
4.401472774351819108e-14
4.257189530441527801e-14
4.117635988506126217e-14
3.982657105727318042e-14
3.852102921694831096e-14
3.725828391801772204e-14
3.603693226101153150e-14
