1.211625602717424927e-07
1.230133713716396102e-07
1.248924544205597828e-07
1.268002412848893124e-07
1.287371704279625541e-07
1.307036870108330019e-07
1.327002429945839110e-07
1.347272972442018268e-07
1.367853156340365548e-07
1.388747711548724778e-07
1.409961440226349375e-07
1.431499217887577019e-07
1.453365994522357884e-07
1.475566795733907506e-07
1.498106723893719322e-07
1.520990959314251871e-07
1.544224761439498720e-07
1.567813470053761653e-07
1.591762506508882564e-07
1.616077374970223361e-07
1.640763663681679764e-07
1.665827046250017246e-07
1.691273282948825314e-07
1.717108222042392421e-07
1.743337801129801932e-07
1.769968048509559377e-07
1.797005084565070744e-07
1.824455123171264302e-07
1.852317910868605654e-07
1.880573626916082685e-07
1.909260362652277177e-07
1.938384692958249588e-07
1.967953293009907874e-07
1.997972939807962345e-07
2.028450513731153536e-07
2.059393000113240149e-07
2.090807490843973908e-07
2.122701185994566108e-07
2.155081395467880383e-07
2.187955540673860959e-07
2.221331156230476987e-07
2.255215891690617320e-07
2.289617513295343887e-07
2.324543905753891999e-07
2.360003074050804815e-07
2.396003145280626027e-07
2.432552370510632253e-07
2.469659126671903704e-07
2.507331918479320237e-07
2.545579380380768926e-07
2.584410278536162957e-07
2.623833512826569364e-07
2.663858118894065015e-07
2.704493270212626283e-07
2.745748280190695638e-07
2.787632604305731147e-07
2.830155842271408557e-07
2.873327740237788852e-07
2.917158193025143710e-07
2.961657246391758642e-07
3.006835099336427940e-07
3.052702106435973921e-07
3.099268780218522066e-07
3.146545793572881477e-07
3.194543982194772323e-07
3.243274347070277208e-07
3.292748056997269259e-07
3.342976451145202337e-07
3.393971041654056939e-07
3.445743516272819239e-07
3.498305741038321252e-07
3.551669762994828572e-07
3.605847812955226440e-07
3.660852308304246687e-07
3.716695855844468794e-07
3.773391254685759447e-07
3.830951499178791682e-07
3.889389781893281550e-07
3.948719496641645863e-07
4.008954241548865062e-07
4.070107822169051473e-07
4.132194254649691765e-07
4.195227768944023106e-07
4.259222812072546759e-07
4.324137544789946479e-07
4.390013353213247269e-07
4.456892742602803896e-07
4.524791001951351658e-07
4.593723653170821974e-07
4.663706454640789462e-07
4.734755404810886641e-07
4.806886745858147684e-07
4.880116967400056741e-07
4.954462810264165375e-07
5.029941270315145704e-07
5.106569602340099827e-07
5.184365323993156258e-07
5.263346219800059591e-07
5.343530345223825941e-07
5.424936030792312266e-07
5.507581886288682110e-07
5.591486805005697409e-07
5.676669968064843243e-07
5.763150848801180240e-07
5.850949217215176105e-07
5.940085144492080610e-07
6.030579007590430130e-07
6.122451493900275689e-07
6.215723605972446362e-07
6.310416666319840136e-07
6.406552322291876168e-07
6.504152551023201139e-07
6.603239664457734949e-07
6.703836314449378187e-07
6.805965497940299348e-07
6.909650562218171881e-07
7.014915210253493952e-07
7.121783506118214919e-07
7.230279880486926323e-07
7.340429136221791635e-07
7.452256454042703381e-07
7.565787398283670353e-07
7.681047922736986011e-07
7.798064376586395702e-07
7.916863510430674055e-07
8.037472482398968866e-07
8.159918864359215909e-07
8.284230648221398135e-07
8.410436252336422196e-07
8.538564527992882325e-07
8.668644766012548022e-07
8.800706703446416791e-07
8.934780530372765524e-07
9.070896896798769658e-07
9.209086919667262418e-07
9.349382189970250921e-07
9.491814779970719076e-07
9.636417250534634779e-07
9.783222658574457339e-07
9.932241527643413782e-07
1.008341586874288162e-06
1.023689116893028901e-06
1.039270245010610467e-06
1.055088526722396238e-06
1.071147571640395537e-06
1.087451044316965911e-06
1.104002665081017820e-06
1.120806210886981991e-06
1.137865516176672012e-06
1.155184473754280164e-06
1.172767035674675484e-06
1.190617214145250754e-06
1.208739082441457334e-06
1.227136775836313073e-06
1.245814492544030679e-06
1.264776494678024054e-06
1.284027109223478300e-06
1.303570729024752119e-06
1.323411813787783074e-06
1.343554891097750452e-06
1.364004557452255770e-06
1.384765479310185043e-06
1.405842394156580813e-06
1.427240111583687644e-06
1.448963514388470923e-06
1.471017559686822421e-06
1.493407280044753949e-06
1.516137784626782389e-06
1.539214260361793048e-06
1.562641973126678627e-06
1.586426268947947566e-06
1.610572575221669606e-06
1.635086401951952940e-06
1.659973343008291987e-06
1.685239077402032920e-06
1.710889370582304850e-06
1.736930075751623775e-06
1.763367135201572907e-06
1.790206581668779601e-06
1.817454539711527912e-06
1.845117227107358508e-06
1.873200956271904344e-06
1.901712135699342816e-06
1.930657271424750288e-06
1.960042968508757939e-06
1.989875932544744400e-06
2.020162971189028302e-06
2.050910995714309974e-06
2.082127022586778177e-06
2.113818175067198044e-06
2.145991684836415583e-06
2.178654893645536255e-06
2.211815254991288804e-06
2.245480335816844969e-06
2.279657818238521135e-06
2.314357342318302143e-06
2.349585962476284113e-06
2.385350824663772267e-06
2.421660091434755972e-06
2.458522049591763147e-06
2.495945112077154811e-06
2.533937819893165399e-06
2.572508844051238545e-06
2.611666987550964136e-06
2.651421187389184136e-06
2.691780516599688579e-06
2.732754186323896876e-06
2.774351547913147850e-06
2.816582095062903011e-06
2.859455465979492407e-06
2.902981445579843941e-06
2.947169967724639577e-06
2.992031117485547251e-06
3.037575133446874936e-06
3.083812410042352426e-06
3.130753499927393226e-06
3.178409116387526851e-06
3.226790135783493265e-06
3.275907600033491140e-06
3.325772719133310093e-06
3.376396873714712813e-06
3.427791617642874297e-06
3.479968680653251742e-06
3.532939971028663096e-06
3.586717578317114234e-06
3.641313776090929171e-06
3.696741024747981612e-06
3.753011974355461534e-06
3.810139467536997576e-06
3.868136542403733241e-06
3.927016435529947282e-06
3.986792584974033557e-06
4.047478633345474770e-06
4.109088430918414035e-06
4.171636038792743719e-06
4.235135732103193104e-06
4.299602003277336428e-06
4.365049565343204877e-06
4.431493355287157278e-06
4.498948537462988655e-06
4.567430507052806056e-06
4.636954893580671990e-06
4.707537564479730374e-06
4.779194628713538346e-06
4.851942440452666138e-06
4.925797602807102020e-06
5.000776971615632063e-06
5.076897659292749539e-06
5.154177038734221350e-06
5.232632747282107695e-06
5.312311730106264449e-06
5.393348215383343164e-06
5.475620869070642476e-06
5.559148548258706930e-06
5.643950397692917885e-06
5.730045854161545154e-06
5.817454650950745590e-06
5.906196822367397152e-06
5.996292708331101683e-06
6.087762959036063665e-06
6.180628539684208688e-06
6.274910735290437781e-06
6.370631155561251738e-06
6.467811739847659387e-06
6.566474762173836014e-06
6.666642836342284958e-06
6.768338921117037196e-06
6.871586325485818964e-06
6.976408714002590948e-06
7.082830112211435668e-06
7.190874912153308404e-06
7.300567877956797697e-06
7.411934151514039765e-06
7.524999258243336908e-06
7.639789112939696230e-06
7.756330025714471162e-06
7.874648708025743912e-06
7.994772278800708410e-06
8.116728270651297179e-06
8.240544636184769914e-06
8.366249754410567355e-06
8.493872437244748445e-06
8.623441936113804772e-06
8.754987948659202480e-06
8.888540625544061108e-06
9.024130577363795552e-06
9.161788881662205172e-06
9.301547090054405924e-06
9.443437235458592688e-06
9.587491839438119155e-06
9.733743919655406403e-06
9.882226997439723186e-06
1.003297510547041512e-05
1.018602279557716335e-05
1.034140514665942407e-05
1.049915777272654835e-05
1.065931683106069957e-05
1.082191903050404590e-05
1.098700163987258764e-05
1.115460249649832860e-05
1.132476001490153823e-05
1.149751319559553715e-05
1.167290163402576110e-05
1.185096552964497865e-05
1.203174569512729020e-05
1.221528356572232784e-05
1.239531278870074353e-05
1.257483988503693913e-05
1.275696715604141385e-05
1.294173226125667146e-05
1.312917340566585641e-05
1.331932934759272861e-05
1.351223940671589784e-05
1.370794347219930665e-05
1.390648201094017474e-05
1.410789607593669849e-05
1.431222731477676620e-05
1.451951797824979114e-05
1.472981092908299073e-05
1.494314965080447846e-05
1.515957825673458804e-05
1.537914149910741366e-05
1.560188477832462296e-05
1.582785415234298760e-05
1.605709634619816595e-05
1.628965876166631665e-05
1.652558948706558438e-05
1.676493730719976182e-05
1.700775171344561185e-05
1.725408291398657386e-05
1.750398184419474159e-05
1.775750017716285726e-05
1.801469033438919169e-05
1.827560549661702498e-05
1.854029961483111619e-05
1.880882742141360838e-05
1.908124444146114433e-05
1.935760700426628636e-05
1.963797225496496471e-05
1.992239816635289209e-05
2.021094355087269266e-05
2.050366807277503525e-05
2.080063226045587491e-05
2.110189751897203895e-05
2.140752614273846766e-05
2.171758132840916631e-05
2.203212718794472124e-05
2.235122876186926673e-05
2.267495203271905751e-05
2.300336393868623487e-05
2.333653238746000576e-05
2.367452627026829756e-05
2.401741547612279228e-05
2.436527090627045383e-05
2.471816448885388954e-05
2.507616919378474055e-05
2.543935904783175428e-05
2.580780914992795731e-05
2.618159568669923924e-05
2.656079594821788144e-05
2.694548834398448982e-05
2.732649565653481356e-05
2.766701849514931183e-05
2.801178468077313732e-05
2.836084709089866970e-05
2.871425926193921810e-05
2.907207539743961633e-05
2.943435037638970564e-05
2.980113976164139932e-05
3.017249980843008151e-05
3.054848747300304383e-05
3.092916042135456010e-05
3.131457703807044173e-05
3.170479643528274804e-05
3.209987846173561045e-05
3.249988371196448783e-05
3.290487353558991363e-05
3.331491004672639889e-05
3.373005613350920826e-05
3.415037546773983592e-05
3.457593251465106214e-05
3.500679254279436215e-05
3.544302163405042605e-05
3.588468669376391486e-05
3.633185546100503425e-05
3.678459651895903739e-05
3.724297930544455810e-05
3.770707412356362042e-05
3.817695215248441539e-05
3.865268545835772623e-05
3.913434700537009157e-05
3.962201066693470997e-05
4.011575123702102054e-05
4.061564444162659869e-05
4.112176695039089264e-05
4.163419638835441920e-05
4.215301134786452337e-05
4.267829140062867746e-05
4.321011710991920268e-05
4.374857004292886421e-05
4.429373278328121576e-05
4.484568894369692023e-05
4.540452317881704246e-05
4.597032119818697337e-05
4.654316977940217795e-05
4.712315678141687188e-05
4.771037115801940763e-05
4.830490297147560356e-05
4.890684340634120182e-05
4.951628478344728348e-05
5.013332057406004385e-05
5.075804541421603897e-05
5.139055511923703716e-05
5.203094669842568822e-05
5.267931836994345390e-05
5.333576957587479744e-05
5.400040099747917738e-05
5.460154014329578073e-05
5.517361952408065179e-05
5.575169278007601089e-05
5.633582271120305936e-05
5.692607277535969629e-05
5.751869001340444008e-05
5.809296435761132264e-05
5.867297233417905037e-05
5.925877118846496278e-05
5.985041873737177389e-05
6.044797337505391799e-05
6.103202310842091252e-05
6.160872780318601472e-05
6.219088190447604088e-05
6.277853690490391928e-05
6.337174478364695997e-05
6.396799870303373039e-05
6.453462370557065913e-05
6.510626784111187536e-05
6.568297556886028624e-05
6.626479174183650853e-05
6.685176161036620484e-05
6.742100861888269741e-05
6.797497329161571536e-05
6.853348961471592005e-05
6.909659498681553044e-05
6.966432711383264628e-05
7.023669285311241717e-05
7.076518621915486027e-05
7.129765621374563333e-05
7.183413275887769319e-05
7.237464600169028718e-05
7.291922631616430651e-05
7.344170676142072686e-05
7.393780721318733175e-05
7.443725883514192411e-05
7.494008426451742599e-05
7.544630629146226793e-05
7.595594786007267140e-05
7.640916567794447402e-05
7.686076538007375160e-05
7.731503416370837578e-05
7.777198780387240158e-05
7.823164216882469793e-05
7.866522907088466330e-05
7.905767637293404585e-05
7.945208152709553760e-05
7.984845430075668022e-05
8.024680451003301834e-05
8.064714202001033747e-05
8.097893144370535109e-05
8.130107109496918555e-05
8.162449223949405522e-05
8.194919997514623527e-05
8.227519942007235486e-05
8.257167468651513149e-05
8.280689003251793460e-05
8.304277541772232319e-05
8.327933275081588784e-05
8.351656394592267985e-05
8.375447092262000288e-05
8.391004173908328740e-05
8.404482682947684419e-05
8.417982842578811424e-05
8.431504687579155976e-05
8.445048252782046789e-05
8.455589173666032247e-05
8.457702937115172401e-05
8.459817228971715296e-05
8.461932049367754702e-05
8.464047398435418272e-05
8.466163276306863477e-05
8.458933055178621894e-05
8.448259213839107672e-05
8.437598841206368056e-05
8.426951920285014931e-05
8.416318434101107055e-05
8.402956713609820703e-05
8.378416420923352780e-05
8.353947796577659108e-05
8.329550631269947033e-05
8.305224716308721479e-05
8.280969843611963492e-05
8.246999056142678751e-05
8.208205790877093626e-05
8.169595006222921520e-05
8.131165843805017110e-05
8.092917449286030291e-05
8.052877855373935317e-05
7.999762763227660865e-05
7.946998007081075674e-05
7.894581276191440827e-05
7.842510275057207065e-05
7.790782723317453678e-05
7.730127281303833845e-05
7.663685498305381329e-05
7.597814793940871260e-05
7.532510259690524312e-05
7.467767029224150110e-05
7.402671522096525617e-05
7.324289461377305008e-05
7.246737337178198776e-05
7.170006361842694081e-05
7.094087840760984222e-05
7.018973171384918104e-05
6.937802278661635617e-05
6.851501687627701816e-05
6.766274605424627117e-05
6.682107678479761207e-05
6.598987719328035565e-05
6.516901704545623197e-05
6.425423844182716717e-05
6.335161462534471622e-05
6.246167059114337563e-05
6.158422821753418389e-05
6.071911188502697893e-05
5.983459601046739641e-05
5.892641798489502549e-05
5.803202441482362692e-05
5.715120607782337364e-05
5.628375692707190026e-05
5.542947404315490294e-05
5.456604672953616026e-05
5.371432287229980644e-05
5.287589361074088282e-05
5.205055142892260243e-05
5.123809205003333972e-05
5.044569412786300552e-05
4.967682661533235266e-05
4.891967778884707160e-05
4.817406903817806393e-05
4.743982447538185786e-05
4.671677089330960735e-05
4.605010284135710170e-05
4.540034862183576461e-05
4.475976225471293843e-05
4.412821438412593188e-05
4.350557747938752179e-05
4.291334559810329062e-05
4.237365106944606616e-05
4.184074394410589612e-05
4.131453886112164241e-05
4.079495153306365553e-05
4.028189873253335690e-05
3.981331086888265119e-05
3.936014044976955396e-05
3.891212819068569655e-05
3.846921537946963748e-05
3.803134397224407535e-05
3.759762322150216187e-05
3.716646231971240303e-05
3.674024587204776222e-05
3.631891717664467099e-05
3.590242018188373550e-05
3.549069947893241105e-05
3.502964210249138208e-05
3.455413401331722283e-05
3.408508068443460732e-05
3.362239449602933328e-05
3.316598901767798131e-05
3.268977658786533549e-05
3.211064723748073590e-05
3.154177769427393035e-05
3.098298619635824239e-05
3.043409420192562845e-05
2.989492633219942213e-05
2.926496595613478828e-05
2.859671369883435421e-05
2.794372067949299430e-05
2.730563846031562237e-05
2.668212655992640436e-05
2.606037266727282892e-05
2.536502289644450455e-05
2.468822663250441770e-05
2.402948882586415877e-05
2.338832763597949424e-05
2.276427407890355893e-05
2.215783172948702538e-05
2.156820112912354970e-05
2.099426088371589147e-05
2.043559346534303052e-05
1.989179245670376963e-05
1.936737763485632768e-05
1.894131073181409638e-05
1.852461696174277978e-05
1.811709012317231488e-05
1.771852855090122301e-05
1.732873501620187142e-05
1.699471830495606685e-05
1.671000447707537506e-05
1.643006048193517831e-05
1.615480641015927868e-05
1.588416369109948572e-05
1.561805507040771876e-05
1.535378973022792564e-05
1.509395957791952545e-05
1.483852649690328258e-05
1.458741607612344802e-05
1.434055516377272916e-05
1.405724910499753725e-05
1.373146454795512958e-05
1.341323022900085554e-05
1.310237116717279496e-05
1.279871643678994448e-05
1.250209907346896026e-05
1.215216327813199513e-05
1.180683987419797001e-05
1.147132939415044182e-05
1.114535298786194991e-05
1.082863972918309166e-05
1.053215100222265157e-05
1.026127235108362977e-05
9.997360486086149403e-06
9.740236226962815840e-06
9.489725001821976356e-06
9.245656728623944794e-06
9.051193947461596545e-06
8.868281174380125486e-06
8.689064828836342812e-06
8.513470210871859517e-06
8.341424130116554649e-06
8.168418224632914500e-06
7.989646559675755828e-06
7.814787440246115889e-06
7.643755237491602382e-06
7.476466196608471303e-06
7.312838395826569627e-06
7.130457140746810018e-06
6.946606516252049091e-06
6.767496268350249412e-06
6.593004171890954370e-06
6.423011153158390364e-06
6.260634665303336580e-06
6.111861769573069036e-06
5.966624198244756605e-06
5.824837940594778591e-06
5.686420982265551158e-06
5.551293257825502326e-06
5.426259978345166262e-06
5.306720384249398460e-06
5.189814227293329941e-06
5.075483493299953943e-06
4.963671446134839580e-06
4.853194982956429982e-06
4.740215142134701139e-06
4.629865412915126587e-06
4.522084567675207127e-06
4.416812804139535201e-06
4.313991712198349826e-06
4.215543816313365172e-06
4.120394296565975589e-06
4.027392407469002841e-06
3.936489674606377277e-06
3.847638717683580960e-06
3.761152013038800014e-06
3.679334732863337768e-06
3.599297244441060807e-06
3.521000831516951818e-06
3.444407620040354462e-06
3.369480559844328354e-06
3.296583685607243766e-06
3.225547234498994626e-06
3.156041512735820660e-06
3.088033535388276207e-06
3.021491028302842928e-06
2.956490132121519769e-06
2.895053719402196195e-06
2.834893966722021984e-06
2.775984344848846168e-06
2.718298875832877045e-06
2.661812121550938077e-06
2.609334956536777389e-06
2.560538395879666935e-06
2.512654368251704052e-06
2.465665808586871876e-06
2.419555970948952015e-06
2.374308422563519721e-06
2.329907037961638975e-06
2.286335993232977729e-06
2.243579760386423478e-06
2.201623101816195935e-06
2.160451064871408274e-06
2.120048976527162204e-06
2.080402438155381600e-06
2.041497320393349689e-06
2.003319758108233702e-06
1.965856145455812722e-06
1.929093131031552454e-06
1.893017613112402718e-06
1.857616734987568569e-06
1.822877880376582763e-06
1.788788668933085252e-06
1.755336951832646355e-06
1.722510807443172243e-06
1.690298537076209700e-06
1.658688660817722267e-06
1.627669913436865625e-06
1.597231240371222950e-06
1.567361793787155784e-06
1.538050928713822845e-06
1.509288199249484200e-06
1.481063354838750599e-06
1.453366336619464199e-06
1.426187273837895681e-06
1.399516480330953948e-06
1.373344451074218761e-06
1.347661858794503725e-06
1.322459550645752779e-06
1.297728544947152745e-06
1.273460027982192209e-06
1.249645350857596126e-06
1.226276026421023315e-06
1.203641965903368769e-06
1.182163916996940266e-06
1.161069127064440483e-06
1.140350757149417575e-06
1.120002090331249421e-06
1.100016529547497303e-06
1.080387595455151949e-06
1.061108924330000296e-06
1.042174266003508183e-06
1.023577481836515742e-06
1.005312542729061907e-06
9.873735271657625106e-07
9.697546192960452528e-07
9.524501070486339317e-07
9.354543802796956612e-07
9.187619289540239639e-07
9.023673413586782612e-07
8.862653023484983777e-07
8.704505916229355469e-07
8.549180820336149383e-07
8.396627379221067661e-07
8.246796134873755275e-07
8.099638511823277873e-07
7.955106801389962399e-07
7.813154146218254666e-07
7.673734525085342264e-07
7.536802737981181650e-07
7.402314391454503111e-07
7.270225884220480086e-07
7.140494393025056887e-07
7.013077858761591644e-07
6.887934972835371806e-07
6.765025163771173032e-07
6.644308584059991607e-07
6.525746097240494970e-07
6.409299265210792162e-07
6.294930335766880865e-07
6.182602230363316720e-07
6.072278532092245618e-07
5.963923473877056138e-07
5.857501926876582148e-07
5.751694747955243765e-07
5.626357086755124375e-07
5.503750712593622787e-07
5.383816106816751731e-07
5.266495047767206050e-07
5.151730582520896598e-07
5.039466999239501557e-07
4.929649800125376768e-07
4.822225674965926866e-07
4.717142475254371760e-07
4.614349188874516879e-07
4.513795915337225618e-07
4.415433841556424251e-07
4.319215218153081529e-07
4.225093336275461753e-07
4.133022504924547226e-07
4.042958028773615500e-07
3.954856186471078558e-07
3.868674209416171269e-07
3.784370260997188637e-07
3.701903416282028069e-07
3.621233642151467819e-07
3.542321777865246974e-07
3.465129516051679913e-07
3.389619384111576821e-07
3.315754726027249757e-07
3.243499684568173149e-07
3.172819183884163966e-07
3.103678912478027365e-07
3.036045306549209649e-07
2.969885533700388432e-07
2.905167476999209421e-07
2.841859719387220951e-07
2.779931528428648722e-07
2.719352841391488560e-07
2.660094250653681428e-07
2.602126989427354067e-07
2.545422917794128254e-07
2.489954509044708652e-07
2.435694836316206440e-07
2.382617559520600607e-07
2.330696912558100639e-07
2.267953921914107910e-07
2.204472477232514810e-07
2.142767917777712383e-07
2.082790507424024393e-07
2.024491902190992757e-07
1.967825111276296760e-07
1.912744459179495323e-07
1.859205548885881035e-07
1.807165226080869672e-07
1.756581544366062559e-07
1.707413731448919305e-07
1.659622156278781274e-07
1.613168297102830543e-07
1.568014710416114632e-07
1.524125000780746158e-07
1.481463791489848967e-07
1.439996696052621455e-07
1.399690290477603764e-07
1.360512086331672050e-07
1.322430504553235909e-07
1.285414849998316507e-07
1.249435286699167884e-07
1.214462813815383955e-07
1.180469242258162578e-07
1.147427171968882720e-07
1.115309969833656463e-07
1.084091748216054259e-07
1.053747344090746051e-07
1.024252298761160510e-07
9.955828381449038287e-08
9.677158536109789244e-08
9.406288833533756844e-08
9.143000942860432097e-08
8.887082644446320762e-08
8.638327658807996225e-08
8.396535480353470660e-08
8.161511215767355778e-08
7.933065426919640091e-08
7.711013978171809930e-08
7.495177887956549467e-08
7.285383184512394094e-08
7.060265611896335199e-08
6.828348684062186684e-08
6.604049806932191195e-08
6.387118741349229534e-08
6.177313468058983792e-08
5.974399917700944320e-08
5.778151709668776115e-08
5.588349899548783740e-08
5.404782734854320824e-08
5.227245418784169140e-08
5.055539881740790991e-08
4.889474560353905624e-08
4.728864183762733675e-08
4.573529566918402375e-08
4.423297410676128477e-08
4.278000108453922204e-08
4.137475559242195332e-08
4.001566986755716056e-08
3.870122764525997802e-08
3.742996246739254153e-08
3.620045604630852836e-08
3.501133668253999878e-08
3.386127773446036958e-08
3.274899613821520635e-08
3.167325097627259452e-08
3.063284209299204449e-08
2.962660875567045682e-08
2.865342835957016067e-08
2.771221517548394097e-08
2.680191913844137906e-08
2.592152467620285532e-08
2.507004957623604209e-08
2.424654388990986943e-08
2.345008887268376822e-08
2.267979595911024523e-08
2.193480577150603517e-08
2.121428716118705393e-08
2.051743628119701948e-08
1.984347568949485139e-08
1.919165348160161170e-08
1.856124245173737899e-08
1.793375399398919412e-08
1.729822621837060914e-08
1.668521997135763135e-08
1.609393714581764979e-08
1.552360791755589900e-08
1.497348974303833638e-08
1.444286639263273849e-08
1.393104701810893665e-08
1.343736525318536958e-08
1.296117834594918487e-08
1.250186632202164773e-08
1.205883117737885334e-08
1.163149609977663580e-08
1.121930471776672842e-08
1.082172037632544676e-08
1.043822543815253077e-08
1.006832060973022565e-08
9.711524291264949682e-09
9.367371949665818089e-09
9.035415513742864333e-09
8.715222790838118256e-09
8.406376904129805421e-09
8.108475749877121486e-09
7.821131473898742514e-09
7.543969966603957497e-09
7.276630375918333892e-09
7.018764637470237935e-09
6.770037021426386405e-09
6.530123695386277016e-09
6.298712302766835568e-09
6.075501556127792066e-09
5.860200844908730162e-09
5.652529857066963047e-09
5.452218214123504148e-09
5.259005119142342533e-09
5.072639017184221514e-09
4.892877267793212615e-09
4.719485829089550051e-09
4.552238953057329921e-09
4.390918891630660215e-09
4.235315613195188497e-09
4.084532067453822348e-09
3.935044666172574104e-09
3.791028266899075488e-09
3.652282639629259201e-09
3.518614882459906036e-09
3.389839153391778093e-09
3.265776411948338113e-09
3.146254170250738847e-09
3.031106253203227489e-09
2.920172567455181255e-09
2.813298878818961622e-09
2.710336597833796909e-09
2.611142573177688990e-09
2.515578892640219823e-09
2.423512691379323494e-09
2.334815967195616648e-09
2.249365402567396816e-09
2.167042193198791005e-09
2.087731882842951819e-09
2.011324204170280413e-09
1.937712925460709847e-09
1.866795702906799195e-09
1.798473938322263136e-09
1.732652642058216631e-09
1.669240300936402171e-09
1.608148751015853157e-09
1.549293055016163724e-09
1.492591384226772635e-09
1.437964904738277881e-09
1.385337667837433955e-09
1.334636504413551173e-09
1.285790923229457585e-09
1.238733012915528443e-09
1.193397347550686378e-09
1.149720895698879928e-09
1.107642932774737387e-09
1.067104956616491050e-09
1.028050606148777566e-09
9.904255830222950522e-10
9.541775761212798813e-10
9.192561888339125027e-10
8.856128689845146886e-10
8.528106876849607766e-10
8.211874927124876874e-10
7.907369219515902061e-10
7.614154931563100927e-10
7.331813364520779254e-10
7.059941345471166232e-10
6.798150651609067649e-10
6.546067455874665178e-10
6.303331793142756828e-10
6.069597046206334333e-10
5.844529450820575276e-10
5.627807619100384808e-10
5.419122080590663577e-10
5.218174840354553222e-10
5.024678953448024359e-10
4.838358115173480669e-10
4.658946266527300838e-10
4.486187214277854260e-10
4.319834265131264916e-10
4.159649873462993126e-10
4.005405302111761888e-10
3.856880295751559031e-10
3.713862766375687331e-10
