7.167205595952018947e-10
7.264178045699655533e-10
7.362462534830586845e-10
7.462076815266598988e-10
7.563038879113340291e-10
7.665366961910137127e-10
7.769079545923473490e-10
7.874195363485336855e-10
7.980733400376579199e-10
8.088712899256087289e-10
8.198153363136312307e-10
8.309074558905995299e-10
8.421496520900215627e-10
8.535439554519082805e-10
8.650924239895218562e-10
8.767594262127999125e-10
8.885434583514744526e-10
9.004858730627115600e-10
9.125887990779236551e-10
9.248543937395946064e-10
9.372848433858503689e-10
9.498823637401633133e-10
9.626492003062910566e-10
9.755876287685608449e-10
9.886999553974983492e-10
1.001988517460906238e-09
1.015455683640510296e-09
1.029103854454143929e-09
1.042935462683668134e-09
1.056952973808600878e-09
1.071051576641338325e-09
1.085335264145924641e-09
1.099809440823187747e-09
1.114476647062288351e-09
1.129339457131357099e-09
1.144400479629310347e-09
1.159662357943689043e-09
1.175127770714610685e-09
1.190799432304881089e-09
1.206680093276427873e-09
1.222772540873036249e-09
1.239079599509548798e-09
1.255604131267582820e-09
1.272349036397860787e-09
1.289254995482685002e-09
1.306311548796366480e-09
1.323593756470089015e-09
1.341104603860240646e-09
1.358847115818785957e-09
1.376824357215805382e-09
1.395039433468914782e-09
1.413495491079722885e-09
1.432195718177329065e-09
1.451143345069069299e-09
1.470341644798517103e-09
1.489793933710870587e-09
1.509503572025845752e-09
1.529473964418090925e-09
1.549708560605339265e-09
1.570038907179470027e-09
1.590626162674126620e-09
1.611483370134211110e-09
1.632614069325565882e-09
1.654021846429483170e-09
1.675710334651312911e-09
1.697683214837115549e-09
1.719944216098299623e-09
1.742497116444561339e-09
1.765345743425009937e-09
1.788493974777807210e-09
1.811945739088254005e-09
1.835705016455504613e-09
1.859775839168098709e-09
1.884058895321720675e-09
1.908522091536296854e-09
1.933302925363221247e-09
1.958405521106279583e-09
1.983834056620479218e-09
2.009592764007372613e-09
2.035685930319410720e-09
2.062117898273444583e-09
2.088893066973485971e-09
2.116015892642857765e-09
2.143490889365847404e-09
2.171322629838991605e-09
2.199515746132116029e-09
2.228074930459255618e-09
2.257004935959585473e-09
2.286028151288478192e-09
2.315399740935242006e-09
2.345148705759065839e-09
2.375279894391781684e-09
2.405798217761920202e-09
2.436708649895124188e-09
2.468016228724841406e-09
2.499726056913430796e-09
2.531843302683820206e-09
2.564373200661847157e-09
2.597321052729426573e-09
2.630692228888673281e-09
2.664492168137134788e-09
2.698726379354264608e-09
2.733235520731460371e-09
2.767942369376869819e-09
2.803089928430789144e-09
2.838683794070115416e-09
2.874729633532425034e-09
2.911233186018374838e-09
2.948200263605450886e-09
2.985636752173375947e-09
3.023548612341255913e-09
3.061941880416625620e-09
3.100822669356548354e-09
3.140197169740917085e-09
3.180071650758129508e-09
3.220452461203210485e-09
3.261346030488745051e-09
3.302272849424130600e-09
3.343654585300253102e-09
3.385554887673499753e-09
3.427980254850595448e-09
3.470937266570411623e-09
3.514432585024443672e-09
3.558472955889992208e-09
3.603065209376433629e-09
3.648216261284459216e-09
3.693933114078671554e-09
3.740222857973537838e-09
3.787092672033098795e-09
3.834549825284305393e-09
3.882601677844404393e-09
3.930987673321008202e-09
3.979534253385260975e-09
4.028680369910014726e-09
4.078433427000073715e-09
4.128800920198879050e-09
4.179790437617655722e-09
4.231409661078658931e-09
4.283666367272464280e-09
4.336568428929568197e-09
4.390123816006445820e-09
4.444340596886253289e-09
4.499226939594438308e-09
4.554791113029187027e-09
4.611041488207243240e-09
4.667986539525027950e-09
4.724851962581657905e-09
4.782288391404347228e-09
4.840423031172505537e-09
4.899264369505090522e-09
4.958820997198641138e-09
5.019101609481470360e-09
5.080115007283104527e-09
5.141870098519330759e-09
5.204375899392666322e-09
5.267641535708762814e-09
5.331676244208679797e-09
5.396489373917571356e-09
5.462090387509573814e-09
5.528488862689285035e-09
5.595262351789380981e-09
5.662042591434503422e-09
5.729619862590692566e-09
5.798003677940636972e-09
5.867203663702225434e-09
5.937229560983605310e-09
6.008091227154413887e-09
6.079798637233374682e-09
6.152361885292456387e-09
6.225791185877790490e-09
6.300096875447547751e-09
6.375289413826972893e-09
6.451379385680790074e-09
6.528377502003180167e-09
6.606294601625537457e-09
6.683794470289303930e-09
6.761944295343413257e-09
6.841007882061370691e-09
6.920995914541003771e-09
7.001919201803332632e-09
7.083788679253056643e-09
7.166615410156370467e-09
7.250410587136066555e-09
7.335185533683850431e-09
7.420951705690604146e-09
7.507720692994549922e-09
7.595504220947203965e-09
7.684314151998103975e-09
7.774162487297598966e-09
7.864371262324076463e-09
7.954189385461680790e-09
8.045033311549655815e-09
8.136914756171217813e-09
8.229845568711943284e-09
8.323837733887945430e-09
8.418903373291466089e-09
8.515054746954161071e-09
8.612304254928060680e-09
8.710664438884936665e-09
8.810147983733584249e-09
8.910767719255755419e-09
9.012536621760733571e-09
9.115467815758847267e-09
9.219574575653909901e-09
9.322604661017945545e-09
9.426261183427453019e-09
9.531070245822120340e-09
9.637044663106354909e-09
9.744197392671233865e-09
9.852541535979119102e-09
9.962090340165236090e-09
1.007285719965771208e-08
1.018485565781499334e-08
1.029809940858198485e-08
1.041260229816437467e-08
1.052837832672149714e-08
1.064544165007819143e-08
1.076380658145561406e-08
1.088239617745171825e-08
1.099972102872392747e-08
1.111831077795625260e-08
1.123817906221562737e-08
1.135933966559237861e-08
1.148180652078531275e-08
1.160559371070391335e-08
1.173071547008768785e-08
1.185718618714321250e-08
1.198502040519859953e-08
1.211423282437589587e-08
1.224483830328151933e-08
1.237685186071489284e-08
1.251028867739551652e-08
1.264516409770864793e-08
1.277771479608960167e-08
1.291062121020006236e-08
1.304491004011754149e-08
1.318059566493334474e-08
1.331769261330178571e-08
1.345621556499588113e-08
1.359617935247909161e-08
1.373759896249368373e-08
1.388048953766533807e-08
1.402486637812461837e-08
1.417074494314513001e-08
1.431814085279899949e-08
1.446706988962930799e-08
1.461754800034006267e-08
1.476788344519414386e-08
1.491518524318263071e-08
1.506395629841245782e-08
1.521421126594460291e-08
1.536596494701662555e-08
1.551923229050044721e-08
1.567402839437517619e-08
1.583036850721412351e-08
1.598826802968714825e-08
1.614774251607749172e-08
1.630880767581423538e-08
1.647147937501955877e-08
1.663577363807190901e-08
1.680170664918427134e-08
1.696929475399869872e-08
1.713233293350823236e-08
1.729495761888166479e-08
1.745912598125429879e-08
1.762485267362106636e-08
1.779215248806693242e-08
1.796104035708728013e-08
1.813153135492085296e-08
1.830364069889494553e-08
1.847738375078394523e-08
1.865277601818014912e-08
1.882983315587823606e-08
1.900857096727221252e-08
1.918900540576629164e-08
1.937115257619850410e-08
1.955243095749486470e-08
1.972741311975408175e-08
1.990396126412445222e-08
2.008208940517717073e-08
2.026181168290519189e-08
2.044314236384565154e-08
2.062609584221236964e-08
2.081068664103847123e-08
2.099692941332925457e-08
2.118483894322533939e-08
2.137443014717627074e-08
2.156571807512457842e-08
2.175871791170047396e-08
2.195344497742721816e-08
2.214991472993727516e-08
2.233818996651859310e-08
2.252442271704800827e-08
2.271220808385576410e-08
2.290155901105235778e-08
2.309248855066288465e-08
2.328500986352690479e-08
2.347913622020525470e-08
2.367488100189519687e-08
2.387225770135245159e-08
2.407127992382138799e-08
2.427196138797300052e-08
2.447431592685019113e-08
2.467835748882167724e-08
2.488410013854312269e-08
2.508778344662985179e-08
2.527967291354726828e-08
2.547303008954277660e-08
2.566786620071425952e-08
2.586419255902489471e-08
2.606202056295996257e-08
2.626136169818842866e-08
2.646222753823010122e-08
2.666462974512735808e-08
2.686858007012229657e-08
2.707409035433904170e-08
2.728117252947102079e-08
2.748983861847401174e-08
2.770010073626399234e-08
2.791197109042054816e-08
2.811019137099502073e-08
2.830344895595974572e-08
2.849803518695377301e-08
2.869395919841941232e-08
2.889123018759825745e-08
2.908985741496313675e-08
2.928985020465244902e-08
2.949121794490804655e-08
2.969397008851614217e-08
2.989811615325060532e-08
3.010366572232026817e-08
3.031062844481833294e-08
3.051901403617552781e-08
3.072883227861636329e-08
3.093491455460147055e-08
3.112068836077827617e-08
3.130757779657813173e-08
3.149558956170458940e-08
3.168473039609529285e-08
3.187500708016304407e-08
3.206642643503939160e-08
3.225899532281864875e-08
3.245272064680440669e-08
3.264760935175649087e-08
3.284366842414042543e-08
3.304090489237745355e-08
3.323932582709666208e-08
3.343893834138868774e-08
3.363974959106021746e-08
3.381900766157502939e-08
3.398847818330698892e-08
3.415879793923355542e-08
3.432997118495465117e-08
3.450200219739519259e-08
3.467489527491245824e-08
3.484865473740298047e-08
3.502328492641100528e-08
3.519879020523642289e-08
3.537517495904434597e-08
3.555244359497412548e-08
3.573060054225002740e-08
3.590965025229130730e-08
3.608959719882397901e-08
3.626374017759525682e-08
3.640514939612525313e-08
3.654711003508195230e-08
3.668962424471058346e-08
3.683269418364110856e-08
3.697632201892107138e-08
3.712050992604812225e-08
3.726526008900339645e-08
3.741057470028433676e-08
3.755645596093802549e-08
3.770290608059421217e-08
3.784992727749926105e-08
3.799752177854944344e-08
3.814569181932479922e-08
3.829443964412271367e-08
3.841164999052554710e-08
3.851216754142425198e-08
3.861294813174045674e-08
3.871399244980902734e-08
3.881530118576610486e-08
3.891687503155380390e-08
3.901871468092495723e-08
3.912082082944785397e-08
3.922319417451095114e-08
3.932583541532769781e-08
3.942874525294126657e-08
3.953192439022936439e-08
3.963537353190900382e-08
3.973909338454135359e-08
3.983500010677969213e-08
3.988157167019444931e-08
3.992819768096738516e-08
3.997487820275354844e-08
4.002161329928238785e-08
4.006840303435788438e-08
4.011524747185859098e-08
4.016214667573775834e-08
4.020910071002339443e-08
4.025610963881836372e-08
4.030317352630048653e-08
4.035029243672259849e-08
4.039746643441265650e-08
4.044469558377384455e-08
4.049197994928460683e-08
4.049768483109432324e-08
4.047865149972956598e-08
4.045962711375772576e-08
4.044061166897458762e-08
4.042160516117792185e-08
4.040260758616747736e-08
4.038361893974505446e-08
4.036463921771417400e-08
4.034566841588059351e-08
4.032670653005193667e-08
4.030775355603781897e-08
4.028880948964980809e-08
4.026987432670145030e-08
4.025094806300825064e-08
4.022354316362708510e-08
4.013016872664225191e-08
4.003701104792385027e-08
3.994406962429173287e-08
3.985134395373418802e-08
3.975883353540451844e-08
3.966653786961902297e-08
3.957445645785362823e-08
3.948258880274185709e-08
3.939093440807149350e-08
3.929949277878253768e-08
3.920826342096389738e-08
3.911724584185135637e-08
3.902643954982427889e-08
3.893584405440359803e-08
3.879706759384622785e-08
3.862673799382219324e-08
3.845715618672274368e-08
3.828831888953522810e-08
3.812022283366007497e-08
3.795286476484782070e-08
3.778624144313605201e-08
3.762034964278663284e-08
3.745518615222332831e-08
3.729074777396955443e-08
3.712703132458646528e-08
3.696403363461156959e-08
3.680175154849697673e-08
3.664018192454854935e-08
3.647207140318441065e-08
3.622924062801768628e-08
3.598802661831276920e-08
3.574841860965761951e-08
3.551040590930924979e-08
3.527397789571719626e-08
3.503912401804894873e-08
3.480583379571939070e-08
3.457409681792326367e-08
3.434390274317007320e-08
3.411524129882319719e-08
3.388810228064092629e-08
3.366247555232130950e-08
3.343835104505005025e-08
3.321571875705063273e-08
3.294835051510993539e-08
3.264912987086142814e-08
3.235262660070129895e-08
3.205881602678034653e-08
3.176767369536134370e-08
3.147917537478402090e-08
3.119329705344787046e-08
3.091001493781396940e-08
3.062930545042455022e-08
3.035114522794059100e-08
3.007551111919759026e-08
2.980238018327828241e-08
2.953172968760355126e-08
2.926353710604026428e-08
2.899350618596953071e-08
2.866032760946567764e-08
2.833097775112825721e-08
2.800541261328199357e-08
2.768358870385050708e-08
2.736546303054615135e-08
2.705099309512672625e-08
2.674013688771812370e-08
2.643285288120222821e-08
2.612910002566952937e-08
2.582883774293496396e-08
2.553202592111732538e-08
2.523862490928066845e-08
2.494859551213736575e-08
2.466189898481203451e-08
2.434886803250254624e-08
2.401563238393312178e-08
2.368695735794908103e-08
2.336278053842395890e-08
2.304304036345091172e-08
2.272767611365187262e-08
2.241662790064666035e-08
2.210983665568036755e-08
2.180724411840570968e-08
2.150879282581961335e-08
2.121442610135054680e-08
2.092408804409564607e-08
2.063772351820514889e-08
2.035527814241164800e-08
2.007549970827218157e-08
1.976590663725088091e-08
1.946108793653250579e-08
1.916096997846224743e-08
1.886548027082943906e-08
1.857454743935765445e-08
1.828810121046443086e-08
1.800607239428687773e-08
1.772839286796942544e-08
1.745499555920874123e-08
1.718581443005295684e-08
1.692078446095037053e-08
1.665984163504416253e-08
1.640292292270961335e-08
1.614996626632932187e-08
1.589127520069346342e-08
1.562800158247556981e-08
1.536908966570543325e-08
1.511446718928963457e-08
1.486406308929728563e-08
1.461780747912651790e-08
1.437563162999930221e-08
1.413746795177964492e-08
1.390324997410960163e-08
1.367291232785752852e-08
1.344639072687396212e-08
1.322362195004973597e-08
1.300454382367110315e-08
1.278909520406743085e-08
1.257711948862496205e-08
1.235569808883797318e-08
1.213817483411737079e-08
1.192448109724381693e-08
1.171454945918685200e-08
1.150831368783451605e-08
1.130570871709758197e-08
1.110667062638151680e-08
1.091113662042008642e-08
1.071904500946373469e-08
1.053033518981691363e-08
1.034494762471790784e-08
1.016282382555550497e-08
9.983906333416028970e-09
9.808138700955648797e-09
9.628085857647832679e-09
9.443922388751563074e-09
9.263281549771287419e-09
9.086095960777606933e-09
8.912299530666627854e-09
8.741827432507426512e-09
8.574616079361429203e-09
8.410603100564133090e-09
8.249727318460509202e-09
8.091928725585562604e-09
7.937148462281046701e-09
7.785328794740630639e-09
7.636413093474988247e-09
7.490345812188526793e-09
7.347072467060475539e-09
7.193917568699397082e-09
7.043711383106902183e-09
6.896641443930158101e-09
6.752642267570517539e-09
6.611649737701176666e-09
6.473601076719167095e-09
6.338434817793399314e-09
6.206090777496073601e-09
6.076510029005932461e-09
5.949634875870623478e-09
5.825408826317161137e-09
5.703776568098734200e-09
5.584683943866614794e-09
5.468077927056266946e-09
5.352584937169670241e-09
5.238056964232923187e-09
5.125979518796268209e-09
5.016300167511964246e-09
4.908967598936024788e-09
4.803931599523095706e-09
4.701143030134977487e-09
4.600553803051777996e-09
4.502116859475040817e-09
4.405786147512050362e-09
4.311516600631385068e-09
4.219264116579359927e-09
4.128985536747609182e-09
4.040638625982116291e-09
3.954182052824349803e-09
3.871585052832430138e-09
3.790808296772278320e-09
3.711716867065674792e-09
3.634275601061208030e-09
3.558450069741028726e-09
3.484206562414381685e-09
3.411512071730411236e-09
3.340334279003676485e-09
3.270641539845836306e-09
3.202402870097100033e-09
3.135587932051281781e-09
3.070167020968052282e-09
3.006111051866914793e-09
2.943391546596397643e-09
2.881825125499243888e-09
2.821353258854832163e-09
2.762150326478165675e-09
2.704189701207504458e-09
2.647445314622164895e-09
2.591891645318063785e-09
2.537503707429114135e-09
2.484257039389591899e-09
2.432127692932314537e-09
2.381092222317573608e-09
2.331127673788239212e-09
2.282211575245991320e-09
2.234321926144286905e-09
2.187437187593356617e-09
2.141536272672892040e-09
2.098223780631102932e-09
2.055912063230157520e-09
2.014453582479163725e-09
1.973831132440242225e-09
1.934027854141745777e-09
1.895027228581497421e-09
1.856813069871169461e-09
1.819369518518832432e-09
1.782681034847041328e-09
1.746732392543604291e-09
1.711508672342445304e-09
1.676995255831826634e-09
1.643177819387499344e-09
1.610042328228162577e-09
1.578020026448044910e-09
1.547252064719338450e-09
1.517084011390444674e-09
1.487504169551079412e-09
1.458501070355280782e-09
1.430063468574663447e-09
1.402180338238373380e-09
1.374840868358030487e-09
1.348034458736026005e-09
1.321750715855572027e-09
1.295979448850885590e-09
1.270710665555923496e-09
1.245934568630152868e-09
1.221641551759914031e-09
1.197822195933770343e-09
1.175268346855375612e-09
1.153225826783101000e-09
1.131596720968465511e-09
1.110373275699640500e-09
1.089547882688065978e-09
1.069113076340974328e-09
1.049061531085095823e-09
1.029386058740531826e-09
1.010079605943926494e-09
9.911352516199268206e-10
9.725462045000696846e-10
9.543058006882369044e-10
9.364075012717315704e-10
9.188448899771842606e-10
9.017628851121554813e-10
8.852331604593867129e-10
8.690064331927496605e-10
8.530771492320649956e-10
8.374398563059782184e-10
8.220892020857533420e-10
8.070199323532794902e-10
7.922268892026582368e-10
7.777050092747567806e-10
7.634493220241232173e-10
7.494549480176686497e-10
7.357170972645366942e-10
7.222310675765861156e-10
7.089922429589247261e-10
6.959960920299615351e-10
6.832566085524513722e-10
6.707529159432807298e-10
6.584780426779785601e-10
6.464278013301796634e-10
6.345980811040135500e-10
6.229848464317480285e-10
6.115841355971217143e-10
6.003920593838312043e-10
5.894047997487893129e-10
5.786186085196372766e-10
5.680298061160937196e-10
5.576347802947243078e-10
5.474299849166604946e-10
5.374119387378698987e-10
5.274954355342323455e-10
5.176197053139851939e-10
5.079288677787037148e-10
4.984194613813235821e-10
4.890880893816061689e-10
4.799314186328287842e-10
4.709461783912006631e-10
4.621291591475411270e-10
4.534772114808667601e-10
4.449872449334228293e-10
4.366562269067685708e-10
4.284811815785470581e-10
4.204591888395258028e-10
4.125873832505395289e-10
4.048629530189614904e-10
3.969931578658742320e-10
3.892251771827472655e-10
3.816091928821721353e-10
3.741422308449727712e-10
3.668213751466796003e-10
3.596437669188301316e-10
3.526066032325587998e-10
3.457071360040104192e-10
3.389426709211987604e-10
3.323105663918484756e-10
3.258082325118198112e-10
3.194331300537300204e-10
3.131827694753583515e-10
3.070547099474540563e-10
3.009213820694931132e-10
2.946662547181164331e-10
2.885411500919885565e-10
2.825433654629080405e-10
2.766702542831628881e-10
2.709192250177207857e-10
2.652877400007124447e-10
2.597733143156681599e-10
2.543735146990412582e-10
2.490859584665222357e-10
2.439083124616673835e-10
2.388382920263804914e-10
2.338736599928050365e-10
2.290122256961563452e-10
2.242518440080894702e-10
2.193144325511195934e-10
2.144268570737632282e-10
2.096482046333861456e-10
2.049760478039486233e-10
2.004080132562967358e-10
1.959417805525786381e-10
1.915750809675193022e-10
1.873056963359766934e-10
1.831314579261645339e-10
1.790502453380061583e-10
1.750599854260202188e-10
1.711586512462220030e-10
1.673442610264935980e-10
1.636148771598896006e-10
1.598836125014161681e-10
1.560505655064563517e-10
1.523094119146765639e-10
1.486579486751999123e-10
1.450940255530512032e-10
1.416155438629536056e-10
1.382204552334745968e-10
1.349067604008034574e-10
1.316725080314464564e-10
1.285157935731440184e-10
1.254347581333421289e-10
1.224275873845429742e-10
1.194925104959067266e-10
1.166277990904618076e-10
1.138317662273152757e-10
1.109412940073159771e-10
1.080834732279353028e-10
1.052992692174970210e-10
1.025867856259182283e-10
9.994417495263508791e-11
9.736963728824780838e-11
9.486141908858699266e-11
9.241781198035345831e-11
9.003715159753032669e-11
8.771781644776487388e-11
8.545822680795239045e-11
8.325684364827289593e-11
8.111216758393934726e-11
7.902273785395346224e-11
7.694751488566077234e-11
7.482811193931181092e-11
7.276708474240309902e-11
7.076282542318508968e-11
6.881377039630437487e-11
6.691839914300291959e-11
6.507523302491110404e-11
6.328283413051816107e-11
6.153980415341220398e-11
5.984478330141629040e-11
5.819644923577312723e-11
5.659351603954702271e-11
5.503473321443962821e-11
5.351888470523804261e-11
5.204478795113073817e-11
5.054329530074684053e-11
4.906513997375679426e-11
4.763021378641242938e-11
4.623725248827918084e-11
4.488502880234324026e-11
4.357235134371113947e-11
4.229806356993321790e-11
4.106104276202525535e-11
3.986019903528951893e-11
3.869447437906540501e-11
3.756284172456306335e-11
3.646430403995691983e-11
3.539789345194663296e-11
3.436267039300516208e-11
3.334423397037976033e-11
3.231761789178584709e-11
3.132260969399541090e-11
3.035823622049032554e-11
2.942355427669766968e-11
2.851764970750950344e-11
2.763963650320421774e-11
2.678865593289360116e-11
2.596387570465196498e-11
2.516448915150174181e-11
2.438971444246250491e-11
2.363879381788949353e-11
2.291099284835528174e-11
2.220559971635024873e-11
2.152192452009655313e-11
2.083802780079147105e-11
2.016866657221813018e-11
1.952080663247102458e-11
1.889375731498433128e-11
1.828685013885293170e-11
1.769943809618276471e-11
1.713089496233260817e-11
1.658061462831204835e-11
1.604801045462488217e-11
1.553251464586802552e-11
1.503357764541935579e-11
1.455066754957005676e-11
1.408326954047566004e-11
1.363088533732254717e-11
1.318958727358138221e-11
1.275126886270501296e-11
1.232751671727178855e-11
1.191784676888843533e-11
1.152179103579734051e-11
1.113889708828342411e-11
1.076872753184618950e-11
1.041085950754691605e-11
1.006488420896078843e-11
9.730406415181538484e-12
9.407044039345383178e-12
9.094427692158442034e-12
8.792200259929278750e-12
8.500016496623991136e-12
8.217542629478340530e-12
7.944455977716587103e-12
7.680444583940465483e-12
7.425206857768378898e-12
7.178451231317208098e-12
6.939895826132788667e-12
6.709268131189573889e-12
6.486304691590756912e-12
6.270750807613459387e-12
6.062360243755541836e-12
5.860894947451278930e-12
5.666124777134748409e-12
5.477827239340235248e-12
5.295787234539467693e-12
5.119796811425026522e-12
4.949654929359570634e-12
4.785167228719455499e-12
4.626145808870244674e-12
4.472409013520484158e-12
4.323781223208805290e-12
4.180092654687027220e-12
4.041179166970219612e-12
3.906882073832117906e-12
3.777047962531795948e-12
3.651528518564309711e-12
3.530180356235311700e-12
3.412864854866186043e-12
3.299448000442160852e-12
3.189800232522997774e-12
3.083796296241165413e-12
2.981315099218247741e-12
2.882239573236577154e-12
2.786456540507683883e-12
2.693856584384890363e-12
2.604333924372511122e-12
2.517786295288707400e-12
2.434114830444031822e-12
2.353223948702190981e-12
2.275021245294073820e-12
2.199417386260174643e-12
2.126326006400965112e-12
2.055663610618682521e-12
1.987349478537572901e-12
1.921305572293935868e-12
1.857456447390498021e-12
1.795729166513179211e-12
1.736053216212061347e-12
1.678360426351150025e-12
1.622584892234966339e-12
1.568662899323111158e-12
1.516532850446653126e-12
1.466135195443374528e-12
1.417412363131263880e-12
1.370308695542763625e-12
1.324770384344553390e-12
1.280745409370155910e-12
1.238183479195376327e-12
1.197035973688411047e-12
1.157255888469220718e-12
1.118797781214632142e-12
1.081617719747796596e-12
1.045673231852774927e-12
1.010923256756907790e-12
9.773280982255117436e-13
9.448493792153214898e-13
9.134499980349328038e-13
8.830940859621073230e-13
8.537469662695495311e-13
8.253751146123425837e-13
7.979461207318123925e-13
7.714286514320227140e-13
7.457924147866578784e-13
7.210081255354161810e-13
6.970474716302980212e-13
6.738830818936766863e-13
6.514884947511581652e-13
6.298381280034785650e-13
6.089072496029974370e-13
5.886719494013242650e-13
5.691091118358224135e-13
5.501963895238220242e-13
5.319121777343415875e-13
5.142355897081720903e-13
4.971464327981255838e-13
4.806251854022045267e-13
4.646529746633140092e-13
4.492115549100710588e-13
4.342832868140789279e-13
4.198511172398427633e-13
4.058985597643072173e-13
3.924096758437878943e-13
3.793690566067572210e-13
3.667618052516957186e-13
3.545735200299079460e-13
3.427902777938414482e-13
3.313986180921462899e-13
3.203855277932752848e-13
3.097384262200958974e-13
2.994451507784849267e-13
2.894939430635344176e-13
2.798734354274775820e-13
2.705726379939751417e-13
2.615809261039671009e-13
2.528880281787140500e-13
2.444840139861718172e-13
2.363592832973094307e-13
2.285045549193968734e-13
2.209108560937408964e-13
2.135695122457566068e-13
2.064721370756704061e-13
1.996106229785222229e-13
1.929771317825356740e-13
1.865640857952799157e-13
1.803641591473715769e-13
1.743702694238555086e-13
1.685755695736920715e-13
1.629734400881000343e-13
1.575574814388433014e-13
1.523215067678023027e-13
1.472595348194845776e-13
1.423657831084095685e-13
1.376346613135490896e-13
1.330607648922942562e-13
1.286388689066325089e-13
1.243639220545021605e-13
1.202310408994973453e-13
1.162355042923252388e-13
1.123727479776622383e-13
1.086383593802239294e-13
1.050280725641125542e-13
1.015377633596756843e-13
9.816344465230425464e-14
9.490126182780217026e-14
9.174748836910965659e-14
8.869852159936124158e-14
8.575087856640689501e-14
8.290119206410332197e-14
8.014620678582418783e-14
7.748277560579783143e-14
7.490785598402547899e-14
7.241850649066875652e-14
7.001188344594272092e-14
6.768523767166913558e-14
6.543591135078724147e-14
