6.762055131544307670e-10
6.851183216618987739e-10
6.941486065193010530e-10
7.032979161378686770e-10
7.125678193378541817e-10
7.219599056175351476e-10
7.314757854257632839e-10
7.411170904381059582e-10
7.508854738366278377e-10
7.607826105933594813e-10
7.708101977575026167e-10
7.809699547464214231e-10
7.912636236404684166e-10
8.016929694816966365e-10
8.122597805765093155e-10
8.229226550346382152e-10
8.336793309734632368e-10
8.445766107424843366e-10
8.556163322177494704e-10
8.668003572987517498e-10
8.781305722224471584e-10
8.896088878813766351e-10
9.012372401459509435e-10
9.130175901909294503e-10
9.249519248262026215e-10
9.370422568318625190e-10
9.492906252976710033e-10
9.616990959669612105e-10
9.742697615850345492e-10
9.870047422521125672e-10
9.997836741694498341e-10
1.012724661771490073e-09
1.025833154769390375e-09
1.039111321317429499e-09
1.052561357634019422e-09
1.066185488364943708e-09
1.079985966951341839e-09
1.093965076002412186e-09
1.108125127672962676e-09
1.122468464045845963e-09
1.136997457519324592e-09
1.151714511199493962e-09
1.166622059297740333e-09
1.181722567533369542e-09
1.196948819586661781e-09
1.212288387579789698e-09
1.227824540708699155e-09
1.243559798321754072e-09
1.259496712054176151e-09
1.275637866241833074e-09
1.291985878340280559e-09
1.308543399349250767e-09
1.325313114242503116e-09
1.342297742403235410e-09
1.359500038065078014e-09
1.376922790758681639e-09
1.394568825764113996e-09
1.412441004568968140e-09
1.430542225332400244e-09
1.448674306899332800e-09
1.467024753473221616e-09
1.485607646282862785e-09
1.504425929739013567e-09
1.523482585549487636e-09
1.542780633191550699e-09
1.562323130390390706e-09
1.582113173603589680e-09
1.602153898511728677e-09
1.622448480515273311e-09
1.643000135237656325e-09
1.663812119034829945e-09
1.684887729511207995e-09
1.706230306042141511e-09
1.727728806800448497e-09
1.749346733936324724e-09
1.771235151887549107e-09
1.793397445126681390e-09
1.815837040473953868e-09
1.838557407627110351e-09
1.861562059697948181e-09
1.884854553755500859e-09
1.908438491376051937e-09
1.932317519200025687e-09
1.956495329495845096e-09
1.980975660730851315e-09
2.005762298149330016e-09
2.030859074357847562e-09
2.056269869917831614e-09
2.081676277535619435e-09
2.107368260214206316e-09
2.133377332529189742e-09
2.159707407990835390e-09
2.186362448409793498e-09
2.213346464493291783e-09
2.240663516448543012e-09
2.268317714593746099e-09
2.296313219976478475e-09
2.324654244999874289e-09
2.353345054056374630e-09
2.382389964169455895e-09
2.411793345643121670e-09
2.441559622719570045e-09
2.471501753886065706e-09
2.501528382366650550e-09
2.531919808653455285e-09
2.562680464727250830e-09
2.593814836413545675e-09
2.625327464036784003e-09
2.657222943082494258e-09
2.689505924867372440e-09
2.722181117217669885e-09
2.755253285155649775e-09
2.788727251594555754e-09
2.822607898041863094e-09
2.856900165311176805e-09
2.891609054242791148e-09
2.926739626432875398e-09
2.961765180262555226e-09
2.997145732098357387e-09
3.032948931703992419e-09
3.069179827930539910e-09
3.105843529941470259e-09
3.142945207933121479e-09
3.180490093863783629e-09
3.218483482191506288e-09
3.256930730620652625e-09
3.295837260857505323e-09
3.335208559374763437e-09
3.375050178185242476e-09
3.415367735624800025e-09
3.456166917144615124e-09
3.497155738789069203e-09
3.538139487077682925e-09
3.579603530711783678e-09
3.621553498352222770e-09
3.663995084623015835e-09
3.706934050884467613e-09
3.750376226015205450e-09
3.794327507203452006e-09
3.838793860747572716e-09
3.883781322865924903e-09
3.929296000516360915e-09
3.975344072225166492e-09
4.021931788925802059e-09
4.069065474807473398e-09
4.116751528173555706e-09
4.164091084667635950e-09
4.211834340619285537e-09
4.260124995377203446e-09
4.308969325125245538e-09
4.358373678006657233e-09
4.408344474949176243e-09
4.458888210499412966e-09
4.510011453667071844e-09
4.561720848778558744e-09
4.614023116340670014e-09
4.666925053913887586e-09
4.720433536995986543e-09
4.774555519915488612e-09
4.829298036735550549e-09
4.884205188499852856e-09
4.938880355715213692e-09
4.994167572137058400e-09
5.050073689216465792e-09
5.106605635101505093e-09
5.163770415495943719e-09
5.221575114527371672e-09
5.280026895625030428e-09
5.339133002407691227e-09
5.398900759581145220e-09
5.459337573846087948e-09
5.520450934815819165e-09
5.582248415944543793e-09
5.644737675465843898e-09
5.707926457341655859e-09
5.770308440451443519e-09
5.833081100532031219e-09
5.896536636908470687e-09
5.960682478293065265e-09
6.025526134211904730e-09
6.091075195883900201e-09
6.157337337109509474e-09
6.224320315169110588e-09
6.292031971731162590e-09
6.360480233770127862e-09
6.429673114494630807e-09
6.499618714285461641e-09
6.570325221643905871e-09
6.641800914150370533e-09
6.713330619208338822e-09
6.784124917420751935e-09
6.855665764990505847e-09
6.927961034528178959e-09
7.001018681663722218e-09
7.074846745921761791e-09
7.149453351606403558e-09
7.224846708695235030e-09
7.301035113742781114e-09
7.378026950793457563e-09
7.455830692304296741e-09
7.534454900077113998e-09
7.613908226200793773e-09
7.694199414003363728e-09
7.775337299014119950e-09
7.854925446599693852e-09
7.934771489680367185e-09
8.015429175167959070e-09
8.096906753482541748e-09
8.179212558910476322e-09
8.262355010456908406e-09
8.346342612706950821e-09
8.431183956695612903e-09
8.516887720786565755e-09
8.603462671559849313e-09
8.690917664708600659e-09
8.779261645944896194e-09
8.868503651914803649e-09
8.958652811122728297e-09
9.048591143921976153e-09
9.136779462639226485e-09
9.225827272014687113e-09
9.315742948715498151e-09
9.406534951048493726e-09
9.498211819755863704e-09
9.590782178818580981e-09
9.684254736267607586e-09
9.778638285003220385e-09
9.873941703621910452e-09
9.970173957251741191e-09
1.006734409839566228e-08
1.016546126778306398e-08
1.026453469522964131e-08
1.036457370050561938e-08
1.046177565344161242e-08
1.055884757193316940e-08
1.065682019386857797e-08
1.075570187662556641e-08
1.085550105512771776e-08
1.095622624256391840e-08
1.105788603111459284e-08
1.116048909268456264e-08
1.126404417964292135e-08
1.136856012556957167e-08
1.147404584600868440e-08
1.158051033922936879e-08
1.168796268699317699e-08
1.179641205532874552e-08
1.190419356573001882e-08
1.200847580597436179e-08
1.211367157182383085e-08
1.221978886587814141e-08
1.232683576084086687e-08
1.243482040013345980e-08
1.254375099851477543e-08
1.265363584270599340e-08
1.276448329202101702e-08
1.287630177900239987e-08
1.298909981006283091e-08
1.310288596613224952e-08
1.321766890331065307e-08
1.333345735352649136e-08
1.345026012520108624e-08
1.356217763459852780e-08
1.367314856813539192e-08
1.378502750836724244e-08
1.389782188495266243e-08
1.401153918834262835e-08
1.412618697027791857e-08
1.424177284429049067e-08
1.435830448620904602e-08
1.447578963466903618e-08
1.459423609162627431e-08
1.471365172287519354e-08
1.483404445857120494e-08
1.495542229375716322e-08
1.507779328889461360e-08
1.519877349276390828e-08
1.531337473891981219e-08
1.542884009727705612e-08
1.554517608338343318e-08
1.566238926191503452e-08
1.578048624704668729e-08
1.589947370282518517e-08
1.601935834354532799e-08
1.614014693412876048e-08
1.626184629050585182e-08
1.638446328000010301e-08
1.650800482171579679e-08
1.663247788692839378e-08
1.675788949947791975e-08
1.688424673616530425e-08
1.700274639400572188e-08
1.711885794284975435e-08
1.723576241605215776e-08
1.735346522848375529e-08
1.747197183199345035e-08
1.759128771566076822e-08
1.771141840605008827e-08
1.783236946746662995e-08
1.795414650221417908e-08
1.807675515085460086e-08
1.820020109246907351e-08
1.832449004492119777e-08
1.844962776512164516e-08
1.857562004929522146e-08
1.869922941915847696e-08
1.881211316902438859e-08
1.892567837697063687e-08
1.903992915683213484e-08
1.915486964727835817e-08
1.927050401196303842e-08
1.938683643967515324e-08
1.950387114449060152e-08
1.962161236592484802e-08
1.974006436908662344e-08
1.985923144483221014e-08
1.997911790992098188e-08
2.009972810717190969e-08
2.022106640562062365e-08
2.034313720067784438e-08
2.045330669041750773e-08
2.055880967552539944e-08
2.066485686994058655e-08
2.077145108082320489e-08
2.087859512981339205e-08
2.098629185310584285e-08
2.109454410152514558e-08
2.120335474060106543e-08
2.131272665064449617e-08
2.142266272682352108e-08
2.153316587924031096e-08
2.164423903300804201e-08
2.175588512832817104e-08
2.186810712056855109e-08
2.197676838954821345e-08
2.206866133923436447e-08
2.216093852713299081e-08
2.225360155988534747e-08
2.234665205085065000e-08
2.244009162013415234e-08
2.253392189461537688e-08
2.262814450797641391e-08
2.272276110073039320e-08
2.281777332024997542e-08
2.291318282079624056e-08
2.300899126354719262e-08
2.310520031662688627e-08
2.320181165513441454e-08
2.329882696117307526e-08
2.337906644659728926e-08
2.345148783205957105e-08
2.352413355740660644e-08
2.359700431757650195e-08
2.367010080966021743e-08
2.374342373290794864e-08
2.381697378873596301e-08
2.389075168073344872e-08
2.396475811466896010e-08
2.403899379849731299e-08
2.411345944236650001e-08
2.418815575862419875e-08
2.426308346182471684e-08
2.433824326873600309e-08
2.440872657091114085e-08
2.445488239208386352e-08
2.450112549187072781e-08
2.454745603531172938e-08
2.459387418775894917e-08
2.464038011487713582e-08
2.468697398264431108e-08
2.473365595735234227e-08
2.478042620560755440e-08
2.482728489433131908e-08
2.487423219076064683e-08
2.492126826244878260e-08
2.496839327726580802e-08
2.501560740339925015e-08
2.506291080935465389e-08
2.508868643280690274e-08
2.510303521116019624e-08
2.511739219589934655e-08
2.513175739171766725e-08
2.514613080331135717e-08
2.516051243537910328e-08
2.517490229262247445e-08
2.518930037974558727e-08
2.520370670145523507e-08
2.521812126246106664e-08
2.523254406747521559e-08
2.524697512121272059e-08
2.526141442839110188e-08
2.527586199373079135e-08
2.528501721085012143e-08
2.526174480700152425e-08
2.523849382314154494e-08
2.521526423955516740e-08
2.519205603654551396e-08
2.516886919443383871e-08
2.514570369355950772e-08
2.512255951427998907e-08
2.509943663697081647e-08
2.507633504202560247e-08
2.505325470985599219e-08
2.503019562089166326e-08
2.500715775558031263e-08
2.498414109438762345e-08
2.496114561779726509e-08
2.491307243469205024e-08
2.485020887891848774e-08
2.478750394776478581e-08
2.472495724097089198e-08
2.466256835928673798e-08
2.460033690446969537e-08
2.453826247928201456e-08
2.447634468748831351e-08
2.441458313385303331e-08
2.435297742413791692e-08
2.429152716509950451e-08
2.423023196448660224e-08
2.416909143103779412e-08
2.410810517447894395e-08
2.404245352950908779e-08
2.393958697720935631e-08
2.383716054336791502e-08
2.373517234492123508e-08
2.363362050686255658e-08
2.353250316220725947e-08
2.343181845195883004e-08
2.333156452507449653e-08
2.323173953843124522e-08
2.313234165679197554e-08
2.303336905277158233e-08
2.293481990680364034e-08
2.283669240710680081e-08
2.273898474965136018e-08
2.264169513812635480e-08
2.251916494701661114e-08
2.238033624861681972e-08
2.224236341709951562e-08
2.210524117611956624e-08
2.196896428186018717e-08
2.183352752283213251e-08
2.169892571967453629e-08
2.156515372495697800e-08
2.143220642298236221e-08
2.130007872959147561e-08
2.116876559196844738e-08
2.103826198844772493e-08
2.090856292832174447e-08
2.077966345165022950e-08
2.064797278863262455e-08
2.047984012138494063e-08
2.031307652770609124e-08
2.014767085948040761e-08
1.998361205936911255e-08
1.982088916007148926e-08
1.965949128359142034e-08
1.949940764051032578e-08
1.934062752926600045e-08
1.918314033543699035e-08
1.902693553103313638e-08
1.887200267379189175e-08
1.871833140647998967e-08
1.856591145620137439e-08
1.841473263371019134e-08
1.824338683335468593e-08
1.805790880722374117e-08
1.787431651089126718e-08
1.769259077239963351e-08
1.751271261470974002e-08
1.733466325371955534e-08
1.715842409630245804e-08
1.698397673836550627e-08
1.681130296292779792e-08
1.664038473821784930e-08
1.647120421579084940e-08
1.630374372866468778e-08
1.613798578947494471e-08
1.597391308864899591e-08
1.580959613774659649e-08
1.561762433085404428e-08
1.542798358759658121e-08
1.524064560247574841e-08
1.505558241369951567e-08
1.487276639900848032e-08
1.469217027155326353e-08
1.451376707582149449e-08
1.433753018361456937e-08
1.416343329007325030e-08
1.399145040975123585e-08
1.382155587273684037e-08
1.365372432082131971e-08
1.348793070371415923e-08
1.332415027530388654e-08
1.314895624880398213e-08
1.296513222657800435e-08
1.278387808674481586e-08
1.260515790203314220e-08
1.242893624743934861e-08
1.225517819320577679e-08
1.208384929789699005e-08
1.191491560157306828e-08
1.174834361905822549e-08
1.158410033330354075e-08
1.142215318884248547e-08
1.126247008533795679e-08
1.110501937121949673e-08
1.094976983740949287e-08
1.079608566305834583e-08
1.062757070480052092e-08
1.046168607868739093e-08
1.029839072814299171e-08
1.013764423743902693e-08
9.979406821692067296e-09
9.823639317016795945e-09
9.670303170832654326e-09
9.519360432322376725e-09
9.370773743038940810e-09
9.224506327659375839e-09
9.080521984882865891e-09
8.938785078470757604e-09
8.799260528426789902e-09
8.661913802314604275e-09
8.521026582613524663e-09
8.377284490214096873e-09
8.235967198268823042e-09
8.097033802564157823e-09
7.960444088904037891e-09
7.826158521469922090e-09
7.694138231377052068e-09
7.564345005424064710e-09
7.436741275032073616e-09
7.311290105370492378e-09
7.187955184666272759e-09
7.066700813693510430e-09
6.947491895440202183e-09
6.830293924949616848e-09
6.715016310742684260e-09
6.594074707535678254e-09
6.475311337516710557e-09
6.358686969356838160e-09
6.244163078307575794e-09
6.131701833475098576e-09
6.021266085323410729e-09
5.912819353402599238e-09
5.806325814298323590e-09
5.701750289798124433e-09
5.599058235270869385e-09
5.498215728255698876e-09
5.399189457256287319e-09
5.301946710736923941e-09
5.206455366316985439e-09
5.110022709293624541e-09
5.012701665543390394e-09
4.917234113665044038e-09
4.823584753665979140e-09
4.731718957846574441e-09
4.641602757996288214e-09
4.553202832833428550e-09
4.466486495684501624e-09
4.381421682397920899e-09
4.297976939488015832e-09
4.216121412504821171e-09
4.135824834625363721e-09
4.057057515462228777e-09
3.979790330085275277e-09
3.903994708252423348e-09
3.825755787566145014e-09
3.749009632904740124e-09
3.673803036067296510e-09
3.600105112922827207e-09
3.527885598888083708e-09
3.457114836499130441e-09
3.387763763232378739e-09
3.319803899569795001e-09
3.253207337303596673e-09
3.187946728075556085e-09
3.123995272146150486e-09
3.061326707389132445e-09
2.999915298506747366e-09
2.939735826461360898e-09
2.879836353476404708e-09
2.820122332810323193e-09
2.761646495091629765e-09
2.704383166332951159e-09
2.648307204902561212e-09
2.593393990485793316e-09
2.539619413275453683e-09
2.486959863386361270e-09
2.435392220489337063e-09
2.384893843660125490e-09
2.335442561438901129e-09
2.287016662095754559e-09
2.239594884098126078e-09
2.193156406775882655e-09
2.147680841179925364e-09
2.103013804543078719e-09
2.059269397007754659e-09
2.016434908934909824e-09
1.974491413255352082e-09
1.933420376598411808e-09
1.893203651102698306e-09
1.853823466397161556e-09
1.815262421749029173e-09
1.777503478374997386e-09
1.740529951912394810e-09
1.704325505046941860e-09
1.668874140293861169e-09
1.634160192929145696e-09
1.600168324067862731e-09
1.567118117151876078e-09
1.535042201142582702e-09
1.503622817896559912e-09
1.472846529441569734e-09
1.442700172854985682e-09
1.413170854634102007e-09
1.384245945181579878e-09
1.355913073403826663e-09
1.328160121419934113e-09
1.300975219378859320e-09
1.274346740382770801e-09
1.248263295514222086e-09
1.222713728965164255e-09
1.197687113265651338e-09
1.173172744610184435e-09
1.149572854046963435e-09
1.126479389302756634e-09
1.103849843058381800e-09
1.081674895777897851e-09
1.059945415143067289e-09
1.038652452292371713e-09
1.017787238135602694e-09
9.973411797424882062e-10
9.773058568038450156e-10
9.576730181638640503e-10
9.384345784220172897e-10
9.195826146032472746e-10
9.011093628950453377e-10
8.830072154500804850e-10
8.654518433179036089e-10
8.484995689341400030e-10
8.318793518554688139e-10
8.155846878187336128e-10
7.996091999647854178e-10
7.839466363429692586e-10
7.685908674644078839e-10
7.535358839032622535e-10
7.387757939449724776e-10
7.243048212805378718e-10
7.101173027459909542e-10
6.962076861061327407e-10
6.825705278816963663e-10
6.692004912190435064e-10
6.560923438016168751e-10
6.434976826718554229e-10
6.311725528020258204e-10
6.190834903344580031e-10
6.072259737899439931e-10
5.955955682907066462e-10
5.841879239016906615e-10
5.729987740036231176e-10
5.620239336972476543e-10
5.512592982380987824e-10
5.407008415012794826e-10
5.303446144756316329e-10
5.201867437867481561e-10
5.102234302482850845e-10
5.004509474409996840e-10
4.909003438989954286e-10
4.815858367428625657e-10
4.724480661578871325e-10
4.634836786853164512e-10
4.546893844960409964e-10
4.460619561832642690e-10
4.375982275780903808e-10
4.292950925875663356e-10
4.211495040547899742e-10
4.131584726406289937e-10
4.053190657266670778e-10
3.976284063389749171e-10
3.900836720922844167e-10
3.826820941542136572e-10
3.754209562291279863e-10
3.682522202844370753e-10
3.612139622330588987e-10
3.543102236052404756e-10
3.475384333848066856e-10
3.408960696943864903e-10
3.343806588562482481e-10
3.279897744710779195e-10
3.217210365143639159e-10
3.155721104500594769e-10
3.095407063611717983e-10
3.036245780969809560e-10
2.978215224365513393e-10
2.921293782682306778e-10
2.865460257848366502e-10
2.810175958842490603e-10
2.755058594219997162e-10
2.701022273605929504e-10
2.648045793951906489e-10
2.596108368075405404e-10
2.545189616503116956e-10
2.495269559474385566e-10
2.446328609101439160e-10
2.398347561683380978e-10
2.351307590170984682e-10
2.305190236779181012e-10
2.259977405744534988e-10
2.215651356224729853e-10
2.172194695337323426e-10
2.129590371335031385e-10
2.086304983755071154e-10
2.043632062077951710e-10
2.001831964968008861e-10
1.960886839822356060e-10
1.920779199192153041e-10
1.881491913313816810e-10
1.843008202792996869e-10
1.805311631438160270e-10
1.768386099240796499e-10
1.732215835499201790e-10
1.696785392082873538e-10
1.662079636834707320e-10
1.628083747108105785e-10
1.594783203436344408e-10
1.561563066561825344e-10
1.527863451519260141e-10
1.494891097564219690e-10
1.462630309897545078e-10
1.431065732424762770e-10
1.400182340446554745e-10
1.369965433507062460e-10
1.340400628396469290e-10
1.311473852304595402e-10
1.283171336122290921e-10
1.255479607887334456e-10
1.228385486371801738e-10
1.201876074807822607e-10
1.175938754748716707e-10
1.150561180062661479e-10
1.124466387063463866e-10
1.098693762031819307e-10
1.073511842252606885e-10
1.048907088837380989e-10
1.024866273207278936e-10
1.001376469980760633e-10
9.784250500243814073e-11
9.559996736627994228e-11
9.340882840444494491e-11
9.126791006592502235e-11
8.917606130049084802e-11
8.713215743983522045e-11
8.513509959290434573e-11
8.318381405508612706e-11
8.123940699068585155e-11
7.925728006397913722e-11
7.732351423811140682e-11
7.543692957044486086e-11
7.359637490727751661e-11
7.180072718143379539e-11
7.004889072699292208e-11
6.833979661073662232e-11
6.667240197991035945e-11
6.504568942589398166e-11
6.345866636340353828e-11
6.191036442483520576e-11
6.039983886938943202e-11
5.892616800660888389e-11
5.748845263398247157e-11
5.601471302239110290e-11
5.456081406515272739e-11
5.314465201780490161e-11
5.176524739386981849e-11
5.042164613009067458e-11
4.911291892655260801e-11
4.783816060393666658e-11
4.659648947745132672e-11
4.538704674701826663e-11
4.420899590328313195e-11
4.306152214904581414e-11
4.194383183570673873e-11
4.085515191434161660e-11
3.979472940102208067e-11
3.874448957058960019e-11
3.767877359119555647e-11
3.664237147194857792e-11
3.563447689820808776e-11
3.465430573403316241e-11
3.370109541213001200e-11
3.277410434057778552e-11
3.187261132587590328e-11
3.099591501185902046e-11
3.014333333404676092e-11
2.931420298900098238e-11
2.850787891827962895e-11
2.772373380658615342e-11
2.696115759372080010e-11
2.621955699995802108e-11
2.546809093049671141e-11
2.472926666718176249e-11
2.401187554911315729e-11
2.331529580500117460e-11
2.263892370101779520e-11
2.198217301753334874e-11
2.134447454103336582e-11
2.072527557077437994e-11
2.012403943975205417e-11
1.954024504956499876e-11
1.897338641877335851e-11
1.842297224435818019e-11
1.788852547590359316e-11
1.736958290213183391e-11
1.685949657242609974e-11
1.634675512234429840e-11
1.584960748275976447e-11
1.536757940505131684e-11
1.490021106374019596e-11
1.444705661784509662e-11
1.400768378557660445e-11
1.358167343196660618e-11
1.316861916903953362e-11
1.276812696814231114e-11
1.237981478406547367e-11
1.200331219059489800e-11
1.163826002714792243e-11
1.128431005615589148e-11
1.094112463086687258e-11
1.059814399619825913e-11
1.026245149449809077e-11
9.937391935295981131e-12
9.622628523859822928e-12
9.317835133312888709e-12
9.022695966732970776e-12
8.736905229954992662e-12
8.460166814736915758e-12
8.192193991961636057e-12
7.932709114556542179e-12
7.681443329822870032e-12
7.438136300876925282e-12
7.202535936914716202e-12
6.974398132020209538e-12
6.751730042269335974e-12
6.530403781163780238e-12
6.316332744059818898e-12
6.109279099825082280e-12
5.909012813591853053e-12
5.715311391190560615e-12
5.527959631960413036e-12
5.346749389663311625e-12
5.171479341235145076e-12
5.001954763117461277e-12
4.837987314921351251e-12
4.679394830182765433e-12
4.526001113977116106e-12
4.377635747168225413e-12
4.234133897073946814e-12
4.095336134338650184e-12
3.961088255808394242e-12
3.831241113212548219e-12
3.705650447461328502e-12
3.584176728375089062e-12
3.466684999667556986e-12
3.353044729010460719e-12
3.243129663013221083e-12
3.136817686956517533e-12
3.033990689123749154e-12
2.934534429580064869e-12
2.838338413252643574e-12
2.745295767171619238e-12
2.655303121735116094e-12
2.568260495866440841e-12
2.484071185936009282e-12
2.402641658324376212e-12
2.323881445507180638e-12
2.247703045546497092e-12
2.174021824876843291e-12
2.102755924278106685e-12
2.033826167930560916e-12
1.967155975451210030e-12
1.902671276813632205e-12
1.840300430056768329e-12
1.779974141691347896e-12
1.721625389715372210e-12
1.665189349153236981e-12
1.610603320035740303e-12
1.557806657740887528e-12
1.506740705618304121e-12
1.457348729822133307e-12
1.409575856280220939e-12
1.363369009729485878e-12
1.318676854749724584e-12
1.275449738730421299e-12
1.233639636707091418e-12
1.193200098005951949e-12
1.154086194637621350e-12
1.116254471382461273e-12
1.079662897512247567e-12
1.044270820094344817e-12
1.010038918826646874e-12
9.769291623530547565e-13
9.449047660109417207e-13
9.139301509637247966e-13
8.839709046730585553e-13
8.549937426667966030e-13
8.269664715602286380e-13
7.998579532894713307e-13
7.736380705173811571e-13
7.482776931734171466e-13
7.237486460903825831e-13
7.000236777020533063e-13
6.770764297669030659e-13
6.548814080843360530e-13
6.334139541708304231e-13
6.126502178645731745e-13
5.925671308281313529e-13
5.731423809197152034e-13
5.543543874045804593e-13
5.361822769790163313e-13
5.186058605802732195e-13
5.016056109566846540e-13
4.851626409730560683e-13
4.692586826272077651e-13
4.538760667543891928e-13
4.389977033969761517e-13
4.246070628176733685e-13
4.106881571351176229e-13
3.972255225614617157e-13
3.842042022222558242e-13
3.716097295394715404e-13
3.594281121592580172e-13
3.476458164065549635e-13
3.362497522492875184e-13
3.252272587554583837e-13
3.145660900269526142e-13
3.042544015944497577e-13
2.942807372583137242e-13
2.846340163608535576e-13
2.753035214758075656e-13
2.662788865013686525e-13
2.575500851435332813e-13
2.491074197769734173e-13
2.409415106710520637e-13
2.330432855690269972e-13
2.254039696088452093e-13
2.180150755743455411e-13
2.108683944660343225e-13
2.039559863809485542e-13
1.972701716915006539e-13
1.908035225134692495e-13
1.845488544536837749e-13
1.784992186282244888e-13
1.726478939422674627e-13
1.669883796230090453e-13
1.615143879973584424e-13
1.562198375063864633e-13
1.510988459487647849e-13
1.461457239456877478e-13
1.413549686200213340e-13
1.367212574826537701e-13
1.322394425192529228e-13
1.279045444708664094e-13
1.237117473020045855e-13
1.196563928500684440e-13
1.157339756501677734e-13
1.119401379295879932e-13
1.082706647663418634e-13
1.047214794064228798e-13
1.012886387345710392e-13
9.796832889350116738e-14
9.475686104674019349e-14
9.165066728036114609e-14
8.864629663905899999e-14
8.574041129217055650e-14
8.292978282537088477e-14
8.021128865393243343e-14
7.758190855355977068e-14
7.503872130494473284e-14
7.257890144831682860e-14
7.019971614438168435e-14
6.789852213815848068e-14
6.567276282234634106e-14
6.351996539695395270e-14
6.143773812204104017e-14
5.942376766051423087e-14
5.747581650802911843e-14
5.559172050714215329e-14
5.376938644294793937e-14
5.200678971753776436e-14
5.030197210068637763e-14
4.865303955427506752e-14
4.705816012803113435e-14
4.551556192424664852e-14
4.402353112921414768e-14
4.258041010919509405e-14
4.118459556880185786e-14
3.983453676975032987e-14
3.852873380800197321e-14
3.726573594738414464e-14
3.604414000783303814e-14
